[1] "El numero de nodos X particion es: 10"
[1] "Model = M1 / Data = sim_data/datasetSVIExponential7.Rdata"
[1] 100.0000   0.9037   0.8291   0.0617   1.9868   0.9331
[1] 200.0000   0.0188   0.9592   0.1452   1.8293   1.1736
[1] 300.0000   0.7094   0.8776   0.0599   2.0118   1.0665
[1] 400.0000   0.0293   0.9217  -0.1433   2.1508   0.9692
[1] 500.0000   0.0000   0.8673   0.4607   1.5761   1.1452
[1] 600.0000   0.3076   0.9748  -0.4572   2.3753   1.0386
[1] 700.0000   0.0104   0.9506  -0.6114   2.6215   1.0413
[1] 800.0000   0.0000   0.9313  -0.0636   1.9940   1.0430
[1] 900.0000   0.0000   0.9606  -0.7674   2.7489   1.0158
[1] 1000.0000    0.0000    0.8209   -1.2414    3.2513    0.9374
[1] 1100.0000    0.0000    0.9319   -0.0018    2.0275    0.8930
[1] 1200.0000    0.1254    0.8544    0.4170    1.6135    0.9984
[1] 1300.0000    0.0000    0.9498    0.1597    1.7810    1.1653
[1] 1400.0000    0.0000    0.9303   -0.0473    1.9626    1.1894
[1] 1500.0000    0.0000    0.9584    0.6236    1.4037    1.0940
[1] 1600.0000    0.0000    0.9658   -1.0532    3.0566    1.0950
[1] 1700.0000    0.0000    0.8163   -0.4322    2.4273    0.8247
[1] 1800.0000    0.0000    0.9376    0.1141    1.9501    0.8302
[1] 1900.0000    0.0000    0.9005   -1.2322    3.2887    0.9368
[1] 2000.0000    0.0000    0.8550    0.4862    1.6053    1.0762
[1] 2100.0000    0.0000    0.9750   -0.9400    2.9877    1.0831
[1] 2200.0000    0.0000    0.8668    0.2251    1.8691    1.0989
[1] 2300.0000    0.0000    0.8228   -0.2842    2.2491    1.1776
[1] 2400.0000    0.0000    0.9355    0.1779    1.8323    1.1578
[1] 2500.0000    0.0052    0.8909    0.8735    1.0908    1.1217
[1] 2600.0000    0.0000    0.8617   -0.5256    2.5149    0.8044
[1] 2700.0000    0.0000    0.8492   -0.1326    2.2448    0.9140
[1] 2800.0000    0.1631    0.8906   -0.3406    2.2319    0.8787
[1] 2900.0000    0.0000    0.9057   -0.8456    2.8486    0.9581
[1] 3000.0000    0.0000    0.8454   -0.2540    2.2857    0.9669
[1] 3100.0000    0.0000    0.9787    0.5215    1.5188    0.9283
[1] 3200.0000    0.0000    0.9190   -0.1093    2.1264    0.9575
[1] 3300.0000    0.0000    0.9312    0.2930    1.7363    0.9302
[1] 3400.0000    0.4020    0.8983    1.0691    1.0036    1.1525
[1] 3500.0000    0.0000    0.9035    0.4433    1.5896    0.9507
[1] 3600.0000    0.0000    0.9027    0.1411    1.8853    1.1569
[1] 3700.0000    0.3442    0.9950    0.6605    1.3945    1.0085
[1] 3800.0000    0.0000    0.9791    1.4135    0.5895    1.0179
[1] 3900.0000    0.0000    0.8319   -0.2914    2.4264    0.8180
[1] 4000.0000    0.0000    0.9448    0.7394    1.2841    1.0791
[1] 4100.0000    0.0000    0.8388   -0.9912    3.0773    0.8864
[1] 4200.0000    0.0000    0.9756   -0.9165    2.8983    0.9752
[1] 4300.0000    0.4625    0.8741   -1.2084    3.2407    1.1249
[1] 4400.0000    0.0000    0.9983    0.2747    1.7093    1.0333
[1] 4500.0000    0.2124    0.8404    0.1490    1.9006    1.1577
[1] 4600.0000    0.0000    0.9525    0.6119    1.4746    1.1110
[1] 4700.0000    0.0000    0.8528   -0.5905    2.5750    0.8411
[1] 4800.0000    0.0000    0.8616   -0.8592    2.8923    0.9384
[1] 4900.0000    0.0000    0.9924   -0.9580    3.0320    1.1836
[1] 5000.0000    0.0009    0.9988   -2.1435    4.0481    0.9542
[1] 5100.0000    0.0000    0.9679   -1.7243    3.6949    1.1951
[1] 5200.0000    0.0000    0.8051   -0.8979    2.9044    0.8965
[1] 5300.0000    0.0000    0.8845   -0.2020    2.1977    1.0022
[1] 5400.0000    0.0000    0.8536    0.1469    1.8887    0.9337
[1] 5500.0000    0.0000    0.8913    0.2108    1.7542    1.1131
[1] 5600.0000    0.0000    0.9929   -0.3657    2.3554    1.1085
[1] 5700.0000    0.0000    0.9445    0.1971    1.9075    1.0237
[1] 5800.0000    0.0000    0.8612   -0.4316    2.5455    1.0327
[1] 5900.0000    0.0000    0.8278    0.9132    1.1639    1.0767
[1] 6000.0000    0.0000    0.9870    0.9527    1.0356    1.0819
[1] 6100.0000    0.0000    0.9284    0.3505    1.7207    0.9188
[1] 6200.0000    0.0000    0.8741    0.4369    1.5789    0.8043
[1] 6300.0000    0.0000    0.9569   -0.5106    2.5150    0.8080
[1] 6400.0000    0.0000    0.9599   -0.6882    2.7797    0.9947
[1] 6500.0000    0.0000    0.9084    0.0316    1.9746    1.0918
[1] 6600.0000    0.0000    0.8710   -0.0294    1.9745    0.9001
[1] 6700.0000    0.0000    0.9231   -0.6887    2.8474    1.1521
[1] 6800.0000    0.1275    0.8794    0.0675    1.9903    0.9381
[1] 6900.0000    0.0000    0.9607   -0.7264    2.8265    0.8534
[1] 7000.0000    0.0000    0.8521   -0.0816    2.1385    1.0680
[1] 7100.0000    0.0000    0.9857    0.3010    1.7259    1.0571
[1] 7200.0000    0.0000    0.9439   -0.1064    2.1751    1.1769
[1] 7300.0000    0.0000    0.9604    1.0824    0.9988    0.9357
[1] 7400.0000    0.0000    0.8045   -0.1886    2.2016    0.8734
[1] 7500.0000    0.0000    0.8475   -1.2213    3.2067    1.0597
[1] 7600.0000    0.0000    0.9493   -0.1011    2.1349    0.9281
[1] 7700.0000    0.0000    0.8552   -1.4532    3.3880    1.0850
[1] 7800.0000    0.0000    0.8350   -0.2259    2.3161    1.1361
[1] 7900.0000    0.0000    0.8303   -0.0939    2.1013    0.8084
[1] 8000.0000    0.0000    0.9309    1.0139    0.9710    1.0835
[1] 8100.0000    0.0000    0.8483   -0.4380    2.3818    0.8203
[1] 8200.0000    0.0000    0.9207   -0.4911    2.4938    1.1282
[1] 8300.0000    0.0000    0.8222   -0.2522    2.2627    0.8438
[1] 8400.0000    0.0000    0.9658    0.3945    1.5879    0.9286
[1] 8500.0000    0.0000    0.8325    0.2689    1.8652    1.0750
[1] 8600.0000    0.0182    0.9045   -0.1993    2.3252    1.0515
[1] 8700.0000    0.0000    0.8940   -1.1554    3.1796    1.0236
[1] 8800.0000    0.0000    0.8601    0.1588    1.7957    0.8170
[1] 8900.0000    0.0000    0.8674    0.2397    1.8097    1.0474
[1] 9000.0000    0.0000    0.8301    1.2312    0.7569    1.1387
[1] 9100.0000    0.0000    0.8755   -0.0134    2.0437    0.8812
[1] 9200.0000    0.0000    0.8129   -0.6000    2.6532    1.1264
[1] 9300.0000    0.0000    0.9270   -0.6055    2.6619    1.1117
[1] 9400.0000    0.0000    0.8413    0.5678    1.3935    1.0761
[1] 9500.0000    0.0000    0.8817   -0.5083    2.4171    1.0875
[1] 9600.0000    0.0000    0.8149    0.2149    1.8037    0.9056
[1] 9700.0000    0.0000    0.8918    1.1293    0.8365    0.8845
[1] 9800.0000    0.0000    0.8667    0.5798    1.4099    0.9410
[1] 9900.0000    0.0000    0.9876    1.3583    0.6622    0.9739
[1] 10000.0000     0.3635     0.9984    -0.3702     2.3778     0.9987
[1] 10100.0000     0.0001     0.9390    -0.0880     2.1042     1.0815
[1] 10200.0000     0.0000     0.8133    -0.2381     2.2136     1.1117
[1] 10300.0000     0.0848     0.9549     1.6108     0.4863     0.8021
[1] 10400.0000     0.0000     0.9109     0.0283     1.9595     0.9653
[1] 10500.0000     0.0000     0.9828     0.4015     1.6007     0.8036
[1] 10600.0000     0.0000     0.8442     0.2641     1.8619     0.9495
[1] 10700.0000     0.0000     0.9346     1.0025     1.1071     1.0990
[1] 10800.0000     1.0000     0.8056    -0.5613     2.6656     0.8503
[1] 10900.0000     0.0000     0.9660     0.1165     1.9646     1.1970
[1] 11000.0000     0.0058     0.8555     0.6020     1.4804     1.1761
[1] 11100.0000     0.0000     0.9587    -0.3927     2.3515     0.9308
[1] 11200.0000     0.1318     0.9398    -0.9385     2.9457     0.9513
[1] 11300.0000     0.0000     0.8936    -0.9378     2.9659     1.0961
[1] 11400.0000     0.0001     0.9548     0.8974     1.2024     1.0047
[1] 1.150e+04 0.000e+00 8.034e-01 2.537e-01 1.751e+00 8.501e-01
[1] 11600.0000     0.0000     0.9104    -0.7109     2.7530     0.8269
[1] 11700.0000     0.0000     0.8925     0.3640     1.6971     0.9798
[1] 11800.0000     0.0000     0.8027    -0.7547     2.7834     0.8530
[1] 11900.0000     0.0000     0.8460    -0.9884     3.0047     0.8150
[1] 12000.0000     0.0000     0.8014    -0.3535     2.3665     1.0595
[1] 12100.0000     0.0000     0.8666    -0.6763     2.6609     0.9630
[1] 12200.0000     0.1079     0.9853    -0.0027     2.0733     1.1443
[1] 12300.0000     0.0000     0.8010     0.0135     2.0491     0.8810
[1] 12400.0000     0.1885     0.8019    -1.0981     3.1767     1.1971
[1] 12500.0000     0.0000     0.8059    -0.1321     2.1784     1.1427
[1] 12600.0000     0.0000     0.8126    -0.2708     2.4224     1.1805
[1] 12700.0000     0.0000     0.9614    -0.7220     2.5998     0.8958
[1] 12800.0000     0.0000     0.8257    -0.8573     2.9179     0.8904
[1] 12900.0000     0.0122     0.8545    -0.6869     2.7554     1.0312
[1] 13000.0000     0.0000     0.8069     0.2017     1.7828     1.0997
[1] 13100.0000     0.0000     0.9404     0.9529     1.0753     0.9822
[1] 13200.0000     0.0000     0.8843    -0.1540     2.2023     0.9997
[1] 13300.0000     0.0000     0.8427    -0.3881     2.3744     1.0281
[1] 13400.0000     0.0000     0.9882    -0.1175     2.1199     1.1072
[1] 13500.0000     0.0000     0.8466    -0.7402     2.7914     0.8143
[1] 13600.0000     0.0000     0.8917     0.2641     1.7954     1.0301
[1] 13700.0000     0.0000     0.8951    -0.0297     2.0004     1.0363
[1] 13800.0000     0.0000     0.8787    -0.8109     2.8214     1.0611
[1] 13900.0000     0.0000     0.8573    -0.5840     2.6199     0.8372
[1] 14000.0000     0.0000     0.9588     0.3733     1.6442     0.9662
[1] 14100.0000     0.0000     0.8411     0.6583     1.2793     1.1804
[1] 1.420e+04 0.000e+00 8.479e-01 3.337e-01 1.637e+00 8.739e-01
[1] 14300.0000     0.0000     0.8548    -0.6520     2.6772     0.8231
[1] 14400.0000     0.0091     0.8623     0.4251     1.5803     0.8985
[1] 14500.0000     0.4663     0.9833     1.3181     0.7035     1.1771
[1] 14600.0000     0.0000     0.8570     0.8358     1.1200     1.1138
[1] 14700.0000     0.0000     0.9923     0.1999     1.7370     1.0723
[1] 14800.0000     0.0000     0.9988     1.1311     0.8420     0.9067
[1] 14900.0000     0.0066     0.9582     0.3365     1.7052     1.0321
[1] 15000.0000     0.0001     0.9447    -0.0700     2.0200     0.8911
[1] 15100.0000     1.0000     0.8292     0.2456     1.7782     0.9249
[1] 15200.0000     0.0000     0.8734     0.7228     1.3415     0.8767
[1] 15300.0000     0.9721     0.8282     0.1749     1.7679     1.1177
[1] 15400.0000     0.0051     0.8397    -0.1681     2.2388     1.1015
[1] 15500.0000     0.0000     0.9734    -1.7001     3.7563     1.1714
[1] 15600.0000     0.0000     0.8878    -0.5617     2.5841     0.8550
[1] 15700.0000     0.0000     0.8475     0.2417     1.7495     0.9690
[1] 15800.0000     0.0000     0.9108    -0.1404     2.1161     0.9068
[1] 1.590e+04 0.000e+00 8.841e-01 2.544e-01 1.743e+00 8.192e-01
[1] 16000.0000     0.0000     0.8124    -0.3916     2.3907     1.1160
[1] 16100.0000     0.0000     0.8125     0.1328     1.8967     0.8885
[1] 16200.0000     0.0000     0.9466     0.4352     1.5425     0.9477
[1] 16300.0000     0.0000     0.9158    -0.1923     2.2662     0.9491
[1] 16400.0000     0.0000     0.9401     0.0313     1.9541     0.9237
[1] 16500.0000     0.5276     0.9646     0.5322     1.4511     1.1820
[1] 16600.0000     0.0000     0.8294    -0.3522     2.4345     0.8835
[1] 16700.0000     0.0000     0.9287     0.6386     1.2609     0.9633
[1] 16800.0000     0.0000     0.9378     0.5644     1.3595     1.0931
[1] 16900.0000     0.0000     0.8583     0.7699     1.2083     0.9158
[1] 17000.0000     0.0000     0.9790     0.0673     1.9894     0.8822
[1] 17100.0000     0.0000     0.9305     1.1918     0.8927     0.9283
[1] 17200.0000     0.0000     0.9497     0.5216     1.5327     0.8252
[1] 17300.0000     1.0000     0.8396     0.0141     1.9960     1.0131
[1] 17400.0000     0.0000     0.8593     0.1460     1.9184     1.1450
[1] 17500.0000     0.0000     0.9677    -0.0613     2.0885     1.1479
[1] 17600.0000     0.0000     0.8280     0.1660     1.8329     1.1486
[1] 17700.0000     0.0000     0.8794     0.5611     1.4428     0.9707
[1] 17800.0000     0.0000     0.9383    -0.3684     2.4978     1.0084
[1] 17900.0000     0.0000     0.9083    -0.6882     2.6868     0.9495
[1] 18000.0000     0.9968     0.9109     0.6431     1.4339     0.8712
[1] 18100.0000     0.0000     0.9461     0.5855     1.3289     0.9222
[1] 18200.0000     0.0000     0.8582     2.7593    -0.7576     0.9652
[1] 18300.0000     0.0000     0.8120     0.8615     1.2064     1.0717
[1] 18400.0000     0.0000     0.9529    -0.4509     2.5323     0.8173
[1] 18500.0000     0.0000     0.8451     0.7015     1.3731     0.9054
[1] 18600.0000     0.0000     0.8420     1.0498     1.0449     0.8224
[1] 18700.0000     0.0000     0.8080    -0.0740     2.1518     0.9308
[1] 18800.0000     0.0000     0.8635     0.4383     1.5583     1.1693
[1] 18900.0000     0.0000     0.9024     0.3152     1.6766     1.0613
[1] 19000.0000     0.0000     0.8366    -0.2135     2.2234     0.8015
[1] 19100.0000     0.0000     0.9451    -0.1627     2.0542     1.0897
[1] 19200.0000     0.0000     0.8001     0.0981     1.8678     0.9641
[1] 19300.0000     0.0000     0.8035     0.0536     1.9397     1.0886
[1] 19400.0000     0.0000     0.9330    -0.4333     2.4687     1.0363
[1] 19500.0000     0.0000     0.9654    -0.1877     2.2007     0.9669
[1] 19600.0000     0.6102     0.9162    -1.3786     3.4494     0.8038
[1] 19700.0000     0.0000     0.8982    -0.3913     2.3299     1.1826
[1] 19800.0000     0.0000     0.9408     0.2821     1.8042     0.9927
[1] 19900.0000     0.0000     0.9981    -0.4969     2.5615     1.0280
[1] 20000.0000     0.0000     0.8708    -0.8993     2.9295     1.0213
[1] 20100.0000     0.0000     0.9080     0.3589     1.7335     1.0402
[1] 20200.0000     1.0000     0.9840     0.0025     2.0443     1.1380
[1] 20300.0000     0.0000     0.8028    -0.4090     2.4874     0.9708
[1] 20400.0000     0.0057     0.9072    -0.2156     2.2443     0.9991
[1] 20500.0000     0.0000     0.9083    -0.6946     2.7870     0.8030
[1] 20600.0000     0.1012     0.8137    -0.2268     2.2953     0.9497
[1] 20700.0000     1.0000     0.8107     0.1135     1.8126     1.0874
[1] 20800.0000     0.0000     0.9606    -0.2115     2.2828     1.0886
[1] 20900.0000     0.0003     0.9198     0.5071     1.5153     1.1653
[1] 21000.0000     0.0000     0.9912     1.0394     0.9804     1.0875
[1] 21100.0000     0.0000     0.9732    -0.3493     2.3499     0.8253
[1] 21200.0000     0.0230     0.9704     0.1308     1.8978     1.1667
[1] 21300.0000     0.0000     0.8399    -0.6773     2.6035     1.0171
[1] 21400.0000     0.0000     0.9719     0.0135     1.9808     0.9071
[1] 21500.0000     0.0000     0.9375     0.2026     1.7697     1.0777
[1] 21600.0000     0.0000     0.8010    -0.0641     2.1380     1.1966
[1] 21700.0000     0.0000     0.8416    -0.7699     2.8239     1.0860
[1] 21800.0000     0.0001     0.8218    -0.5813     2.5571     1.1739
[1] 21900.0000     0.0000     0.9084    -0.1993     2.1808     1.1067
[1] 22000.0000     0.0000     0.8850     0.9141     1.1671     0.9555
[1] 22100.0000     0.0000     0.8953    -0.0439     2.0562     0.9321
[1] 22200.0000     0.0000     0.9349     0.0848     1.8688     0.9881
[1] 22300.0000     0.0002     0.8584     0.3154     1.7092     0.9367
[1] 22400.0000     0.0000     0.9494     0.4171     1.5838     0.9207
[1] 22500.0000     0.0006     0.9610     0.9924     1.0459     0.9963
[1] 22600.0000     0.0000     0.8858    -0.3854     2.5234     0.9064
[1] 22700.0000     0.0000     0.8271     0.0794     1.8494     1.1968
[1] 22800.0000     0.0000     0.9630    -0.2233     2.3241     0.9437
[1] 22900.0000     0.0000     0.9207     0.7472     1.2527     0.8362
[1] 23000.0000     0.0000     0.9652     0.6908     1.3090     1.0264
[1] 23100.0000     0.0000     0.9231     0.2259     1.7197     0.8179
[1] 23200.0000     0.0000     0.9741    -0.6799     2.7186     1.1699
[1] 23300.0000     0.0521     0.8966     0.6509     1.3643     1.0199
[1] 23400.0000     0.0000     0.8015     0.6789     1.4016     0.8904
[1] 23500.0000     0.0000     0.9561     0.5630     1.4856     1.0572
[1] 23600.0000     0.0000     0.8176     0.4644     1.5126     0.8266
[1] 23700.0000     0.0000     0.8580     0.2052     1.8142     0.8494
[1] 23800.0000     0.0000     0.8954     0.2743     1.6864     1.1339
[1] 23900.0000     0.0000     0.8157    -0.1265     2.1838     0.8034
[1] 24000.0000     0.0000     0.9653    -0.4208     2.4096     0.9324
[1] 24100.0000     0.0000     0.8289    -1.0054     3.0598     0.9877
[1] 24200.0000     0.0000     0.8399    -0.2192     2.1240     1.0287
[1] 24300.0000     0.0000     0.9879    -1.1453     3.1853     1.1930
[1] 24400.0000     1.0000     0.9947     0.4612     1.5757     0.9697
[1] 24500.0000     0.0000     0.9064     1.0944     0.9757     0.8345
[1] 24600.0000     0.0000     0.9062     0.1051     1.8917     0.8877
[1] 24700.0000     0.0000     0.9574    -0.0519     1.9734     1.0919
[1] 24800.0000     0.0001     0.8109    -0.2374     2.2728     1.1899
[1] 24900.0000     0.0000     0.9495    -0.0239     2.0031     0.8626
[1] 25000.0000     0.0001     0.9628     0.4057     1.6261     0.9362
[1] 25100.0000     0.0000     0.9605     1.0592     0.9263     1.0743
[1] 25200.0000     0.0000     0.8184     0.0403     2.0251     0.8574
[1] 25300.0000     1.0000     0.8151     0.9058     1.0516     1.0748
[1] 25400.0000     1.0000     0.8988    -0.1264     2.1590     1.0888
[1] 25500.0000     0.0000     0.8147     0.3562     1.6450     1.1844
[1] 25600.0000     0.0000     0.8978    -0.1533     2.1732     1.1142
[1] 25700.0000     0.0000     0.8060     0.6891     1.3797     0.8422
[1] 25800.0000     0.0000     0.8043    -0.5042     2.4128     0.8730
[1] 25900.0000     1.0000     0.8632    -0.6168     2.6310     1.1254
[1] 26000.0000     0.3610     0.9492    -0.8524     2.9836     1.0058
[1] 26100.0000     0.0000     0.9196    -0.3007     2.2167     1.1722
[1] 26200.0000     0.0000     0.9529    -0.4879     2.5047     1.0017
[1] 26300.0000     0.0000     0.9407     0.0350     2.0259     1.0281
[1] 26400.0000     0.0000     0.8767     1.0661     0.8660     0.8041
[1] 26500.0000     0.0052     0.8885     0.4308     1.6159     1.0349
[1] 26600.0000     0.0000     0.9958    -1.0939     3.0446     0.9534
[1] 26700.0000     0.0000     0.8184    -0.5221     2.5013     0.9177
[1] 26800.0000     0.0000     0.8180    -2.2860     4.3355     0.8719
[1] 26900.0000     0.0000     0.9586    -0.1625     2.2938     1.0279
[1] 27000.0000     0.0000     0.8794    -0.0514     2.0329     0.8948
[1] 27100.0000     1.0000     0.9280    -0.3412     2.3718     1.0348
[1] 27200.0000     0.0000     0.8628    -0.6753     2.7180     1.0265
[1] 27300.0000     0.0000     0.9326     0.0668     1.9467     0.8298
[1] 27400.0000     0.0000     0.9843     0.2778     1.7514     1.1629
[1] 27500.0000     0.0000     0.8677     0.5626     1.4607     0.9516
[1] 27600.0000     0.0000     0.8732     1.6009     0.4474     0.9172
[1] 27700.0000     0.0000     0.8768     0.3978     1.6995     1.0202
[1] 27800.0000     0.0000     0.8338    -0.2927     2.3374     0.9440
[1] 27900.0000     1.0000     0.8904     0.2573     1.7363     0.9276
[1] 28000.0000     0.0000     0.8025    -0.9766     3.0043     0.9240
[1] 2.810e+04 0.000e+00 9.262e-01 4.011e-01 1.681e+00 1.071e+00
[1] 28200.0000     0.0000     0.9683    -0.1289     2.1489     0.8917
[1] 28300.0000     0.0000     0.9886    -0.4998     2.5182     1.1843
[1] 28400.0000     1.0000     0.9594    -0.0129     2.0433     0.8105
[1] 28500.0000     0.0000     0.8678     0.9217     1.0886     0.8688
[1] 28600.0000     0.0000     0.9856    -0.0439     1.9517     1.1641
[1] 28700.0000     0.0000     0.9675    -1.4735     3.5140     1.1579
[1] 28800.0000     0.0000     0.8104    -0.1226     2.1314     1.1940
[1] 28900.0000     0.0000     0.9137    -0.3209     2.4025     0.8478
[1] 29000.0000     0.0000     0.9277    -0.6317     2.6609     1.1735
[1] 29100.0000     0.0000     0.8445    -1.0066     3.0752     0.8871
[1] 29200.0000     0.0560     0.9367     0.4358     1.5633     1.1465
[1] 29300.0000     0.0020     0.9749     1.2315     0.7672     0.9782
[1] 29400.0000     0.0000     0.9394     1.1999     0.7097     1.1754
[1] 29500.0000     0.0000     0.9697    -0.4626     2.4463     0.9614
[1] 29600.0000     0.0000     0.9320    -0.7039     2.7234     1.1204
[1] 29700.0000     0.0000     0.9991    -0.5007     2.5007     0.9357
[1] 29800.0000     0.0000     0.8030    -1.2266     3.3117     0.9421
[1] 29900.0000     0.9548     0.9798    -0.4637     2.5260     1.0014
[1] 30000.0000     0.0000     0.8841     0.4524     1.5369     1.0036
[1] 0.0699572
Time difference of 3.775598 hours
null device 
          1 
