[1] "El numero de nodos X particion es: 10"
[1] "Model = M1 / Data = sim_data/datasetSVCMatern19.Rdata"
[1] 100.0000   1.0000   0.8291   0.0541   2.0493   0.9331
[1] 200.0000   0.9627   0.9804  -0.0655   1.9443   1.0297
[1] 300.0000   0.6456   0.8776  -0.1616   1.9510   1.0665
[1] 400.0000   0.0905   0.9217  -0.0326   1.9824   0.9692
[1] 500.0000   1.0000   0.8902  -0.0490   1.9961   0.8863
[1] 600.0000   0.0000   0.8693  -0.0176   1.9022   1.0610
[1] 700.0000   1.0000   0.8087  -0.1688   1.8623   1.0605
[1] 800.0000   1.0000   0.8954  -0.0586   1.9687   1.1490
[1] 900.0000   0.0855   0.9543  -0.2112   1.8955   0.9829
[1] 1000.0000    0.1665    0.8568   -0.0821    1.9473    0.8983
[1] 1100.0000    0.1482    0.9031   -0.2180    1.8079    1.0781
[1] 1200.0000    0.4337    0.8603   -0.1090    2.0252    0.9164
[1] 1300.0000    0.0985    0.9151   -0.0610    2.0877    0.9862
[1] 1400.0000    0.0000    0.9303   -0.1363    1.9419    1.1894
[1] 1500.0000    0.0000    0.9672    0.0032    2.0505    1.1986
[1] 1600.0000    0.0700    0.8969   -0.0419    2.0434    1.0213
[1] 1700.0000    0.0000    0.9259   -0.0832    1.9029    1.0764
[1] 1800.0000    0.0000    0.9234   -0.0441    2.0567    1.1307
[1] 1900.0000    0.2878    0.9875    0.0235    1.9807    0.8532
[1] 2000.0000    0.1173    0.9978   -0.0494    1.9500    1.1535
[1] 2100.0000    1.0000    0.8081    0.0159    2.0639    0.9300
[1] 2200.0000    0.8298    0.8580   -0.0764    1.9580    1.0161
[1] 2300.0000    0.4987    0.9707    0.0367    1.9506    1.1994
[1] 2400.0000    0.0397    0.9764    0.0430    1.9129    1.0594
[1] 2500.0000    0.8195    0.9002    0.0521    1.9786    1.1531
[1] 2600.0000    0.0184    0.8146   -0.2825    1.7466    0.8232
[1] 2700.0000    0.1500    0.8044   -0.2223    1.8593    1.0835
[1] 2800.0000    0.6894    0.8906   -0.1377    1.9808    0.8787
[1] 2900.0000    0.0026    0.8994   -0.2303    1.8414    1.0050
[1] 3000.0000    0.0125    0.9297    0.1076    2.1453    1.1984
[1] 3100.0000    0.9523    0.8708    0.0707    2.0492    0.9667
[1] 3200.0000    0.2342    0.9371    0.0482    2.0744    1.1278
[1] 3300.0000    0.0000    0.9877   -0.1909    1.8364    0.9428
[1] 3400.0000    0.0009    0.9079   -0.2528    1.7392    0.8348
[1] 3500.0000    1.0000    0.9338   -0.0169    2.1067    0.8830
[1] 3600.0000    0.0191    0.9027   -0.1139    1.9141    1.1569
[1] 3700.0000    0.0003    0.9950   -0.0132    1.9526    1.0085
[1] 3800.0000    0.0001    0.8653   -0.1774    1.8601    0.9884
[1] 3900.0000    0.0975    0.9030   -0.3115    1.7914    0.9530
[1] 4000.0000    0.3403    0.9388   -0.1053    1.8036    0.8131
[1] 4100.0000    0.7019    0.8388    0.1468    2.1221    0.8864
[1] 4200.0000    1.0000    0.8436   -0.1220    1.9471    0.9733
[1] 4300.0000    0.0000    0.9986   -0.1936    1.8243    0.9026
[1] 4400.0000    0.1326    0.9571    0.0939    2.1067    0.9932
[1] 4500.0000    1.0000    0.8410    0.0085    2.0163    1.1520
[1] 4600.0000    0.0470    0.8009   -0.0393    1.9605    0.9214
[1] 4700.0000    0.0000    0.9709    0.0297    2.0658    1.0444
[1] 4800.0000    1.0000    0.8536   -0.1471    1.9019    1.1437
[1] 4900.0000    0.7930    0.8201    0.1080    2.1257    1.1747
[1] 5000.0000    1.0000    0.9273   -0.1581    1.8351    1.0348
[1] 5100.0000    0.3572    0.9679   -0.1598    1.8838    1.1951
[1] 5200.0000    0.0030    0.8350    0.0288    2.1944    1.0935
[1] 5300.0000    1.0000    0.8379   -0.1115    1.9025    1.0434
[1] 5400.0000    0.5564    0.8333    0.0013    2.0599    0.9811
[1] 5500.0000    0.6796    0.9295   -0.0458    1.8928    1.1335
[1] 5600.0000    0.1658    0.8407   -0.3441    1.8661    1.1085
[1] 5700.0000    0.1104    0.9403   -0.1680    1.8062    0.9236
[1] 5800.0000    0.2640    0.8520    0.1182    2.1824    1.0482
[1] 5900.0000    0.2375    0.8706   -0.1380    1.8928    1.1672
[1] 6000.0000    0.5102    0.8325   -0.3047    1.8030    0.8825
[1] 6100.0000    0.0646    0.9517    0.1469    2.1300    0.9216
[1] 6200.0000    1.0000    0.8336   -0.3731    1.6461    0.9759
[1] 6300.0000    0.0066    0.8959   -0.0756    2.0648    1.1826
[1] 6400.0000    0.5583    0.9022   -0.0218    1.9301    0.8332
[1] 6500.0000    0.5771    0.8697   -0.1336    1.9919    0.9040
[1] 6600.0000    0.0036    0.8860   -0.3218    1.8170    1.0301
[1] 6700.0000    0.0005    0.9726   -0.2110    1.8406    1.0730
[1] 6800.0000    1.0000    0.8496    0.0195    2.0726    0.9728
[1] 6900.0000    0.1193    0.8556   -0.1641    1.8933    1.1638
[1] 7000.0000    0.0022    0.8011   -0.0346    1.9825    1.0228
[1] 7100.0000    1.0000    0.8440   -0.1661    1.8065    0.9302
[1] 7200.0000    0.0037    0.8749   -0.0502    1.9965    1.0509
[1] 7300.0000    0.0075    0.8821   -0.0927    1.9540    0.9361
[1] 7400.0000    0.0000    0.8164   -0.1788    1.7841    0.8600
[1] 7500.0000    0.3730    0.9538    0.1314    2.1067    1.0728
[1] 7600.0000    0.0140    0.8332   -0.1161    1.8919    1.0877
[1] 7700.0000    0.0093    0.8552   -0.1617    1.8379    1.0850
[1] 7800.0000    0.0001    0.8139   -0.1133    1.9211    0.8702
[1] 7900.0000    0.2840    0.8037   -0.1721    1.9255    1.1632
[1] 8000.0000    0.4897    0.9186   -0.2512    1.7414    1.0026
[1] 8100.0000    1.0000    0.9280    0.1035    2.1548    1.0020
[1] 8200.0000    0.0000    0.9273    0.0598    2.0364    0.9041
[1] 8300.0000    0.0008    0.8397    0.2028    2.2159    1.0813
[1] 8400.0000    1.0000    0.9278   -0.0058    2.0098    0.8107
[1] 8500.0000    0.0223    0.9939   -0.1949    1.8951    1.0648
[1] 8600.0000    0.2940    0.8834   -0.0327    2.0307    0.9153
[1] 8700.0000    0.6689    0.8293   -0.1372    1.8556    0.8767
[1] 8800.0000    1.0000    0.9324   -0.1867    1.8419    0.8066
[1] 8900.0000    0.7181    0.9431   -0.2363    1.8714    1.1381
[1] 9000.0000    0.0939    0.9025   -0.0786    1.9316    0.9096
[1] 9100.0000    0.1916    0.8799    0.0645    2.0813    0.8591
[1] 9200.0000    0.0683    0.8777   -0.0399    1.9702    1.1489
[1] 9300.0000    0.0070    0.9856   -0.1480    1.8780    1.1370
[1] 9400.0000    0.4203    0.8458   -0.0673    1.8571    1.0091
[1] 9500.0000    0.0000    0.9329   -0.1922    1.9434    0.8817
[1] 9600.0000    0.5606    0.8862   -0.0980    1.9478    0.8406
[1] 9700.0000    0.1198    0.8614   -0.1066    1.9172    0.9692
[1] 9800.0000    0.0874    0.8196   -0.0353    1.9252    0.9680
[1] 9900.0000    0.0000    0.9529    0.1100    2.0212    0.9335
[1] 10000.0000     1.0000     0.8618    -0.3625     1.6190     0.8032
[1] 10100.0000     0.6513     0.9049     0.0119     1.9951     1.0751
[1] 10200.0000     0.0005     0.9084    -0.1804     1.8122     0.8386
[1] 10300.0000     0.0198     0.8120     0.0457     1.9994     0.8804
[1] 10400.0000     0.0330     0.8213     0.0062     2.0357     1.0055
[1] 10500.0000     1.0000     0.8159     0.0762     2.0168     1.1284
[1] 10600.0000     0.7469     0.8330     0.0209     2.1542     0.9483
[1] 10700.0000     0.0000     0.8531     0.0561     2.0907     0.8181
[1] 10800.0000     0.8719     0.8056    -0.1271     1.9590     0.8503
[1] 10900.0000     0.0000     0.8264    -0.1846     1.9848     1.1140
[1] 11000.0000     0.4652     0.8012    -0.1419     1.9771     0.9407
[1] 11100.0000     0.0002     0.9709     0.0741     2.1572     0.9321
[1] 11200.0000     1.0000     0.9412    -0.0390     2.0417     0.8257
[1] 11300.0000     1.0000     0.9738    -0.0451     1.9633     1.1215
[1] 11400.0000     1.0000     0.9866    -0.1223     1.9029     0.8664
[1] 11500.0000     0.0000     0.9311    -0.1143     1.9695     0.8792
[1] 11600.0000     0.8269     0.9382    -0.2741     1.8050     0.8033
[1] 11700.0000     0.5775     0.9810    -0.2753     1.8593     0.9386
[1] 11800.0000     0.0168     0.8440    -0.1515     1.7973     0.8198
[1] 1.190e+04 3.594e-01 8.272e-01 3.910e-02 2.035e+00 8.962e-01
[1] 12000.0000     0.0048     0.8543    -0.2239     1.8437     1.1591
[1] 12100.0000     0.0414     0.9452    -0.0917     1.9976     0.8400
[1] 12200.0000     0.0048     0.8279    -0.2399     1.7024     0.8199
[1] 12300.0000     0.0160     0.8229    -0.0058     1.9404     0.9137
[1] 12400.0000     1.0000     0.8046    -0.2386     1.7933     0.8797
[1] 12500.0000     0.0833     0.9304     0.0894     2.1159     1.0160
[1] 12600.0000     0.0387     0.9359     0.0547     2.1241     1.1279
[1] 12700.0000     0.0001     0.9486     0.0818     2.0823     0.8166
[1] 12800.0000     0.0079     0.9108    -0.0960     1.9105     1.0765
[1] 12900.0000     0.0076     0.8554    -0.3876     1.7324     0.9712
[1] 13000.0000     0.1127     0.8069    -0.0664     1.9805     1.0997
[1] 13100.0000     0.0188     0.9404    -0.1769     1.8286     0.9822
[1] 13200.0000     0.0024     0.9589    -0.2423     1.7493     1.1555
[1] 13300.0000     0.0370     0.9324     0.2303     2.2388     1.1427
[1] 13400.0000     0.0000     0.9801     0.0761     2.0378     1.0073
[1] 13500.0000     0.0001     0.8240    -0.1125     1.9608     1.0099
[1] 13600.0000     0.0035     0.8917    -0.1711     1.7544     1.0301
[1] 13700.0000     1.0000     0.8314    -0.0625     1.9735     0.8589
[1] 13800.0000     0.0000     0.9394    -0.0612     2.0222     0.9910
[1] 13900.0000     1.0000     0.8104    -0.1527     1.9028     0.8994
[1] 14000.0000     1.0000     0.9598    -0.0896     1.8963     0.8043
[1] 14100.0000     0.0000     0.9236    -0.0341     2.0493     0.9106
[1] 14200.0000     0.0268     0.9171     0.0048     1.9986     0.8964
[1] 14300.0000     0.0065     0.8359    -0.1577     1.9482     1.0907
[1] 14400.0000     0.6465     0.8570    -0.1045     1.9427     0.9360
[1] 14500.0000     0.0239     0.8302    -0.1166     2.0017     1.1813
[1] 14600.0000     0.0000     0.8329    -0.2571     1.9089     0.9630
[1] 14700.0000     1.0000     0.8840    -0.0726     2.0049     1.0394
[1] 14800.0000     0.0000     0.9533    -0.1598     1.7861     0.8106
[1] 14900.0000     0.5264     0.9850    -0.0675     1.9972     1.1438
[1] 15000.0000     0.0000     0.9486    -0.1950     1.8233     0.9418
[1] 15100.0000     0.0095     0.9112    -0.1707     1.8684     1.0503
[1] 15200.0000     0.2559     0.9896     0.0759     2.0394     1.1186
[1] 15300.0000     0.0424     0.8296    -0.0187     2.0790     1.1944
[1] 15400.0000     0.5519     0.8005     0.0607     2.1389     0.8812
[1] 15500.0000     1.0000     0.8761    -0.0840     1.9455     0.9901
[1] 15600.0000     0.6048     0.9912    -0.1619     1.9159     1.0551
[1] 1.570e+04 1.000e-04 9.705e-01 1.455e-01 2.138e+00 8.969e-01
[1] 15800.0000     0.1819     0.9774    -0.2501     1.6775     1.1822
[1] 15900.0000     0.0000     0.9524    -0.0208     2.0772     1.0855
[1] 16000.0000     1.0000     0.9761    -0.1617     1.8988     1.0600
[1] 16100.0000     1.0000     0.9477    -0.0209     2.1196     0.9420
[1] 16200.0000     1.0000     0.8455    -0.0754     1.9586     1.0509
[1] 16300.0000     0.5182     0.9029     0.1211     2.0626     1.0365
[1] 16400.0000     0.3199     0.8090    -0.0239     2.0090     0.8978
[1] 16500.0000     0.1080     0.9894    -0.0460     1.9967     0.9222
[1] 16600.0000     1.0000     0.9292    -0.2194     1.8683     1.0485
[1] 16700.0000     0.3569     0.8804    -0.0479     1.9798     1.1815
[1] 16800.0000     0.1420     0.8165    -0.2316     1.7811     1.0376
[1] 16900.0000     0.0466     0.8221    -0.1609     1.8233     1.1575
[1] 17000.0000     0.6768     0.8355     0.0604     2.0525     0.9526
[1] 17100.0000     0.0163     0.9262     0.0223     1.9907     0.9696
[1] 17200.0000     0.2561     0.9497    -0.1302     1.8863     0.8252
[1] 17300.0000     0.6673     0.8396    -0.3366     1.7784     1.0131
[1] 17400.0000     0.8311     0.9623    -0.0156     2.1268     1.1696
[1] 17500.0000     1.0000     0.9645    -0.1633     1.8231     0.9956
[1] 17600.0000     0.0782     0.9193    -0.0063     1.9533     0.8193
[1] 17700.0000     0.0274     0.8922    -0.1514     1.8617     1.0234
[1] 17800.0000     1.0000     0.9968    -0.0966     1.9451     0.8268
[1] 17900.0000     0.0016     0.8644    -0.0941     1.9681     1.0507
[1] 18000.0000     0.9158     0.9109     0.0927     2.1479     0.8712
[1] 18100.0000     0.0605     0.9137     0.1103     2.1522     0.9014
[1] 18200.0000     1.0000     0.8073     0.1543     2.1569     0.9256
[1] 18300.0000     0.0217     0.9241    -0.1019     1.9507     1.0908
[1] 18400.0000     0.0002     0.9243    -0.3928     1.7684     1.1066
[1] 18500.0000     0.0121     0.8611    -0.2193     1.9167     0.9812
[1] 18600.0000     0.0057     0.8932    -0.2340     1.9282     0.8460
[1] 18700.0000     0.1090     0.8557    -0.0436     1.9908     0.9105
[1] 18800.0000     0.0074     0.9415    -0.0223     2.0902     0.8205
[1] 18900.0000     0.0000     0.8387    -0.2193     1.8890     0.8037
[1] 19000.0000     1.0000     0.8087     0.1209     2.1148     1.1060
[1] 19100.0000     0.0323     0.8142    -0.3278     1.7544     1.0716
[1] 19200.0000     1.0000     0.8319    -0.0248     1.9418     1.0132
[1] 19300.0000     0.5271     0.8940    -0.0643     1.9141     1.1248
[1] 19400.0000     0.0441     0.8040    -0.1042     1.9064     1.1551
[1] 19500.0000     0.0018     0.8243     0.1117     2.1186     0.8751
[1] 19600.0000     0.1512     0.8098    -0.0847     1.9740     1.1951
[1] 19700.0000     0.0080     0.8143     0.0600     2.0412     0.8081
[1] 19800.0000     0.6378     0.9324     0.1690     2.1643     1.1958
[1] 1.990e+04 6.593e-01 8.349e-01 1.531e-01 2.189e+00 9.661e-01
[1] 20000.0000     0.5081     0.9729    -0.2846     1.8135     0.8904
[1] 20100.0000     0.0000     0.8622    -0.0038     2.0453     0.8640
[1] 20200.0000     0.2688     0.9282     0.1011     2.0925     0.9678
[1] 20300.0000     0.0347     0.9533    -0.3326     1.7403     0.8784
[1] 20400.0000     1.0000     0.8446    -0.0602     1.9854     1.0333
[1] 20500.0000     0.0267     0.9905    -0.1002     1.9395     1.0353
[1] 20600.0000     0.0418     0.9963    -0.0992     2.0131     0.8156
[1] 20700.0000     0.8103     0.8107     0.0968     2.0692     1.0874
[1] 20800.0000     1.0000     0.9981    -0.1562     2.0343     1.0246
[1] 20900.0000     0.0000     0.8285    -0.1393     1.9119     0.8493
[1] 21000.0000     0.4557     0.8708    -0.0696     1.9810     1.1617
[1] 21100.0000     1.0000     0.8682    -0.1368     1.9494     1.1577
[1] 21200.0000     1.0000     0.9611     0.0130     2.0618     0.8029
[1] 21300.0000     0.0001     0.8214     0.0043     1.8871     1.0391
[1] 21400.0000     1.0000     0.8276    -0.0333     2.0307     0.8233
[1] 21500.0000     0.0083     0.8906    -0.0308     2.0274     0.8206
[1] 21600.0000     0.3545     0.8069    -0.1047     1.9252     0.8555
[1] 21700.0000     0.4564     0.9973    -0.1668     1.9123     0.9605
[1] 21800.0000     0.5601     0.8778     0.0522     2.1757     1.0685
[1] 21900.0000     0.5580     0.9598    -0.0151     2.0675     0.8497
[1] 22000.0000     0.1149     0.8213    -0.0370     1.9275     1.0483
[1] 22100.0000     0.0066     0.8953    -0.0133     2.0953     0.9321
[1] 22200.0000     0.3595     0.8579    -0.2581     1.8458     0.8534
[1] 22300.0000     0.0045     0.8289    -0.2526     1.8854     0.9998
[1] 22400.0000     1.0000     0.9971     0.0065     2.0486     0.9354
[1] 22500.0000     0.0012     0.8239    -0.2411     1.8675     1.1368
[1] 22600.0000     0.0000     0.8006    -0.1928     1.8786     0.8902
[1] 22700.0000     0.0000     0.8271    -0.1414     1.9219     1.1968
[1] 22800.0000     0.0962     0.8972    -0.0787     1.8340     1.0231
[1] 22900.0000     0.1225     0.8804    -0.1799     1.8867     0.9211
[1] 23000.0000     0.0003     0.8188    -0.0871     1.9501     1.0070
[1] 23100.0000     0.4192     0.8119     0.0463     2.0140     1.0551
[1] 23200.0000     0.0175     0.8437     0.0690     2.1604     0.8877
[1] 23300.0000     0.0000     0.9727     0.0509     2.0985     0.9482
[1] 23400.0000     0.2573     0.8888     0.0333     1.9374     1.0444
[1] 23500.0000     0.4084     0.8797    -0.0269     2.0527     0.8266
[1] 23600.0000     1.0000     0.8573    -0.1761     1.9511     0.9429
[1] 23700.0000     0.2181     0.9328    -0.1794     1.9192     1.0180
[1] 23800.0000     0.6746     0.9299    -0.1721     1.7711     1.0580
[1] 23900.0000     0.8450     0.8722     0.0707     2.0128     0.8735
[1] 24000.0000     0.7498     0.9322    -0.0646     1.9052     0.9399
[1] 24100.0000     1.0000     0.9214    -0.2604     1.8558     0.8541
[1] 24200.0000     0.0662     0.8467    -0.1255     1.9733     0.8230
[1] 24300.0000     0.7522     0.8163    -0.0669     2.0281     1.0906
[1] 24400.0000     1.0000     0.9947    -0.1033     1.8925     0.9697
[1] 24500.0000     0.0028     0.8969    -0.0012     1.9995     1.0480
[1] 24600.0000     0.0000     0.9237    -0.0732     1.9698     1.0127
[1] 24700.0000     0.1257     0.9934    -0.3375     1.7052     0.9472
[1] 24800.0000     0.0002     0.8460    -0.1331     1.9180     0.9489
[1] 24900.0000     1.0000     0.8569    -0.0870     1.9457     1.1414
[1] 25000.0000     1.0000     0.8801    -0.0226     2.0062     0.8235
[1] 25100.0000     0.6705     0.8419    -0.1004     2.0048     0.8544
[1] 25200.0000     0.0764     0.8495     0.0060     2.0978     1.1739
[1] 25300.0000     0.0045     0.9779    -0.0340     2.0030     0.8977
[1] 25400.0000     0.0238     0.8633    -0.3657     1.6746     1.0600
[1] 25500.0000     0.3821     0.8303    -0.1376     1.8971     1.1248
[1] 25600.0000     0.0666     0.9926     0.1221     2.0923     0.9855
[1] 25700.0000     0.3504     0.8976    -0.2301     1.9414     0.9408
[1] 25800.0000     0.0165     0.9689    -0.0963     1.9841     1.1962
[1] 25900.0000     0.0004     0.8683     0.0258     1.9715     0.8098
[1] 26000.0000     0.4164     0.9492    -0.1357     1.8181     1.0058
[1] 26100.0000     0.0420     0.8951    -0.0460     2.0549     0.8249
[1] 26200.0000     1.0000     0.8601    -0.0730     2.0089     0.9041
[1] 26300.0000     0.8203     0.8623    -0.2957     1.8424     1.0835
[1] 26400.0000     0.1365     0.8855     0.1676     2.0964     1.0131
[1] 26500.0000     0.0059     0.8034    -0.1993     1.8216     1.1338
[1] 26600.0000     0.2644     0.8720    -0.2507     1.7855     0.9170
[1] 26700.0000     0.1423     0.9721    -0.0896     1.9386     0.8075
[1] 26800.0000     0.2227     0.8173    -0.1299     1.9617     0.9752
[1] 26900.0000     0.0012     0.9241     0.0973     2.1394     1.0646
[1] 27000.0000     1.0000     0.8977    -0.0380     2.0062     0.8661
[1] 27100.0000     0.0002     0.8095    -0.1236     1.8973     1.0497
[1] 27200.0000     0.0090     0.8304    -0.0821     2.0126     0.8580
[1] 27300.0000     0.0013     0.9608    -0.1147     1.8978     0.8492
[1] 27400.0000     0.2335     0.8806    -0.2777     1.7291     1.0468
[1] 27500.0000     0.2697     0.9635    -0.1304     1.8628     1.1809
[1] 27600.0000     0.0113     0.8069    -0.0321     2.0110     0.9996
[1] 27700.0000     0.0153     0.8620     0.2399     2.3169     1.0941
[1] 27800.0000     0.0000     0.8358    -0.0373     2.0296     1.1051
[1] 27900.0000     0.5606     0.8774     0.0676     2.0736     1.0564
[1] 28000.0000     0.0012     0.9003    -0.1142     2.0073     0.9918
[1] 28100.0000     0.0000     0.9262    -0.0586     2.0153     1.0710
[1] 28200.0000     1.0000     0.9271     0.0501     2.0677     0.9591
[1] 28300.0000     0.0151     0.9817    -0.0913     1.9128     0.9109
[1] 28400.0000     1.0000     0.9594    -0.1463     1.8565     0.8105
[1] 28500.0000     1.0000     0.8206     0.0137     2.0866     1.0447
[1] 28600.0000     0.0041     0.9775    -0.0927     1.9288     0.9079
[1] 28700.0000     0.0639     0.8497    -0.0520     1.8897     1.1155
[1] 28800.0000     0.0731     0.9569     0.0619     2.1490     1.0292
[1] 28900.0000     0.6763     0.8662    -0.3203     1.7873     0.8550
[1] 29000.0000     0.6095     0.8251    -0.1636     1.8912     0.9007
[1] 29100.0000     0.0038     0.9156    -0.0092     2.0472     0.8172
[1] 29200.0000     0.0000     0.8470    -0.2237     1.8350     0.8568
[1] 29300.0000     0.0208     0.9749    -0.1599     1.8325     0.9782
[1] 29400.0000     0.0409     0.9512    -0.0773     1.8669     1.1262
[1] 29500.0000     0.0003     0.8346    -0.1856     1.8580     0.9665
[1] 29600.0000     0.0007     0.8267    -0.0527     2.0386     1.0464
[1] 29700.0000     0.0112     0.8203    -0.1050     1.8747     1.1249
[1] 29800.0000     1.0000     0.8701    -0.1353     1.9549     0.8024
[1] 29900.0000     0.6414     0.9798    -0.0649     1.9176     1.0014
[1] 30000.0000     0.3096     0.8307    -0.0864     1.9683     1.0904
[1] 0.3514659
Time difference of 4.584403 hours
null device 
          1 
