[1] "El numero de nodos X particion es: 10"
[1] "Model = M2 / Data = sim_data/datasetSVIExponential20.Rdata"
[1] 100.0000   1.0000   0.8291   0.0975   1.9130   0.9331
[1] 200.0000   0.0012   0.8487   0.2869   1.6651   0.8384
[1] 300.0000   0.8445   0.8776   0.1568   1.8617   1.0665
[1] 400.0000   0.0122   0.9217  -0.3119   2.2897   0.9692
[1] 500.0000   0.0000   0.9906   0.0785   1.9595   0.8160
[1] 600.0000   0.6781   0.9748  -0.2594   2.1565   1.0386
[1] 700.0000   0.1403   0.9506  -0.0036   1.9629   1.0413
[1] 800.0000   0.0006   0.9313  -0.2525   2.1581   1.0430
[1] 900.0000   0.0000   0.9606  -0.2196   2.1771   1.0158
[1] 1000.0000    0.0000    0.8209   -0.2042    2.1546    0.9374
[1] 1100.0000    0.0000    0.9319    0.4984    1.4200    0.8930
[1] 1200.0000    0.1960    0.8603    0.0053    2.0949    0.9164
[1] 1300.0000    0.7550    0.8617   -0.3054    2.2157    1.0550
[1] 1400.0000    0.0000    0.9303   -0.1723    2.1421    1.1894
[1] 1500.0000    0.0486    0.9694    0.6536    1.2627    1.1238
[1] 1600.0000    0.0000    0.8718   -1.0118    2.9713    1.0625
[1] 1700.0000    0.0000    0.8745   -0.5916    2.6189    0.9148
[1] 1800.0000    0.0000    0.8314   -0.3706    2.3556    0.9945
[1] 1900.0000    0.0000    0.9875   -0.2313    2.2479    0.8532
[1] 2000.0000    0.0000    0.9400    0.0875    1.9155    1.1109
[1] 2100.0000    0.0000    0.9372   -0.2820    2.2280    0.8634
[1] 2200.0000    0.0000    0.8668    0.2908    1.7262    1.0989
[1] 2300.0000    0.0000    0.9479    1.0280    0.8228    0.9070
[1] 2400.0000    0.0000    0.9355    0.3623    1.6620    1.1578
[1] 2500.0000    0.0080    0.9668    0.3123    1.5800    0.8029
[1] 2600.0000    0.0000    0.9100   -0.0947    2.1314    1.1442
[1] 2700.0000    0.0000    0.8492    0.3140    1.6961    0.9140
[1] 2800.0000    0.0011    0.9386    0.3288    1.5710    0.8695
[1] 2900.0000    0.0000    0.9341   -0.5069    2.4246    0.9034
[1] 3000.0000    0.0000    0.8318   -0.4569    2.4426    1.1464
[1] 3100.0000    0.0000    0.9787    0.0371    1.9626    0.9283
[1] 3200.0000    0.0000    0.9190    0.1931    1.7934    0.9575
[1] 3300.0000    0.0000    0.9797    0.2406    1.7876    1.0744
[1] 3400.0000    0.7552    0.8983    0.2317    1.8111    1.1525
[1] 3500.0000    0.0000    0.9256   -0.1179    2.0832    1.1684
[1] 3600.0000    0.0000    0.8412   -0.2870    2.2523    0.8625
[1] 3700.0000    0.5953    0.9624    0.5992    1.3837    0.8094
[1] 3800.0000    0.0000    0.8306    0.2506    1.7572    0.8349
[1] 3900.0000    0.0000    0.8351    0.1383    1.8769    0.9576
[1] 4000.0000    0.0000    0.9448   -0.1853    2.2005    1.0791
[1] 4100.0000    0.0000    0.8388   -0.4609    2.4700    0.8864
[1] 4200.0000    0.0000    0.9756   -0.3414    2.2979    0.9752
[1] 4300.0000    0.1090    0.8028   -0.1305    2.1066    0.9927
[1] 4400.0000    0.0000    0.8310    0.1760    1.7825    1.1572
[1] 4500.0000    1.0000    0.8410    0.0823    1.8884    1.1520
[1] 4600.0000    0.0009    0.9525    0.2428    1.7597    1.1110
[1] 4700.0000    0.0000    0.8536   -0.3740    2.3844    0.9410
[1] 4800.0000    0.0000    0.8444   -0.3249    2.2980    1.1184
[1] 4900.0000    0.0000    0.8114   -0.6763    2.6543    0.8255
[1] 5000.0000    1.0000    0.9273   -0.7574    2.8281    1.0348
[1] 5100.0000    0.0000    0.9679   -0.1666    2.1213    1.1951
[1] 5200.0000    0.0000    0.8051    0.3957    1.6008    0.8965
[1] 5300.0000    0.0000    0.8319    0.3569    1.6207    1.0627
[1] 5400.0000    0.0000    0.8536    0.1330    1.7134    0.9337
[1] 5500.0000    0.0000    0.8506    0.4843    1.4894    1.1979
[1] 5600.0000    0.0000    0.8117   -0.0268    2.0203    0.9121
[1] 5700.0000    0.0000    0.8882   -0.1453    2.1051    1.0651
[1] 5800.0000    0.0000    0.8612   -0.4988    2.4992    1.0327
[1] 5900.0000    0.0000    0.8278    0.4112    1.5597    1.0767
[1] 6000.0000    0.0000    0.9208    0.5086    1.4555    1.1507
[1] 6100.0000    0.0000    0.9100    0.2618    1.6404    1.1509
[1] 6200.0000    0.0000    0.8235    0.4853    1.4542    1.1329
[1] 6300.0000    0.0000    0.9569    0.1793    1.8410    0.8080
[1] 6400.0000    0.0000    0.9918   -0.1873    2.2750    1.1860
[1] 6500.0000    0.0690    0.9084   -0.5084    2.5085    1.0918
[1] 6600.0000    0.0000    0.8710    0.1764    1.7565    0.9001
[1] 6700.0000    0.0000    0.8204   -0.2243    2.1847    0.9264
[1] 6800.0000    0.4823    0.8794    0.0051    1.9891    0.9381
[1] 6900.0000    0.0000    0.9267   -0.1951    2.2385    1.0380
[1] 7000.0000    0.0000    0.8543    0.2535    1.6664    0.8271
[1] 7100.0000    0.0000    0.9857    0.0082    2.0327    1.0571
[1] 7200.0000    0.0000    0.8247   -0.1724    2.2173    0.8913
[1] 7300.0000    0.0000    0.9946    0.2332    1.7607    1.1299
[1] 7400.0000    0.0000    0.8045   -0.2667    2.2371    0.8734
[1] 7500.0000    0.0000    0.9410   -0.9872    2.8721    1.1781
[1] 7600.0000    0.0000    0.9493   -0.4731    2.3841    0.9281
[1] 7700.0000    0.0000    0.8552   -0.5191    2.4355    1.0850
[1] 7800.0000    0.0905    0.8694   -0.2551    2.3516    1.1175
[1] 7900.0000    0.0000    0.9654   -0.1885    2.1569    1.1831
[1] 8000.0000    0.0000    0.9309   -0.0888    1.9707    1.0835
[1] 8100.0000    0.0000    0.8483   -0.3192    2.2550    0.8203
[1] 8200.0000    0.0000    0.9207   -0.3222    2.4010    1.1282
[1] 8300.0000    0.0846    0.9009   -0.5816    2.4860    1.0589
[1] 8400.0000    0.0000    0.9658   -0.1806    2.1405    0.9286
[1] 8500.0000    0.0000    0.8325    0.2087    1.7643    1.0750
[1] 8600.0000    0.0064    0.9564   -0.6324    2.6061    0.9963
[1] 8700.0000    0.0000    0.8940    0.1870    1.7587    1.0236
[1] 8800.0000    0.0000    0.9735   -0.2764    2.2202    1.0381
[1] 8900.0000    0.0001    0.8674    0.6145    1.3658    1.0474
[1] 9000.0000    0.0000    0.9268    0.3067    1.6740    0.8237
[1] 9100.0000    0.0000    0.9806   -0.0052    1.9334    1.0696
[1] 9200.0000    0.0000    0.8777    0.0732    1.9744    1.1489
[1] 9300.0000    0.0000    0.8689    0.2641    1.7460    0.9976
[1] 9400.0000    0.0000    0.9163    0.8388    1.1189    0.8003
[1] 9500.0000    0.0000    0.8817   -0.1993    2.1692    1.0875
[1] 9600.0000    0.0002    0.8149    0.0021    2.0082    0.9056
[1] 9700.0000    0.0000    0.8918    0.7941    1.1869    0.8845
[1] 9800.0000    0.0000    0.9462   -0.1564    2.1139    1.1275
[1] 9900.0000    0.0000    0.9876    0.7839    1.1737    0.9739
[1] 10000.0000     0.5618     0.9718    -0.2658     2.2607     0.8376
[1] 10100.0000     0.2090     0.9259    -0.3486     2.3025     1.1999
[1] 10200.0000     0.8127     0.9808    -0.5289     2.4664     0.8342
[1] 10300.0000     0.4315     0.9290     0.0919     1.9554     0.8292
[1] 10400.0000     0.0000     0.9434     0.3947     1.5624     1.1753
[1] 10500.0000     0.3969     0.8159     0.0755     1.7701     1.1284
[1] 10600.0000     0.0000     0.8442     0.0621     1.9798     0.9495
[1] 1.070e+04 0.000e+00 9.346e-01 4.823e-01 1.574e+00 1.099e+00
[1] 10800.0000     1.0000     0.8056     0.2244     1.7607     0.8503
[1] 10900.0000     0.0000     0.9660     0.6697     1.3363     1.1970
[1] 11000.0000     0.4388     0.8012     0.0220     2.0314     0.9407
[1] 11100.0000     0.0000     0.9587    -0.1730     2.1214     0.9308
[1] 11200.0000     0.1337     0.8258    -0.0541     1.9578     1.0628
[1] 11300.0000     0.0000     0.9481    -0.1263     2.0539     1.1448
[1] 11400.0000     0.0001     0.9548     0.1581     1.7531     1.0047
[1] 11500.0000     0.0000     0.8034     0.0962     1.8968     0.8501
[1] 11600.0000     0.1061     0.9382    -0.1342     1.9881     0.8033
[1] 11700.0000     0.8715     0.8613    -0.0250     1.9441     1.0253
[1] 11800.0000     0.0000     0.8027     0.1747     1.6848     0.8530
[1] 11900.0000     0.0000     0.8066     0.0987     1.9214     1.0802
[1] 12000.0000     0.0000     0.8056    -0.2636     2.2391     1.1142
[1] 12100.0000     0.0000     0.8666    -0.1774     2.0945     0.9630
[1] 12200.0000     0.2581     0.8496     0.5969     1.4709     0.8460
[1] 12300.0000     0.0008     0.8010     0.0166     1.9589     0.8810
[1] 12400.0000     1.0000     0.8046    -0.2160     2.2388     0.8797
[1] 12500.0000     0.0000     0.8593    -0.1971     2.2822     1.1828
[1] 12600.0000     0.0000     0.8126    -0.1301     2.1966     1.1805
[1] 12700.0000     1.0000     0.8210    -0.2731     2.3795     0.8185
[1] 12800.0000     0.0000     0.8719    -0.0419     2.0284     0.9384
[1] 12900.0000     0.3701     0.9204     0.2861     1.7137     0.8219
[1] 13000.0000     0.0000     0.8069    -0.0084     1.9711     1.0997
[1] 13100.0000     0.0000     0.9404     0.2489     1.7729     0.9822
[1] 13200.0000     0.2728     0.8843    -0.1473     2.0545     0.9997
[1] 13300.0000     0.0000     0.8427    -0.3467     2.3097     1.0281
[1] 13400.0000     0.0000     0.9676     0.6252     1.3564     1.1418
[1] 13500.0000     0.0000     0.8466    -0.3388     2.2863     0.8143
[1] 13600.0000     0.0000     0.8917     0.3726     1.6207     1.0301
[1] 13700.0000     0.0000     0.8102    -0.6510     2.6723     0.8481
[1] 13800.0000     0.0000     0.8787    -0.4436     2.3927     1.0611
[1] 13900.0000     0.0000     0.8495     0.0975     1.8488     1.0802
[1] 14000.0000     0.0000     0.9588     0.1483     1.8187     0.9662
[1] 14100.0000     0.0000     0.8844    -0.1239     1.9911     1.1867
[1] 14200.0000     0.0002     0.8479     0.6534     1.2525     0.8739
[1] 14300.0000     0.0000     0.8548    -0.7243     2.7213     0.8231
[1] 14400.0000     0.3052     0.8171    -0.2641     2.2550     1.1588
[1] 14500.0000     0.3670     0.8647     0.0494     1.9543     1.0877
[1] 14600.0000     0.0000     0.8624     0.1262     1.7918     1.1285
[1] 14700.0000     0.0000     0.8974    -0.2753     2.2057     1.0871
[1] 14800.0000     0.0000     0.8106     0.2668     1.6472     1.0978
[1] 14900.0000     0.0535     0.9582     0.0136     2.0286     1.0321
[1] 15000.0000     0.0533     0.8279     0.1946     1.7791     1.0826
[1] 15100.0000     0.3980     0.8384    -0.3003     2.3325     0.8510
[1] 15200.0000     0.0000     0.8242     0.3922     1.6385     1.0800
[1] 15300.0000     1.0000     0.8282    -0.1385     2.0927     1.1177
[1] 15400.0000     1.0000     0.9829    -0.6399     2.5824     1.0368
[1] 15500.0000     0.0000     0.8045    -0.3657     2.2721     1.0028
[1] 15600.0000     0.0000     0.8520    -0.4841     2.4927     1.1912
[1] 15700.0000     0.0000     0.8475    -0.3098     2.3115     0.9690
[1] 15800.0000     0.0131     0.9108     0.0082     1.9443     0.9068
[1] 15900.0000     0.0000     0.9231     0.2381     1.6308     0.8720
[1] 16000.0000     0.8848     0.9761    -0.1183     2.0409     1.0600
[1] 16100.0000     0.0000     0.8906     0.5823     1.3827     0.9023
[1] 16200.0000     0.0000     0.9466    -0.1059     2.0555     0.9477
[1] 16300.0000     0.0000     0.9320    -0.4747     2.4657     1.0407
[1] 16400.0000     0.0000     0.9401    -0.1882     2.2386     0.9237
[1] 16500.0000     0.1751     0.9646    -0.0296     2.0500     1.1820
[1] 16600.0000     0.0026     0.8568    -0.2199     2.2549     1.0645
[1] 16700.0000     0.0000     0.9287    -0.2036     2.1546     0.9633
[1] 16800.0000     0.0000     0.9378     0.1672     1.7770     1.0931
[1] 1.690e+04 0.000e+00 8.583e-01 1.831e-01 1.749e+00 9.158e-01
[1] 17000.0000     0.0000     0.9790    -0.5059     2.4370     0.8822
[1] 17100.0000     0.0077     0.9305     0.9252     1.0313     0.9283
[1] 17200.0000     0.0448     0.9497    -0.0726     2.0754     0.8252
[1] 17300.0000     1.0000     0.8396     0.1106     1.8920     1.0131
[1] 17400.0000     0.0000     0.8593     0.0968     1.9371     1.1450
[1] 17500.0000     0.0000     0.8131     0.3613     1.6332     0.9127
[1] 17600.0000     0.0000     0.8242    -0.0834     2.0085     0.9225
[1] 17700.0000     0.0000     0.8794     0.2508     1.7824     0.9707
[1] 17800.0000     0.0089     0.9571    -0.5847     2.6676     0.9258
[1] 17900.0000     0.0000     0.9083     0.1009     1.8426     0.9495
[1] 18000.0000     0.4031     0.9109    -0.2412     2.3073     0.8712
[1] 18100.0000     0.0000     0.8667    -0.2631     2.2982     1.1867
[1] 18200.0000     0.0006     0.8142     1.0925     0.9403     0.8298
[1] 18300.0000     0.0000     0.8120    -0.0285     2.0234     1.0717
[1] 18400.0000     0.0000     0.9614    -0.1634     2.0646     1.0619
[1] 18500.0000     0.0000     0.8451     0.1157     1.9033     0.9054
[1] 18600.0000     0.0000     0.8121    -0.1707     2.1809     0.9608
[1] 18700.0000     0.0000     0.8080    -0.2789     2.3142     0.9308
[1] 18800.0000     0.0000     0.8537    -0.2092     2.2218     0.9005
[1] 18900.0000     0.0000     0.9024    -0.3299     2.2893     1.0613
[1] 19000.0000     0.0012     0.8366     0.2603     1.7585     0.8015
[1] 19100.0000     0.0000     0.8142    -0.1655     2.0291     1.0716
[1] 19200.0000     0.0000     0.8001     0.3054     1.6454     0.9641
[1] 19300.0000     0.0000     0.8411     0.0278     1.9294     0.9272
[1] 19400.0000     0.0000     0.8040     0.0227     2.0265     1.1551
[1] 19500.0000     0.0000     0.8527     0.1078     1.8951     1.1208
[1] 19600.0000     0.4257     0.9162    -0.2199     2.0941     0.8038
[1] 19700.0000     0.0000     0.8143    -0.1004     2.0944     0.8081
[1] 19800.0000     0.0000     0.8317     0.6100     1.4183     1.0742
[1] 19900.0000     0.0000     0.9981    -0.1858     2.1803     1.0280
[1] 20000.0000     0.0000     0.8708    -0.1787     2.1541     1.0213
[1] 20100.0000     0.0000     0.9794     0.3908     1.6156     1.1721
[1] 20200.0000     0.3037     0.8367    -0.4057     2.3406     0.9269
[1] 20300.0000     0.0000     0.8028     0.2548     1.7942     0.9708
[1] 20400.0000     0.0436     0.9845    -0.2457     2.1759     1.1049
[1] 20500.0000     0.0000     0.8964     0.4566     1.5176     1.1285
[1] 20600.0000     0.5018     0.9169     0.1150     1.9469     1.1057
[1] 20700.0000     0.9309     0.8107    -0.0403     2.1046     1.0874
[1] 20800.0000     0.0000     0.9606    -0.5523     2.5316     1.0886
[1] 20900.0000     0.1279     0.9109    -0.1965     2.1149     0.9980
[1] 21000.0000     0.0000     0.9912     0.4605     1.4823     1.0875
[1] 21100.0000     0.0000     0.9732    -0.5574     2.5624     0.8253
[1] 21200.0000     0.7144     0.9611     0.0301     1.8976     0.8029
[1] 21300.0000     1.0000     0.9067     0.4209     1.7065     0.8492
[1] 21400.0000     0.0242     0.8276    -0.3155     2.1353     0.8233
[1] 21500.0000     0.0000     0.9322    -0.5789     2.5103     1.1668
[1] 21600.0000     0.0086     0.8420    -0.0116     1.9966     0.8926
[1] 21700.0000     0.0000     0.8449    -0.2654     2.2534     0.9351
[1] 21800.0000     0.0071     0.8660    -0.1139     2.1097     1.1387
[1] 2.190e+04 0.000e+00 8.416e-01 5.470e-02 1.934e+00 1.137e+00
[1] 22000.0000     0.0000     0.8850     0.4007     1.6219     0.9555
[1] 22100.0000     0.0000     0.9825    -0.3442     2.2866     1.1195
[1] 22200.0000     0.0000     0.8403    -0.1599     2.1270     1.1277
[1] 22300.0000     0.0197     0.9726     0.1775     1.9701     0.8521
[1] 22400.0000     0.0000     0.8145    -0.4047     2.3090     0.8604
[1] 22500.0000     0.6377     0.9879     0.8555     1.1361     0.8971
[1] 22600.0000     0.0000     0.8858    -0.0752     2.0514     0.9064
[1] 22700.0000     0.0000     0.8271    -0.0833     2.0135     1.1968
[1] 22800.0000     0.0008     0.9630    -0.2785     2.2279     0.9437
[1] 22900.0000     0.0000     0.9287     0.2691     1.6214     0.9003
[1] 23000.0000     0.0000     0.9652     0.0352     1.9518     1.0264
[1] 23100.0000     0.0000     0.8291    -0.3727     2.4667     0.9730
[1] 23200.0000     0.0002     0.9586    -0.2953     2.2044     1.0581
[1] 23300.0000     1.0000     0.9627     0.3841     1.6183     0.8504
[1] 23400.0000     0.0380     0.9418     0.1958     1.8879     0.8205
[1] 23500.0000     0.0000     0.8934    -0.3190     2.2425     1.1391
[1] 23600.0000     0.0000     0.8176     0.2081     1.7643     0.8266
[1] 23700.0000     0.0000     0.8580     0.3403     1.6109     0.8494
[1] 23800.0000     0.0000     0.8154     0.0302     1.8921     1.1666
[1] 23900.0000     0.0039     0.8157     0.2296     1.7627     0.8034
[1] 24000.0000     0.0000     0.9801    -0.2111     2.1308     1.1551
[1] 24100.0000     0.0000     0.8747    -0.5987     2.4931     1.0767
[1] 24200.0000     0.0000     0.8562     0.0228     1.9154     0.9310
[1] 24300.0000     0.0000     0.8207    -0.1311     2.1374     1.1509
[1] 24400.0000     0.3316     0.8950     0.2883     1.6954     0.9027
[1] 24500.0000     0.0000     0.9064     0.0029     1.9524     0.8345
[1] 24600.0000     0.0000     0.9062    -0.1026     2.1433     0.8877
[1] 24700.0000     0.0250     0.8664    -0.3679     2.3346     1.1316
[1] 24800.0000     0.5919     0.8109    -0.1146     2.0266     1.1899
[1] 24900.0000     0.0025     0.9495    -0.3574     2.2964     0.8626
[1] 25000.0000     1.0000     0.8801     0.1216     1.8075     0.8235
[1] 25100.0000     0.0520     0.9249    -0.0174     2.0646     1.0516
[1] 25200.0000     0.0000     0.9920    -0.1111     2.1158     0.8420
[1] 25300.0000     1.0000     0.8151    -0.1825     2.1206     1.0748
[1] 25400.0000     1.0000     0.8988    -0.1920     2.1624     1.0888
[1] 25500.0000     0.0002     0.8147     0.2750     1.6780     1.1844
[1] 25600.0000     0.0000     0.8978     0.4786     1.4909     1.1142
[1] 25700.0000     0.0000     0.8350     0.1583     1.8381     0.8673
[1] 25800.0000     0.0000     0.8043    -0.2483     2.1941     0.8730
[1] 25900.0000     1.0000     0.8632    -0.2027     2.1977     1.1254
[1] 26000.0000     1.0000     0.9492    -0.3325     2.3437     1.0058
[1] 26100.0000     0.0000     0.9196    -0.0618     1.9403     1.1722
[1] 26200.0000     0.0060     0.9529    -0.2496     2.2381     1.0017
[1] 26300.0000     0.0000     0.9342     0.0179     1.9083     1.1434
[1] 26400.0000     0.0000     0.8767    -0.0264     1.9124     0.8041
[1] 26500.0000     0.1057     0.8136    -0.0343     2.0436     0.8843
[1] 26600.0000     0.0000     0.8376    -0.4546     2.3398     1.1467
[1] 26700.0000     0.0067     0.9636     0.1737     1.8060     1.0915
[1] 26800.0000     0.0000     0.8173    -0.8457     2.7224     0.9752
[1] 26900.0000     0.0000     0.9586     0.4150     1.6439     1.0279
[1] 27000.0000     0.0000     0.9311    -0.2451     2.2138     1.0381
[1] 2.710e+04 4.701e-01 8.752e-01 2.080e-02 1.973e+00 8.424e-01
[1] 27200.0000     0.0549     0.8628     0.0182     2.0178     1.0265
[1] 27300.0000     0.0000     0.9754    -0.2886     2.2993     0.9688
[1] 27400.0000     0.0000     0.9269     0.2379     1.7733     1.0000
[1] 27500.0000     0.0000     0.8463     0.5762     1.4519     0.8762
[1] 27600.0000     0.0000     0.8732     0.4366     1.5564     0.9172
[1] 27700.0000     0.0000     0.8317    -0.0177     1.9984     1.1846
[1] 27800.0000     0.0000     0.8358     0.4513     1.5530     1.1051
[1] 27900.0000     0.7662     0.8904    -0.0762     2.1111     0.9276
[1] 28000.0000     0.0000     0.8025    -0.1682     2.1653     0.9240
[1] 28100.0000     0.0000     0.9262    -0.6180     2.5685     1.0710
[1] 28200.0000     0.0000     0.9693     0.1904     1.8046     0.8876
[1] 28300.0000     0.0000     0.9886    -0.4683     2.4182     1.1843
[1] 28400.0000     0.3718     0.9594    -0.0083     2.0862     0.8105
[1] 28500.0000     0.0000     0.9130    -0.0649     2.0086     1.1129
[1] 28600.0000     0.0000     0.9775     0.2441     1.6458     0.9079
[1] 28700.0000     0.0000     0.8546    -0.2731     2.1938     0.9787
[1] 28800.0000     0.0093     0.8104     0.0911     1.9384     1.1940
[1] 28900.0000     0.0000     0.9040    -0.2156     2.0937     0.8375
[1] 29000.0000     0.0000     0.9692    -0.1598     2.0500     0.9910
[1] 29100.0000     0.0000     0.9089    -0.3199     2.2577     0.8717
[1] 29200.0000     0.1099     0.9889     0.2612     1.6827     1.0979
[1] 29300.0000     1.0000     0.9064     0.3556     1.5495     1.0368
[1] 29400.0000     0.0476     0.9394     0.2886     1.6160     1.1754
[1] 29500.0000     0.0000     0.8294     0.1036     1.9167     1.1769
[1] 29600.0000     0.0015     0.8035     0.2604     1.6568     1.0772
[1] 29700.0000     0.0000     0.9798    -0.1571     2.0687     0.9838
[1] 29800.0000     0.0000     0.8503     0.2289     1.7453     0.9822
[1] 29900.0000     0.8040     0.9798    -0.0898     2.0889     1.0014
[1] 30000.0000     0.0969     0.9561     0.5462     1.4721     1.0811
[1] 0.1225951
Time difference of 10.74441 hours
null device 
          1 
