[1] "El numero de nodos X particion es: 10"
[1] "Model = M1 / Data = sim_data/datasetSVIMatern18.Rdata"
[1] 100.0000   0.9853   0.8291   0.0448   1.9317   0.9331
[1] 200.0000   0.0301   0.8487   0.1330   1.7792   0.8384
[1] 300.0000   0.4590   0.8776   0.0670   1.9344   1.0665
[1] 400.0000   0.7736   0.8233  -0.1022   2.1002   1.0774
[1] 500.0000   0.0000   0.8380  -0.3682   2.3329   0.8203
[1] 600.0000   0.1573   0.9748  -0.1203   1.9775   1.0386
[1] 700.0000   0.0057   0.8999   0.3205   1.6637   1.0702
[1] 800.0000   0.0000   0.8728   0.4441   1.5405   0.9084
[1] 900.0000   0.0000   0.8673   0.2106   1.6497   0.8963
[1] 1000.0000    0.0000    0.8209   -0.4484    2.3425    0.9374
[1] 1100.0000    0.0000    0.9319    0.5710    1.3371    0.8930
[1] 1200.0000    0.2688    0.8603    0.3253    1.7036    0.9164
[1] 1300.0000    0.6644    0.8617    0.4483    1.3633    1.0550
[1] 1400.0000    0.0000    0.9303   -0.0734    1.9500    1.1894
[1] 1500.0000    0.0002    0.8024    0.2913    1.6332    1.1019
[1] 1600.0000    0.0000    0.8026   -1.1074    3.0040    1.1341
[1] 1700.0000    0.0000    0.8745    0.3296    1.6299    0.9148
[1] 1800.0000    0.0000    0.9376    0.2646    1.6626    0.8302
[1] 1900.0000    0.0000    0.9005   -0.7446    2.6750    0.9368
[1] 2000.0000    0.0000    0.9400   -0.1450    2.0861    1.1109
[1] 2100.0000    0.0000    0.8192   -1.1586    3.0273    0.9875
[1] 2200.0000    0.0000    0.8668   -0.5747    2.5431    1.0989
[1] 2300.0000    0.0000    0.8951    0.1179    1.7237    0.9529
[1] 2400.0000    0.0000    0.8569    0.0709    1.8307    1.0534
[1] 2500.0000    0.0279    0.9668   -0.1977    2.0537    0.8029
[1] 2600.0000    0.0000    0.8617   -0.7511    2.6185    0.8044
[1] 2700.0000    0.0000    0.8492   -0.7720    2.7424    0.9140
[1] 2800.0000    0.0496    0.8113   -0.6626    2.6349    0.9151
[1] 2900.0000    0.0000    0.8120   -0.7032    2.5327    1.0587
[1] 3000.0000    0.0000    0.8454   -0.4090    2.3346    0.9669
[1] 3100.0000    0.0000    0.9514    0.2463    1.6024    0.9478
[1] 3200.0000    0.0000    0.8205    0.0475    1.8628    0.8873
[1] 3300.0000    0.0000    0.9312    0.0577    1.9026    0.9302
[1] 3400.0000    0.0896    0.9079    0.8981    1.0718    0.8348
[1] 3500.0000    0.0000    0.8208    0.3274    1.6107    0.8172
[1] 3600.0000    0.0000    0.8756   -0.0679    1.9539    0.9795
[1] 3700.0000    0.5941    0.9624   -0.5046    2.3829    0.8094
[1] 3800.0000    0.0000    0.8306   -0.6602    2.5755    0.8349
[1] 3900.0000    0.0000    0.8351    0.0017    1.9281    0.9576
[1] 4000.0000    0.0000    0.8393    0.5996    1.4261    0.9996
[1] 4100.0000    0.0000    0.8388    0.0719    1.8781    0.8864
[1] 4200.0000    0.0000    0.9756   -1.8026    3.6142    0.9752
[1] 4300.0000    0.0344    0.8028   -0.6296    2.5463    0.9927
[1] 4400.0000    0.0000    0.8091    0.5120    1.4173    1.0451
[1] 4500.0000    0.2624    0.8410   -0.2605    2.2767    1.1520
[1] 4600.0000    0.0000    0.9581    1.2977    0.7355    0.8180
[1] 4700.0000    0.0000    0.8528    0.0678    1.7626    0.8411
[1] 4800.0000    0.0000    0.8006   -0.3320    2.2832    0.9390
[1] 4900.0000    0.0000    0.8114   -0.6512    2.5450    0.8255
[1] 5000.0000    0.0019    0.9762   -1.2739    3.0920    0.8665
[1] 5100.0000    0.0000    0.8192   -1.8901    3.8360    0.8134
[1] 5200.0000    0.0000    0.8051    0.0818    1.8313    0.8965
[1] 5300.0000    0.0000    0.8845    0.6795    1.2125    1.0022
[1] 5400.0000    0.0000    0.8536    0.5428    1.4224    0.9337
[1] 5500.0000    0.0000    0.8506    1.1536    0.7285    1.1979
[1] 5600.0000    0.0000    0.8117    0.3272    1.5749    0.9121
[1] 5700.0000    0.0000    0.8882    0.0030    1.9343    1.0651
[1] 5800.0000    0.0000    0.8551   -0.2002    2.1565    0.9056
[1] 5900.0000    0.0000    0.9311    0.2782    1.6554    0.8983
[1] 6000.0000    0.0000    0.8291   -0.2240    2.0704    1.1765
[1] 6100.0000    0.0000    0.8479    0.5016    1.4161    0.8869
[1] 6200.0000    0.0000    0.9400    0.3328    1.4978    0.8404
[1] 6300.0000    0.0000    0.9569    0.9323    0.9888    0.8080
[1] 6400.0000    0.0000    0.9599    1.2768    0.6650    0.9947
[1] 6500.0000    0.0001    0.8454   -1.2678    3.2053    0.9032
[1] 6600.0000    0.0000    0.8710   -0.1402    2.0296    0.9001
[1] 6700.0000    0.0000    0.8253   -1.2223    3.2452    0.9280
[1] 6800.0000    0.2066    0.8794   -0.0595    2.0009    0.9381
[1] 6900.0000    0.0000    0.8078   -0.0393    1.9084    0.8038
[1] 7000.0000    0.0000    0.8521    0.5087    1.3861    1.0680
[1] 7100.0000    0.0000    0.9544    1.0769    0.9045    0.9045
[1] 7200.0000    0.0000    0.8247   -0.1411    2.1988    0.8913
[1] 7300.0000    0.0000    0.8356    0.4316    1.3620    1.1395
[1] 7400.0000    0.0000    0.8045   -0.1459    1.9565    0.8734
[1] 7500.0000    0.0000    0.8918   -1.1735    2.9743    1.0101
[1] 7600.0000    0.0000    0.9493   -1.3660    3.3478    0.9281
[1] 7700.0000    0.0000    0.8440   -1.4837    3.4122    0.8976
[1] 7800.0000    0.0000    0.8367    0.8752    0.9779    0.9006
[1] 7900.0000    0.0000    0.8304   -0.6639    2.4748    0.9653
[1] 8000.0000    0.0000    0.9147   -0.3097    2.2341    0.9210
[1] 8100.0000    0.0000    0.8483   -0.3206    2.1676    0.8203
[1] 8200.0000    0.0000    0.9110   -0.2362    2.1866    0.9989
[1] 8300.0000    0.0000    0.8222   -0.3443    2.2563    0.8438
[1] 8400.0000    0.0000    0.8198   -0.0858    1.9549    0.8278
[1] 8500.0000    0.0000    0.8901   -0.2845    2.2358    0.8333
[1] 8600.0000    0.0001    0.8576   -1.0593    3.0026    1.0835
[1] 8700.0000    0.0000    0.8213   -1.2320    3.1840    0.8293
[1] 8800.0000    0.0000    0.8656   -0.2679    2.1020    0.8866
[1] 8900.0000    0.0000    0.8248    0.6207    1.3814    1.0728
[1] 9000.0000    0.0000    0.8079    0.2083    1.6388    0.8502
[1] 9100.0000    0.0000    0.8060   -0.0825    1.8770    0.8104
[1] 9200.0000    0.0000    0.8777   -0.1400    2.1522    1.1489
[1] 9300.0000    0.0000    0.9270    0.5510    1.2787    1.1117
[1] 9400.0000    0.0000    0.8413    1.2807    0.5835    1.0761
[1] 9500.0000    0.0000    0.9771   -1.4891    3.4114    0.8033
[1] 9600.0000    0.0000    0.8149   -0.0457    2.0221    0.9056
[1] 9700.0000    0.0000    0.9657    0.9283    1.0225    0.9166
[1] 9800.0000    0.0000    0.8196    0.2993    1.5268    0.8766
[1] 9900.0000    0.0000    0.9876    1.5612    0.3469    0.9739
[1] 10000.0000     1.0000     0.8618    -0.0886     2.0629     0.8032
[1] 10100.0000     0.0005     0.8250    -0.2966     2.1825     0.9557
[1] 10200.0000     0.0001     0.8458     0.1837     1.7029     1.1044
[1] 10300.0000     0.3197     0.8239     1.1560     0.7214     1.1989
[1] 10400.0000     0.0000     0.9337     0.2435     1.6555     1.0990
[1] 10500.0000     0.0000     0.9828     0.8919     1.0033     0.8036
[1] 10600.0000     0.0000     0.8454     0.3167     1.6257     0.9580
[1] 10700.0000     0.0000     0.8330     0.2710     1.6926     0.9190
[1] 10800.0000     0.0107     0.8857     0.5874     1.3409     0.9219
[1] 10900.0000     0.0000     0.8191     1.0853     0.8568     0.8008
[1] 1.100e+04 1.000e-03 8.176e-01 9.046e-01 1.128e+00 9.081e-01
[1] 11100.0000     0.0000     0.8480     0.3234     1.5295     1.1683
[1] 11200.0000     0.1168     0.8258    -0.2127     2.1078     1.0628
[1] 11300.0000     0.0000     0.8143    -0.7686     2.6465     0.8434
[1] 11400.0000     0.0000     0.8414     1.1442     0.7806     0.9619
[1] 1.150e+04 0.000e+00 8.034e-01 7.672e-01 1.214e+00 8.501e-01
[1] 11600.0000     0.0000     0.9104    -0.5306     2.4263     0.8269
[1] 1.170e+04 0.000e+00 8.224e-01 5.000e-04 1.939e+00 8.539e-01
[1] 11800.0000     0.0000     0.8027    -0.3361     2.3123     0.8530
[1] 11900.0000     0.0000     0.8460    -0.3706     2.2272     0.8150
[1] 12000.0000     0.0000     0.8014    -0.5542     2.4891     1.0595
[1] 12100.0000     0.0000     0.8005    -1.4825     3.3595     0.8375
[1] 12200.0000     1.0000     0.8496    -0.4989     2.4485     0.8460
[1] 12300.0000     0.0000     0.8010     0.7666     1.1393     0.8810
[1] 1.240e+04 7.553e-01 8.046e-01 3.866e-01 1.588e+00 8.797e-01
[1] 12500.0000     0.0000     0.8059     0.2615     1.6751     1.1427
[1] 12600.0000     0.0000     0.8126     0.3531     1.6503     1.1805
[1] 12700.0000     0.0000     0.9614    -0.8830     2.7428     0.8958
[1] 12800.0000     0.0000     0.8257    -0.5120     2.5013     0.8904
[1] 12900.0000     0.2175     0.8845    -0.5489     2.5497     0.8572
[1] 13000.0000     0.0000     0.8069     0.6249     1.2628     1.0997
[1] 13100.0000     0.0000     0.8460     0.4784     1.3601     0.9609
[1] 13200.0000     0.0000     0.8843    -0.2889     2.2510     0.9997
[1] 13300.0000     0.0000     0.8427    -0.3294     2.2173     1.0281
[1] 13400.0000     0.0000     0.8092     0.5998     1.2932     1.1676
[1] 13500.0000     0.0000     0.8466    -0.0351     1.9307     0.8143
[1] 13600.0000     0.0000     0.8917     0.8167     1.0998     1.0301
[1] 13700.0000     0.0000     0.8421     1.0199     0.9317     0.9544
[1] 13800.0000     0.0000     0.8787    -1.1032     3.0155     1.0611
[1] 13900.0000     0.0000     0.8573    -0.8751     2.8133     0.8372
[1] 14000.0000     0.0000     0.9588    -0.2299     2.1482     0.9662
[1] 14100.0000     0.0000     0.8430    -0.3226     2.2132     1.0782
[1] 14200.0000     0.0000     0.8479    -0.7526     2.6059     0.8739
[1] 14300.0000     0.0000     0.8548    -0.1708     2.1084     0.8231
[1] 14400.0000     0.0099     0.8623    -0.2114     2.1352     0.8985
[1] 14500.0000     0.0339     0.8647     0.4881     1.4788     1.0877
[1] 14600.0000     0.0000     0.8117     0.7180     1.0806     0.8957
[1] 14700.0000     0.0000     0.8327    -0.5644     2.4523     0.8645
[1] 14800.0000     0.0000     0.8444     0.4125     1.4398     1.0221
[1] 14900.0000     0.0032     0.8051     0.1091     1.7980     1.0614
[1] 15000.0000     0.0040     0.9447     0.0606     1.8368     0.8911
[1] 15100.0000     1.0000     0.8292     0.3002     1.5894     0.9249
[1] 15200.0000     0.0000     0.8242     1.0702     0.8682     1.0800
[1] 15300.0000     0.2175     0.8059     0.8972     1.0677     0.9091
[1] 15400.0000     0.0019     0.8072    -0.4935     2.4585     1.0717
[1] 15500.0000     0.0000     0.8727    -1.0950     3.0270     1.1104
[1] 15600.0000     0.0000     0.8878    -0.8865     2.7934     0.8550
[1] 15700.0000     0.0000     0.8475    -0.2710     2.1509     0.9690
[1] 15800.0000     0.0000     0.9108    -0.0761     1.9403     0.9068
[1] 15900.0000     0.0000     0.8841     0.8251     1.0457     0.8192
[1] 16000.0000     0.0089     0.8124    -0.4221     2.4093     1.1160
[1] 16100.0000     0.0000     0.9566     1.0249     0.9571     1.0234
[1] 16200.0000     0.0000     0.8331     0.5040     1.3328     0.9847
[1] 16300.0000     0.0000     0.9158     0.4433     1.4913     0.9491
[1] 16400.0000     0.0000     0.9401     0.0856     1.8532     0.9237
[1] 16500.0000     0.0073     0.8215    -1.5702     3.5005     1.1211
[1] 16600.0000     0.0000     0.8294    -1.3527     3.3346     0.8835
[1] 16700.0000     0.0000     0.8462    -0.5957     2.5256     0.9538
[1] 16800.0000     0.0000     0.9439    -0.1754     2.0640     0.8332
[1] 16900.0000     0.0000     0.8583     0.4413     1.4341     0.9158
[1] 17000.0000     0.0000     0.9790    -0.1165     2.0654     0.8822
[1] 17100.0000     0.0000     0.9305     1.0171     0.9628     0.9283
[1] 1.720e+04 0.000e+00 9.497e-01 1.090e+00 7.631e-01 8.252e-01
[1] 17300.0000     1.0000     0.8396     0.2035     1.7470     1.0131
[1] 17400.0000     0.0000     0.8593     0.2429     1.7786     1.1450
[1] 17500.0000     0.0000     0.8131    -0.0069     1.9815     0.9127
[1] 17600.0000     0.0000     0.8172    -0.2683     2.1372     0.8454
[1] 1.770e+04 0.000e+00 8.467e-01 9.477e-01 9.926e-01 1.021e+00
[1] 17800.0000     0.0000     0.8771    -0.4575     2.4787     0.9481
[1] 17900.0000     0.0000     0.8750    -0.2713     2.2338     0.9636
[1] 18000.0000     0.7301     0.9109     0.7835     1.1681     0.8712
[1] 18100.0000     0.0000     0.8078    -1.0699     3.0359     0.9064
[1] 18200.0000     0.0031     0.8582     1.0443     0.8159     0.9652
[1] 18300.0000     0.0000     0.8120    -0.1531     2.0190     1.0717
[1] 18400.0000     0.0000     0.9529     0.0852     1.8706     0.8173
[1] 18500.0000     0.0000     0.9525     0.2093     1.6755     0.9333
[1] 1.860e+04 0.000e+00 8.656e-01 6.546e-01 1.382e+00 8.624e-01
[1] 18700.0000     0.0000     0.8080    -0.0004     1.9679     0.9308
[1] 18800.0000     0.0000     0.8537    -0.0168     1.9368     0.9005
[1] 18900.0000     0.0000     0.9024     0.0113     1.9334     1.0613
[1] 19000.0000     0.0000     0.8366     0.3217     1.5913     0.8015
[1] 19100.0000     0.0000     0.8142     0.2722     1.5311     1.0716
[1] 19200.0000     0.0000     0.8001     0.5964     1.3087     0.9641
[1] 19300.0000     0.0000     0.8035     0.9110     0.9589     1.0886
[1] 19400.0000     0.0000     0.8500     0.5098     1.3848     0.9313
[1] 19500.0000     0.0000     0.9907     0.1574     1.8845     0.8574
[1] 19600.0000     0.0590     0.9162    -1.0536     3.0158     0.8038
[1] 19700.0000     0.0000     0.8065    -1.0015     2.8239     0.8898
[1] 19800.0000     0.0000     0.8275     0.4749     1.4305     1.0965
[1] 19900.0000     0.0000     0.9981    -0.6183     2.5625     1.0280
[1] 20000.0000     0.0000     0.8275    -0.7964     2.6920     0.8700
[1] 20100.0000     0.0000     0.8856     0.3099     1.6534     0.8465
[1] 20200.0000     0.0450     0.8367    -0.0192     1.9796     0.9269
[1] 20300.0000     0.0000     0.8028    -1.4156     3.3711     0.9708
[1] 20400.0000     0.0082     0.8854    -0.9592     2.8865     0.8024
[1] 20500.0000     0.0000     0.8791    -0.1851     2.0345     0.9808
[1] 20600.0000     0.0796     0.8137    -0.0729     1.9724     0.9497
[1] 20700.0000     1.0000     0.8107     0.0227     1.9266     1.0874
[1] 20800.0000     0.0000     0.9688    -1.1128     3.0263     0.8897
[1] 20900.0000     0.0000     0.8088     0.1918     1.7364     0.9600
[1] 21000.0000     0.0000     0.8111    -0.1600     2.0492     0.8016
[1] 21100.0000     0.0000     0.9732    -0.4087     2.3048     0.8253
[1] 21200.0000     0.1367     0.8263     0.4882     1.4578     1.1324
[1] 21300.0000     0.0000     0.8692    -0.1846     2.0086     1.1915
[1] 2.140e+04 2.200e-03 9.719e-01 4.386e-01 1.485e+00 9.071e-01
[1] 21500.0000     0.0000     0.8732    -0.1507     1.9875     1.0565
[1] 2.160e+04 0.000e+00 8.420e-01 8.071e-01 1.164e+00 8.926e-01
[1] 21700.0000     0.0000     0.9164    -0.8066     2.7653     0.8431
[1] 21800.0000     0.0000     0.8218    -0.6192     2.5000     1.1739
[1] 21900.0000     0.0000     0.9084     0.2765     1.5965     1.1067
[1] 22000.0000     0.0000     0.8850     0.7266     1.2096     0.9555
[1] 22100.0000     0.0000     0.8010     0.4101     1.4713     0.8293
[1] 22200.0000     0.0000     0.8403     0.6053     1.3025     1.1277
[1] 22300.0000     0.0000     0.8584     1.3501     0.6104     0.9367
[1] 22400.0000     0.0000     0.9494     0.7176     1.2045     0.9207
[1] 2.250e+04 1.000e-04 8.126e-01 1.151e+00 7.774e-01 8.323e-01
[1] 2.260e+04 0.000e+00 8.858e-01 1.490e+00 5.862e-01 9.064e-01
[1] 22700.0000     0.0000     0.8271     0.6514     1.2033     1.1968
[1] 22800.0000     0.0151     0.8616    -0.9206     2.9619     1.1425
[1] 2.290e+04 0.000e+00 9.207e-01 9.768e-01 8.126e-01 8.362e-01
[1] 2.300e+04 0.000e+00 8.310e-01 9.095e-01 9.777e-01 8.740e-01
[1] 23100.0000     0.0000     0.9231    -0.1396     1.9882     0.8179
[1] 23200.0000     0.0000     0.8288    -0.0224     1.9301     0.8616
[1] 23300.0000     0.0455     0.8288    -0.0224     1.9301     0.8616
[1] 2.340e+04 0.000e+00 8.015e-01 4.723e-01 1.512e+00 8.904e-01
[1] 23500.0000     0.0000     0.8185     1.1266     0.7782     0.9631
[1] 23600.0000     0.0000     0.8360     1.2066     0.7572     0.8406
[1] 23700.0000     0.0000     0.8580    -0.0127     1.8901     0.8494
[1] 23800.0000     0.0000     0.9509     0.2800     1.5901     0.9516
[1] 23900.0000     0.0000     0.8157     0.0547     1.8883     0.8034
[1] 24000.0000     0.0000     0.9304    -0.0376     1.9285     0.8086
[1] 24100.0000     0.0000     0.8289    -1.3008     3.2519     0.9877
[1] 24200.0000     0.0000     0.8399    -0.6668     2.4912     1.0287
[1] 24300.0000     0.0000     0.8207    -1.1186     3.0508     1.1509
[1] 24400.0000     0.1030     0.8950     1.2347     0.6210     0.9027
[1] 24500.0000     0.0000     0.8074     1.2697     0.7139     1.0770
[1] 24600.0000     0.0000     0.9062     0.1155     1.7779     0.8877
[1] 24700.0000     0.0000     0.9025    -0.6617     2.5821     0.8040
[1] 24800.0000     0.0000     0.8109     0.9374     1.0259     1.1899
[1] 24900.0000     0.0000     0.9495    -0.0352     1.8705     0.8626
[1] 2.500e+04 2.360e-02 8.807e-01 3.449e-01 1.645e+00 8.394e-01
[1] 25100.0000     0.0000     0.8415     1.0074     0.8499     1.0265
[1] 25200.0000     0.0000     0.8184     0.2808     1.7129     0.8574
[1] 25300.0000     1.0000     0.8151    -0.2721     2.2007     1.0748
[1] 25400.0000     0.1642     0.8112    -0.4065     2.3121     0.8063
[1] 25500.0000     0.0000     0.8305     0.6431     1.2132     0.8143
[1] 25600.0000     0.0000     0.8616    -0.2195     2.0520     0.9014
[1] 25700.0000     0.0000     0.8060    -0.1439     2.0578     0.8422
[1] 25800.0000     0.0000     0.8043     0.0463     1.8324     0.8730
[1] 25900.0000     0.8246     0.8632    -0.2089     2.1202     1.1254
[1] 26000.0000     0.0119     0.8358    -0.9909     2.9175     1.1365
[1] 26100.0000     0.0000     0.9196    -0.4329     2.2682     1.1722
[1] 26200.0000     0.0000     0.8417    -1.1636     3.0339     0.8094
[1] 26300.0000     0.0000     0.8530    -1.5960     3.5182     1.0678
[1] 26400.0000     0.0000     0.8767    -0.3862     2.2345     0.8041
[1] 26500.0000     0.1208     0.8136    -0.0577     1.8915     0.8843
[1] 26600.0000     0.0000     0.8376    -0.3935     2.1463     1.1467
[1] 26700.0000     0.0000     0.8184    -0.3119     2.3118     0.9177
[1] 26800.0000     0.0000     0.8448    -1.1751     3.0231     0.8652
[1] 26900.0000     0.0000     0.8170    -0.7029     2.6609     0.9138
[1] 27000.0000     0.0000     0.8079    -0.7483     2.6727     1.0554
[1] 27100.0000     0.1475     0.8372    -0.2853     2.2305     1.1930
[1] 27200.0000     0.0000     0.8628    -0.1248     2.0948     1.0265
[1] 27300.0000     0.0000     0.9185    -0.3567     2.2274     0.9822
[1] 27400.0000     0.0000     0.8182    -0.5485     2.4297     1.1040
[1] 27500.0000     0.0000     0.8301    -0.0975     1.9603     0.9239
[1] 27600.0000     0.0000     0.8732     0.3689     1.5729     0.9172
[1] 27700.0000     0.0000     0.8768     0.6286     1.3591     1.0202
[1] 27800.0000     0.0000     0.8219    -0.2015     2.1431     0.9326
[1] 27900.0000     0.2235     0.8224     0.5509     1.4136     0.9840
[1] 28000.0000     0.0000     0.8025    -0.9923     2.9030     0.9240
[1] 28100.0000     0.0000     0.9262     0.2470     1.7107     1.0710
[1] 28200.0000     0.0000     0.8853     0.0996     1.8488     0.8670
[1] 28300.0000     0.0000     0.8845     0.7583     1.1768     0.9758
[1] 28400.0000     1.0000     0.9594     0.5893     1.2681     0.8105
[1] 2.850e+04 0.000e+00 8.824e-01 9.511e-01 9.353e-01 8.003e-01
[1] 28600.0000     0.0000     0.8043    -0.6140     2.5159     0.9928
[1] 28700.0000     0.0000     0.8081    -0.9903     2.9250     0.9112
[1] 28800.0000     0.0000     0.8950     0.5826     1.4181     0.9585
[1] 28900.0000     0.0000     0.9040    -0.0665     1.8001     0.8375
[1] 29000.0000     0.0000     0.9277    -0.5888     2.4951     1.1735
[1] 29100.0000     0.0000     0.8434    -0.6548     2.4989     1.0969
[1] 29200.0000     0.2499     0.9367     0.4658     1.4521     1.1465
[1] 29300.0000     0.0024     0.8726     0.8226     1.0894     0.8176
[1] 29400.0000     0.0000     0.8948     0.5136     1.4669     0.8239
[1] 29500.0000     0.0000     0.8094     0.2313     1.6371     0.8253
[1] 29600.0000     0.0000     0.8335    -0.0398     1.8930     1.1940
[1] 29700.0000     0.0000     0.8049    -0.2723     2.2084     0.9958
[1] 29800.0000     0.0000     0.8030    -0.4582     2.4134     0.9421
[1] 29900.0000     0.1547     0.9798    -0.3147     2.2334     1.0014
[1] 30000.0000     0.0000     0.9250     0.4821     1.4053     1.0393
[1] 0.05447782
Time difference of 4.515493 hours
null device 
          1 
