[1] "El numero de nodos X particion es: 10"
[1] "Model = M2 / Data = sim_data/datasetSVIExponential4.Rdata"
[1] 100.0000   0.6635   0.9429   0.0648   1.9075   1.1970
[1] 200.0000   0.0042   0.8487   0.3412   1.6183   0.8384
[1] 300.0000   0.2921   0.8776   0.1250   1.9307   1.0665
[1] 400.0000   0.0151   0.9217  -0.3259   2.2671   0.9692
[1] 500.0000   0.0000   0.8673   0.3444   1.6324   1.1452
[1] 600.0000   0.5075   0.9748  -0.3093   2.1763   1.0386
[1] 700.0000   0.0059   0.8999   0.5238   1.4671   1.0702
[1] 800.0000   0.0000   0.9313   0.4703   1.3913   1.0430
[1] 900.0000   0.0000   0.9606   0.2915   1.6779   1.0158
[1] 1000.0000    0.0000    0.8209   -0.4569    2.4198    0.9374
[1] 1100.0000    0.0000    0.8924    0.3779    1.5404    0.9545
[1] 1200.0000    0.2414    0.8603    1.0454    1.0348    0.9164
[1] 1300.0000    0.0812    0.9805   -0.3136    2.3367    0.8049
[1] 1400.0000    0.0000    0.8099   -1.0011    2.9350    1.1384
[1] 1500.0000    0.0000    0.9584    0.2397    1.6868    1.0940
[1] 1600.0000    0.0000    0.9658   -1.3323    3.2352    1.0950
[1] 1700.0000    0.0000    0.9419   -0.7768    2.8210    1.0966
[1] 1800.0000    0.0000    0.9376   -0.1374    2.1131    0.8302
[1] 1900.0000    0.0000    0.9005   -0.2316    2.2122    0.9368
[1] 2000.0000    0.0000    0.8550    0.5285    1.5168    1.0762
[1] 2100.0000    0.0000    0.9433   -0.9000    2.7230    1.0825
[1] 2200.0000    0.0000    0.8668   -0.3434    2.3820    1.0989
[1] 2300.0000    0.0000    0.9142   -0.2858    2.1866    0.8527
[1] 2400.0000    0.0000    0.9355   -0.1047    2.0159    1.1578
[1] 2500.0000    0.0403    0.8909    0.5251    1.4239    1.1217
[1] 2600.0000    0.0000    0.9483    0.4588    1.4663    1.1376
[1] 2700.0000    0.0000    0.9115   -0.9595    2.9398    1.0018
[1] 2800.0000    0.0439    0.9382    0.2742    1.7505    1.1558
[1] 2900.0000    0.0000    0.9057   -0.8689    2.8145    0.9581
[1] 3000.0000    0.0000    0.8454   -0.2724    2.2512    0.9669
[1] 3100.0000    0.0000    0.9787    0.5119    1.4806    0.9283
[1] 3200.0000    0.0000    0.9190    0.4848    1.4837    0.9575
[1] 3300.0000    0.0000    0.9312    0.2452    1.7562    0.9302
[1] 3400.0000    0.4531    0.8983    0.8258    1.1769    1.1525
[1] 3500.0000    0.0000    0.8208    0.2308    1.7509    0.8172
[1] 3600.0000    0.0000    0.9625   -0.4677    2.4200    0.8525
[1] 3700.0000    0.5466    0.9624    0.5613    1.3518    0.8094
[1] 3800.0000    0.0000    0.9791    1.3715    0.5469    1.0179
[1] 3900.0000    0.0000    0.8349    0.6327    1.3522    1.1538
[1] 4000.0000    0.0000    0.9782   -0.4427    2.4447    1.1817
[1] 4100.0000    0.0000    0.8388   -1.2084    3.2229    0.8864
[1] 4200.0000    0.0000    0.9756   -1.1332    3.0413    0.9752
[1] 4300.0000    0.2656    0.8741   -1.4360    3.3957    1.1249
[1] 4400.0000    0.0000    0.8310   -0.0981    2.0165    1.1572
[1] 4500.0000    0.2417    0.8410   -0.0426    2.0990    1.1520
[1] 4600.0000    0.0000    0.9581    1.0419    1.0025    0.8180
[1] 4700.0000    0.0000    0.8528   -0.2310    2.1629    0.8411
[1] 4800.0000    0.0000    0.8660   -0.6582    2.6167    1.0939
[1] 4900.0000    0.0000    0.8114   -1.2072    3.1528    0.8255
[1] 5000.0000    0.0000    0.9762   -1.1913    3.0513    0.8665
[1] 5100.0000    0.0000    0.9679   -1.1272    3.0640    1.1951
[1] 5200.0000    0.0000    0.8381   -0.5085    2.5802    0.9753
[1] 5300.0000    0.0000    0.8845   -0.2885    2.2224    1.0022
[1] 5400.0000    0.0000    0.8536    0.0539    1.9200    0.9337
[1] 5500.0000    0.0000    0.8506    0.6975    1.1854    1.1979
[1] 5600.0000    0.0000    0.9929   -0.0899    1.9511    1.1085
[1] 5700.0000    0.0000    0.9445    0.8231    1.1990    1.0237
[1] 5800.0000    0.0000    0.8612   -0.1781    2.2191    1.0327
[1] 5900.0000    0.0000    0.9433    0.2550    1.6331    0.8670
[1] 6000.0000    0.0000    0.8887    0.2088    1.6894    0.8335
[1] 6100.0000    0.0000    0.9284   -0.1585    2.1716    0.9188
[1] 6200.0000    0.0000    0.9400    0.8227    1.0720    0.8404
[1] 6300.0000    0.0000    0.9569    0.6476    1.4400    0.8080
[1] 6400.0000    0.0000    0.9924   -0.6724    2.5417    1.0322
[1] 6500.0000    0.0012    0.9084    0.5484    1.4893    1.0918
[1] 6600.0000    0.0000    0.8401   -0.3638    2.2646    1.0889
[1] 6700.0000    0.0000    0.8204   -1.4159    3.3236    0.9264
[1] 6800.0000    0.4057    0.8794    0.0284    1.9861    0.9381
[1] 6900.0000    0.0000    0.9290   -1.5170    3.4804    1.0476
[1] 7000.0000    0.0000    0.8521   -0.3481    2.2990    1.0680
[1] 7100.0000    0.0000    0.9857    0.2265    1.8116    1.0571
[1] 7200.0000    0.0000    0.8247   -0.2125    2.2939    0.8913
[1] 7300.0000    0.0000    0.9838    0.4268    1.5918    1.0449
[1] 7400.0000    0.0000    0.8045   -0.1088    1.9824    0.8734
[1] 7500.0000    0.0000    0.8475   -1.8450    3.7748    1.0597
[1] 7600.0000    0.0000    0.9493   -0.7115    2.6966    0.9281
[1] 7700.0000    0.0000    0.8440   -1.2951    3.2480    0.8976
[1] 7800.0000    0.0000    0.9477   -0.1473    2.0390    0.8206
[1] 7900.0000    0.0000    0.9654   -0.4028    2.2696    1.1831
[1] 8000.0000    0.0000    0.9309   -0.7941    2.7090    1.0835
[1] 8100.0000    0.0000    0.8250   -0.5174    2.4815    1.1136
[1] 8200.0000    0.0000    0.9207   -0.9615    2.9023    1.1282
[1] 8300.0000    0.0000    0.8222   -0.7208    2.6715    0.8438
[1] 8400.0000    0.0000    0.9658   -0.2985    2.1440    0.9286
[1] 8500.0000    0.0000    0.8325   -0.3385    2.3776    1.0750
[1] 8600.0000    0.0000    0.8576   -0.9690    2.9164    1.0835
[1] 8700.0000    0.0000    0.8940   -0.5033    2.4540    1.0236
[1] 8800.0000    0.0000    0.9735   -0.3986    2.2710    1.0381
[1] 8900.0000    0.0000    0.8674    0.3183    1.6792    1.0474
[1] 9000.0000    0.0000    0.8301    1.3108    0.6351    1.1387
[1] 9100.0000    0.0000    0.8755    1.0718    0.9106    0.8812
[1] 9200.0000    0.0000    0.8777    0.6130    1.3937    1.1489
[1] 9300.0000    0.0000    0.9270   -0.2517    2.2346    1.1117
[1] 9400.0000    0.0000    0.8413    0.9545    0.9441    1.0761
[1] 9500.0000    0.0000    0.8817   -1.0637    3.0004    1.0875
[1] 9600.0000    0.0000    0.8149    0.0112    1.9540    0.9056
[1] 9700.0000    0.0000    0.8918    1.7570    0.1686    0.8845
[1] 9800.0000    0.0000    0.8667    0.4259    1.5225    0.9410
[1] 9900.0000    0.0000    0.9876    1.2349    0.7519    0.9739
[1] 10000.0000     0.2694     0.9984    -0.5801     2.5352     0.9987
[1] 10100.0000     1.0000     0.9049     0.1245     1.9510     1.0751
[1] 10200.0000     0.0000     0.8458     0.6051     1.3348     1.1044
[1] 10300.0000     0.0473     0.9549     1.9108     0.1337     0.8021
[1] 10400.0000     0.0000     0.9109     0.2487     1.6684     0.9653
[1] 10500.0000     0.0000     0.9828     0.6412     1.2939     0.8036
[1] 10600.0000     0.0000     0.8442     0.4966     1.5667     0.9495
[1] 10700.0000     0.0000     0.9346     1.1265     0.8922     1.0990
[1] 10800.0000     1.0000     0.8056     0.4149     1.6223     0.8503
[1] 10900.0000     0.0000     0.9660     0.5907     1.4697     1.1970
[1] 11000.0000     0.0223     0.9210     0.7184     1.2657     0.8330
[1] 11100.0000     0.0000     0.8480    -0.4246     2.2929     1.1683
[1] 11200.0000     0.0621     0.8258    -0.6043     2.5338     1.0628
[1] 11300.0000     0.0000     0.8936    -0.6035     2.5550     1.0961
[1] 1.140e+04 0.000e+00 8.414e-01 9.934e-01 1.011e+00 9.619e-01
[1] 11500.0000     0.0000     0.9619     0.1906     1.7137     0.9110
[1] 11600.0000     0.0000     0.9104    -0.2425     2.2278     0.8269
[1] 11700.0000     0.0000     0.8224     0.3899     1.5846     0.8539
[1] 11800.0000     0.0000     0.8027    -0.6918     2.6422     0.8530
[1] 11900.0000     0.0000     0.8460    -1.1084     3.0542     0.8150
[1] 12000.0000     0.0000     0.8014    -0.4453     2.3923     1.0595
[1] 12100.0000     0.0000     0.8005    -0.5778     2.4959     0.8375
[1] 12200.0000     0.0775     0.9853     0.1242     1.8876     1.1443
[1] 12300.0000     0.0000     0.8010     0.1411     1.8627     0.8810
[1] 12400.0000     0.1511     0.8019    -1.0176     3.0299     1.1971
[1] 12500.0000     0.0000     0.8059    -0.0125     1.9983     1.1427
[1] 12600.0000     0.0000     0.8126    -0.1571     2.2505     1.1805
[1] 12700.0000     0.0000     0.8779    -1.2578     3.1390     0.8170
[1] 12800.0000     0.0000     0.8257    -0.8684     2.8868     0.8904
[1] 12900.0000     0.0057     0.9204    -0.1203     2.1160     0.8219
[1] 13000.0000     0.0000     0.8069     0.0361     1.9033     1.0997
[1] 13100.0000     0.0000     0.9404     1.5104     0.4717     0.9822
[1] 13200.0000     0.0000     0.8843     0.3497     1.6462     0.9997
[1] 13300.0000     0.0000     0.9222    -0.4960     2.5540     0.8801
[1] 13400.0000     0.0000     0.8092    -0.6751     2.6499     1.1676
[1] 13500.0000     0.0000     0.8466    -0.6398     2.6279     0.8143
[1] 13600.0000     0.0000     0.8917     0.4185     1.5847     1.0301
[1] 13700.0000     0.0000     0.8561    -0.0093     1.9773     0.9281
[1] 13800.0000     0.0000     0.8787    -0.8469     2.7953     1.0611
[1] 13900.0000     0.0000     0.8573    -0.6075     2.5840     0.8372
[1] 14000.0000     0.0000     0.9588     0.1320     1.7522     0.9662
[1] 14100.0000     0.0000     0.8411     0.4013     1.4498     1.1804
[1] 14200.0000     0.0000     0.8479     0.5700     1.3515     0.8739
[1] 14300.0000     0.0000     0.8548    -0.4632     2.4362     0.8231
[1] 14400.0000     0.0007     0.8623     0.4412     1.4598     0.8985
[1] 14500.0000     1.0000     0.9833    -0.0049     1.9687     1.1771
[1] 14600.0000     0.0000     0.8177     0.1915     1.7301     1.0920
[1] 14700.0000     0.0000     0.8734     0.0760     1.7794     1.0676
[1] 1.480e+04 0.000e+00 9.988e-01 1.054e+00 9.679e-01 9.067e-01
[1] 14900.0000     0.0130     0.9582    -0.4042     2.3631     1.0321
[1] 15000.0000     0.0000     0.9447    -0.1553     2.0559     0.8911
[1] 15100.0000     0.6253     0.9118    -0.7881     2.7306     0.9692
[1] 15200.0000     0.0000     0.8242     0.5217     1.4515     1.0800
[1] 15300.0000     0.5299     0.8059     0.2312     1.7967     0.9091
[1] 15400.0000     0.0002     0.8072    -0.7451     2.7160     1.0717
[1] 15500.0000     0.0000     0.9734    -1.7189     3.7344     1.1714
[1] 15600.0000     0.0000     0.8520    -0.7478     2.7685     1.1912
[1] 15700.0000     0.0000     0.8475    -0.2835     2.1738     0.9690
[1] 15800.0000     0.0000     0.9108    -0.0168     1.9311     0.9068
[1] 15900.0000     0.0000     0.8841     0.3874     1.5509     0.8192
[1] 16000.0000     0.0000     0.8124    -0.2757     2.2126     1.1160
[1] 16100.0000     0.0000     0.8125     0.2618     1.7086     0.8885
[1] 16200.0000     0.0000     0.9466     0.5720     1.3471     0.9477
[1] 16300.0000     0.0000     0.9158    -0.0720     2.0864     0.9491
[1] 16400.0000     0.0000     0.9401     0.1573     1.7677     0.9237
[1] 16500.0000     0.8517     0.9407     0.0695     1.9647     0.9877
[1] 16600.0000     0.0000     0.8294    -0.4503     2.4838     0.8835
[1] 16700.0000     0.0000     0.8462     0.3833     1.5472     0.9538
[1] 16800.0000     0.0000     0.8621     0.5243     1.3729     1.1596
[1] 16900.0000     0.0000     0.8138     0.1034     1.7925     1.1004
[1] 17000.0000     0.0000     0.9790    -0.1936     2.1438     0.8822
[1] 17100.0000     0.0000     0.9305     1.3767     0.6857     0.9283
[1] 17200.0000     0.0000     0.9497     1.0659     0.8358     0.8252
[1] 17300.0000     1.0000     0.8396     0.0377     1.9175     1.0131
[1] 17400.0000     0.0000     0.8593     0.1727     1.8385     1.1450
[1] 17500.0000     0.0000     0.9677    -0.0398     2.0119     1.1479
[1] 17600.0000     0.0000     0.8280     0.1930     1.7516     1.1486
[1] 1.770e+04 0.000e+00 8.794e-01 3.731e-01 1.664e+00 9.707e-01
[1] 17800.0000     0.0001     0.9383    -0.8383     2.8619     1.0084
[1] 17900.0000     0.0000     0.9083     0.2921     1.7091     0.9495
[1] 18000.0000     1.0000     0.9109     0.0408     1.9531     0.8712
[1] 18100.0000     0.0000     0.9461    -0.0181     1.8461     0.9222
[1] 18200.0000     0.0050     0.8582     1.0254     0.8626     0.9652
[1] 18300.0000     0.0000     0.9012    -0.1875     2.1368     1.0710
[1] 18400.0000     0.0000     0.9529     0.5520     1.4397     0.8173
[1] 18500.0000     0.0000     0.8451     0.5040     1.4939     0.9054
[1] 1.860e+04 0.000e+00 8.420e-01 6.067e-01 1.424e+00 8.224e-01
[1] 18700.0000     0.0000     0.8080     0.0810     1.9281     0.9308
[1] 18800.0000     0.0000     0.8635     0.5901     1.3407     1.1693
[1] 18900.0000     0.0000     0.9024     0.4677     1.4579     1.0613
[1] 19000.0000     0.0000     0.8366    -0.0587     2.0001     0.8015
[1] 19100.0000     0.0000     0.8142     0.0433     1.7957     1.0716
[1] 19200.0000     0.0000     0.8001     0.5707     1.3735     0.9641
[1] 19300.0000     0.0000     0.8035     0.3464     1.6007     1.0886
[1] 19400.0000     0.0000     0.8040    -0.0060     2.0886     1.1551
[1] 19500.0000     0.0000     0.9654     0.1389     1.7956     0.9669
[1] 19600.0000     0.5915     0.9162    -1.0458     3.0326     0.8038
[1] 19700.0000     0.0000     0.8982    -0.0683     1.9291     1.1826
[1] 19800.0000     0.0000     0.9408     0.5978     1.4111     0.9927
[1] 19900.0000     0.0000     0.9981    -0.1740     2.1583     1.0280
[1] 20000.0000     0.0000     0.8708    -0.5728     2.5214     1.0213
[1] 20100.0000     0.0000     0.9080    -0.0108     2.0170     1.0402
[1] 20200.0000     1.0000     0.9840     0.0929     1.9074     1.1380
[1] 20300.0000     0.0000     0.8028     0.0794     1.9364     0.9708
[1] 20400.0000     0.0096     0.9072     0.2699     1.6981     0.9991
[1] 20500.0000     0.0000     0.8964     0.1292     1.8238     1.1285
[1] 20600.0000     0.1383     0.8137     0.2396     1.7632     0.9497
[1] 20700.0000     0.9687     0.8107     0.1061     1.8892     1.0874
[1] 20800.0000     0.0000     0.9606    -0.7839     2.7678     1.0886
[1] 20900.0000     0.0001     0.9109     0.6854     1.3066     0.9980
[1] 21000.0000     0.0000     0.9912     1.2831     0.7050     1.0875
[1] 21100.0000     0.0000     0.9732    -0.1945     2.1082     0.8253
[1] 21200.0000     0.0186     0.8263     0.2783     1.6810     1.1324
[1] 21300.0000     0.0000     0.8399    -0.5156     2.3713     1.0171
[1] 21400.0000     0.0000     0.9719     0.1620     1.7632     0.9071
[1] 21500.0000     0.0000     0.9375    -0.2726     2.1530     1.0777
[1] 21600.0000     0.0000     0.8010    -0.6117     2.5615     1.1966
[1] 21700.0000     0.0000     0.8258    -1.0702     3.0449     1.1265
[1] 21800.0000     0.0000     0.8709    -0.5583     2.5590     1.0601
[1] 21900.0000     0.0000     0.9408     0.2376     1.6531     0.9421
[1] 22000.0000     0.0000     0.8850     0.8188     1.1912     0.9555
[1] 22100.0000     0.0000     0.8953    -0.6262     2.5402     0.9321
[1] 22200.0000     0.0000     0.9882    -0.4772     2.3684     0.9514
[1] 22300.0000     0.0001     0.8584    -0.2487     2.2108     0.9367
[1] 22400.0000     0.0000     0.9494     0.4880     1.4426     0.9207
[1] 22500.0000     0.0005     0.9610     1.0584     0.9115     0.9963
[1] 22600.0000     0.0000     0.8858     0.7087     1.3598     0.9064
[1] 22700.0000     0.0000     0.9568     1.0907     0.8569     1.0761
[1] 22800.0000     0.0000     0.9669     0.0178     2.0094     0.8314
[1] 22900.0000     0.0000     0.9207     1.0922     0.7981     0.8362
[1] 23000.0000     0.0000     0.9652     1.0987     0.8862     1.0264
[1] 23100.0000     0.0000     0.8611    -0.0698     2.0207     1.0907
[1] 23200.0000     0.0000     0.8288    -0.3772     2.3497     0.8616
[1] 23300.0000     0.2534     0.8966    -0.2190     2.1790     1.0199
[1] 23400.0000     0.0000     0.9418     0.3439     1.6078     0.8205
[1] 23500.0000     0.0000     0.8934    -0.5993     2.5658     1.1391
[1] 23600.0000     0.0000     0.8360     0.4282     1.5175     0.8406
[1] 2.370e+04 0.000e+00 8.580e-01 8.060e-01 1.203e+00 8.494e-01
[1] 23800.0000     0.0000     0.9509     0.1275     1.6977     0.9516
[1] 23900.0000     0.0000     0.8157     0.0989     1.8528     0.8034
[1] 24000.0000     0.0000     0.9653    -0.3118     2.2348     0.9324
[1] 24100.0000     0.0000     0.8289    -0.8955     2.8817     0.9877
[1] 24200.0000     0.0000     0.8399    -0.1113     1.9516     1.0287
[1] 24300.0000     0.0000     0.9879    -1.0347     3.0061     1.1930
[1] 24400.0000     1.0000     0.9947     0.5658     1.4083     0.9697
[1] 24500.0000     0.0000     0.9064     1.1966     0.8126     0.8345
[1] 24600.0000     0.0000     0.9062     0.2097     1.7231     0.8877
[1] 24700.0000     0.0000     0.9574     0.0521     1.8053     1.0919
[1] 24800.0000     0.0000     0.8109    -0.1331     2.1033     1.1899
[1] 24900.0000     0.0000     0.9495     0.0797     1.8353     0.8626
[1] 25000.0000     0.0000     0.9628    -0.5288     2.4540     0.9362
[1] 25100.0000     0.0000     0.9605     1.1506     0.7742     1.0743
[1] 25200.0000     0.0000     0.8184     0.1333     1.8676     0.8574
[1] 25300.0000     0.9117     0.8151     0.0300     1.8635     1.0748
[1] 25400.0000     1.0000     0.8988    -0.1417     2.0917     1.0888
[1] 25500.0000     0.0000     0.8147     0.5844     1.3554     1.1844
[1] 25600.0000     0.0000     0.8978     0.0768     1.8800     1.1142
[1] 25700.0000     0.0000     0.8060     0.9151     1.0929     0.8422
[1] 25800.0000     0.0000     0.8043    -0.6456     2.4798     0.8730
[1] 25900.0000     1.0000     0.8632    -0.3151     2.2976     1.1254
[1] 26000.0000     1.0000     0.9492    -0.8381     2.8487     1.0058
[1] 26100.0000     0.0000     0.9196    -0.5713     2.3627     1.1722
[1] 26200.0000     0.0000     0.9768    -0.8571     2.7388     0.9801
[1] 26300.0000     0.0000     0.8530    -0.7914     2.7728     1.0678
[1] 26400.0000     0.0000     0.8767     0.3257     1.5563     0.8041
[1] 26500.0000     0.0005     0.9903     0.5374     1.4894     1.1966
[1] 26600.0000     0.0000     0.9293    -0.5953     2.7159     0.8497
[1] 26700.0000     0.0001     0.9890    -0.3778     2.2465     0.9390
[1] 26800.0000     0.0000     0.8544    -1.3841     3.3754     0.9528
[1] 26900.0000     0.0000     0.9184     0.2753     1.6140     1.1619
[1] 27000.0000     0.0000     0.9311     0.0427     1.9763     1.0381
[1] 27100.0000     0.8209     0.9280    -0.3970     2.3823     1.0348
[1] 27200.0000     0.0000     0.8628    -0.7276     2.7234     1.0265
[1] 27300.0000     0.0000     0.9185    -0.6777     2.5816     0.9822
[1] 27400.0000     0.0000     0.9843     0.0907     1.8631     1.1629
[1] 27500.0000     0.0000     0.8677     0.3729     1.5761     0.9516
[1] 27600.0000     0.0000     0.8732     1.3997     0.5774     0.9172
[1] 27700.0000     0.0000     0.8317     0.6980     1.3188     1.1846
[1] 27800.0000     0.0000     0.8338     0.9190     1.0379     0.9440
[1] 27900.0000     1.0000     0.8904     0.2434     1.7035     0.9276
[1] 28000.0000     0.0000     0.8025    -0.3989     2.3571     0.9240
[1] 28100.0000     0.0000     0.9262     0.9600     1.0564     1.0710
[1] 28200.0000     0.0000     0.9683     0.4363     1.5174     0.8917
[1] 28300.0000     0.0000     0.9886    -0.9027     2.8017     1.1843
[1] 28400.0000     1.0000     0.9594    -0.6166     2.5724     0.8105
[1] 28500.0000     0.0000     0.8678     0.3097     1.6292     0.8688
[1] 28600.0000     0.0000     0.9775    -0.2517     2.1412     0.9079
[1] 28700.0000     0.0000     0.8546    -0.6395     2.5279     0.9787
[1] 28800.0000     0.0000     0.8104    -0.0852     2.0810     1.1940
[1] 28900.0000     0.0000     0.9137     0.3396     1.7519     0.8478
[1] 29000.0000     0.0000     0.9277    -0.6216     2.5722     1.1735
[1] 29100.0000     0.0000     0.8872    -0.8919     2.9130     1.0232
[1] 29200.0000     0.0875     0.9367     0.5314     1.4252     1.1465
[1] 29300.0000     0.2296     0.9749     1.2549     0.7571     0.9782
[1] 29400.0000     0.0000     0.9394     0.9325     0.9426     1.1754
[1] 29500.0000     0.0000     0.8094    -0.7427     2.6652     0.8253
[1] 29600.0000     0.0000     0.8335     0.3755     1.5602     1.1940
[1] 29700.0000     0.0000     0.9991    -0.0525     1.9717     0.9357
[1] 29800.0000     0.0000     0.8503    -1.3050     3.2623     0.9822
[1] 29900.0000     0.9466     0.9798    -0.5560     2.5524     1.0014
[1] 30000.0000     0.0000     0.9250     1.3003     0.6512     1.0393
[1] 0.07067717
Time difference of 9.862842 hours
null device 
          1 
