[1] "El numero de nodos X particion es: 10"
[1] "Model = M1 / Data = sim_data/datasetSVCExponential11.Rdata"
[1] 100.0000   0.9316   0.8291   0.0374   2.0889   0.9331
[1] 200.0000   1.0000   0.9804  -0.0248   2.0310   1.0297
[1] 300.0000   0.6703   0.8776  -0.1047   1.9967   1.0665
[1] 400.0000   0.4536   0.9217  -0.0967   1.8962   0.9692
[1] 500.0000   1.0000   0.8902  -0.0363   1.9782   0.8863
[1] 600.0000   0.0002   0.8693   0.0354   1.9347   1.0610
[1] 700.0000   1.0000   0.8087  -0.1239   1.9316   1.0605
[1] 800.0000   1.0000   0.8954  -0.0130   1.9904   1.1490
[1] 900.0000   0.4439   0.9357  -0.1612   1.9837   1.0743
[1] 1000.0000    0.3658    0.8568   -0.0725    1.9545    0.8983
[1] 1100.0000    0.3685    0.9726   -0.2215    1.8055    1.0201
[1] 1200.0000    0.5769    0.8603    0.0150    2.1214    0.9164
[1] 1300.0000    0.1458    0.9151   -0.1326    1.9910    0.9862
[1] 1400.0000    0.0000    0.9303   -0.1012    1.9631    1.1894
[1] 1500.0000    0.0005    0.9672    0.0572    2.1028    1.1986
[1] 1600.0000    0.3709    0.8673    0.0818    2.1340    0.9237
[1] 1700.0000    0.0001    0.9259   -0.0890    1.9133    1.0764
[1] 1800.0000    0.0000    0.9234   -0.0661    2.0928    1.1307
[1] 1900.0000    0.3936    0.9957    0.0417    2.1015    1.1822
[1] 2000.0000    0.0318    0.9978    0.0923    2.0278    1.1535
[1] 2100.0000    1.0000    0.8081    0.0144    2.0465    0.9300
[1] 2200.0000    0.3387    0.8580    0.1289    2.1770    1.0161
[1] 2300.0000    0.0964    0.8377   -0.0200    2.0645    0.8487
[1] 2400.0000    0.0611    0.9764    0.0676    1.9286    1.0594
[1] 2500.0000    0.4498    0.9103    0.0237    2.1251    0.8545
[1] 2600.0000    0.7207    0.9658   -0.1352    1.9650    1.0023
[1] 2700.0000    0.0999    0.8044   -0.0566    2.0279    1.0835
[1] 2800.0000    0.0503    0.8354   -0.0171    2.0209    0.9572
[1] 2900.0000    0.0057    0.8994   -0.1976    1.8625    1.0050
[1] 3000.0000    0.0186    0.9425    0.0771    2.1117    1.0830
[1] 3100.0000    0.2542    0.8265    0.0138    2.0190    1.1652
[1] 3200.0000    0.0833    0.9371    0.0069    2.0122    1.1278
[1] 3300.0000    0.0000    0.9877   -0.0068    2.0229    0.9428
[1] 3400.0000    0.1486    0.8189   -0.3381    1.7351    0.9632
[1] 3500.0000    0.6618    0.9338   -0.1296    1.9924    0.8830
[1] 3600.0000    0.3342    0.8553    0.0806    2.0050    1.1349
[1] 3700.0000    0.0008    0.9950    0.0421    1.9869    1.0085
[1] 3800.0000    0.0000    0.8653   -0.0994    1.8616    0.9884
[1] 3900.0000    0.0353    0.8514   -0.2452    1.8101    1.1876
[1] 4000.0000    0.5543    0.9388   -0.0161    1.9114    0.8131
[1] 4100.0000    1.0000    0.9426    0.2199    2.0998    0.8764
[1] 4200.0000    0.3482    0.9756   -0.1641    1.9407    0.9752
[1] 4300.0000    0.0000    0.9986   -0.0715    1.9706    0.9026
[1] 4400.0000    0.2034    0.9571    0.1140    2.1167    0.9932
[1] 4500.0000    1.0000    0.8410    0.0552    2.0252    1.1520
[1] 4600.0000    0.0446    0.8039   -0.0784    1.8825    1.1669
[1] 4700.0000    0.0097    0.9516    0.0103    2.0909    1.1937
[1] 4800.0000    1.0000    0.8536   -0.1292    1.9054    1.1437
[1] 4900.0000    0.5408    0.8201    0.2438    2.2513    1.1747
[1] 5000.0000    0.8484    0.9273    0.0407    2.0671    1.0348
[1] 5100.0000    1.0000    0.8496   -0.1024    1.9659    0.8317
[1] 5200.0000    0.0092    0.8350    0.0197    2.1732    1.0935
[1] 5300.0000    1.0000    0.8379   -0.0106    2.0079    1.0434
[1] 5400.0000    0.6956    0.8333    0.0249    2.0617    0.9811
[1] 5500.0000    0.7609    0.9295    0.0325    1.9698    1.1335
[1] 5600.0000    0.0250    0.9095   -0.3696    1.8013    0.9324
[1] 5700.0000    0.1797    0.9403   -0.0986    1.8614    0.9236
[1] 5800.0000    0.1509    0.8612   -0.0421    2.0664    1.0327
[1] 5900.0000    0.3599    0.8759   -0.2366    1.8509    1.0113
[1] 6000.0000    0.6985    0.8325   -0.1751    1.9252    0.8825
[1] 6100.0000    0.0710    0.9517    0.1985    2.1606    0.9216
[1] 6200.0000    1.0000    0.8336   -0.2351    1.7676    0.9759
[1] 6300.0000    0.0389    0.8959   -0.1375    1.9828    1.1826
[1] 6400.0000    0.5803    0.9022    0.0617    1.9860    0.8332
[1] 6500.0000    0.1777    0.8697    0.0274    2.0971    0.9040
[1] 6600.0000    0.0495    0.8918   -0.1840    1.8680    1.0184
[1] 6700.0000    0.0005    0.9726   -0.2201    1.7979    1.0730
[1] 6800.0000    1.0000    0.8496    0.0016    2.0698    0.9728
[1] 6900.0000    0.2322    0.9401   -0.2292    1.7501    0.9220
[1] 7000.0000    0.0097    0.8011    0.0210    2.0248    1.0228
[1] 7100.0000    0.2219    0.8440    0.1027    1.9885    0.9302
[1] 7200.0000    0.0022    0.8989    0.0380    2.0365    0.9392
[1] 7300.0000    0.0014    0.8821   -0.0905    2.0090    0.9361
[1] 7400.0000    0.0000    0.8164   -0.1549    1.8039    0.8600
[1] 7500.0000    0.2214    0.8682   -0.0258    2.0263    0.9160
[1] 7600.0000    0.0763    0.8332   -0.1364    1.9048    1.0877
[1] 7700.0000    0.0077    0.8552   -0.0702    1.9375    1.0850
[1] 7800.0000    0.0000    0.8812   -0.0265    1.9011    1.0536
[1] 7900.0000    0.4148    0.8037   -0.0795    1.9495    1.1632
[1] 8000.0000    1.0000    0.9186   -0.1110    1.8347    1.0026
[1] 8100.0000    0.6924    0.8687   -0.0880    1.9790    1.0506
[1] 8200.0000    0.0000    0.8098    0.0845    2.0570    0.9449
[1] 8300.0000    0.0037    0.8896    0.1878    2.1933    1.1748
[1] 8400.0000    0.8955    0.8563   -0.1425    2.0363    1.0967
[1] 8500.0000    0.0064    0.8507   -0.1770    1.8769    1.0895
[1] 8600.0000    0.3012    0.9835   -0.0308    2.0348    0.9563
[1] 8700.0000    0.3623    0.8293   -0.1021    1.8311    0.8767
[1] 8800.0000    1.0000    0.9324   -0.0440    1.9861    0.8066
[1] 8900.0000    0.6081    0.9431   -0.0951    2.0027    1.1381
[1] 9000.0000    0.5685    0.9025    0.0604    2.0494    0.9096
[1] 9100.0000    0.4755    0.9156    0.0713    2.1280    1.0916
[1] 9200.0000    0.1312    0.8777    0.0263    2.0206    1.1489
[1] 9300.0000    0.0013    0.9856   -0.0733    1.8887    1.1370
[1] 9400.0000    0.3660    0.8458    0.0433    1.9821    1.0091
[1] 9500.0000    0.0000    0.9329   -0.1186    2.0062    0.8817
[1] 9600.0000    0.5651    0.8149   -0.1000    1.9560    0.9056
[1] 9700.0000    0.1614    0.8614   -0.0465    1.9634    0.9692
[1] 9800.0000    0.2279    0.8323   -0.0021    1.9826    0.8368
[1] 9900.0000    0.0000    0.8466    0.2463    2.1941    0.8248
[1] 10000.0000     1.0000     0.8618    -0.2893     1.6796     0.8032
[1] 10100.0000     1.0000     0.9049     0.0572     2.0637     1.0751
[1] 10200.0000     0.0012     0.9084    -0.0774     1.9104     0.8386
[1] 10300.0000     0.0277     0.8120     0.1375     2.0718     0.8804
[1] 10400.0000     0.0595     0.8213     0.0639     2.0903     1.0055
[1] 10500.0000     1.0000     0.8159     0.0423     2.0159     1.1284
[1] 10600.0000     0.2624     0.8330     0.2039     2.2722     0.9483
[1] 10700.0000     0.0010     0.8531    -0.0144     2.0280     0.8181
[1] 10800.0000     1.0000     0.8056    -0.0677     1.9841     0.8503
[1] 10900.0000     0.0000     0.8264    -0.0725     2.0561     1.1140
[1] 11000.0000     0.5521     0.8012    -0.0465     2.0565     0.9407
[1] 11100.0000     0.0011     0.9709     0.1376     2.1918     0.9321
[1] 11200.0000     0.9513     0.9412    -0.1231     1.9778     0.8257
[1] 11300.0000     1.0000     0.9738     0.0159     2.0059     1.1215
[1] 11400.0000     1.0000     0.9866    -0.0892     1.9455     0.8664
[1] 11500.0000     0.0000     0.9311    -0.2215     1.8854     0.8792
[1] 11600.0000     1.0000     0.9382    -0.3038     1.7342     0.8033
[1] 11700.0000     1.0000     0.8766    -0.2008     1.8743     0.9110
[1] 11800.0000     0.0454     0.8440    -0.1113     1.8265     0.8198
[1] 11900.0000     0.5086     0.8272     0.0342     2.0203     0.8962
[1] 12000.0000     0.0109     0.8543    -0.0904     1.9570     1.1591
[1] 12100.0000     0.1149     0.9452     0.0068     2.0534     0.8400
[1] 12200.0000     1.0000     0.8496    -0.0961     1.9042     0.8460
[1] 12300.0000     0.0063     0.9623    -0.0330     1.8576     1.1420
[1] 12400.0000     1.0000     0.8046    -0.1346     1.8944     0.8797
[1] 12500.0000     0.0681     0.8027     0.2220     2.2286     1.0313
[1] 12600.0000     0.2195     0.9564     0.0766     1.9608     1.1675
[1] 12700.0000     0.0001     0.9486     0.1714     2.1679     0.8166
[1] 12800.0000     0.0035     0.9108    -0.1864     1.8456     1.0765
[1] 12900.0000     0.0283     0.8218    -0.2843     1.8056     1.1924
[1] 13000.0000     0.1270     0.8069     0.0588     2.0938     1.0997
[1] 13100.0000     0.0169     0.9404    -0.0802     1.9248     0.9822
[1] 13200.0000     0.0074     0.9589    -0.1836     1.8094     1.1555
[1] 13300.0000     0.5369     0.8522     0.1060     2.0648     1.0074
[1] 13400.0000     0.0000     0.9485     0.1051     1.9473     1.0271
[1] 13500.0000     0.0002     0.8240    -0.0858     1.9929     1.0099
[1] 13600.0000     0.0062     0.8917    -0.1165     1.8042     1.0301
[1] 13700.0000     1.0000     0.8314    -0.0568     1.9882     0.8589
[1] 13800.0000     0.0000     0.8418    -0.1584     1.8498     1.1127
[1] 13900.0000     0.2646     0.8125    -0.1755     1.8842     1.1546
[1] 14000.0000     1.0000     0.9598    -0.0189     1.9604     0.8043
[1] 14100.0000     0.0001     0.9236     0.0988     2.1258     0.9106
[1] 14200.0000     0.0845     0.9171    -0.0679     1.9229     0.8964
[1] 14300.0000     0.0204     0.8359    -0.1448     1.9355     1.0907
[1] 14400.0000     1.0000     0.8984     0.0912     2.1248     1.1866
[1] 14500.0000     0.3422     0.8302    -0.1191     2.0147     1.1813
[1] 14600.0000     0.0000     0.8329    -0.1553     1.9422     0.9630
[1] 14700.0000     0.8191     0.8840    -0.0919     1.9168     1.0394
[1] 14800.0000     0.0000     0.8106    -0.2576     1.8046     1.0978
[1] 14900.0000     0.6287     0.9485     0.0503     2.1202     1.1960
[1] 15000.0000     0.0000     0.9486    -0.0905     1.9117     0.9418
[1] 15100.0000     0.0457     0.9112    -0.1055     1.9414     1.0503
[1] 15200.0000     0.1536     0.8360    -0.0461     1.9831     1.1579
[1] 15300.0000     0.1210     0.8296     0.1432     2.2042     1.1944
[1] 15400.0000     0.7467     0.9829     0.0267     2.1105     1.0368
[1] 15500.0000     0.4078     0.9013     0.0351     1.9563     1.0728
[1] 15600.0000     0.7565     0.9912    -0.1112     1.9491     1.0551
[1] 1.570e+04 3.000e-04 9.705e-01 1.923e-01 2.167e+00 8.969e-01
[1] 15800.0000     0.5757     0.9774    -0.1101     1.8253     1.1822
[1] 15900.0000     0.0000     0.9524    -0.0190     2.0675     1.0855
[1] 16000.0000     1.0000     0.9761     0.0046     2.0395     1.0600
[1] 16100.0000     1.0000     0.9477    -0.2043     1.8263     0.9420
[1] 16200.0000     1.0000     0.8455    -0.1252     1.9091     1.0509
[1] 16300.0000     0.7630     0.9029     0.1701     2.1136     1.0365
[1] 16400.0000     0.2052     0.8090    -0.0145     1.9951     0.8978
[1] 16500.0000     0.0637     0.9894     0.1483     2.1941     0.9222
[1] 16600.0000     1.0000     0.9292    -0.2016     1.8812     1.0485
[1] 16700.0000     0.1288     0.8804    -0.0453     2.0240     1.1815
[1] 16800.0000     0.0859     0.8165    -0.1870     1.8398     1.0376
[1] 16900.0000     0.0558     0.8221    -0.1036     1.8631     1.1575
[1] 17000.0000     0.4931     0.9815     0.0967     2.0471     0.9010
[1] 17100.0000     0.0439     0.9262     0.0789     2.0493     0.9696
[1] 17200.0000     0.5073     0.9497    -0.1971     1.8526     0.8252
[1] 17300.0000     0.8215     0.8396    -0.3077     1.7935     1.0131
[1] 17400.0000     0.8236     0.9623     0.0942     2.2055     1.1696
[1] 17500.0000     1.0000     0.9645    -0.0958     1.8701     0.9956
[1] 17600.0000     0.0193     0.8018     0.0108     1.9921     1.0705
[1] 17700.0000     0.0233     0.8467    -0.0442     1.9266     1.0210
[1] 17800.0000     1.0000     0.9968    -0.0362     1.9797     0.8268
[1] 17900.0000     0.0035     0.8644    -0.0527     2.0037     1.0507
[1] 18000.0000     0.8529     0.9109     0.1969     2.2259     0.8712
[1] 18100.0000     0.0015     0.9137    -0.0870     2.0017     0.9014
[1] 1.820e+04 1.000e+00 8.073e-01 1.583e-01 2.154e+00 9.256e-01
[1] 18300.0000     0.0057     0.9706    -0.1015     1.9864     1.1685
[1] 18400.0000     0.0016     0.9243    -0.3050     1.8909     1.1066
[1] 18500.0000     0.1346     0.9072    -0.1006     1.9491     1.0082
[1] 18600.0000     0.0383     0.8932     0.0373     2.1093     0.8460
[1] 18700.0000     0.2282     0.9071     0.1283     2.1765     1.1143
[1] 18800.0000     0.0105     0.9415    -0.0837     2.0189     0.8205
[1] 18900.0000     0.0001     0.8297     0.0084     2.0564     0.8354
[1] 19000.0000     1.0000     0.8087    -0.0378     2.0036     1.1060
[1] 19100.0000     0.0881     0.9272    -0.0576     2.1036     0.8583
[1] 19200.0000     0.8268     0.8319    -0.1222     1.8249     1.0132
[1] 19300.0000     0.1285     0.8940     0.1235     2.0545     1.1248
[1] 19400.0000     0.2445     0.8040    -0.0320     1.9377     1.1551
[1] 1.950e+04 5.000e-04 8.243e-01 2.276e-01 2.219e+00 8.751e-01
[1] 19600.0000     0.1759     0.9711    -0.0821     1.9835     1.0171
[1] 19700.0000     0.0210     0.8143     0.0699     2.0512     0.8081
[1] 19800.0000     0.6616     0.9324     0.2095     2.1913     1.1958
[1] 19900.0000     0.2896     0.9981     0.2170     2.2879     1.0280
[1] 20000.0000     0.3321     0.9729    -0.1621     1.9180     0.8904
[1] 20100.0000     0.0000     0.8622     0.1035     2.0916     0.8640
[1] 20200.0000     0.4395     0.9282     0.1114     2.0931     0.9678
[1] 20300.0000     0.0012     0.8028    -0.2322     1.9146     0.9708
[1] 20400.0000     1.0000     0.8446    -0.0521     1.9353     1.0333
[1] 20500.0000     0.0107     0.8964    -0.0228     2.0258     1.1285
[1] 20600.0000     0.4619     0.9169    -0.0585     2.0455     1.1057
[1] 20700.0000     0.7296     0.8107     0.2188     2.1616     1.0874
[1] 20800.0000     1.0000     0.9981     0.0762     2.1702     1.0246
[1] 20900.0000     0.0000     0.8285    -0.0238     2.0084     0.8493
[1] 21000.0000     0.2177     0.8708    -0.1169     1.9540     1.1617
[1] 21100.0000     0.5558     0.8682    -0.1188     1.9958     1.1577
[1] 21200.0000     0.3960     0.8263     0.0204     2.0273     1.1324
[1] 21300.0000     0.0008     0.8214    -0.0222     1.8752     1.0391
[1] 21400.0000     1.0000     0.8276    -0.0280     1.9860     0.8233
[1] 21500.0000     0.0073     0.8906     0.0788     2.1024     0.8206
[1] 21600.0000     0.3091     0.8069    -0.0161     2.0068     0.8555
[1] 21700.0000     0.4259     0.9973    -0.1316     1.9329     0.9605
[1] 21800.0000     0.4830     0.8778     0.1787     2.2972     1.0685
[1] 21900.0000     0.5520     0.9598     0.0689     2.1133     0.8497
[1] 22000.0000     0.2890     0.8850     0.1525     2.0874     0.9555
[1] 22100.0000     0.1345     0.8953     0.0540     2.0811     0.9321
[1] 22200.0000     0.4975     0.8579    -0.1678     1.9187     0.8534
[1] 22300.0000     0.0673     0.9726    -0.1148     2.0576     0.8521
[1] 22400.0000     1.0000     0.9971     0.0304     2.0661     0.9354
[1] 22500.0000     0.0100     0.8239     0.0183     2.1164     1.1368
[1] 22600.0000     0.0008     0.8207    -0.0100     2.0235     0.8039
[1] 22700.0000     0.0002     0.8271    -0.1581     1.8904     1.1968
[1] 22800.0000     0.1020     0.8972    -0.0681     1.8354     1.0231
[1] 22900.0000     0.1276     0.8804    -0.1209     1.9479     0.9211
[1] 23000.0000     0.0000     0.8188     0.0937     1.9952     1.0070
[1] 23100.0000     0.4391     0.8119     0.0979     2.0469     1.0551
[1] 23200.0000     0.1777     0.9573     0.0374     2.0628     1.0522
[1] 23300.0000     0.0000     0.8508     0.0419     2.0476     0.8720
[1] 23400.0000     0.2953     0.8888     0.0414     1.9438     1.0444
[1] 23500.0000     0.0904     0.8245     0.0444     2.0508     0.8555
[1] 23600.0000     0.0324     0.9324    -0.0732     1.9807     0.8634
[1] 23700.0000     0.2025     0.9328    -0.1396     1.9575     1.0180
[1] 23800.0000     0.9517     0.9299    -0.0662     1.8653     1.0580
[1] 23900.0000     0.7347     0.9920     0.0912     2.0538     1.0485
[1] 24000.0000     0.7403     0.9851     0.0322     1.9701     1.0873
[1] 24100.0000     1.0000     0.9214    -0.0730     2.0827     0.8541
[1] 24200.0000     0.4824     0.8467    -0.1195     1.8842     0.8230
[1] 24300.0000     0.4042     0.9595    -0.1098     1.9190     0.9607
[1] 24400.0000     1.0000     0.9947    -0.0114     1.9693     0.9697
[1] 24500.0000     0.0101     0.8969     0.0926     2.0973     1.0480
[1] 24600.0000     0.0005     0.8781    -0.0246     1.9896     0.8812
[1] 24700.0000     0.3372     0.9195     0.0452     1.9744     0.8781
[1] 24800.0000     0.0006     0.8460     0.0287     2.0595     0.9489
[1] 24900.0000     0.3133     0.8023    -0.1339     1.8933     1.0260
[1] 25000.0000     1.0000     0.8801     0.1332     2.1541     0.8235
[1] 25100.0000     1.0000     0.8419    -0.0203     2.0413     0.8544
[1] 25200.0000     0.2041     0.8495    -0.0298     2.0383     1.1739
[1] 25300.0000     0.0011     0.9779    -0.1053     1.9693     0.8977
[1] 25400.0000     0.0338     0.8633    -0.3168     1.7098     1.0600
[1] 25500.0000     0.4316     0.8303    -0.0951     1.9259     1.1248
[1] 25600.0000     0.0350     0.9926     0.1428     2.1348     0.9855
[1] 25700.0000     0.1917     0.8976    -0.2300     1.9414     0.9408
[1] 25800.0000     0.0367     0.9689    -0.0124     2.0248     1.1962
[1] 25900.0000     0.0007     0.8683     0.0728     1.9977     0.8098
[1] 26000.0000     0.4655     0.9492    -0.0664     1.8811     1.0058
[1] 26100.0000     0.0371     0.8951    -0.0109     2.0970     0.8249
[1] 26200.0000     0.4353     0.8601    -0.0635     2.0463     0.9041
[1] 26300.0000     0.6054     0.8623    -0.3164     1.8111     1.0835
[1] 26400.0000     0.2496     0.8855     0.1529     2.0790     1.0131
[1] 26500.0000     0.0247     0.8034    -0.2537     1.7751     1.1338
[1] 26600.0000     0.3350     0.8720    -0.1799     1.8234     0.9170
[1] 26700.0000     0.2429     0.8892    -0.0277     2.0982     0.9428
[1] 26800.0000     0.0706     0.8173    -0.0809     1.9608     0.9752
[1] 26900.0000     0.0163     0.9241     0.0650     2.0639     1.0646
[1] 27000.0000     1.0000     0.8977     0.1023     2.1308     0.8661
[1] 27100.0000     0.1189     0.8095     0.0738     2.0001     1.0497
[1] 27200.0000     0.0010     0.9713    -0.1415     2.0249     1.0324
[1] 27300.0000     0.0014     0.9608    -0.1066     1.8887     0.8492
[1] 27400.0000     0.1025     0.8725    -0.1611     1.8409     1.1899
[1] 27500.0000     0.1488     0.9635    -0.0208     1.9571     1.1809
[1] 27600.0000     0.0017     0.8069     0.0383     2.0096     0.9996
[1] 27700.0000     0.0143     0.8620     0.2381     2.3266     1.0941
[1] 27800.0000     0.0000     0.8358     0.0221     2.0718     1.1051
[1] 27900.0000     0.6253     0.8913     0.0884     2.0863     0.8389
[1] 28000.0000     0.0030     0.9430    -0.0938     2.0056     0.9743
[1] 28100.0000     0.0000     0.9262     0.0146     2.0153     1.0710
[1] 28200.0000     0.7700     0.9271     0.0788     2.0958     0.9591
[1] 28300.0000     0.0007     0.8510    -0.1883     1.8884     0.8048
[1] 28400.0000     0.9908     0.9594    -0.0146     1.9836     0.8105
[1] 28500.0000     1.0000     0.8206     0.0225     2.1016     1.0447
[1] 28600.0000     0.0007     0.9775     0.0181     2.0638     0.9079
[1] 28700.0000     0.1885     0.9045    -0.0233     1.9559     1.0095
[1] 28800.0000     1.0000     0.9743    -0.0533     1.9592     0.8723
[1] 28900.0000     0.4467     0.8362    -0.1542     1.9295     0.8240
[1] 29000.0000     0.7411     0.9401    -0.0391     2.0281     1.1755
[1] 29100.0000     0.0055     0.9156     0.0541     2.1109     0.8172
[1] 29200.0000     0.0011     0.8505    -0.3142     1.7652     0.9156
[1] 29300.0000     0.1457     0.9373     0.0379     1.9907     0.8252
[1] 29400.0000     0.0261     0.9512     0.0305     1.9389     1.1262
[1] 29500.0000     0.0002     0.9711    -0.2410     1.8135     0.9025
[1] 29600.0000     0.0240     0.8267     0.0639     2.0815     1.0464
[1] 29700.0000     0.0103     0.8808    -0.2171     1.7623     0.9901
[1] 29800.0000     1.0000     0.8701    -0.1328     1.9837     0.8024
[1] 29900.0000     0.6627     0.9798    -0.0208     1.9473     1.0014
[1] 30000.0000     0.1474     0.8172    -0.0301     1.9827     1.1626
[1] 0.3783849
Time difference of 3.65995 hours
null device 
          1 
