[1] "El numero de nodos X particion es: 10"
[1] "Model = M2 / Data = sim_data/datasetSVCExponential5.Rdata"
[1] 100.0000   0.5711   0.9429   0.0794   1.8361   1.1970
[1] 200.0000   1.0000   0.9804   0.1365   1.9134   1.0297
[1] 300.0000   0.6538   0.8776   0.0070   1.9171   1.0665
[1] 400.0000   0.0961   0.9217  -0.0071   1.8940   0.9692
[1] 500.0000   0.1969   0.9813   0.0146   1.8482   0.8492
[1] 600.0000   0.4440   0.9748   0.1262   1.8165   1.0386
[1] 700.0000   1.0000   0.8087   0.0076   1.8535   1.0605
[1] 800.0000   1.0000   0.8954  -0.0460   1.8287   1.1490
[1] 900.0000   1.0000   0.9357   0.0167   1.8324   1.0743
[1] 1000.0000    1.0000    0.9692    0.0422    1.8963    0.9576
[1] 1100.0000    0.2573    0.8326   -0.0066    1.8283    1.0285
[1] 1200.0000    1.0000    0.8603    0.0703    1.9068    0.9164
[1] 1300.0000    0.6081    0.8617   -0.0043    1.8974    1.0550
[1] 1400.0000    0.1483    0.9303   -0.0023    1.8453    1.1894
[1] 1500.0000    0.3584    0.9672    0.0304    1.8891    1.1986
[1] 1600.0000    1.0000    0.9427    0.0168    1.9112    1.0957
[1] 1700.0000    0.0355    0.9259    0.0104    1.8081    1.0764
[1] 1800.0000    0.0777    0.9234    0.0138    1.8604    1.1307
[1] 1900.0000    0.2810    0.9875    0.0860    1.8888    0.8532
[1] 2000.0000    0.2510    0.9978    0.1021    1.8418    1.1535
[1] 2100.0000    0.0530    0.8081    0.1476    1.9920    0.9300
[1] 2200.0000    0.2885    0.8580    0.1397    1.9234    1.0161
[1] 2300.0000    0.6196    0.9707    0.0812    1.7933    1.1994
[1] 2400.0000    0.5421    0.9764    0.1289    1.9176    1.0594
[1] 2500.0000    0.9148    0.9002    0.0484    1.7848    1.1531
[1] 2600.0000    1.0000    0.8357    0.0547    1.7699    0.8701
[1] 2700.0000    1.0000    0.8052    0.0632    1.8700    0.8603
[1] 2800.0000    0.8689    0.8906   -0.0022    1.8560    0.8787
[1] 2900.0000    0.1957    0.8994   -0.0377    1.7808    1.0050
[1] 3000.0000    0.3095    0.9623   -0.0040    1.9990    1.1476
[1] 3100.0000    1.0000    0.9078    0.0312    1.8175    0.9130
[1] 3200.0000    1.0000    0.9676    0.0770    1.7988    1.1339
[1] 3300.0000    0.2846    0.9877    0.0759    1.8132    0.9428
[1] 3400.0000    0.2406    0.8983    0.0094    1.6531    1.1525
[1] 3500.0000    0.8954    0.9338    0.0233    1.8178    0.8830
[1] 3600.0000    0.3432    0.8553    0.1478    1.9201    1.1349
[1] 3700.0000    0.2129    0.9950    0.1551    1.9145    1.0085
[1] 3800.0000    0.3622    0.9791   -0.0067    1.7811    1.0179
[1] 3900.0000    1.0000    0.8173    0.0536    1.8528    1.1134
[1] 4000.0000    1.0000    0.9388    0.0654    1.8135    0.8131
[1] 4100.0000    0.5596    0.9193    0.1034    1.8643    1.0337
[1] 4200.0000    0.8641    0.8436   -0.0002    1.8404    0.9733
[1] 4300.0000    0.0202    0.9986    0.0030    1.8253    0.9026
[1] 4400.0000    0.3818    0.9571    0.0841    1.9503    0.9932
[1] 4500.0000    0.7455    0.8410    0.0682    1.9208    1.1520
[1] 4600.0000    0.6427    0.8039    0.0463    1.8031    1.1669
[1] 4700.0000    0.1389    0.8102    0.0346    1.7194    1.1923
[1] 4800.0000    0.1521    0.8985    0.0554    1.8816    0.9827
[1] 4900.0000    0.2326    0.9222    0.1277    1.9923    0.9837
[1] 5000.0000    0.8170    0.9273    0.1851    1.8346    1.0348
[1] 5100.0000    0.6403    0.8496   -0.0231    1.9143    0.8317
[1] 5200.0000    0.0999    0.8350    0.0399    1.9722    1.0935
[1] 5300.0000    1.0000    0.8379    0.0575    1.8899    1.0434
[1] 5400.0000    1.0000    0.8515    0.0590    1.8793    1.1120
[1] 5500.0000    0.2379    0.8506    0.0513    1.7936    1.1979
[1] 5600.0000    0.0077    0.9095   -0.1102    1.8412    0.9324
[1] 5700.0000    0.5259    0.9403    0.0697    1.8190    0.9236
[1] 5800.0000    0.3683    0.8520    0.1066    1.9464    1.0482
[1] 5900.0000    0.6418    0.8759   -0.0157    1.7581    1.0113
[1] 6000.0000    0.3773    0.8273    0.0649    1.8675    0.8750
[1] 6100.0000    0.0396    0.9025    0.1522    1.8984    0.9119
[1] 6200.0000    1.0000    0.8336    0.1200    1.6607    0.9759
[1] 6300.0000    0.2017    0.8421    0.0493    1.9836    0.8693
[1] 6400.0000    0.8561    0.9022    0.0366    1.8013    0.8332
[1] 6500.0000    1.0000    0.9478    0.0959    1.8453    1.0656
[1] 6600.0000    0.1874    0.8918    0.0167    1.8542    1.0184
[1] 6700.0000    0.0237    0.8229    0.1117    1.7919    1.0410
[1] 6800.0000    0.9679    0.8496    0.0597    1.8727    0.9728
[1] 6900.0000    0.4259    0.9401    0.0235    1.7633    0.9220
[1] 7000.0000    0.1476    0.8011    0.0449    1.8604    1.0228
[1] 7100.0000    0.7272    0.8440    0.0877    1.9186    0.9302
[1] 7200.0000    0.0334    0.8343    0.0856    1.8105    0.9512
[1] 7300.0000    0.8276    0.9616    0.0259    1.8982    0.8824
[1] 7400.0000    0.1359    0.8164   -0.0268    1.8359    0.8600
[1] 7500.0000    0.3086    0.9538    0.1563    1.8812    1.0728
[1] 7600.0000    0.2895    0.8898   -0.0118    1.7403    1.1032
[1] 7700.0000    0.8404    0.8556   -0.0257    1.8800    0.8158
[1] 7800.0000    0.0314    0.8812    0.0937    1.8172    1.0536
[1] 7900.0000    1.0000    0.9195    0.0506    1.8293    1.0920
[1] 8000.0000    0.5338    0.9186    0.0397    1.7063    1.0026
[1] 8100.0000    0.3348    0.8687    0.0389    1.8858    1.0506
[1] 8200.0000    0.1213    0.9273    0.0672    1.9164    0.9041
[1] 8300.0000    0.2006    0.8896    0.1105    1.9351    1.1748
[1] 8400.0000    0.6809    0.8563   -0.0393    1.9100    1.0967
[1] 8500.0000    0.0354    0.8507   -0.0011    1.7717    1.0895
[1] 8600.0000    1.0000    0.9214    0.0085    1.8451    1.0135
[1] 8700.0000    0.3040    0.8293   -0.0679    1.8042    0.8767
[1] 8800.0000    0.9095    0.9324    0.1174    1.8451    0.8066
[1] 8900.0000    0.3617    0.9431    0.0646    1.9970    1.1381
[1] 9000.0000    0.5642    0.9025    0.1171    1.8527    0.9096
[1] 9100.0000    1.0000    0.9156    0.0869    1.8221    1.0916
[1] 9200.0000    0.8279    0.9069   -0.0704    1.8566    1.1995
[1] 9300.0000    0.0910    0.9270    0.0735    1.8781    1.1117
[1] 9400.0000    0.3555    0.8458    0.1516    1.7680    1.0091
[1] 9500.0000    0.0038    0.9329   -0.0526    1.8527    0.8817
[1] 9600.0000    0.7727    0.9566   -0.0133    1.8411    1.1182
[1] 9700.0000    0.1185    0.8614    0.1231    1.7734    0.9692
[1] 9800.0000    1.0000    0.8213    0.0962    1.8317    0.8104
[1] 9900.0000    0.0010    0.9529    0.0843    1.8166    0.9335
[1] 10000.0000     1.0000     0.8618    -0.0209     1.8008     0.8032
[1] 10100.0000     1.0000     0.9049    -0.0335     1.8998     1.0751
[1] 10200.0000     1.0000     0.9808    -0.0229     1.8335     0.8342
[1] 10300.0000     0.3810     0.8120     0.1173     1.8286     0.8804
[1] 10400.0000     0.0122     0.9274     0.0472     1.8268     0.8733
[1] 10500.0000     1.0000     0.8159     0.0870     1.8452     1.1284
[1] 10600.0000     1.0000     0.8189     0.1444     1.8775     1.1530
[1] 10700.0000     0.8849     0.8475     0.1243     1.8778     1.0594
[1] 10800.0000     0.6781     0.9785     0.0885     1.8932     1.1554
[1] 10900.0000     0.0472     0.8264     0.0334     1.9024     1.1140
[1] 11000.0000     0.4230     0.8012     0.0459     1.9994     0.9407
[1] 11100.0000     0.0716     0.8902     0.0878     1.9507     0.9114
[1] 11200.0000     1.0000     0.9412     0.0291     1.8187     0.8257
[1] 11300.0000     1.0000     0.9738     0.0400     1.8415     1.1215
[1] 11400.0000     0.6597     0.8940     0.0981     1.8345     0.9892
[1] 11500.0000     0.0042     0.9311    -0.0221     1.7888     0.8792
[1] 11600.0000     1.0000     0.9382    -0.0425     1.6848     0.8033
[1] 11700.0000     1.0000     0.8766    -0.0517     1.7916     0.9110
[1] 11800.0000     0.1958     0.8440     0.0262     1.8154     0.8198
[1] 11900.0000     0.6326     0.8272     0.0764     1.8424     0.8962
[1] 12000.0000     1.0000     0.9595    -0.0001     1.7914     1.1960
[1] 12100.0000     0.6115     0.9452     0.0037     1.8466     0.8400
[1] 12200.0000     0.4669     0.8496     0.0635     1.7465     0.8460
[1] 12300.0000     0.5831     0.9337     0.1676     1.8197     1.0573
[1] 12400.0000     1.0000     0.8046    -0.0533     1.8165     0.8797
[1] 12500.0000     0.0590     0.9120     0.2136     1.9508     1.1259
[1] 12600.0000     1.0000     0.9564     0.0304     1.8263     1.1675
[1] 12700.0000     0.0006     0.9486     0.1239     2.0862     0.8166
[1] 12800.0000     0.0592     0.9108     0.0743     1.8460     1.0765
[1] 12900.0000     0.3178     0.8554    -0.0623     1.7675     0.9712
[1] 1.300e+04 1.456e-01 8.840e-01 1.191e-01 1.853e+00 1.110e+00
[1] 13100.0000     0.3204     0.9404    -0.0293     1.7985     0.9822
[1] 13200.0000     0.4542     0.9589    -0.0156     1.7556     1.1555
[1] 13300.0000     0.2561     0.9324     0.1197     1.9326     1.1427
[1] 13400.0000     0.0228     0.9485     0.1036     1.8219     1.0271
[1] 13500.0000     0.0038     0.8240     0.0400     1.9509     1.0099
[1] 13600.0000     0.1486     0.8917     0.0742     1.8059     1.0301
[1] 13700.0000     1.0000     0.8314     0.0649     1.8348     0.8589
[1] 13800.0000     1.0000     0.8254     0.1066     1.8627     0.9444
[1] 13900.0000     0.5522     0.8125    -0.0021     1.7450     1.1546
[1] 14000.0000     1.0000     0.9598     0.0065     1.7997     0.8043
[1] 14100.0000     0.0060     0.9236     0.1006     1.9483     0.9106
[1] 14200.0000     1.0000     0.9100     0.0618     1.8926     1.1948
[1] 14300.0000     0.1627     0.9874    -0.0662     1.9054     0.9095
[1] 14400.0000     0.9916     0.8984     0.0244     1.8635     1.1866
[1] 14500.0000     1.0000     0.9833     0.1035     1.8338     1.1771
[1] 14600.0000     0.0373     0.8329     0.0387     1.8301     0.9630
[1] 14700.0000     1.0000     0.8840     0.0745     1.8144     1.0394
[1] 14800.0000     0.1039     0.8106     0.0402     1.7801     1.0978
[1] 14900.0000     0.7691     0.9485     0.0660     1.9274     1.1960
[1] 15000.0000     0.0012     0.9486     0.0463     1.8261     0.9418
[1] 15100.0000     0.2033     0.9112     0.1008     1.8820     1.0503
[1] 15200.0000     0.5481     0.9896     0.1361     1.8633     1.1186
[1] 15300.0000     0.6950     0.8296     0.0370     1.8489     1.1944
[1] 15400.0000     1.0000     0.9829     0.0574     1.9131     1.0368
[1] 15500.0000     1.0000     0.8761     0.1069     1.7939     0.9901
[1] 15600.0000     0.9832     0.9912     0.0609     1.7866     1.0551
[1] 1.570e+04 3.238e-01 9.225e-01 1.454e-01 1.801e+00 9.294e-01
[1] 15800.0000     1.0000     0.9774     0.1018     1.9301     1.1822
[1] 15900.0000     0.0007     0.9524    -0.0122     1.9131     1.0855
[1] 16000.0000     0.6596     0.9761     0.0092     1.8833     1.0600
[1] 16100.0000     0.2538     0.9477    -0.0576     1.7676     0.9420
[1] 16200.0000     1.0000     0.8455     0.0078     1.8345     1.0509
[1] 16300.0000     1.0000     0.9029     0.0711     1.9282     1.0365
[1] 16400.0000     1.0000     0.8844     0.0868     1.8538     1.1913
[1] 16500.0000     0.8582     0.9407     0.0744     1.9308     0.9877
[1] 16600.0000     0.6912     0.8568    -0.0489     1.8068     1.0645
[1] 16700.0000     0.5263     0.9070    -0.0134     1.8901     1.1930
[1] 16800.0000     0.4975     0.8165     0.0220     1.8031     1.0376
[1] 16900.0000     0.0540     0.8221     0.0183     1.8260     1.1575
[1] 17000.0000     0.1897     0.9815     0.1466     1.8861     0.9010
[1] 17100.0000     0.0568     0.9262     0.1981     1.8025     0.9696
[1] 17200.0000     0.6426     0.9233     0.0402     1.8468     0.8592
[1] 17300.0000     0.6973     0.8396    -0.1515     1.7030     1.0131
[1] 17400.0000     0.6444     0.9623     0.0674     2.0041     1.1696
[1] 17500.0000     1.0000     0.9645     0.0467     1.8488     0.9956
[1] 17600.0000     0.2078     0.8242    -0.0035     1.7412     0.9225
[1] 17700.0000     0.0239     0.9944     0.0260     1.7084     0.9167
[1] 17800.0000     1.0000     0.9968     0.0316     1.8696     0.8268
[1] 17900.0000     0.0363     0.9291    -0.0160     1.9202     0.9192
[1] 18000.0000     0.8585     0.9109     0.1640     1.9283     0.8712
[1] 18100.0000     0.5492     0.9137     0.0905     1.8977     0.9014
[1] 18200.0000     0.3301     0.8127     0.1338     1.9398     0.8547
[1] 18300.0000     1.0000     0.9137     0.0428     1.9523     0.9901
[1] 18400.0000     0.0042     0.9243    -0.0253     1.8717     1.1066
[1] 18500.0000     1.0000     0.8751     0.0580     1.8736     0.8892
[1] 18600.0000     0.3004     0.8932     0.0965     1.9352     0.8460
[1] 18700.0000     0.0829     0.8306     0.0837     1.8431     0.9156
[1] 18800.0000     0.4896     0.8360     0.0567     1.9264     0.8264
[1] 18900.0000     0.1749     0.9734    -0.0016     1.8221     1.0104
[1] 19000.0000     1.0000     0.8087     0.0505     1.9302     1.1060
[1] 19100.0000     0.2049     0.9272    -0.0457     1.9736     0.8583
[1] 19200.0000     0.2686     0.8319    -0.0391     1.6434     1.0132
[1] 19300.0000     0.0912     0.9020     0.0142     1.9104     1.0537
[1] 19400.0000     1.0000     0.8507     0.0844     1.8444     0.9744
[1] 19500.0000     0.0205     0.9633     0.1103     1.7932     1.1823
[1] 19600.0000     0.4020     0.8948     0.0627     1.9719     1.0740
[1] 19700.0000     0.9094     0.8293     0.0593     1.7655     1.0022
[1] 1.980e+04 2.358e-01 9.869e-01 1.117e-01 1.928e+00 9.076e-01
[1] 19900.0000     1.0000     0.9655     0.0608     1.9839     0.8660
[1] 20000.0000     1.0000     0.9605     0.0444     1.8047     0.8244
[1] 20100.0000     0.0004     0.8622     0.0499     1.9563     0.8640
[1] 20200.0000     0.1765     0.9282    -0.0392     1.8675     0.9678
[1] 20300.0000     1.0000     0.9019     0.0741     1.7657     1.0263
[1] 20400.0000     0.7316     0.9596     0.0159     1.8280     1.0259
[1] 20500.0000     0.3858     0.8964     0.0129     1.8418     1.1285
[1] 20600.0000     0.7231     0.9169     0.0363     1.9092     1.1057
[1] 20700.0000     0.8126     0.8107     0.1556     1.9162     1.0874
[1] 20800.0000     1.0000     0.9981     0.0336     2.0102     1.0246
[1] 20900.0000     1.0000     0.9455     0.0240     1.8680     1.1141
[1] 21000.0000     0.0473     0.8708     0.0378     1.7782     1.1617
[1] 21100.0000     0.0945     0.8745     0.0220     1.8288     0.8760
[1] 21200.0000     1.0000     0.9611    -0.0040     1.7834     0.8029
[1] 21300.0000     0.3654     0.8214     0.0508     1.7888     1.0391
[1] 2.140e+04 8.912e-01 8.276e-01 8.790e-02 1.829e+00 8.233e-01
[1] 21500.0000     0.4037     0.8291     0.1107     1.8049     1.0581
[1] 21600.0000     0.7402     0.9526    -0.0361     1.8100     1.0075
[1] 2.170e+04 1.559e-01 9.973e-01 4.860e-02 1.749e+00 9.605e-01
[1] 21800.0000     0.7632     0.8733     0.1238     1.9220     1.1912
[1] 2.190e+04 2.124e-01 9.598e-01 1.891e-01 1.927e+00 8.497e-01
[1] 22000.0000     0.6519     0.8874     0.0835     1.7793     1.0182
[1] 22100.0000     0.3798     0.8953     0.0258     1.7691     0.9321
[1] 22200.0000     1.0000     0.8579     0.0499     1.7935     0.8534
[1] 22300.0000     0.1843     0.9726    -0.0926     1.9220     0.8521
[1] 22400.0000     0.3671     0.8145    -0.0608     1.7515     0.8604
[1] 22500.0000     0.1594     0.8239     0.0816     1.8916     1.1368
[1] 22600.0000     0.0280     0.8433     0.0459     2.0332     1.1055
[1] 22700.0000     0.0303     0.8271    -0.0233     1.8250     1.1968
[1] 22800.0000     0.3348     0.8972     0.0290     1.7253     1.0231
[1] 22900.0000     0.5946     0.8804    -0.0226     1.6974     0.9211
[1] 23000.0000     0.0155     0.8997     0.0736     1.7871     0.9381
[1] 23100.0000     1.0000     0.8119     0.0454     1.8775     1.0551
[1] 23200.0000     0.3393     0.8437     0.1216     1.9197     0.8877
[1] 23300.0000     0.1721     0.9905     0.1189     1.9356     1.1869
[1] 23400.0000     0.9812     0.8888     0.0423     1.8318     1.0444
[1] 23500.0000     1.0000     0.9916     0.0822     1.8542     1.1297
[1] 23600.0000     1.0000     0.8573     0.0293     1.8824     0.9429
[1] 23700.0000     0.3914     0.9328     0.0780     1.8268     1.0180
[1] 23800.0000     1.0000     0.9299     0.0721     1.7747     1.0580
[1] 2.390e+04 7.980e-01 8.722e-01 1.497e-01 1.824e+00 8.735e-01
[1] 24000.0000     0.6328     0.8060     0.1260     1.7941     1.1215
[1] 24100.0000     1.0000     0.9214    -0.0380     1.9043     0.8541
[1] 24200.0000     0.1255     0.9331    -0.0861     1.8498     1.1419
[1] 24300.0000     0.0719     0.8950     0.0677     1.9673     0.9587
[1] 24400.0000     0.5788     0.9947     0.0776     1.8066     0.9697
[1] 24500.0000     0.2476     0.9726     0.0996     1.9858     1.0605
[1] 24600.0000     0.3542     0.9062     0.0566     1.8254     0.8877
[1] 24700.0000     1.0000     0.9195     0.1227     1.9123     0.8781
[1] 24800.0000     0.3029     0.9547     0.0554     1.8886     0.8428
[1] 24900.0000     0.1375     0.9126    -0.0850     1.8917     1.0268
[1] 2.500e+04 1.000e+00 8.801e-01 5.930e-02 1.903e+00 8.235e-01
[1] 25100.0000     0.4988     0.9249     0.0701     1.9418     1.0516
[1] 25200.0000     0.3522     0.9507     0.0356     1.8918     0.9719
[1] 25300.0000     0.3710     0.9779    -0.0129     1.7834     0.8977
[1] 25400.0000     0.8785     0.8988     0.0681     1.8151     1.0888
[1] 25500.0000     0.3021     0.8417     0.0989     1.7986     0.8432
[1] 25600.0000     0.0334     0.9041     0.0352     1.9461     1.0021
[1] 25700.0000     0.0337     0.9659    -0.0144     1.8835     0.9398
[1] 25800.0000     0.0574     0.9689     0.0932     1.9219     1.1962
[1] 2.590e+04 7.140e-02 9.827e-01 9.890e-02 1.763e+00 8.279e-01
[1] 26000.0000     0.4806     0.9492     0.1031     1.7588     1.0058
[1] 26100.0000     0.2043     0.9935     0.0038     1.9179     1.0009
[1] 26200.0000     0.9355     0.8601     0.0014     1.8206     0.9041
[1] 26300.0000     0.4970     0.8448    -0.0310     1.7800     0.9973
[1] 26400.0000     0.1584     0.8855     0.1713     1.8222     1.0131
[1] 26500.0000     0.6496     0.9678     0.0346     1.7334     0.9418
[1] 26600.0000     0.3454     0.9993     0.0078     1.7618     1.0988
[1] 26700.0000     1.0000     0.8892     0.0303     1.8775     0.9428
[1] 26800.0000     1.0000     0.9542    -0.0025     1.8774     1.1594
[1] 26900.0000     0.0155     0.8396     0.0430     1.9099     0.9391
[1] 27000.0000     1.0000     0.8977     0.0572     1.8812     0.8661
[1] 27100.0000     1.0000     0.9280     0.0114     1.8916     1.0348
[1] 27200.0000     0.1426     0.9713    -0.0328     1.8706     1.0324
[1] 27300.0000     0.4220     0.9857    -0.1176     1.7807     1.1356
[1] 27400.0000     0.0666     0.8725     0.0161     1.7230     1.1899
[1] 27500.0000     0.5123     0.9534     0.0496     1.8143     0.8238
[1] 2.760e+04 9.490e-02 9.247e-01 6.440e-02 1.912e+00 1.045e+00
[1] 27700.0000     0.1060     0.8620     0.2316     1.9258     1.0941
[1] 27800.0000     0.0683     0.8828     0.0543     1.8379     1.1030
[1] 27900.0000     0.7782     0.8904     0.1194     1.8485     0.9276
[1] 28000.0000     0.0195     0.9430     0.0153     1.8914     0.9743
[1] 28100.0000     0.0116     0.8536     0.0224     1.8972     0.8286
[1] 28200.0000     0.6480     0.9920     0.1187     1.8423     1.1206
[1] 28300.0000     0.3613     0.8510     0.0805     1.8509     0.8048
[1] 28400.0000     0.9956     0.9594     0.0175     1.8009     0.8105
[1] 28500.0000     1.0000     0.8206     0.0867     1.8686     1.0447
[1] 28600.0000     0.4424     0.9775     0.0458     1.8328     0.9079
[1] 28700.0000     0.8222     0.9143     0.0617     1.7961     0.8158
[1] 2.880e+04 1.000e+00 9.743e-01 2.660e-02 1.817e+00 8.723e-01
[1] 28900.0000     0.4860     0.9432    -0.0790     1.9127     0.8112
[1] 29000.0000     0.4936     0.9401     0.0444     1.8483     1.1755
[1] 29100.0000     0.1880     0.9836     0.0465     1.8948     1.0211
[1] 29200.0000     0.9611     0.9160    -0.0001     1.7165     1.0663
[1] 29300.0000     1.0000     0.9064     0.0404     1.8256     1.0368
[1] 29400.0000     0.1864     0.9512     0.1190     1.7281     1.1262
[1] 29500.0000     1.0000     0.8146     0.1134     1.9841     0.8093
[1] 29600.0000     0.3011     0.9770     0.0938     1.9906     1.1651
[1] 29700.0000     0.1034     0.8808     0.0242     1.7361     0.9901
[1] 29800.0000     1.0000     0.8701     0.0489     1.8549     0.8024
[1] 29900.0000     1.0000     0.9798     0.0440     1.9553     1.0014
[1] 30000.0000     0.4147     0.9223     0.0929     1.8376     0.9346
[1] 0.5434183
Time difference of 10.45715 hours
null device 
          1 
