[1] "El numero de nodos X particion es: 10"
[1] "Model = M1 / Data = sim_data/datasetSVCMatern30.Rdata"
[1] 100.0000   1.0000   0.8291  -0.0052   2.1603   0.9331
[1] 200.0000   0.1453   0.8487  -0.0879   2.0175   0.8384
[1] 300.0000   0.6088   0.8776  -0.1978   2.0185   1.0665
[1] 400.0000   0.0127   0.8477  -0.0954   2.0964   0.9308
[1] 500.0000   1.0000   0.8902  -0.3106   1.8610   0.8863
[1] 600.0000   0.0006   0.8693  -0.0517   2.0459   1.0610
[1] 700.0000   0.3549   0.8009  -0.3736   1.7510   0.8720
[1] 800.0000   0.6450   0.8830  -0.2191   1.9046   0.9772
[1] 900.0000   0.3918   0.9357  -0.1766   2.0540   1.0743
[1] 1000.0000    0.3416    0.8568   -0.2976    1.8595    0.8983
[1] 1100.0000    0.1172    0.8326   -0.3760    1.7987    1.0285
[1] 1200.0000    0.2189    0.8603   -0.2098    2.0737    0.9164
[1] 1300.0000    0.9324    0.8617   -0.2177    1.9883    1.0550
[1] 1400.0000    0.0000    0.9303   -0.2252    2.0142    1.1894
[1] 1500.0000    0.0001    0.9672   -0.0836    2.1147    1.1986
[1] 1600.0000    0.0147    0.8099   -0.1186    2.1420    1.0178
[1] 1700.0000    0.0000    0.9259   -0.2122    1.9105    1.0764
[1] 1800.0000    0.0000    0.9234   -0.2751    1.9780    1.1307
[1] 1900.0000    0.1244    0.8021   -0.1421    2.0392    1.0084
[1] 2000.0000    1.0000    0.8107   -0.1337    1.9952    0.8113
[1] 2100.0000    0.8579    0.8081   -0.1386    2.0821    0.9300
[1] 2200.0000    0.1978    0.8580    0.0089    2.1935    1.0161
[1] 2300.0000    0.0309    0.8377   -0.1913    2.0637    0.8487
[1] 2400.0000    0.2550    0.9764   -0.1786    1.8572    1.0594
[1] 2500.0000    0.0991    0.8529   -0.1910    2.0535    0.9541
[1] 2600.0000    0.0002    0.8146   -0.2694    1.8062    0.8232
[1] 2700.0000    0.1267    0.8044   -0.3074    1.8913    1.0835
[1] 2800.0000    0.0327    0.9204   -0.1101    2.0621    1.0405
[1] 2900.0000    0.0001    0.8994   -0.4485    1.6955    1.0050
[1] 3000.0000    0.0002    0.8417   -0.2156    1.9788    0.8190
[1] 3100.0000    0.5482    0.8708   -0.1250    1.9739    0.9667
[1] 3200.0000    0.0069    0.8228   -0.0138    2.0491    0.8243
[1] 3300.0000    0.0000    0.9877   -0.2501    1.8356    0.9428
[1] 3400.0000    0.0620    0.8189   -0.4201    1.7807    0.9632
[1] 3500.0000    0.7223    0.9338   -0.2053    2.0912    0.8830
[1] 3600.0000    0.0765    0.8387   -0.2849    1.9013    1.0128
[1] 3700.0000    0.0156    0.8385   -0.2392    1.9392    0.8150
[1] 3800.0000    0.0000    0.8653   -0.3820    1.7345    0.9884
[1] 3900.0000    0.0311    0.9030   -0.3663    1.8383    0.9530
[1] 4000.0000    0.6043    0.9388   -0.1574    1.8925    0.8131
[1] 4100.0000    0.1213    0.8388   -0.1423    1.9674    0.8864
[1] 4200.0000    1.0000    0.8436   -0.3137    1.8911    0.9733
[1] 4300.0000    0.0000    0.8004   -0.2698    1.8893    0.9442
[1] 4400.0000    0.2115    0.9571   -0.0987    2.0231    0.9932
[1] 4500.0000    1.0000    0.8410   -0.0944    2.0375    1.1520
[1] 4600.0000    0.0321    0.8039   -0.2387    1.8544    1.1669
[1] 4700.0000    0.0000    0.8616    0.0401    2.1678    0.8939
[1] 4800.0000    0.0748    0.8985   -0.2344    1.9027    0.9827
[1] 4900.0000    0.6786    0.8201   -0.0515    2.0670    1.1747
[1] 5000.0000    0.3425    0.8079   -0.0546    2.0110    0.9328
[1] 5100.0000    0.5364    0.8496   -0.2902    1.9564    0.8317
[1] 5200.0000    0.0043    0.8350   -0.1389    2.1710    1.0935
[1] 5300.0000    1.0000    0.8379   -0.2619    1.8460    1.0434
[1] 5400.0000    0.3494    0.8333   -0.2534    1.9247    0.9811
[1] 5500.0000    0.2345    0.8940   -0.2914    1.9155    1.1671
[1] 5600.0000    0.0284    0.9095   -0.5839    1.7325    0.9324
[1] 5700.0000    0.2197    0.8423   -0.2746    1.8868    0.8365
[1] 5800.0000    0.3949    0.8520   -0.0481    2.1431    1.0482
[1] 5900.0000    0.9730    0.8759   -0.3300    1.8666    1.0113
[1] 6000.0000    1.0000    0.8325   -0.3284    1.8913    0.8825
[1] 6100.0000    0.0770    0.9025    0.0308    2.1112    0.9119
[1] 6200.0000    1.0000    0.8336   -0.5356    1.5636    0.9759
[1] 6300.0000    0.1184    0.9569   -0.3534    1.8539    0.8080
[1] 6400.0000    0.4373    0.9022   -0.1043    1.9246    0.8332
[1] 6500.0000    0.1644    0.8697   -0.2515    1.9826    0.9040
[1] 6600.0000    0.0176    0.8918   -0.2441    1.9734    1.0184
[1] 6700.0000    0.0000    0.8229   -0.1584    1.8787    1.0410
[1] 6800.0000    1.0000    0.8496   -0.1938    1.9944    0.9728
[1] 6900.0000    0.1363    0.8556   -0.2470    1.9184    1.1638
[1] 7000.0000    0.0004    0.8011   -0.2729    1.8684    1.0228
[1] 7100.0000    0.7817    0.8440   -0.2178    1.8567    0.9302
[1] 7200.0000    0.0130    0.8749   -0.2466    1.9176    1.0509
[1] 7300.0000    0.0002    0.8821   -0.2704    1.9702    0.9361
[1] 7400.0000    0.0000    0.8164   -0.3370    1.7269    0.8600
[1] 7500.0000    0.1034    0.8682   -0.2080    1.9887    0.9160
[1] 7600.0000    0.0944    0.8511   -0.4026    1.7997    1.0027
[1] 7700.0000    0.0027    0.8552   -0.3192    1.8133    1.0850
[1] 7800.0000    0.0011    0.8139   -0.2962    1.9006    0.8702
[1] 7900.0000    0.1342    0.8037   -0.3347    1.8530    1.1632
[1] 8000.0000    0.2381    0.9186   -0.4330    1.6870    1.0026
[1] 8100.0000    0.0846    0.9605   -0.0835    2.1152    0.9407
[1] 8200.0000    0.0000    0.8752   -0.1716    2.0198    0.9898
[1] 8300.0000    0.0006    0.8397    0.0689    2.2128    1.0813
[1] 8400.0000    0.4639    0.8563   -0.2114    1.9373    1.0967
[1] 8500.0000    0.0011    0.8716   -0.3373    1.8178    1.1821
[1] 8600.0000    0.3292    0.9214   -0.1828    2.0646    1.0135
[1] 8700.0000    0.9227    0.8293   -0.2479    1.8235    0.8767
[1] 8800.0000    0.9313    0.9324   -0.1790    1.9539    0.8066
[1] 8900.0000    0.1116    0.8636   -0.3288    1.9020    0.9722
[1] 9000.0000    0.2980    0.9025   -0.1143    1.9939    0.9096
[1] 9100.0000    0.2902    0.9013   -0.1322    1.9871    0.8568
[1] 9200.0000    0.0035    0.8083   -0.2314    1.9570    1.0837
[1] 9300.0000    0.0035    0.9270   -0.2173    1.9135    1.1117
[1] 9400.0000    0.2774    0.8458   -0.0956    1.9916    1.0091
[1] 9500.0000    0.0000    0.9329   -0.2591    1.9350    0.8817
[1] 9600.0000    0.1925    0.8149   -0.2648    1.9229    0.9056
[1] 9700.0000    0.0198    0.8614   -0.2171    1.8651    0.9692
[1] 9800.0000    0.1186    0.8323   -0.1460    1.9627    0.8368
[1] 9900.0000    0.0000    0.8466    0.1131    2.2691    0.8248
[1] 10000.0000     1.0000     0.8618    -0.3742     1.8065     0.8032
[1] 10100.0000     1.0000     0.9049    -0.1534     2.0371     1.0751
[1] 10200.0000     0.0094     0.9084    -0.1982     1.8587     0.8386
[1] 10300.0000     0.0103     0.8120     0.0299     2.0928     0.8804
[1] 10400.0000     0.0038     0.8213    -0.1823     1.9991     1.0055
[1] 10500.0000     1.0000     0.8159    -0.0222     2.0692     1.1284
[1] 10600.0000     0.1502     0.8510    -0.2019     2.0626     0.8479
[1] 10700.0000     0.0000     0.8531    -0.0778     2.0777     0.8181
[1] 10800.0000     0.7904     0.8541    -0.1740     2.0607     0.9792
[1] 10900.0000     0.0000     0.8264    -0.1475     2.1015     1.1140
[1] 11000.0000     0.6537     0.8012    -0.3027     1.9538     0.9407
[1] 11100.0000     0.0004     0.8902     0.1208     2.3046     0.9114
[1] 11200.0000     1.0000     0.9412    -0.1332     2.0564     0.8257
[1] 11300.0000     0.6074     0.9738    -0.1049     2.0130     1.1215
[1] 11400.0000     0.5367     0.9055    -0.1546     1.9845     0.9856
[1] 11500.0000     0.0000     0.9311    -0.1853     2.0123     0.8792
[1] 11600.0000     0.1921     0.9382    -0.4575     1.7925     0.8033
[1] 11700.0000     1.0000     0.8766    -0.3151     1.9023     0.9110
[1] 11800.0000     0.0029     0.8440    -0.2583     1.7222     0.8198
[1] 11900.0000     0.1797     0.8272    -0.0880     2.0252     0.8962
[1] 12000.0000     0.0012     0.8543    -0.2848     1.9028     1.1591
[1] 12100.0000     0.3366     0.9452    -0.1172     1.9979     0.8400
[1] 12200.0000     0.0023     0.8279    -0.2446     1.7782     0.8199
[1] 12300.0000     0.0973     0.9007    -0.1141     2.0102     1.0908
[1] 12400.0000     1.0000     0.8046    -0.3615     1.7948     0.8797
[1] 12500.0000     0.0388     0.8027     0.0819     2.2444     1.0313
[1] 12600.0000     0.1860     0.9564     0.0186     2.0309     1.1675
[1] 12700.0000     0.0000     0.9486    -0.0278     2.1711     0.8166
[1] 12800.0000     0.0060     0.8719    -0.3877     1.7983     0.9384
[1] 12900.0000     0.0044     0.8554    -0.4922     1.7528     0.9712
[1] 13000.0000     0.0822     0.8069    -0.2145     1.9481     1.0997
[1] 13100.0000     0.0153     0.9404    -0.2619     1.8486     0.9822
[1] 13200.0000     0.0014     0.8843    -0.2768     1.8187     0.9997
[1] 13300.0000     0.0307     0.9324     0.0537     2.2068     1.1427
[1] 13400.0000     0.0000     0.9485    -0.1695     1.8905     1.0271
[1] 13500.0000     0.0001     0.8240    -0.2672     1.9435     1.0099
[1] 13600.0000     0.0158     0.8917    -0.2735     1.7910     1.0301
[1] 13700.0000     1.0000     0.8314    -0.1564     2.0192     0.8589
[1] 13800.0000     0.0000     0.9394    -0.1570     2.0347     0.9910
[1] 13900.0000     1.0000     0.8104    -0.2498     1.9334     0.8994
[1] 14000.0000     1.0000     0.9598    -0.2842     1.8468     0.8043
[1] 14100.0000     0.0000     0.9236    -0.1081     2.0986     0.9106
[1] 14200.0000     0.0364     0.9171    -0.0704     2.0274     0.8964
[1] 14300.0000     0.0130     0.8359    -0.3633     1.8246     1.0907
[1] 14400.0000     1.0000     0.8984    -0.0905     1.9999     1.1866
[1] 14500.0000     0.0001     0.8302    -0.1500     2.0184     1.1813
[1] 14600.0000     0.0000     0.8329    -0.3658     1.8833     0.9630
[1] 14700.0000     1.0000     0.8840    -0.1637     2.0303     1.0394
[1] 14800.0000     0.0000     0.8106    -0.4279     1.7960     1.0978
[1] 14900.0000     0.1577     0.8873    -0.2515     1.9722     1.1324
[1] 15000.0000     0.0000     0.9486    -0.2372     1.9173     0.9418
[1] 15100.0000     0.0578     0.8384    -0.1912     2.0041     0.8510
[1] 15200.0000     0.0361     0.9135    -0.2235     1.9064     0.9942
[1] 15300.0000     0.0693     0.8296    -0.1392     2.0778     1.1944
[1] 15400.0000     0.2678     0.8005    -0.1321     2.0472     0.8812
[1] 15500.0000     0.3114     0.9973    -0.3341     1.8119     0.8711
[1] 15600.0000     0.4152     0.9912    -0.2479     1.9386     1.0551
[1] 15700.0000     0.0002     0.8668    -0.0290     2.1066     1.0399
[1] 15800.0000     0.0694     0.9636    -0.3600     1.8182     0.9548
[1] 15900.0000     0.0000     0.8006    -0.2671     1.8980     1.0522
[1] 16000.0000     0.0793     0.8243    -0.2777     1.8777     0.8996
[1] 16100.0000     1.0000     0.9477    -0.1390     2.1324     0.9420
[1] 16200.0000     1.0000     0.8455    -0.2178     1.9384     1.0509
[1] 16300.0000     0.0535     0.9320    -0.1683     2.0238     1.0407
[1] 16400.0000     0.5430     0.8090    -0.0337     2.1296     0.8978
[1] 16500.0000     0.2160     0.8273    -0.0551     2.0708     0.8232
[1] 16600.0000     1.0000     0.9292    -0.3820     1.8160     1.0485
[1] 16700.0000     0.0128     0.9287    -0.1201     2.1760     0.9633
[1] 16800.0000     0.1211     0.8165    -0.2546     1.8783     1.0376
[1] 16900.0000     0.0448     0.8583    -0.2743     1.8826     0.9158
[1] 17000.0000     0.4726     0.8119    -0.1071     1.9993     0.9369
[1] 17100.0000     0.0934     0.9262    -0.1084     2.0250     0.9696
[1] 17200.0000     0.5500     0.9497    -0.3787     1.7857     0.8252
[1] 17300.0000     0.3216     0.8396    -0.6124     1.6263     1.0131
[1] 17400.0000     0.3679     0.9623    -0.1225     2.1568     1.1696
[1] 17500.0000     1.0000     0.9645    -0.4371     1.7294     0.9956
[1] 17600.0000     0.0131     0.9193    -0.0981     2.0064     0.8193
[1] 17700.0000     0.0972     0.8382    -0.3416     1.6993     1.1091
[1] 17800.0000     0.9447     0.9968    -0.1585     1.9690     0.8268
[1] 17900.0000     0.0526     0.8644    -0.1016     2.0001     1.0507
[1] 18000.0000     0.8330     0.9109    -0.1481     1.9521     0.8712
[1] 18100.0000     0.0020     0.9137    -0.1326     2.1058     0.9014
[1] 18200.0000     1.0000     0.8073     0.0047     2.1367     0.9256
[1] 18300.0000     0.2505     0.8092    -0.1906     1.9065     1.0361
[1] 18400.0000     0.0028     0.9243    -0.4435     1.8462     1.1066
[1] 18500.0000     0.0198     0.8611    -0.3437     1.8947     0.9812
[1] 18600.0000     0.0116     0.8932    -0.2671     1.9825     0.8460
[1] 18700.0000     0.0478     0.8557    -0.0890     2.0023     0.9105
[1] 18800.0000     0.0025     0.8360    -0.3224     1.9244     0.8264
[1] 18900.0000     0.0009     0.9734    -0.2479     1.9034     1.0104
[1] 19000.0000     1.0000     0.8087    -0.0767     2.0905     1.1060
[1] 19100.0000     0.1560     0.9272    -0.2650     2.0257     0.8583
[1] 19200.0000     1.0000     0.8319    -0.2964     1.7738     1.0132
[1] 19300.0000     0.1595     0.8716    -0.0979     1.9485     0.9230
[1] 19400.0000     0.0176     0.8040    -0.2823     1.8660     1.1551
[1] 19500.0000     0.0007     0.9718     0.0199     2.1641     0.8258
[1] 19600.0000     0.0447     0.8948    -0.1474     2.0703     1.0740
[1] 19700.0000     0.0261     0.8143    -0.0788     2.0657     0.8081
[1] 19800.0000     0.4554     0.9324     0.0383     2.1671     1.1958
[1] 19900.0000     0.5463     0.8349    -0.0571     2.0882     0.9661
[1] 20000.0000     0.2181     0.8545    -0.3633     1.8356     0.8923
[1] 20100.0000     0.0000     0.8622    -0.2008     1.9370     0.8640
[1] 20200.0000     0.0906     0.9282    -0.1187     2.0119     0.9678
[1] 20300.0000     0.0011     0.8028    -0.5167     1.7489     0.9708
[1] 20400.0000     1.0000     0.8446    -0.2477     1.8560     1.0333
[1] 20500.0000     0.0023     0.8964    -0.2467     1.9768     1.1285
[1] 20600.0000     0.3458     0.9169    -0.2346     2.0134     1.1057
[1] 20700.0000     0.4761     0.8107     0.0353     2.0385     1.0874
[1] 20800.0000     1.0000     0.9981    -0.2479     2.0237     1.0246
[1] 20900.0000     0.0000     0.8547    -0.2124     1.9285     0.9562
[1] 21000.0000     0.3115     0.8708    -0.2538     1.9297     1.1617
[1] 21100.0000     1.0000     0.8682    -0.3201     1.8598     1.1577
[1] 21200.0000     1.0000     0.9611    -0.2697     1.8923     0.8029
[1] 21300.0000     0.0001     0.8214    -0.1229     1.8666     1.0391
[1] 21400.0000     0.9787     0.8276    -0.2074     1.8935     0.8233
[1] 21500.0000     0.0221     0.8906    -0.2384     1.9620     0.8206
[1] 21600.0000     0.1868     0.8069    -0.2013     1.9442     0.8555
[1] 21700.0000     0.0456     0.9180    -0.3087     1.8201     0.9753
[1] 21800.0000     0.3833     0.8380     0.0040     2.2181     1.0649
[1] 21900.0000     0.6043     0.9598    -0.0755     2.0849     0.8497
[1] 22000.0000     0.2835     0.8850    -0.0208     2.0619     0.9555
[1] 22100.0000     0.0050     0.8953    -0.0805     2.1949     0.9321
[1] 22200.0000     0.9025     0.8579    -0.3092     1.9029     0.8534
[1] 22300.0000     0.0057     0.8289    -0.3395     1.9025     0.9998
[1] 22400.0000     0.5444     0.8145    -0.1339     2.0146     0.8604
[1] 22500.0000     0.0065     0.8239    -0.2344     2.0113     1.1368
[1] 22600.0000     0.0000     0.8433    -0.1838     2.1215     1.1055
[1] 22700.0000     0.0000     0.8271    -0.3315     1.8756     1.1968
[1] 22800.0000     0.0684     0.8972    -0.3346     1.6708     1.0231
[1] 22900.0000     0.0828     0.8804    -0.2198     1.9783     0.9211
[1] 23000.0000     0.0000     0.8997    -0.1122     1.9176     0.9381
[1] 23100.0000     0.2700     0.8119     0.0096     2.1016     1.0551
[1] 23200.0000     0.0636     0.8437     0.0113     2.1895     0.8877
[1] 23300.0000     0.0000     0.9727     0.0093     2.1107     0.9482
[1] 23400.0000     0.9761     0.8888    -0.2757     1.8394     1.0444
[1] 23500.0000     1.0000     0.9916    -0.1476     1.9791     1.1297
[1] 23600.0000     1.0000     0.8573    -0.2574     1.9800     0.9429
[1] 23700.0000     0.2734     0.8580    -0.2176     1.8918     0.8494
[1] 23800.0000     0.6649     0.9299    -0.2306     1.8228     1.0580
[1] 23900.0000     1.0000     0.8722    -0.0659     2.0224     0.8735
[1] 24000.0000     1.0000     0.9239    -0.1891     2.0004     0.9362
[1] 24100.0000     1.0000     0.9214    -0.3090     1.9552     0.8541
[1] 24200.0000     0.3152     0.8467    -0.2062     1.9053     0.8230
[1] 24300.0000     0.7346     0.8163    -0.0998     2.1050     1.0906
[1] 24400.0000     1.0000     0.9947    -0.2947     1.8407     0.9697
[1] 24500.0000     0.0773     0.8969    -0.2006     1.9743     1.0480
[1] 24600.0000     0.0002     0.8781    -0.1734     1.9778     0.8812
[1] 24700.0000     0.3783     0.9195    -0.3855     1.6862     0.8781
[1] 24800.0000     0.0000     0.8460    -0.1366     1.9948     0.9489
[1] 24900.0000     1.0000     0.8569    -0.3671     1.7931     1.1414
[1] 25000.0000     1.0000     0.8801    -0.1851     1.9539     0.8235
[1] 25100.0000     1.0000     0.8419    -0.2278     1.9769     0.8544
[1] 25200.0000     0.1296     0.8495    -0.1196     2.0788     1.1739
[1] 25300.0000     0.0052     0.8254    -0.2849     1.8686     0.8434
[1] 25400.0000     0.3742     0.8988    -0.2652     1.7770     1.0888
[1] 25500.0000     0.9746     0.8159    -0.2335     1.8523     1.0385
[1] 25600.0000     0.0324     0.9325    -0.0672     2.0928     0.8613
[1] 25700.0000     0.7009     0.8976    -0.3203     1.8911     0.9408
[1] 25800.0000     0.0578     0.8606    -0.2552     1.9004     0.8978
[1] 25900.0000     0.0018     0.8683    -0.0798     2.0172     0.8098
[1] 26000.0000     0.5802     0.9492    -0.2038     1.8744     1.0058
[1] 26100.0000     0.3334     0.8603    -0.2604     2.0154     0.9559
[1] 26200.0000     0.6113     0.8601    -0.1873     2.0611     0.9041
[1] 26300.0000     0.7574     0.8623    -0.4205     1.8500     1.0835
[1] 26400.0000     0.2029     0.8855     0.0026     2.0688     1.0131
[1] 26500.0000     0.0044     0.8034    -0.4151     1.7000     1.1338
[1] 26600.0000     1.0000     0.8531    -0.3267     1.7518     1.1347
[1] 26700.0000     0.0506     0.9721    -0.2909     1.8937     0.8075
[1] 26800.0000     0.0676     0.8697    -0.2159     1.9648     1.1281
[1] 26900.0000     0.0014     0.9241    -0.0266     2.1503     1.0646
[1] 27000.0000     0.7766     0.8977    -0.2354     1.9995     0.8661
[1] 27100.0000     0.0006     0.8095    -0.2274     1.8914     1.0497
[1] 27200.0000     0.0173     0.8304    -0.2677     1.9305     0.8580
[1] 27300.0000     0.0020     0.9608    -0.2939     1.8639     0.8492
[1] 27400.0000     0.0615     0.8725    -0.3742     1.7123     1.1899
[1] 27500.0000     0.1317     0.8463    -0.2574     1.8316     0.8762
[1] 27600.0000     0.0016     0.8069    -0.1600     1.9567     0.9996
[1] 27700.0000     0.0073     0.8219    -0.0076     2.1298     0.8500
[1] 27800.0000     0.0000     0.8358    -0.0757     2.0944     1.1051
[1] 27900.0000     0.7205     0.8904    -0.0431     2.0547     0.9276
[1] 28000.0000     0.0022     0.9003    -0.2727     1.9612     0.9918
[1] 28100.0000     0.0000     0.9262    -0.2565     1.9315     1.0710
[1] 28200.0000     1.0000     0.9271    -0.0371     2.1139     0.9591
[1] 28300.0000     0.1037     0.8510    -0.1488     1.9337     0.8048
[1] 28400.0000     1.0000     0.9594    -0.3251     1.7683     0.8105
[1] 28500.0000     1.0000     0.8206    -0.1384     2.0713     1.0447
[1] 28600.0000     0.0010     0.9775    -0.2271     1.9441     0.9079
[1] 28700.0000     0.2281     0.9045    -0.2076     1.8992     1.0095
[1] 28800.0000     0.1054     0.9637     0.0037     2.2206     0.8491
[1] 28900.0000     0.4573     0.8662    -0.4081     1.7658     0.8550
[1] 29000.0000     1.0000     0.8095    -0.1798     1.9721     1.0816
[1] 29100.0000     0.0025     0.8648    -0.0681     2.0972     0.8680
[1] 29200.0000     0.0004     0.8505    -0.3631     1.8325     0.9156
[1] 29300.0000     0.4577     0.9373    -0.2711     1.7685     0.8252
[1] 29400.0000     0.0191     0.9512     0.0051     2.0364     1.1262
[1] 29500.0000     0.0004     0.9711    -0.2860     1.8889     0.9025
[1] 29600.0000     0.0031     0.8135    -0.1899     1.9736     0.8030
[1] 29700.0000     0.0319     0.9571    -0.2716     1.8293     0.9736
[1] 29800.0000     0.9262     0.8701    -0.1898     2.0220     0.8024
[1] 29900.0000     0.4529     0.9798    -0.1065     1.9934     1.0014
[1] 30000.0000     0.0121     0.8020    -0.1668     1.8998     0.9764
[1] 0.3331067
Time difference of 4.077033 hours
null device 
          1 
