[1] "El numero de nodos X particion es: 10"
[1] "Model = M2 / Data = sim_data/datasetSVIMatern18.Rdata"
[1] 100.0000   0.8576   0.8291   0.0425   1.9379   0.9331
[1] 200.0000   0.0897   0.8487   0.0882   1.8470   0.8384
[1] 300.0000   0.7639   0.8776  -0.0024   1.9643   1.0665
[1] 400.0000   0.0153   0.8593  -0.2599   2.2157   0.9203
[1] 500.0000   0.0000   0.8380  -0.1992   2.1296   0.8203
[1] 600.0000   0.2309   0.9748  -0.0663   1.9380   1.0386
[1] 700.0000   0.0014   0.9396  -0.0060   2.0610   1.0960
[1] 800.0000   0.0000   0.8849   0.0875   1.8409   0.8867
[1] 900.0000   0.0000   0.8086   0.1853   1.6511   0.9130
[1] 1000.0000    0.0000    0.8209   -0.2438    2.1729    0.9374
[1] 1100.0000    0.0000    0.8924    1.1283    0.7509    0.9545
[1] 1200.0000    1.0000    0.8603    0.7922    1.1922    0.9164
[1] 1300.0000    1.0000    0.8617    0.1313    1.7023    1.0550
[1] 1400.0000    0.0000    0.9303    0.0757    1.7814    1.1894
[1] 1500.0000    0.0000    0.8024    0.4934    1.4181    1.1019
[1] 1600.0000    0.0000    0.8026   -0.4022    2.2838    1.1341
[1] 1700.0000    0.0000    0.8745    0.0569    1.9202    0.9148
[1] 1800.0000    0.0000    0.9376    0.2234    1.7188    0.8302
[1] 1900.0000    0.0000    0.8411   -0.8916    2.8145    1.0047
[1] 2000.0000    0.0000    0.8003   -0.3647    2.2942    1.0681
[1] 2100.0000    0.0000    0.8123   -0.9190    2.7996    1.1618
[1] 2200.0000    0.0000    0.8668   -0.3083    2.2590    1.0989
[1] 2300.0000    0.0000    0.8951   -0.2424    2.1212    0.9529
[1] 2400.0000    0.0000    0.9355   -0.5318    2.4511    1.1578
[1] 2500.0000    0.0166    0.8909   -0.5002    2.3205    1.1217
[1] 2600.0000    0.0000    0.8617   -0.4567    2.2943    0.8044
[1] 2700.0000    0.0000    0.8492   -0.6377    2.6499    0.9140
[1] 2800.0000    0.0009    0.8113    0.0667    1.8304    0.9151
[1] 2900.0000    0.0001    0.9982   -0.3512    2.2583    0.9626
[1] 3000.0000    0.0000    0.8454   -0.1810    2.1420    0.9669
[1] 3100.0000    0.0000    0.9514    0.1946    1.6460    0.9478
[1] 3200.0000    0.0000    0.8559    1.0557    0.8245    0.9875
[1] 3300.0000    0.0000    0.9797   -0.5498    2.4111    1.0744
[1] 3400.0000    0.2123    0.8983    0.3413    1.6226    1.1525
[1] 3500.0000    0.0000    0.8208   -0.1244    1.9981    0.8172
[1] 3600.0000    0.0000    0.8756   -0.8404    2.7214    0.9795
[1] 3700.0000    0.8486    0.9624   -0.3509    2.2415    0.8094
[1] 3800.0000    0.0000    0.8306   -0.5019    2.4295    0.8349
[1] 3900.0000    0.0000    0.8319    0.3815    1.6308    0.8180
[1] 4000.0000    0.0000    0.8393    0.6846    1.3289    0.9996
[1] 4100.0000    0.0000    0.8388   -0.5557    2.4623    0.8864
[1] 4200.0000    0.0000    0.9756   -0.7742    2.6766    0.9752
[1] 4300.0000    0.1013    0.8028   -0.2072    2.1145    0.9927
[1] 4400.0000    0.0000    0.8970    0.8384    1.0951    0.8215
[1] 4500.0000    0.2565    0.8410    0.2019    1.8194    1.1520
[1] 4600.0000    0.0000    0.9581    1.1113    0.9043    0.8180
[1] 4700.0000    0.0000    0.8528   -0.0360    1.8676    0.8411
[1] 4800.0000    0.0000    0.8006   -0.4090    2.3560    0.9390
[1] 4900.0000    0.0000    0.8114   -0.7071    2.6020    0.8255
[1] 5000.0000    0.0027    0.9762   -1.2923    3.1187    0.8665
[1] 5100.0000    0.0000    0.8192   -1.8754    3.8264    0.8134
[1] 5200.0000    0.0000    0.8051    0.0043    1.9052    0.8965
[1] 5300.0000    0.0000    0.8845    0.6025    1.2994    1.0022
[1] 5400.0000    0.0001    0.8536    0.4726    1.4999    0.9337
[1] 5500.0000    0.0000    0.8506    1.0526    0.8381    1.1979
[1] 5600.0000    0.0000    0.8117    0.2681    1.6448    0.9121
[1] 5700.0000    0.0000    0.8882   -0.0394    1.9871    1.0651
[1] 5800.0000    0.0000    0.8551   -0.2322    2.1987    0.9056
[1] 5900.0000    0.0000    0.9311    0.2219    1.7211    0.8983
[1] 6000.0000    0.0000    0.8887    0.3436    1.4984    0.8335
[1] 6100.0000    0.0000    0.8793    0.3967    1.4730    0.8792
[1] 6200.0000    0.0000    0.8741    0.0790    1.8344    0.8043
[1] 6300.0000    0.0000    0.9569   -0.0729    2.0417    0.8080
[1] 6400.0000    0.0000    0.9918    0.2616    1.7996    1.1860
[1] 6500.0000    0.0476    0.9084   -1.0166    3.0023    1.0918
[1] 6600.0000    0.0000    0.8710   -0.1033    1.9313    0.9001
[1] 6700.0000    0.0000    0.8204   -0.5607    2.4212    0.9264
[1] 6800.0000    0.3600    0.8794    0.0532    1.8907    0.9381
[1] 6900.0000    0.0000    0.8078    0.0710    1.8093    0.8038
[1] 7000.0000    0.0000    0.8521    0.5545    1.3488    1.0680
[1] 7100.0000    0.0000    0.9544    1.0561    0.9241    0.9045
[1] 7200.0000    0.0000    0.8247   -0.0315    2.0787    0.8913
[1] 7300.0000    0.0000    0.8356    1.7530    0.0476    1.1395
[1] 7400.0000    0.0000    0.9512    0.8587    1.0284    0.8676
[1] 7500.0000    0.0000    0.8918   -0.2254    2.1072    1.0101
[1] 7600.0000    0.0000    0.8332    0.0347    1.9382    1.0877
[1] 7700.0000    0.0000    0.8440   -1.4193    3.3361    0.8976
[1] 7800.0000    0.0000    0.8350   -0.3517    2.3166    1.1361
[1] 7900.0000    0.0000    0.8303   -0.6623    2.5757    0.8084
[1] 8000.0000    0.0000    0.9309   -0.1390    2.0601    1.0835
[1] 8100.0000    0.0000    0.8483   -0.7600    2.5897    0.8203
[1] 8200.0000    0.0000    0.9110   -0.2677    2.1967    0.9989
[1] 8300.0000    0.0000    0.8222   -0.2437    2.1861    0.8438
[1] 8400.0000    0.0000    0.9658    0.2313    1.5960    0.9286
[1] 8500.0000    0.0000    0.8565    0.6465    1.3150    0.8054
[1] 8600.0000    0.0047    0.9564   -1.2147    3.1874    0.9963
[1] 8700.0000    0.0000    0.8940   -1.0474    2.9490    1.0236
[1] 8800.0000    0.0000    0.8601    0.1632    1.6841    0.8170
[1] 8900.0000    0.0000    0.8248    0.9459    0.9919    1.0728
[1] 9000.0000    0.0000    0.8079   -0.1924    2.0937    0.8502
[1] 9100.0000    0.0000    0.9178   -0.6243    2.4739    0.8722
[1] 9200.0000    0.0000    0.8777   -0.6240    2.5601    1.1489
[1] 9300.0000    0.0000    0.8764   -0.2239    2.2062    1.0012
[1] 9400.0000    0.0000    0.8413    1.3446    0.5419    1.0761
[1] 9500.0000    0.0000    0.8817    0.0024    1.8369    1.0875
[1] 9600.0000    0.0000    0.8149    0.5218    1.4279    0.9056
[1] 9700.0000    0.0000    0.8918    0.8844    1.0153    0.8845
[1] 9800.0000    0.0000    0.8196    0.3418    1.5310    0.8766
[1] 9900.0000    0.0000    0.9876    1.8630    0.0150    0.9739
[1] 10000.0000     1.0000     0.8618    -0.3839     2.3638     0.8032
[1] 10100.0000     0.0007     0.8250    -0.5812     2.4770     0.9557
[1] 10200.0000     0.0000     0.8133    -0.4543     2.3338     1.1117
[1] 10300.0000     0.5813     0.9112     0.7863     1.1301     1.0320
[1] 10400.0000     0.0000     0.9337     0.6084     1.2858     1.0990
[1] 10500.0000     0.0000     0.9035     0.6113     1.2999     0.9966
[1] 10600.0000     0.0000     0.8454     0.0656     1.8896     0.9580
[1] 10700.0000     0.0000     0.8398     0.3154     1.6472     1.0590
[1] 10800.0000     0.1180     0.8310     0.8359     1.0469     0.9940
[1] 10900.0000     0.0000     0.8191     0.7063     1.2556     0.8008
[1] 11000.0000     0.0085     0.8176     0.5805     1.4067     0.9081
[1] 11100.0000     0.0000     0.8480    -0.0819     1.9305     1.1683
[1] 11200.0000     0.1155     0.8258    -0.8566     2.7423     1.0628
[1] 11300.0000     0.0000     0.9481    -0.4825     2.3490     1.1448
[1] 11400.0000     0.0000     0.9548     0.6318     1.2847     1.0047
[1] 11500.0000     0.0000     0.8034     0.2361     1.7475     0.8501
[1] 11600.0000     0.0005     0.8844    -0.2146     2.1700     0.8148
[1] 11700.0000     0.0009     0.8224    -0.3023     2.2099     0.8539
[1] 11800.0000     0.0000     0.8027    -0.6138     2.5556     0.8530
[1] 11900.0000     0.0000     0.8460    -0.6743     2.6638     0.8150
[1] 12000.0000     0.0000     0.8014    -0.0278     1.9508     1.0595
[1] 12100.0000     0.0000     0.8005    -0.8856     2.7565     0.8375
[1] 12200.0000     0.4548     0.8496     0.2701     1.7223     0.8460
[1] 1.230e+04 0.000e+00 8.010e-01 9.882e-01 9.060e-01 8.810e-01
[1] 12400.0000     0.8347     0.8046     0.6405     1.3173     0.8797
[1] 12500.0000     0.0000     0.8059     0.6679     1.3015     1.1427
[1] 12600.0000     0.0000     0.8126     0.7521     1.2789     1.1805
[1] 1.270e+04 0.000e+00 8.779e-01 9.918e-01 8.321e-01 8.170e-01
[1] 12800.0000     0.0000     0.9902    -0.5125     2.4169     0.9345
[1] 12900.0000     1.0000     0.8565     0.0243     1.7938     0.9935
[1] 13000.0000     0.0000     0.9285     0.1644     1.6524     1.1063
[1] 1.310e+04 0.000e+00 8.460e-01 9.434e-01 9.629e-01 9.609e-01
[1] 13200.0000     0.0000     0.8843     0.4884     1.4913     0.9997
[1] 13300.0000     0.0000     0.8427    -0.8666     2.7329     1.0281
[1] 13400.0000     0.0000     0.8092     0.1156     1.7860     1.1676
[1] 13500.0000     0.0000     0.8466    -0.4841     2.3872     0.8143
[1] 13600.0000     0.0000     0.8917     0.3253     1.5988     1.0301
[1] 1.370e+04 0.000e+00 8.421e-01 5.185e-01 1.439e+00 9.544e-01
[1] 13800.0000     0.0000     0.8363    -0.2630     2.1787     0.8169
[1] 13900.0000     0.0000     0.8573    -0.0490     1.9893     0.8372
[1] 14000.0000     0.0000     0.9588    -0.1419     2.0658     0.9662
[1] 14100.0000     0.0000     0.8844    -0.4195     2.2228     1.1867
[1] 14200.0000     0.0000     0.8479    -0.7201     2.5531     0.8739
[1] 14300.0000     0.0000     0.9227    -1.6040     3.4684     1.0001
[1] 14400.0000     0.0593     0.8623    -0.0224     1.9752     0.8985
[1] 14500.0000     0.0436     0.8647     0.1914     1.7335     1.0877
[1] 14600.0000     0.0000     0.8721     0.2398     1.7021     0.9912
[1] 14700.0000     0.0000     0.8734    -0.1927     2.0519     1.0676
[1] 14800.0000     0.0000     0.8093     0.3824     1.4287     1.1283
[1] 14900.0000     0.0011     0.8051     0.6450     1.3148     1.0614
[1] 15000.0000     0.1306     0.8279     1.0348     0.8811     1.0826
[1] 15100.0000     1.0000     0.8292     0.4498     1.4274     0.9249
[1] 15200.0000     0.0000     0.8242     1.1811     0.7437     1.0800
[1] 15300.0000     0.2094     0.8059     0.2327     1.7316     0.9091
[1] 15400.0000     0.0028     0.8005    -0.6394     2.6048     0.8812
[1] 15500.0000     0.0000     0.8005    -0.6394     2.6048     0.8812
[1] 15600.0000     0.0000     0.8878    -0.2470     2.2030     0.8550
[1] 15700.0000     0.0000     0.8475    -0.2547     2.1437     0.9690
[1] 15800.0000     0.0000     0.9108    -0.0713     1.9458     0.9068
[1] 1.590e+04 0.000e+00 8.841e-01 7.768e-01 1.105e+00 8.192e-01
[1] 16000.0000     0.0002     0.8124     0.2753     1.6258     1.1160
[1] 16100.0000     0.0000     0.8906     1.5461     0.4255     0.9023
[1] 1.620e+04 0.000e+00 8.251e-01 9.223e-01 1.014e+00 9.955e-01
[1] 16300.0000     0.0000     0.9158     0.3283     1.5771     0.9491
[1] 16400.0000     0.0000     0.8807     0.3457     1.6019     0.8691
[1] 16500.0000     0.0125     0.8215    -1.2220     3.1581     1.1211
[1] 16600.0000     0.0000     0.8294    -1.0164     3.0014     0.8835
[1] 16700.0000     0.0000     0.8462    -0.3043     2.2419     0.9538
[1] 1.680e+04 0.000e+00 9.439e-01 9.070e-02 1.809e+00 8.332e-01
[1] 16900.0000     0.0000     0.8138     0.6154     1.2151     1.1004
[1] 17000.0000     0.0000     0.9220    -0.8793     2.6878     0.8158
[1] 17100.0000     0.0000     0.9305     0.7402     1.2611     0.9283
[1] 17200.0000     0.0000     0.9497     0.8093     1.0727     0.8252
[1] 17300.0000     1.0000     0.8396     1.4906     0.4416     1.0131
[1] 17400.0000     0.0000     0.8593     1.1134     0.9651     1.1450
[1] 17500.0000     0.0000     0.8131     0.1824     1.7852     0.9127
[1] 17600.0000     0.0000     0.8280     0.6314     1.3119     1.1486
[1] 17700.0000     0.0000     0.8794     0.8760     1.0817     0.9707
[1] 17800.0000     0.0178     0.9383     0.1617     1.7361     1.0084
[1] 1.790e+04 0.000e+00 9.083e-01 5.416e-01 1.357e+00 9.495e-01
[1] 1.800e+04 3.159e-01 9.109e-01 6.228e-01 1.359e+00 8.712e-01
[1] 18100.0000     0.0000     0.8078    -0.8732     2.8247     0.9064
[1] 1.820e+04 3.300e-03 8.582e-01 9.463e-01 9.210e-01 9.652e-01
[1] 18300.0000     0.0000     0.8120    -0.1979     2.0671     1.0717
[1] 18400.0000     0.0000     0.9529     0.0300     1.9257     0.8173
[1] 18500.0000     0.0000     0.8451     0.0480     1.8602     0.9054
[1] 18600.0000     0.0000     0.8420     0.5554     1.4075     0.8224
[1] 18700.0000     0.0000     0.8080    -0.5118     2.4730     0.9308
[1] 1.880e+04 0.000e+00 8.051e-01 2.560e-02 1.858e+00 9.731e-01
[1] 18900.0000     0.0000     0.8047    -0.0887     2.0339     0.8160
[1] 19000.0000     0.0000     0.8366     0.2065     1.7097     0.8015
[1] 19100.0000     0.0000     0.8142     0.0000     1.7782     1.0716
[1] 1.920e+04 0.000e+00 8.001e-01 3.524e-01 1.448e+00 9.641e-01
[1] 19300.0000     0.0000     0.8035     1.1583     0.6973     1.0886
[1] 19400.0000     0.0000     0.8939     0.0654     1.8876     0.9460
[1] 19500.0000     0.0000     0.8527     0.4713     1.4765     1.1208
[1] 19600.0000     0.0699     0.9162    -1.0316     2.9476     0.8038
[1] 19700.0000     0.0000     0.8143     0.1065     1.8908     0.8081
[1] 19800.0000     0.0000     0.9408     0.0895     1.8678     0.9927
[1] 19900.0000     0.0000     0.9981    -0.4303     2.3765     1.0280
[1] 20000.0000     0.0000     0.8275    -0.5992     2.4989     0.8700
[1] 20100.0000     0.0000     0.9080     0.4391     1.5220     1.0402
[1] 20200.0000     0.0940     0.8367     0.3073     1.6363     0.9269
[1] 20300.0000     0.0000     0.8367     0.3073     1.6363     0.9269
[1] 2.040e+04 1.580e-02 8.854e-01 7.384e-01 1.180e+00 8.024e-01
[1] 20500.0000     0.0000     0.8760     0.5269     1.3733     0.8800
[1] 20600.0000     0.2846     0.9169     0.2179     1.7287     1.1057
[1] 20700.0000     1.0000     0.8107     0.4157     1.4676     1.0874
[1] 20800.0000     0.0000     0.9688    -0.6501     2.5542     0.8897
[1] 20900.0000     0.0003     0.8088     0.5745     1.3466     0.9600
[1] 21000.0000     0.0000     0.8265    -0.0564     1.9933     0.8524
[1] 21100.0000     0.0000     0.9732    -0.8568     2.7366     0.8253
[1] 21200.0000     0.0514     0.8263    -0.2783     2.2046     1.1324
[1] 21300.0000     0.0000     0.8089     0.0005     1.8367     1.0955
[1] 21400.0000     0.0006     0.9719     0.5872     1.3093     0.9071
[1] 21500.0000     0.0000     0.8732     0.1194     1.7464     1.0565
[1] 21600.0000     0.0000     0.8010    -0.1935     2.1567     1.1966
[1] 21700.0000     0.0000     0.8258    -0.6166     2.5507     1.1265
[1] 21800.0000     0.0000     0.8218    -1.3198     3.2140     1.1739
[1] 21900.0000     0.0000     0.9084     0.3702     1.5025     1.1067
[1] 22000.0000     0.0000     0.8850     0.7918     1.1407     0.9555
[1] 22100.0000     0.0000     0.8010     0.4953     1.3854     0.8293
[1] 22200.0000     0.0000     0.8403     0.6783     1.2275     1.1277
[1] 22300.0000     0.0000     0.8584     1.2942     0.6812     0.9367
[1] 2.240e+04 0.000e+00 9.494e-01 1.144e+00 8.367e-01 9.207e-01
[1] 2.250e+04 1.000e-04 8.126e-01 7.829e-01 1.101e+00 8.323e-01
[1] 22600.0000     0.0000     0.8858     0.0209     1.9747     0.9064
[1] 22700.0000     0.0000     0.8271    -0.0020     1.8873     1.1968
[1] 22800.0000     0.0337     0.8972    -0.8112     2.5186     1.0231
[1] 22900.0000     0.0000     0.9207     0.4728     1.3376     0.8362
[1] 2.300e+04 0.000e+00 8.310e-01 4.108e-01 1.490e+00 8.740e-01
[1] 23100.0000     0.0000     0.9231    -0.5536     2.4182     0.8179
[1] 23200.0000     0.0000     0.8288    -0.4448     2.3636     0.8616
[1] 23300.0000     0.1454     0.8966    -0.1870     2.0661     1.0199
[1] 23400.0000     0.0000     0.9564    -0.1630     2.2264     0.8157
[1] 23500.0000     0.0000     0.8934     0.4627     1.4735     1.1391
[1] 23600.0000     0.0000     0.8176     0.7994     1.0872     0.8266
[1] 23700.0000     0.0000     0.8580    -0.2417     2.1560     0.8494
[1] 23800.0000     0.0000     0.8954    -0.1761     2.0349     1.1339
[1] 23900.0000     0.0370     0.8157     0.6135     1.1802     0.8034
[1] 24000.0000     0.0000     0.8968    -0.5166     2.3952     0.8401
[1] 24100.0000     0.0000     0.8289    -1.6814     3.6154     0.9877
[1] 24200.0000     0.0000     0.8399    -0.1319     1.9932     1.0287
[1] 24300.0000     0.0000     0.8207    -0.5496     2.5105     1.1509
[1] 24400.0000     0.2436     0.8950     0.1467     1.7226     0.9027
[1] 24500.0000     0.0000     0.9407     0.7711     1.0611     1.0416
[1] 24600.0000     0.0000     0.9062    -0.2938     2.1783     0.8877
[1] 24700.0000     0.0000     0.8332     0.3688     1.4284     0.9482
[1] 24800.0000     0.0000     0.8109     0.5052     1.4430     1.1899
[1] 24900.0000     0.0000     0.9495    -0.3851     2.2171     0.8626
[1] 25000.0000     0.0204     0.8807    -0.0362     2.0097     0.8394
[1] 25100.0000     0.0000     0.9605     1.1868     0.6915     1.0743
[1] 25200.0000     0.0000     0.8184     0.0205     1.9781     0.8574
[1] 25300.0000     1.0000     0.8151     0.4703     1.3962     1.0748
[1] 25400.0000     0.7632     0.8988    -0.1353     2.0269     1.0888
[1] 25500.0000     0.0000     0.8305     1.2694     0.6052     0.8143
[1] 25600.0000     0.0000     0.8221     0.3761     1.4715     1.0913
[1] 25700.0000     0.0000     0.8060     0.4446     1.4775     0.8422
[1] 25800.0000     0.0000     0.8043     0.6190     1.2705     0.8730
[1] 25900.0000     0.4465     0.8632     0.1506     1.7255     1.1254
[1] 26000.0000     0.1635     0.9492    -0.3649     2.3808     1.0058
[1] 26100.0000     0.0000     0.9196    -0.1725     1.9707     1.1722
[1] 26200.0000     0.0000     0.9768    -0.2533     2.0944     0.9801
[1] 26300.0000     0.0000     0.8530     0.4387     1.4647     1.0678
[1] 26400.0000     0.0000     0.8767     1.0846     0.7399     0.8041
[1] 26500.0000     0.0180     0.8136     0.4633     1.4235     0.8843
[1] 26600.0000     0.0000     0.9293     0.2474     1.7865     0.8497
[1] 26700.0000     0.0005     0.8184     0.5444     1.2838     0.9177
[1] 26800.0000     0.0000     0.8448    -1.2582     3.1120     0.8652
[1] 26900.0000     0.0000     0.8170    -0.8290     2.7819     0.9138
[1] 27000.0000     0.0000     0.8102    -0.3312     2.2372     1.1325
[1] 27100.0000     0.3822     0.8372     0.0898     1.8341     1.1930
[1] 27200.0000     0.0000     0.8628     0.2356     1.7107     1.0265
[1] 27300.0000     0.0000     0.8153    -0.6928     2.5265     0.9452
[1] 27400.0000     0.0000     0.8453     0.0541     1.8089     0.8255
[1] 2.750e+04 0.000e+00 8.463e-01 5.965e-01 1.424e+00 8.762e-01
[1] 27600.0000     0.0000     0.9357     1.2033     0.6911     0.9330
[1] 27700.0000     0.0000     0.8317     0.5937     1.2961     1.1846
[1] 27800.0000     0.0000     0.8396     1.1812     0.6499     0.8414
[1] 27900.0000     1.0000     0.8904     1.1742     0.7088     0.9276
[1] 28000.0000     0.0000     0.8025    -0.3370     2.2607     0.9240
[1] 28100.0000     0.0000     0.9262     0.8027     1.1611     1.0710
[1] 28200.0000     0.0000     0.9683     0.3069     1.5991     0.8917
[1] 28300.0000     0.0000     0.8228     0.5129     1.4808     0.9497
[1] 28400.0000     1.0000     0.9594     0.5930     1.3207     0.8105
[1] 28500.0000     0.0000     0.8678     1.4705     0.4239     0.8688
[1] 28600.0000     0.0000     0.9184    -0.1160     1.8766     0.8644
[1] 28700.0000     0.0000     0.8546    -1.0743     2.9395     0.9787
[1] 28800.0000     0.0000     0.8950     0.6616     1.2673     0.9585
[1] 28900.0000     0.0000     0.9137     0.2431     1.6902     0.8478
[1] 29000.0000     0.0000     0.9277     0.1135     1.8250     1.1735
[1] 29100.0000     0.0000     0.8445    -0.5715     2.5310     0.8871
[1] 29200.0000     0.1045     0.9367     0.7779     1.1170     1.1465
[1] 29300.0000     0.0027     0.8726     1.1074     0.7812     0.8176
[1] 29400.0000     0.0000     0.8948     0.5959     1.3818     0.8239
[1] 29500.0000     0.0000     0.8094     0.3349     1.5395     0.8253
[1] 29600.0000     0.0000     0.8335     0.0842     1.7767     1.1940
[1] 29700.0000     0.0000     0.8049    -0.1307     2.0690     0.9958
[1] 29800.0000     0.0000     0.8030    -0.9719     2.9568     0.9421
[1] 29900.0000     0.2308     0.9798    -0.2124     2.1599     1.0014
[1] 30000.0000     0.0004     0.8841     1.3997     0.5519     1.0036
[1] 0.06371745
Time difference of 11.23028 hours
null device 
          1 
