[1] "El numero de nodos X particion es: 10"
[1] "Model = M1 / Data = sim_data/datasetSVIMatern26.Rdata"
[1] 100.0000   1.0000   0.8291   0.0671   1.9503   0.9331
[1] 200.0000   0.2963   0.8487   0.0213   1.9553   0.8384
[1] 300.0000   0.1906   0.8776  -0.0598   2.1833   1.0665
[1] 400.0000   0.1129   0.9217  -0.2827   2.2381   0.9692
[1] 500.0000   0.0000   0.8380  -0.1261   2.1183   0.8203
[1] 600.0000   0.6762   0.9748   0.2800   1.6462   1.0386
[1] 700.0000   0.0640   0.8009   0.3109   1.6871   0.8720
[1] 800.0000   0.0065   0.8728   0.0962   1.8192   0.9084
[1] 900.0000   0.0389   0.9578  -0.1651   2.0017   0.9628
[1] 1000.0000    0.0000    0.8209    0.0292    1.9473    0.9374
[1] 1100.0000    0.0000    0.9319    0.7558    1.1619    0.8930
[1] 1200.0000    1.0000    0.8603    0.4709    1.5496    0.9164
[1] 1300.0000    1.0000    0.8617   -0.1199    2.0239    1.0550
[1] 1400.0000    0.0000    0.9303   -0.6629    2.5942    1.1894
[1] 1500.0000    0.0012    0.9584   -0.1658    2.1520    1.0940
[1] 1600.0000    0.0000    0.9098   -0.4191    2.3770    0.9715
[1] 1700.0000    0.0000    0.8745   -0.6371    2.6431    0.9148
[1] 1800.0000    0.0000    0.9376    0.1941    1.7624    0.8302
[1] 1900.0000    0.0000    0.9875   -0.3988    2.3957    0.8532
[1] 2000.0000    0.0000    0.9400    0.2343    1.7571    1.1109
[1] 2100.0000    0.0000    0.9372   -0.0561    1.9779    0.8634
[1] 2200.0000    0.0000    0.8668    0.1823    1.7856    1.0989
[1] 2300.0000    0.0022    0.8951    0.1860    1.7555    0.9529
[1] 2400.0000    0.0000    0.9355   -0.0342    2.0126    1.1578
[1] 2500.0000    0.0637    0.9668    0.1262    1.7745    0.8029
[1] 2600.0000    0.0000    0.8617   -0.4475    2.3891    0.8044
[1] 2700.0000    0.0000    0.8492    0.3018    1.6968    0.9140
[1] 2800.0000    0.0105    0.9386   -0.0393    1.9411    0.8695
[1] 2900.0000    0.0006    0.9982   -0.4505    2.3339    0.9626
[1] 3000.0000    0.0000    0.8454    0.0728    1.8910    0.9669
[1] 3100.0000    0.0000    0.9787    0.0587    1.9116    0.9283
[1] 3200.0000    0.0000    0.8205    0.4750    1.4625    0.8873
[1] 3300.0000    0.0000    0.9797    0.2947    1.4725    1.0744
[1] 3400.0000    0.5741    0.8983    0.2104    1.7989    1.1525
[1] 3500.0000    0.0000    0.9256    0.3602    1.5449    1.1684
[1] 3600.0000    0.0000    0.8846   -0.2708    2.2515    1.0977
[1] 3700.0000    1.0000    0.9624    0.2100    1.7464    0.8094
[1] 3800.0000    0.0000    0.8701   -0.2423    2.0185    0.8357
[1] 3900.0000    0.0000    0.8319   -0.4252    2.4546    0.8180
[1] 4000.0000    0.1069    0.9388    0.1139    1.6681    0.8131
[1] 4100.0000    0.0000    0.8388   -0.3209    2.2888    0.8864
[1] 4200.0000    0.0000    0.9756   -0.7039    2.5942    0.9752
[1] 4300.0000    0.2184    0.8741   -0.6073    2.5569    1.1249
[1] 4400.0000    0.0000    0.8077    0.1095    1.9518    1.0029
[1] 4500.0000    0.6915    0.8410    0.2829    1.7309    1.1520
[1] 4600.0000    0.0030    0.9525    0.4156    1.5709    1.1110
[1] 4700.0000    0.0000    0.9709   -0.1739    2.0772    1.0444
[1] 4800.0000    0.0000    0.8616   -0.2682    2.2426    0.9384
[1] 4900.0000    0.0000    0.8114   -0.2757    2.2654    0.8255
[1] 5000.0000    1.0000    0.9273   -0.4230    2.4376    1.0348
[1] 5100.0000    0.0000    0.9679   -0.2528    2.1747    1.1951
[1] 5200.0000    0.0000    0.8051    0.2418    1.7141    0.8965
[1] 5300.0000    0.0000    0.8845    0.2176    1.7276    1.0022
[1] 5400.0000    0.0006    0.8536    0.1649    1.7280    0.9337
[1] 5500.0000    0.0000    0.8506    0.3431    1.5436    1.1979
[1] 5600.0000    0.0000    0.8117   -0.1710    2.1424    0.9121
[1] 5700.0000    0.0000    0.9545    0.1040    1.8748    0.8805
[1] 5800.0000    0.0000    0.8612    0.1046    1.8176    1.0327
[1] 5900.0000    0.0000    0.8278    0.3012    1.6890    1.0767
[1] 6000.0000    0.0000    0.8790    0.5072    1.5236    1.0590
[1] 6100.0000    0.0000    0.9100    0.0897    1.8002    1.1509
[1] 6200.0000    0.0007    0.8235   -0.0414    1.9027    1.1329
[1] 6300.0000    0.0000    0.9569   -0.2610    2.2083    0.8080
[1] 6400.0000    0.0000    0.9885    0.0879    1.9436    0.8165
[1] 6500.0000    0.0013    0.9145   -0.5324    2.3853    0.8046
[1] 6600.0000    0.0000    0.8401   -0.0468    1.9264    1.0889
[1] 6700.0000    0.0000    0.8253   -0.0985    2.0609    0.9280
[1] 6800.0000    0.0701    0.8794    0.3057    1.5613    0.9381
[1] 6900.0000    0.0000    0.9267   -0.3168    2.3050    1.0380
[1] 7000.0000    0.0000    0.8543    0.1368    1.7937    0.8271
[1] 7100.0000    0.0000    0.8694   -0.0548    2.0240    0.8792
[1] 7200.0000    0.0000    0.8247    0.1614    1.8743    0.8913
[1] 7300.0000    0.0000    0.9346    0.3347    1.6463    1.1740
[1] 7400.0000    0.0000    0.9512   -0.5741    2.4807    0.8676
[1] 7500.0000    0.0005    0.9989   -0.7388    2.5182    1.1081
[1] 7600.0000    0.0000    0.9493   -0.1983    2.0829    0.9281
[1] 7700.0000    0.0000    0.8552   -0.8222    2.7540    1.0850
[1] 7800.0000    0.0568    0.8694    0.2316    1.8331    1.1175
[1] 7900.0000    0.0000    0.8037   -0.0730    1.9632    1.1632
[1] 8000.0000    0.0000    0.9309    0.2271    1.7299    1.0835
[1] 8100.0000    0.0000    0.9055    0.1188    1.8901    1.0588
[1] 8200.0000    0.0077    0.8808   -0.2837    2.1620    1.1030
[1] 8300.0000    0.0001    0.8222   -0.1334    2.1191    0.8438
[1] 8400.0000    0.0000    0.9658   -0.1345    2.0467    0.9286
[1] 8500.0000    0.0000    0.8325   -0.0726    2.0429    1.0750
[1] 8600.0000    0.0534    0.9564   -0.8870    2.8633    0.9963
[1] 8700.0000    0.0000    0.8940   -0.1516    2.1385    1.0236
[1] 8800.0000    0.0000    0.8601    0.5473    1.3827    0.8170
[1] 8900.0000    0.0055    0.8674    0.3459    1.5756    1.0474
[1] 9000.0000    0.0000    0.8638    0.6307    1.2524    1.1683
[1] 9100.0000    0.0000    0.9806    0.0122    1.8700    1.0696
[1] 9200.0000    0.0000    0.8777    0.1228    1.8538    1.1489
[1] 9300.0000    0.0000    0.8689    0.3074    1.6466    0.9976
[1] 9400.0000    0.0000    0.9163    0.9541    0.9622    0.8003
[1] 9500.0000    0.0000    0.8295   -0.1645    2.0982    0.9364
[1] 9600.0000    0.2062    0.8149   -0.0598    2.1224    0.9056
[1] 9700.0000    0.0000    0.9657    0.3964    1.5456    0.9166
[1] 9800.0000    0.0000    0.8646   -0.5055    2.3967    0.8456
[1] 9900.0000    0.0000    0.8192    0.6067    1.3063    0.8099
[1] 10000.0000     1.0000     0.8618    -0.5293     2.4647     0.8032
[1] 10100.0000     0.7144     0.9049    -0.0856     2.1164     1.0751
[1] 10200.0000     1.0000     0.9808    -0.1267     2.0734     0.8342
[1] 10300.0000     0.4001     0.9290     0.0977     1.9167     0.8292
[1] 10400.0000     0.0000     0.9434    -0.0061     1.9254     1.1753
[1] 10500.0000     0.0014     0.9828     0.4886     1.4888     0.8036
[1] 10600.0000     0.0000     0.8442     0.0987     1.8388     0.9495
[1] 10700.0000     0.0000     0.9346     0.3976     1.6255     1.0990
[1] 10800.0000     1.0000     0.8056     0.1940     1.7686     0.8503
[1] 10900.0000     0.0000     0.9660     0.6060     1.3504     1.1970
[1] 11000.0000     0.0986     0.8012     0.4661     1.6428     0.9407
[1] 11100.0000     0.0000     0.8902     0.0344     1.8741     0.9114
[1] 11200.0000     1.0000     0.9412    -0.4383     2.4575     0.8257
[1] 11300.0000     0.0000     0.9202    -0.1402     2.0928     0.8464
[1] 11400.0000     0.0002     0.9548     0.3423     1.5270     1.0047
[1] 1.150e+04 0.000e+00 8.034e-01 4.400e-02 1.918e+00 8.501e-01
[1] 11600.0000     0.1923     0.9382    -0.0641     1.8917     0.8033
[1] 11700.0000     1.0000     0.8766    -0.0568     2.0548     0.9110
[1] 11800.0000     0.0000     0.8027     0.2555     1.6202     0.8530
[1] 11900.0000     0.0000     0.9637    -0.7159     2.6216     0.8690
[1] 12000.0000     0.0000     0.8056    -0.0928     2.0516     1.1142
[1] 12100.0000     0.0018     0.8005    -0.2704     2.1250     0.8375
[1] 12200.0000     0.4960     0.8496     0.5360     1.5089     0.8460
[1] 12300.0000     0.0023     0.8010     0.3005     1.6534     0.8810
[1] 12400.0000     1.0000     0.8046    -0.1290     2.1080     0.8797
[1] 12500.0000     0.0000     0.9939     0.1476     1.8673     0.9707
[1] 12600.0000     0.0000     0.9359    -0.5708     2.5600     1.1279
[1] 12700.0000     0.0000     0.9614    -0.4509     2.4943     0.8958
[1] 12800.0000     0.0000     0.9108    -0.6079     2.6424     1.0765
[1] 12900.0000     0.6344     0.9204     0.3185     1.6677     0.8219
[1] 13000.0000     0.0000     0.8069     0.1060     1.8373     1.0997
[1] 13100.0000     0.0000     0.9404     0.8183     1.1631     0.9822
[1] 13200.0000     0.0008     0.8843    -0.0212     2.0209     0.9997
[1] 13300.0000     0.0000     0.9222     0.0278     1.9673     0.8801
[1] 13400.0000     0.0000     0.9676     0.3507     1.6623     1.1418
[1] 13500.0000     0.0000     0.8466    -0.4553     2.4238     0.8143
[1] 13600.0000     0.0000     0.8917     0.3708     1.6137     1.0301
[1] 13700.0000     0.0000     0.8708     0.0266     1.9513     1.0127
[1] 13800.0000     0.0000     0.8787    -0.2807     2.2554     1.0611
[1] 13900.0000     0.0021     0.8573     0.1311     1.8555     0.8372
[1] 14000.0000     0.0000     0.9588     0.0704     1.8846     0.9662
[1] 14100.0000     0.0000     0.8844    -0.2387     2.0902     1.1867
[1] 14200.0000     0.0003     0.8479     0.1331     1.7449     0.8739
[1] 14300.0000     0.0000     0.8548    -0.9105     2.8430     0.8231
[1] 14400.0000     0.1715     0.8623    -0.4576     2.4040     0.8985
[1] 14500.0000     0.0511     0.8647     0.4222     1.5273     1.0877
[1] 14600.0000     0.0000     0.8912    -0.0198     1.9461     0.8958
[1] 14700.0000     0.0000     0.8974    -0.1714     2.0692     1.0871
[1] 14800.0000     0.0000     0.8106    -0.2471     2.1461     1.0978
[1] 14900.0000     0.0607     0.8051     0.0241     1.9810     1.0614
[1] 15000.0000     0.0044     0.9447    -0.0634     1.9559     0.8911
[1] 15100.0000     1.0000     0.8292     0.2832     1.6454     0.9249
[1] 15200.0000     0.0000     0.8242     0.5446     1.4582     1.0800
[1] 15300.0000     1.0000     0.8282    -0.2904     2.2159     1.1177
[1] 15400.0000     1.0000     0.9829    -0.4668     2.4075     1.0368
[1] 15500.0000     0.0000     0.8045    -0.1974     2.1035     1.0028
[1] 15600.0000     0.0000     0.8520    -0.5926     2.5387     1.1912
[1] 15700.0000     0.0000     0.8475    -0.2005     2.1433     0.9690
[1] 15800.0000     0.0851     0.8834    -0.2487     2.1463     0.9061
[1] 15900.0000     0.0000     0.9431     0.0719     1.8166     0.8611
[1] 16000.0000     0.6302     0.9761    -0.3237     2.2109     1.0600
[1] 16100.0000     0.0000     0.8906     0.3641     1.5679     0.9023
[1] 16200.0000     0.0001     0.8331    -0.0238     1.9472     0.9847
[1] 16300.0000     0.0000     0.9320    -0.3843     2.3467     1.0407
[1] 16400.0000     0.0000     0.8699     0.0651     1.8522     0.9170
[1] 16500.0000     1.0000     0.9407     0.3283     1.6165     0.9877
[1] 16600.0000     0.0052     0.8568    -0.0103     2.0287     1.0645
[1] 16700.0000     0.0000     0.9287     0.0835     1.8078     0.9633
[1] 16800.0000     0.0006     0.8165    -0.1819     2.2217     1.0376
[1] 16900.0000     0.0000     0.8583    -0.2305     2.1245     0.9158
[1] 17000.0000     0.0000     0.9790    -0.2041     2.1627     0.8822
[1] 17100.0000     0.0002     0.9262     0.6782     1.3338     0.9696
[1] 17200.0000     0.0339     0.9497     0.0743     1.8917     0.8252
[1] 17300.0000     1.0000     0.8396    -0.1811     2.1920     1.0131
[1] 17400.0000     0.0000     0.8593    -0.1772     2.1978     1.1450
[1] 17500.0000     0.0000     0.8129    -0.0687     1.9779     0.9634
[1] 17600.0000     0.0000     0.8242     0.2612     1.6204     0.9225
[1] 17700.0000     0.0000     0.8794     0.1098     1.8466     0.9707
[1] 17800.0000     0.3458     0.9571    -0.3069     2.2529     0.9258
[1] 1.790e+04 2.000e-04 9.083e-01 2.220e-01 1.751e+00 9.495e-01
[1] 18000.0000     0.4622     0.9109    -0.2000     2.2322     0.8712
[1] 18100.0000     0.0000     0.9461    -0.1536     2.0842     0.9222
[1] 18200.0000     0.0017     0.8142     0.8645     1.1411     0.8298
[1] 18300.0000     0.0000     0.8120    -0.2118     2.1776     1.0717
[1] 18400.0000     0.0000     0.9121     0.0334     1.9725     0.9764
[1] 18500.0000     0.0000     0.8451    -0.1252     2.0686     0.9054
[1] 18600.0000     0.0000     0.8656    -0.1625     2.1660     0.8624
[1] 18700.0000     0.0000     0.8176    -0.4663     2.3162     1.1379
[1] 18800.0000     0.0000     0.8537    -0.1701     2.1115     0.9005
[1] 18900.0000     0.0000     0.9024    -0.0921     1.9958     1.0613
[1] 19000.0000     0.0039     0.8366    -0.4158     2.4099     0.8015
[1] 19100.0000     0.0000     0.8142    -0.0063     1.8896     1.0716
[1] 19200.0000     0.0000     0.8001     0.7010     1.2346     0.9641
[1] 19300.0000     0.0000     0.8411     0.2945     1.6319     0.9272
[1] 19400.0000     0.0000     0.8040    -0.5259     2.5823     1.1551
[1] 19500.0000     0.0000     0.8527    -0.2031     2.1469     1.1208
[1] 1.960e+04 4.308e-01 9.162e-01 5.580e-02 1.814e+00 8.038e-01
[1] 19700.0000     0.0000     0.8143     0.4345     1.4911     0.8081
[1] 19800.0000     0.0000     0.8193     0.2722     1.7415     0.8589
[1] 19900.0000     0.0000     0.9981    -0.4773     2.3921     1.0280
