[1] "El numero de nodos X particion es: 10"
[1] "Model = M1 / Data = sim_data/datasetSVIExponential4.Rdata"
[1] 100.0000   0.5290   0.9429   0.1871   1.7777   1.1970
[1] 200.0000   0.0000   0.9645   0.4411   1.5253   1.1745
[1] 300.0000   0.0183   0.8615  -0.3891   2.3965   1.1336
[1] 400.0000   0.0000   0.9472  -1.6939   3.6772   1.0679
[1] 500.0000   0.0000   0.8673  -0.4174   2.4275   1.1452
[1] 600.0000   0.0078   0.8988   0.2641   1.8527   1.1191
[1] 700.0000   0.0000   0.9506   0.6323   1.2293   1.0413
[1] 800.0000   0.0000   0.8849   0.0818   1.8717   0.8867
[1] 900.0000   0.0000   0.9606  -0.4717   2.4070   1.0158
[1] 1000.0000    0.0000    0.8209   -0.3259    2.3219    0.9374
[1] 1100.0000    0.0000    0.9319    0.5772    1.3651    0.8930
[1] 1200.0000    0.0549    0.8544    1.4776    0.4986    0.9984
[1] 1300.0000    0.0000    0.9498   -0.0219    1.8611    1.1653
[1] 1400.0000    0.0000    0.8099    0.2735    1.7571    1.1384
[1] 1500.0000    0.0000    0.9584    0.5960    1.3518    1.0940
[1] 1600.0000    0.0000    0.9658   -1.1658    3.0951    1.0950
[1] 1700.0000    0.0000    0.8163   -0.3432    2.2761    0.8247
[1] 1800.0000    0.0000    0.9376    0.5534    1.4292    0.8302
[1] 1900.0000    0.0000    0.9005   -0.5580    2.4751    0.9368
[1] 2000.0000    0.0000    0.9400   -0.8457    2.8619    1.1109
[1] 2100.0000    0.0000    0.9750   -0.7195    2.6856    1.0831
[1] 2200.0000    0.0000    0.8563    0.0387    2.0050    0.9526
[1] 2300.0000    0.0000    0.9142    0.0976    1.7861    0.8527
[1] 2400.0000    0.0000    0.9355    0.1699    1.7492    1.1578
[1] 2500.0000    0.0080    0.8909    0.4016    1.5248    1.1217
[1] 2600.0000    0.0000    0.9100    0.4951    1.5453    1.1442
[1] 2700.0000    0.0000    0.9115   -0.9333    2.9435    1.0018
[1] 2800.0000    0.0196    0.9382    0.2571    1.7813    1.1558
[1] 2900.0000    0.0000    0.8773   -0.4989    2.4497    1.0832
[1] 3000.0000    0.0000    0.8471   -0.8154    2.7642    1.0872
[1] 3100.0000    0.0000    0.9411    0.0216    1.8166    0.9915
[1] 3200.0000    0.0000    0.9190   -0.2635    2.2873    0.9575
[1] 3300.0000    0.0000    0.9312    0.1839    1.7427    0.9302
[1] 3400.0000    0.3697    0.8983    0.9053    1.1075    1.1525
[1] 3500.0000    0.0000    0.8208    0.2689    1.7189    0.8172
[1] 3600.0000    0.0000    0.9625   -0.4777    2.4314    0.8525
[1] 3700.0000    0.5593    0.9624    0.6247    1.2917    0.8094
[1] 3800.0000    0.0000    0.9791    1.4911    0.4344    1.0179
[1] 3900.0000    0.0000    0.8349    0.7017    1.2914    1.1538
[1] 4000.0000    0.0000    0.9782   -0.4449    2.4516    1.1817
[1] 4100.0000    0.0000    0.8388   -0.8105    2.8402    0.8864
[1] 4200.0000    0.0000    0.9756   -0.7309    2.6510    0.9752
[1] 4300.0000    0.7511    0.8741   -1.0377    3.0094    1.1249
[1] 4400.0000    0.0000    0.8310   -0.1333    2.0661    1.1572
[1] 4500.0000    0.1222    0.8404   -0.2635    2.2645    1.1577
[1] 4600.0000    0.0000    0.9525    0.2231    1.8182    1.1110
[1] 4700.0000    0.0000    0.8528   -0.0659    2.0011    0.8411
[1] 4800.0000    0.0000    0.8660   -0.4855    2.4470    1.0939
[1] 4900.0000    0.0000    0.8114   -1.0223    2.9712    0.8255
[1] 5000.0000    0.0015    0.9988   -1.8621    3.6959    0.9542
[1] 5100.0000    0.0000    0.9679   -1.4391    3.3426    1.1951
[1] 5200.0000    0.0000    0.8051   -0.6187    2.5626    0.8965
[1] 5300.0000    0.0000    0.8845    0.0687    1.8688    1.0022
[1] 5400.0000    0.0000    0.8536    0.9695    1.0208    0.9337
[1] 5500.0000    0.0000    0.8913    1.0353    0.8848    1.1131
[1] 5600.0000    0.0000    0.9929   -0.1914    2.0926    1.1085
[1] 5700.0000    0.0000    0.9445    0.5532    1.4394    1.0237
[1] 5800.0000    0.0000    0.8612   -1.2806    3.3265    1.0327
[1] 5900.0000    0.0000    0.9311   -1.2242    3.1813    0.8983
[1] 6000.0000    0.0000    0.9870   -0.1535    2.0460    1.0819
[1] 6100.0000    0.0000    0.9284   -0.4213    2.4328    0.9188
[1] 6200.0000    0.0000    0.9400    0.6021    1.2886    0.8404
[1] 6300.0000    0.0000    0.9569    1.0240    1.0310    0.8080
[1] 6400.0000    0.0000    0.9924    0.0080    1.8650    1.0322
[1] 6500.0000    0.0007    0.9084    0.7998    1.2441    1.0918
[1] 6600.0000    0.0000    0.8401   -0.6030    2.4546    1.0889
[1] 6700.0000    0.0000    0.8253   -0.3059    2.3719    0.9280
[1] 6800.0000    0.0002    0.8794    0.5032    1.3578    0.9381
[1] 6900.0000    0.0000    0.9290   -0.6811    2.6996    1.0476
[1] 7000.0000    0.0000    0.8521   -0.0355    2.0149    1.0680
[1] 7100.0000    0.0000    0.9857    0.3476    1.6042    1.0571
[1] 7200.0000    0.0000    0.8247    0.1431    1.9557    0.8913
[1] 7300.0000    0.0000    0.9346   -0.3030    2.3285    1.1740
[1] 7400.0000    0.0000    0.8045   -0.8475    2.7257    0.8734
[1] 7500.0000    0.0000    0.8918   -2.0448    3.9152    1.0101
[1] 7600.0000    0.0000    0.8332   -0.7772    2.8311    1.0877
[1] 7700.0000    0.0000    0.8440   -0.9963    2.9327    0.8976
[1] 7800.0000    0.0000    0.8350    0.1643    1.8786    1.1361
[1] 7900.0000    0.0000    0.9654    0.1286    1.7760    1.1831
[1] 8000.0000    0.0000    0.9309   -0.4904    2.4332    1.0835
[1] 8100.0000    0.0000    0.8250   -0.2047    2.1650    1.1136
[1] 8200.0000    0.0000    0.9207   -0.6687    2.6036    1.1282
[1] 8300.0000    0.0000    0.8222   -0.4195    2.3652    0.8438
[1] 8400.0000    0.0000    0.9658   -0.8079    2.6965    0.9286
[1] 8500.0000    0.0000    0.8693   -0.4426    2.4535    1.1264
[1] 8600.0000    0.0000    0.8576   -1.1076    3.0620    1.0835
[1] 8700.0000    0.0000    0.8940   -0.1032    2.0338    1.0236
[1] 8800.0000    0.0000    0.9735   -0.3443    2.1976    1.0381
[1] 8900.0000    0.0000    0.8674    0.1871    1.8146    1.0474
[1] 9000.0000    0.0000    0.8301    1.2198    0.7303    1.1387
[1] 9100.0000    0.0000    0.8755    0.9473    0.9939    0.8812
[1] 9200.0000    0.0000    0.8129    0.3283    1.6305    1.1264
[1] 9300.0000    0.0000    0.9270   -0.8399    2.8276    1.1117
[1] 9400.0000    0.0000    0.8413    0.4031    1.4978    1.0761
[1] 9500.0000    0.0000    0.9934   -0.3934    2.4139    1.0697
[1] 9600.0000    0.0000    0.8149   -0.1963    2.2082    0.9056
[1] 9700.0000    0.0000    0.9657    0.8359    1.1558    0.9166
[1] 9800.0000    0.0000    0.8170    0.4490    1.4747    0.9712
[1] 9900.0000    0.0000    0.9369    2.0615   -0.0099    1.1404
[1] 10000.0000     0.1629     0.9984    -0.4306     2.4027     0.9987
[1] 10100.0000     0.0000     0.9390    -0.4136     2.3689     1.0815
[1] 10200.0000     0.0000     0.8133    -0.2706     2.2088     1.1117
[1] 10300.0000     0.1792     0.9549     1.5286     0.4474     0.8021
[1] 10400.0000     0.0000     0.9970    -0.0514     1.9959     0.9159
[1] 10500.0000     0.0000     0.9035     0.8504     1.0665     0.9966
[1] 10600.0000     0.0000     0.8442     0.7056     1.3396     0.9495
[1] 10700.0000     0.0000     0.8398     0.8293     1.1883     1.0590
[1] 10800.0000     0.0022     0.8310     0.4330     1.5353     0.9940
[1] 10900.0000     0.0000     0.9660     0.2548     1.7412     1.1970
[1] 11000.0000     0.0744     0.8555     0.0338     1.9190     1.1761
[1] 11100.0000     0.0000     0.8214    -0.1345     2.0590     1.0422
[1] 11200.0000     0.0603     0.9398    -0.5302     2.4543     0.9513
[1] 11300.0000     0.0000     0.8936    -0.5295     2.4753     1.0961
[1] 11400.0000     0.0002     0.9548     0.0629     1.9866     1.0047
[1] 11500.0000     0.0000     0.8034    -0.5974     2.5431     0.8501
[1] 11600.0000     0.0000     0.9104    -0.3697     2.3627     0.8269
[1] 11700.0000     0.0000     0.8224     0.2634     1.7198     0.8539
[1] 11800.0000     0.0000     0.8027     0.1459     1.8948     0.8530
[1] 11900.0000     0.0000     0.8460    -0.8413     2.8048     0.8150
[1] 12000.0000     0.0000     0.8056     0.6015     1.4402     1.1142
[1] 12100.0000     0.0000     0.8005    -1.5298     3.4797     0.8375
[1] 12200.0000     0.2701     0.8496     0.4292     1.6161     0.8460
[1] 12300.0000     0.0000     0.8010    -0.0743     2.0702     0.8810
[1] 12400.0000     0.2074     0.8019    -1.3445     3.3512     1.1971
[1] 12500.0000     0.0000     0.8059    -0.3202     2.3016     1.1427
[1] 12600.0000     0.0000     0.8126    -0.4665     2.5577     1.1805
[1] 12700.0000     0.0000     0.9741     0.1841     1.7127     0.9415
[1] 12800.0000     0.0000     0.9902    -0.3554     2.2322     0.9345
[1] 12900.0000     0.0141     0.9204     0.5364     1.4686     0.8219
[1] 13000.0000     0.0000     0.8069    -0.0179     1.9908     1.0997
[1] 13100.0000     0.0000     0.9404     1.4811     0.5391     0.9822
[1] 13200.0000     0.0000     0.8843    -0.5752     2.5535     0.9997
[1] 13300.0000     0.0000     0.8427    -0.8245     2.7350     1.0281
[1] 13400.0000     0.0000     0.8092    -0.8352     2.7934     1.1676
[1] 13500.0000     0.0000     0.8466    -0.5240     2.4542     0.8143
[1] 13600.0000     0.0000     0.8917     0.5832     1.3652     1.0301
[1] 13700.0000     0.0000     0.9094    -0.1322     2.1147     0.8623
[1] 13800.0000     0.0000     0.8787    -0.9825     2.9422     1.0611
[1] 13900.0000     0.0000     0.8573    -0.1235     2.0768     0.8372
[1] 14000.0000     0.0000     0.9588    -0.0803     1.9508     0.9662
[1] 14100.0000     0.0000     0.8411     0.5698     1.2881     1.1804
[1] 1.420e+04 0.000e+00 8.479e-01 2.256e-01 1.664e+00 8.739e-01
[1] 14300.0000     0.0000     0.9227    -1.2832     3.2006     1.0001
[1] 14400.0000     0.0028     0.8623    -0.0702     2.0027     0.8985
[1] 14500.0000     0.6495     0.9833     0.8843     1.0745     1.1771
[1] 14600.0000     0.0000     0.8570     0.3751     1.5101     1.1138
[1] 14700.0000     0.0000     0.8974     0.1185     1.7587     1.0871
[1] 14800.0000     0.0000     0.9433     1.6434     0.2091     0.9182
[1] 14900.0000     0.0009     0.9582     0.8687     1.1409     1.0321
[1] 15000.0000     0.0122     0.8279     0.2145     1.7951     1.0826
[1] 15100.0000     1.0000     0.8292     0.1332     1.8264     0.9249
[1] 15200.0000     0.0000     0.8242     0.9787     1.0398     1.0800
[1] 15300.0000     0.0504     0.8059     0.0656     1.9258     0.9091
[1] 15400.0000     0.0001     0.8072    -1.4490     3.4304     1.0717
[1] 15500.0000     0.0000     0.8701    -1.4843     3.4992     1.0212
[1] 15600.0000     0.0000     0.8520    -0.4612     2.4851     1.1912
[1] 15700.0000     0.0000     0.8475     0.0264     1.8625     0.9690
[1] 15800.0000     0.0000     0.9108     0.3065     1.6085     0.9068
[1] 15900.0000     0.0000     0.8876     0.3326     1.5515     0.9067
[1] 16000.0000     0.0002     0.8124    -0.1953     2.1740     1.1160
[1] 16100.0000     0.0000     0.8125     0.9156     1.0427     0.8885
[1] 16200.0000     0.0000     0.9466     0.1484     1.7354     0.9477
[1] 16300.0000     0.0000     0.9327     0.1369     1.8695     0.9714
[1] 16400.0000     0.0000     0.8807     0.0550     1.9388     0.8691
[1] 16500.0000     0.3928     0.9646    -0.2065     2.1175     1.1820
[1] 16600.0000     0.0000     0.8294    -1.1619     3.1711     0.8835
[1] 16700.0000     0.0000     0.9635     0.7627     1.1176     0.8336
[1] 16800.0000     0.0000     0.9358     0.0736     1.9169     0.9778
[1] 16900.0000     0.0000     0.8138     0.1733     1.7273     1.1004
[1] 17000.0000     0.0000     0.9790    -0.0659     2.0461     0.8822
[1] 17100.0000     0.0000     0.9305     1.1492     0.8706     0.9283
[1] 17200.0000     0.0000     0.9497     1.3663     0.5214     0.8252
[1] 17300.0000     1.0000     0.8396     0.2742     1.6680     1.0131
[1] 17400.0000     0.0000     0.8593     0.4163     1.5857     1.1450
[1] 17500.0000     0.0000     0.9677    -0.2240     2.2158     1.1479
[1] 17600.0000     0.0000     0.8698    -0.1392     2.1348     0.8781
[1] 17700.0000     0.0000     0.8794     0.7172     1.2579     0.9707
[1] 17800.0000     0.0000     0.8771    -0.8036     2.8597     0.9481
[1] 17900.0000     0.0000     0.9083    -0.4940     2.5133     0.9495
[1] 18000.0000     0.6845     0.9109     0.3333     1.6952     0.8712
[1] 18100.0000     0.0000     0.9461     0.2706     1.5818     0.9222
[1] 18200.0000     0.0000     0.9706     1.0891     0.8524     0.8923
[1] 18300.0000     0.0000     0.9012    -0.3597     2.3362     1.0710
[1] 18400.0000     0.0000     0.9529    -0.9412     2.9511     0.8173
[1] 1.850e+04 0.000e+00 8.451e-01 2.809e-01 1.728e+00 9.054e-01
[1] 18600.0000     0.0000     0.8656    -0.5148     2.5237     0.8624
[1] 18700.0000     0.0000     0.8080     0.2228     1.8761     0.9308
[1] 18800.0000     0.0000     0.8635     0.6037     1.3479     1.1693
[1] 18900.0000     0.0000     0.9024     0.3732     1.5203     1.0613
[1] 19000.0000     0.0000     0.8366    -0.1874     2.0973     0.8015
[1] 19100.0000     0.0000     0.8142    -0.7706     2.7294     1.0716
[1] 19200.0000     0.0000     0.8001    -0.8361     2.7497     0.9641
[1] 19300.0000     0.0000     0.8035    -0.4955     2.3729     1.0886
[1] 19400.0000     0.0000     0.8040     0.1780     1.9453     1.1551
[1] 19500.0000     0.0000     0.9654     0.2833     1.6513     0.9669
[1] 19600.0000     0.5432     0.8529    -0.4185     2.3754     0.8752
[1] 19700.0000     0.0000     0.8982     0.1710     1.6727     1.1826
[1] 19800.0000     0.0000     0.9408     0.8805     1.1215     0.9927
[1] 19900.0000     0.0000     0.9981     0.3888     1.5873     1.0280
[1] 20000.0000     0.0000     0.8609    -0.7906     2.7553     1.1764
[1] 20100.0000     0.0000     0.9080     0.8622     1.1435     1.0402
[1] 20200.0000     0.8519     0.9840    -0.1816     2.1410     1.1380
[1] 20300.0000     0.0000     0.9533    -0.2574     2.2139     0.8784
[1] 20400.0000     0.0031     0.9072    -0.5104     2.4761     0.9991
[1] 20500.0000     0.0000     0.8964    -0.4600     2.4812     1.1285
[1] 20600.0000     0.1078     0.8137     0.0295     1.9692     0.9497
[1] 20700.0000     1.0000     0.8107    -0.1133     2.1040     1.0874
[1] 20800.0000     0.0000     0.9606    -0.4992     2.4927     1.0886
[1] 20900.0000     0.0003     0.9198     0.2535     1.6929     1.1653
[1] 21000.0000     0.0000     0.9912     1.0190     0.8950     1.0875
[1] 21100.0000     0.0000     0.9732    -0.4723     2.3758     0.8253
[1] 21200.0000     0.0100     0.9704    -0.2195     2.1797     1.1667
[1] 21300.0000     0.0000     0.9596    -0.5664     2.5020     1.0815
[1] 2.140e+04 1.000e-04 9.719e-01 5.300e-03 1.968e+00 9.071e-01
[1] 21500.0000     0.0000     0.9375    -0.4606     2.3328     1.0777
[1] 21600.0000     0.0000     0.8010    -0.8194     2.7649     1.1966
[1] 21700.0000     0.0000     0.8416    -0.8857     2.8925     1.0860
[1] 21800.0000     0.0000     0.8218    -0.2228     2.3082     1.1739
[1] 21900.0000     0.0000     0.9408    -0.0734     1.9732     0.9421
[1] 2.200e+04 0.000e+00 8.850e-01 9.808e-01 9.943e-01 9.555e-01
[1] 22100.0000     0.0000     0.9825    -0.4959     2.4539     1.1195
[1] 22200.0000     0.0000     0.9349    -0.3597     2.2566     0.9881
[1] 22300.0000     0.0000     0.8584    -0.1166     2.0890     0.9367
[1] 22400.0000     0.0000     0.9494     0.5050     1.5281     0.9207
[1] 22500.0000     0.0016     0.9610     1.0602     0.9410     0.9963
[1] 22600.0000     0.0000     0.8257     0.4585     1.5191     1.1053
[1] 22700.0000     0.0000     0.8271     0.0986     1.7644     1.1968
[1] 22800.0000     0.0000     0.9630    -0.2206     2.2627     0.9437
[1] 22900.0000     0.0000     0.9207     0.5956     1.2698     0.8362
[1] 23000.0000     0.0000     0.8448     0.0954     1.8237     1.1964
[1] 23100.0000     0.0000     0.9231     0.4630     1.4377     0.8179
[1] 23200.0000     0.0000     0.8288    -0.4712     2.4322     0.8616
[1] 23300.0000     0.1851     0.8966    -0.3049     2.2529     1.0199
[1] 23400.0000     0.0000     0.9703     0.1249     1.8489     0.9326
[1] 23500.0000     0.0000     0.9561     0.7342     1.2239     1.0572
[1] 23600.0000     0.0000     0.8176     0.6466     1.2691     0.8266
[1] 23700.0000     0.0000     0.8580     0.2374     1.6992     0.8494
[1] 23800.0000     0.0000     0.9509     0.1401     1.6852     0.9516
[1] 23900.0000     0.0000     0.8157     0.1099     1.8488     0.8034
[1] 24000.0000     0.0000     0.9653    -0.3239     2.2518     0.9324
[1] 24100.0000     0.0000     0.8289    -0.9402     2.9340     0.9877
[1] 24200.0000     0.0000     0.8463    -0.0503     1.9997     1.0120
[1] 24300.0000     0.0000     0.8207    -0.6415     2.6044     1.1509
[1] 24400.0000     1.0000     0.9947     1.0434     0.9246     0.9697
[1] 24500.0000     0.0000     0.9064     1.0118     0.9114     0.8345
[1] 24600.0000     0.0000     0.9062     0.4764     1.4477     0.8877
[1] 24700.0000     0.0000     0.9025    -0.2068     2.1737     0.8040
[1] 24800.0000     0.0000     0.8109    -0.4249     2.4102     1.1899
[1] 24900.0000     0.0000     0.9495    -0.4961     2.4207     0.8626
[1] 25000.0000     0.0008     0.9467    -0.1160     2.1165     1.0393
[1] 25100.0000     0.0000     0.9605     1.2838     0.6599     1.0743
[1] 25200.0000     0.0000     0.8184    -0.3042     2.2557     0.8574
[1] 25300.0000     1.0000     0.8151    -0.5799     2.5533     1.0748
[1] 25400.0000     1.0000     0.8988    -0.1929     2.1834     1.0888
[1] 25500.0000     0.0000     0.8147     0.3143     1.6457     1.1844
[1] 25600.0000     0.0000     0.8978    -0.2212     2.1982     1.1142
[1] 25700.0000     0.0000     0.8060     0.8016     1.1893     0.8422
[1] 25800.0000     0.0000     0.8043     0.7678     1.1022     0.8730
[1] 25900.0000     1.0000     0.8632     0.1355     1.8296     1.1254
[1] 26000.0000     0.0099     0.8358    -0.6598     2.6378     1.1365
[1] 26100.0000     0.0000     0.9196    -0.0946     1.9819     1.1722
[1] 26200.0000     0.0000     0.9768    -0.4050     2.3087     0.9801
[1] 26300.0000     0.0000     0.8530    -0.6216     2.6302     1.0678
[1] 26400.0000     0.0000     0.8767     0.0790     1.7771     0.8041
[1] 26500.0000     0.0044     0.8556    -0.0673     2.0499     0.8038
[1] 26600.0000     0.0000     0.9293    -1.1177     3.2544     0.8497
[1] 26700.0000     0.0000     0.8184    -0.6309     2.5340     0.9177
[1] 26800.0000     0.0000     0.8448    -2.1796     4.0691     0.8652
[1] 26900.0000     0.0000     0.9184    -0.0114     1.9253     1.1619
[1] 27000.0000     0.0000     0.8794    -0.5885     2.5344     0.8948
[1] 27100.0000     0.7583     0.9280    -0.5768     2.5390     1.0348
[1] 27200.0000     0.0000     0.8628     0.8054     1.1498     1.0265
[1] 27300.0000     0.0000     0.8270    -0.4298     2.3916     1.1347
[1] 27400.0000     0.0000     0.8182     0.5769     1.3502     1.1040
[1] 27500.0000     0.0000     0.8463     0.7422     1.3216     0.8762
[1] 27600.0000     0.0000     0.8732     1.6282     0.3555     0.9172
[1] 27700.0000     0.0000     0.8768     0.3772     1.6510     1.0202
[1] 27800.0000     0.0000     0.8338     0.3989     1.5237     0.9440
[1] 27900.0000     1.0000     0.8904     0.2883     1.6437     0.9276
[1] 28000.0000     0.0000     0.8025    -0.5423     2.4993     0.9240
[1] 28100.0000     0.0000     0.9262     0.8878     1.1323     1.0710
[1] 28200.0000     0.0000     0.9683     0.3369     1.6165     0.8917
[1] 28300.0000     0.0000     0.9886    -0.2166     2.1543     1.1843
[1] 28400.0000     1.0000     0.9594    -0.7223     2.6094     0.8105
[1] 28500.0000     0.0000     0.8824     0.4796     1.4517     0.8003
[1] 28600.0000     0.0000     0.9775    -0.1110     1.9897     0.9079
[1] 28700.0000     0.0000     0.8546    -1.3089     3.1884     0.9787
[1] 28800.0000     0.0000     0.8104     0.1263     1.8612     1.1940
[1] 28900.0000     0.0000     0.9137     0.5736     1.5155     0.8478
[1] 29000.0000     0.0000     0.9277    -0.4413     2.3806     1.1735
[1] 29100.0000     0.0000     0.8872    -0.7258     2.7387     1.0232
[1] 29200.0000     0.0155     0.9367     0.9931     0.9303     1.1465
[1] 29300.0000     0.0000     0.9749     0.6203     1.2764     0.9782
[1] 29400.0000     0.0000     0.9394     1.1117     0.7657     1.1754
[1] 29500.0000     0.0000     0.8094    -0.6461     2.5704     0.8253
[1] 29600.0000     0.0000     0.8335     0.5260     1.4139     1.1940
[1] 29700.0000     0.0000     0.9991     0.0772     1.8447     0.9357
[1] 29800.0000     0.0000     0.8503    -0.8957     2.8589     0.9822
[1] 29900.0000     0.7849     0.9798    -0.1149     2.1199     1.0014
[1] 30000.0000     0.0000     0.8841     0.8283     1.1063     1.0036
[1] 0.06679733
Time difference of 3.552412 hours
null device 
          1 
