[1] "El numero de nodos X particion es: 10"
[1] "Model = M1 / Data = sim_data/datasetSVIExponential27.Rdata"
[1] 100.0000   0.6381   0.9429   0.1178   1.8810   1.1970
[1] 200.0000   0.0154   0.8487   0.0031   1.9546   0.8384
[1] 300.0000   0.7353   0.8776   0.0517   2.0040   1.0665
[1] 400.0000   0.0575   0.9217  -0.2338   2.2196   0.9692
[1] 500.0000   0.0000   0.8380   0.4171   1.6542   0.8203
[1] 600.0000   0.8152   0.9748  -0.0983   2.0185   1.0386
[1] 700.0000   0.0368   0.9506  -0.1993   2.2068   1.0413
[1] 800.0000   0.0006   0.9313  -0.0576   1.9904   1.0430
[1] 900.0000   0.0000   0.9344  -0.0981   2.0204   1.0036
[1] 1000.0000    0.0000    0.8209   -0.4465    2.4310    0.9374
[1] 1100.0000    0.0000    0.8924    0.6529    1.3147    0.9545
[1] 1200.0000    0.7463    0.8603    0.2699    1.8139    0.9164
[1] 1300.0000    0.0321    0.9805   -0.4637    2.4807    0.8049
[1] 1400.0000    0.0000    0.9303   -0.6030    2.5308    1.1894
[1] 1500.0000    0.0000    0.9584    0.2901    1.7482    1.0940
[1] 1600.0000    0.0000    0.9998   -0.3453    2.3992    1.1214
[1] 1700.0000    0.0000    0.8745   -0.0363    2.1074    0.9148
[1] 1800.0000    0.0000    0.8314   -0.2306    2.2372    0.9945
[1] 1900.0000    0.0000    0.9875   -0.2250    2.2793    0.8532
[1] 2000.0000    0.0000    0.9400    0.2731    1.7563    1.1109
[1] 2100.0000    0.0000    0.9372   -0.0091    1.9762    0.8634
[1] 2200.0000    0.0000    0.8668    0.1206    1.9187    1.0989
[1] 2300.0000    0.0001    0.9906    0.3753    1.5688    0.8768
[1] 2400.0000    0.0000    0.9355   -0.0130    2.0186    1.1578
[1] 2500.0000    0.0957    0.9668    0.0847    1.8868    0.8029
[1] 2600.0000    0.0000    0.8617   -0.3542    2.3481    0.8044
[1] 2700.0000    0.0000    0.9734   -0.2413    2.3000    0.9822
[1] 2800.0000    0.0018    0.9382    0.1663    1.7455    1.1558
[1] 2900.0000    0.0022    0.9982   -0.3250    2.3100    0.9626
[1] 3000.0000    0.0000    0.8454   -0.1107    2.1189    0.9669
[1] 3100.0000    0.0000    0.9787    0.2573    1.7665    0.9283
[1] 3200.0000    0.0000    0.9190    0.2428    1.7669    0.9575
[1] 3300.0000    0.0000    0.9797   -0.1717    2.2160    1.0744
[1] 3400.0000    1.0000    0.8983   -0.1614    2.2198    1.1525
[1] 3500.0000    0.0000    0.8568    0.0507    1.9305    1.0820
[1] 3600.0000    0.0000    0.9027   -0.1185    2.1488    1.1569
[1] 3700.0000    0.2931    0.9950    0.5755    1.4756    1.0085
[1] 3800.0000    0.0000    0.9791    0.5492    1.4398    1.0179
[1] 3900.0000    0.0000    0.9030   -0.4447    2.4662    0.9530
[1] 4000.0000    0.0000    0.9448   -0.0956    2.1408    1.0791
[1] 4100.0000    0.0000    0.8388    0.0676    1.9698    0.8864
[1] 4200.0000    0.0000    0.9756   -0.4410    2.4115    0.9752
[1] 4300.0000    0.6037    0.8741   -0.4160    2.4145    1.1249
[1] 4400.0000    0.0000    0.9459   -0.3018    2.3040    1.1887
[1] 4500.0000    0.9909    0.8410   -0.1021    2.1261    1.1520
[1] 4600.0000    0.0062    0.9525    0.1614    1.8504    1.1110
[1] 4700.0000    0.0000    0.8536   -0.1419    2.1737    0.9410
[1] 4800.0000    0.0000    0.8977   -0.4210    2.4093    0.9517
[1] 4900.0000    0.0000    0.9924   -0.4930    2.5452    1.1836
[1] 5000.0000    0.2707    0.8074   -0.2458    2.1806    1.0307
[1] 5100.0000    0.0000    0.9679   -0.2692    2.2234    1.1951
[1] 5200.0000    0.0000    0.8051    0.3045    1.7092    0.8965
[1] 5300.0000    0.0000    0.8845    0.3011    1.7167    1.0022
[1] 5400.0000    0.0000    0.8536    0.1047    1.7975    0.9337
[1] 5500.0000    0.0000    0.8913    0.3391    1.6448    1.1131
[1] 5600.0000    0.0000    0.8117   -0.1094    2.1098    0.9121
[1] 5700.0000    0.0000    0.8882    0.2141    1.7672    1.0651
[1] 5800.0000    0.0000    0.8612   -0.4574    2.4835    1.0327
[1] 5900.0000    0.0000    0.8278    0.3457    1.6562    1.0767
[1] 6000.0000    0.0000    0.8273    0.6611    1.4065    0.8750
[1] 6100.0000    0.0000    0.9100    0.3208    1.6325    1.1509
[1] 6200.0000    0.0091    0.9400    0.0229    1.8583    0.8404
[1] 6300.0000    0.0000    0.9569    0.0129    2.0605    0.8080
[1] 6400.0000    0.0000    0.9885   -0.3419    2.4475    0.8165
[1] 6500.0000    0.0682    0.9084   -0.1531    2.1773    1.0918
[1] 6600.0000    0.0000    0.8401    0.1100    1.8823    1.0889
[1] 6700.0000    0.0000    0.8204   -0.2419    2.1953    0.9264
[1] 6800.0000    0.0592    0.8794    0.2195    1.7111    0.9381
[1] 6900.0000    0.0000    0.9267   -0.2358    2.3147    1.0380
[1] 7000.0000    0.0000    0.8521    0.2557    1.7782    1.0680
[1] 7100.0000    0.0000    0.9857   -0.3022    2.2491    1.0571
[1] 7200.0000    0.0000    0.9505    0.1469    1.9826    1.0056
[1] 7300.0000    0.0000    0.8356    0.8196    1.1816    1.1395
[1] 7400.0000    0.0000    0.9512   -0.0560    2.0423    0.8676
[1] 7500.0000    0.0001    0.9989   -0.8549    2.6853    1.1081
[1] 7600.0000    0.0000    0.9493   -0.0779    2.1292    0.9281
[1] 7700.0000    0.0000    0.8348   -0.5816    2.5180    1.0869
[1] 7800.0000    0.0000    0.9477   -0.0598    2.0368    0.8206
[1] 7900.0000    0.0000    0.8037   -0.0858    2.0295    1.1632
[1] 8000.0000    0.0000    0.9309   -0.2014    2.1208    1.0835
[1] 8100.0000    0.0000    0.8250   -0.0994    2.0641    1.1136
[1] 8200.0000    0.0000    0.9207   -0.1057    2.2035    1.1282
[1] 8300.0000    0.0000    0.8896   -0.3638    2.4602    1.1748
[1] 8400.0000    0.0000    0.9658   -0.0579    2.0536    0.9286
[1] 8500.0000    0.0000    0.8325   -0.0950    2.1295    1.0750
[1] 8600.0000    0.8507    0.9214   -0.6303    2.5712    1.0135
[1] 8700.0000    0.0000    0.8940    0.1068    1.9418    1.0236
[1] 8800.0000    0.0000    0.9824    0.4403    1.4611    0.9904
[1] 8900.0000    0.0000    0.8674    0.5325    1.5279    1.0474
[1] 9000.0000    0.0000    0.9268    0.3010    1.6807    0.8237
[1] 9100.0000    0.0000    0.9806    0.4357    1.5445    1.0696
[1] 9200.0000    0.0000    0.8777    0.1850    1.8573    1.1489
[1] 9300.0000    0.0000    0.8689    0.2419    1.7916    0.9976
[1] 9400.0000    0.0000    0.9163    0.7833    1.2035    0.8003
[1] 9500.0000    0.0000    0.8817    0.0961    1.8508    1.0875
[1] 9600.0000    0.5543    0.8149    0.0303    2.0904    0.9056
[1] 9700.0000    0.0000    0.9657    0.6747    1.3931    0.9166
[1] 9800.0000    0.0000    0.9462   -0.5581    2.5425    1.1275
[1] 9900.0000    0.0000    0.8192    0.8162    1.1570    0.8099
[1] 10000.0000     0.6576     0.9984    -0.2971     2.2886     0.9987
[1] 10100.0000     0.9334     0.9049    -0.0282     2.1064     1.0751
[1] 10200.0000     1.0000     0.9808    -0.2012     2.1800     0.8342
[1] 10300.0000     0.2059     0.9549     0.8184     1.2188     0.8021
[1] 10400.0000     0.0000     0.9434     0.1949     1.7701     1.1753
[1] 10500.0000     0.0004     0.9828     0.0251     1.9979     0.8036
[1] 10600.0000     0.0000     0.8442     0.1906     1.7749     0.9495
[1] 10700.0000     0.0000     0.9346     0.6312     1.4406     1.0990
[1] 10800.0000     1.0000     0.8056    -0.0344     2.0614     0.8503
[1] 10900.0000     0.0000     0.9660     0.6293     1.4825     1.1970
[1] 11000.0000     0.5035     0.8012     0.4927     1.5897     0.9407
[1] 11100.0000     0.0000     0.9587    -0.1475     2.1380     0.9308
[1] 11200.0000     0.1568     0.9205     0.0220     1.8963     0.9873
[1] 11300.0000     0.0000     0.9481    -0.6488     2.5654     1.1448
[1] 11400.0000     0.0002     0.9548     0.2492     1.6863     1.0047
[1] 11500.0000     0.0000     0.8061    -0.0630     2.0850     1.1646
[1] 11600.0000     0.4454     0.9382    -0.3887     2.3085     0.8033
[1] 11700.0000     1.0000     0.8766    -0.4948     2.5547     0.9110
[1] 11800.0000     0.0000     0.8027     0.3370     1.5917     0.8530
[1] 11900.0000     0.0000     0.9637    -0.6854     2.6503     0.8690
[1] 12000.0000     0.0000     0.8056    -0.1189     2.1384     1.1142
[1] 12100.0000     0.0000     0.8666    -0.2612     2.2178     0.9630
[1] 12200.0000     0.1531     0.9853     0.4748     1.5717     1.1443
[1] 12300.0000     0.0022     0.8010     0.2362     1.7745     0.8810
[1] 12400.0000     0.6651     0.8046     0.4732     1.5483     0.8797
[1] 12500.0000     0.0000     0.8870     0.2732     1.7094     1.1524
[1] 12600.0000     0.0000     0.9359    -0.3794     2.4374     1.1279
[1] 12700.0000     0.0235     0.9614    -0.0280     1.9431     0.8958
[1] 12800.0000     0.0000     0.9902    -0.6926     2.6575     0.9345
[1] 12900.0000     0.6205     0.9728     0.3532     1.6942     0.8641
[1] 13000.0000     0.0000     0.8069    -0.0504     2.0287     1.0997
[1] 13100.0000     0.0000     0.9339     0.9079     1.0767     1.1193
[1] 13200.0000     0.0330     0.8843    -0.5728     2.5682     0.9997
[1] 13300.0000     0.0000     0.8732    -0.2973     2.2721     0.8933
[1] 13400.0000     0.0000     0.9676     0.1534     1.8275     1.1418
[1] 13500.0000     0.0000     0.8466    -0.3232     2.3560     0.8143
[1] 13600.0000     0.0000     0.8917     0.5315     1.5530     1.0301
[1] 13700.0000     0.0000     0.8708     0.2979     1.7208     1.0127
[1] 13800.0000     0.0000     0.9275    -0.3190     2.3375     1.0955
[1] 13900.0000     0.0006     0.8573     0.0980     1.9347     0.8372
[1] 1.400e+04 0.000e+00 9.588e-01 1.840e-02 2.011e+00 9.662e-01
[1] 14100.0000     0.0000     0.8844     0.0399     1.8501     1.1867
[1] 14200.0000     0.0001     0.8479     0.6801     1.2624     0.8739
[1] 14300.0000     0.0000     0.9227    -0.5318     2.5068     1.0001
[1] 14400.0000     0.1193     0.8623    -0.2022     2.1779     0.8985
[1] 14500.0000     1.0000     0.9833     0.1473     1.8909     1.1771
[1] 14600.0000     0.0000     0.8912    -0.1468     2.1209     0.8958
[1] 14700.0000     0.0000     0.9923    -0.1913     2.1363     1.0723
[1] 14800.0000     0.0000     0.8106     0.4135     1.5213     1.0978
[1] 14900.0000     0.0515     0.9582    -0.2071     2.2740     1.0321
[1] 15000.0000     0.1192     0.8279     0.4200     1.5534     1.0826
[1] 15100.0000     0.3876     0.8384    -0.2903     2.3475     0.8510
[1] 15200.0000     0.0000     0.8242     0.6790     1.3975     1.0800
[1] 15300.0000     1.0000     0.8282     0.2650     1.7161     1.1177
[1] 15400.0000     0.6797     0.9829    -0.4161     2.3542     1.0368
[1] 15500.0000     0.0000     0.9734    -0.5351     2.5525     1.1714
[1] 15600.0000     0.0000     0.8520    -0.4565     2.4367     1.1912
[1] 15700.0000     0.0000     0.8475    -0.1475     2.1347     0.9690
[1] 15800.0000     0.0716     0.8834    -0.1334     2.0929     0.9061
[1] 15900.0000     0.0000     0.9431    -0.0588     2.0215     0.8611
[1] 16000.0000     0.0604     0.9938    -0.1048     2.1100     0.9671
[1] 16100.0000     0.0000     0.8906     0.1455     1.8557     0.9023
[1] 16200.0000     0.0001     0.9466    -0.0636     2.0308     0.9477
[1] 16300.0000     0.0000     0.9327     0.0799     1.9004     0.9714
[1] 16400.0000     0.0000     0.9401     0.1593     1.8665     0.9237
[1] 1.650e+04 1.000e+00 9.407e-01 7.707e-01 1.216e+00 9.877e-01
[1] 16600.0000     0.0048     0.8568     0.1761     1.8908     1.0645
[1] 16700.0000     0.0001     0.9635    -0.0576     2.0560     0.8336
[1] 16800.0000     0.0000     0.8165     0.3062     1.7545     1.0376
[1] 16900.0000     0.0000     0.8583    -0.0932     2.0463     0.9158
[1] 17000.0000     0.0000     0.9790    -0.3413     2.3042     0.8822
[1] 17100.0000     0.0182     0.9305     0.6267     1.3454     0.9283
[1] 17200.0000     0.0140     0.9497    -0.0273     2.0421     0.8252
[1] 17300.0000     1.0000     0.8396     0.1175     1.9581     1.0131
[1] 17400.0000     0.0000     0.8593    -0.1322     2.1745     1.1450
[1] 17500.0000     0.0000     0.9677     0.1297     1.8400     1.1479
[1] 17600.0000     0.0000     0.9839    -0.0684     2.0802     1.0238
[1] 17700.0000     0.0000     0.8794    -0.0064     2.0459     0.9707
[1] 17800.0000     0.0159     0.9571    -0.3798     2.4743     0.9258
[1] 17900.0000     0.0000     0.9083    -0.1317     2.1026     0.9495
[1] 18000.0000     0.4474     0.9109    -0.2336     2.3250     0.8712
[1] 18100.0000     0.0000     0.9461    -0.1864     2.1749     0.9222
[1] 18200.0000     0.0024     0.8142     0.8333     1.2091     0.8298
[1] 18300.0000     0.0000     0.9928    -0.2186     2.2731     1.1096
[1] 18400.0000     0.0000     0.9121     0.0505     1.9964     0.9764
[1] 18500.0000     0.0000     0.8451     0.1803     1.8479     0.9054
[1] 18600.0000     0.0000     0.8656    -0.1008     2.1743     0.8624
[1] 18700.0000     0.0000     0.8690     0.1622     1.7544     0.9055
[1] 18800.0000     0.0000     0.8537    -0.2099     2.2320     0.9005
[1] 18900.0000     0.0000     0.9024    -0.1487     2.1465     1.0613
[1] 19000.0000     0.0000     0.8366    -0.1939     2.1753     0.8015
[1] 19100.0000     0.0000     0.8142    -0.3192     2.2179     1.0716
[1] 19200.0000     0.0000     0.8001     0.5138     1.4477     0.9641
[1] 19300.0000     0.0000     0.9918     0.0418     1.9672     0.8386
[1] 19400.0000     0.0000     0.8040    -0.1390     2.1994     1.1551
[1] 19500.0000     0.0000     0.9654    -0.1208     2.1420     0.9669
[1] 19600.0000     0.5955     0.9162    -0.3358     2.3137     0.8038
[1] 19700.0000     0.0000     0.8143     0.2756     1.7162     0.8081
[1] 19800.0000     0.0000     0.9911     0.4497     1.5585     0.9546
[1] 19900.0000     0.0000     0.9981    -0.4107     2.4837     1.0280
[1] 20000.0000     0.0000     0.8708    -0.1872     2.2147     1.0213
[1] 20100.0000     0.0000     0.9794     0.3985     1.6555     1.1721
[1] 20200.0000     1.0000     0.9840    -0.1105     2.0723     1.1380
[1] 20300.0000     0.0000     0.8028     0.2999     1.7773     0.9708
[1] 20400.0000     0.0093     0.9845    -0.0936     2.0128     1.1049
[1] 20500.0000     0.0000     0.8964    -0.0834     2.1264     1.1285
[1] 20600.0000     1.0000     0.9169     0.4636     1.5907     1.1057
[1] 20700.0000     0.9549     0.8107     0.0096     2.0359     1.0874
[1] 20800.0000     0.0000     0.9647    -0.4726     2.4830     0.9204
[1] 20900.0000     0.0519     0.9109    -0.1853     2.1583     0.9980
[1] 21000.0000     0.0000     0.9912     0.5597     1.4083     1.0875
[1] 21100.0000     0.0000     0.9732    -0.1521     2.0644     0.8253
[1] 21200.0000     0.2120     0.9704     0.4411     1.5360     1.1667
[1] 21300.0000     0.0000     0.8782    -0.6855     2.6669     1.0748
[1] 21400.0000     0.0078     0.9719    -0.3172     2.2794     0.9071
[1] 21500.0000     0.0000     0.9375    -0.6071     2.5547     1.0777
[1] 21600.0000     0.0040     0.8420    -0.1624     2.1939     0.8926
[1] 21700.0000     0.0000     0.8449    -0.5630     2.5435     0.9351
[1] 21800.0000     0.0432     0.8417    -0.0560     2.0448     1.0310
[1] 21900.0000     0.0000     0.8416     0.3313     1.6533     1.1370
[1] 22000.0000     0.0000     0.8850     0.1099     1.8276     0.9555
[1] 22100.0000     0.0000     0.9825    -0.1771     2.1473     1.1195
[1] 22200.0000     0.0000     0.8403    -0.3387     2.3060     1.1277
[1] 22300.0000     0.3448     0.9726     0.3740     1.7448     0.8521
[1] 22400.0000     0.0007     0.9494    -0.0891     2.1011     0.9207
[1] 22500.0000     0.2940     0.8623     0.3588     1.7189     0.8008
[1] 22600.0000     0.0000     0.8858     0.0978     1.8773     0.9064
[1] 22700.0000     0.0000     0.8271     0.2125     1.7538     1.1968
[1] 22800.0000     0.0007     0.9630     0.0168     1.9681     0.9437
[1] 22900.0000     0.0000     0.9287     0.1378     1.7871     0.9003
[1] 23000.0000     0.0000     0.9652     0.2120     1.8151     1.0264
[1] 23100.0000     0.0000     0.9231    -0.5223     2.5194     0.8179
[1] 23200.0000     0.0020     0.9483    -0.0210     1.9329     1.0848
[1] 23300.0000     0.2529     0.9904     0.3391     1.7319     1.1810
[1] 23400.0000     0.0003     0.8223    -0.2444     2.2954     1.0249
[1] 23500.0000     0.0000     0.8934    -0.8872     2.8270     1.1391
[1] 23600.0000     0.0000     0.8176     0.1791     1.8042     0.8266
[1] 23700.0000     0.0000     0.8580     0.2521     1.7752     0.8494
[1] 23800.0000     0.0000     0.9509    -0.2494     2.1997     0.9516
[1] 23900.0000     0.0204     0.9496     0.4785     1.5105     1.1869
[1] 24000.0000     0.0000     0.9801    -0.0281     1.9650     1.1551
[1] 24100.0000     0.0000     0.8747    -0.7742     2.7060     1.0767
[1] 24200.0000     0.0000     0.8562     0.2015     1.6981     0.9310
[1] 24300.0000     0.0000     0.9879    -0.5275     2.5543     1.1930
[1] 24400.0000     0.8106     0.9947     0.4821     1.5337     0.9697
[1] 24500.0000     0.0000     0.9064     0.1940     1.7924     0.8345
[1] 24600.0000     0.0000     0.9062    -0.3530     2.2555     0.8877
[1] 24700.0000     0.0020     0.9574    -0.3403     2.2787     1.0919
[1] 24800.0000     0.0142     0.8109     0.0269     2.0111     1.1899
[1] 24900.0000     0.0492     0.9495    -0.1487     2.1810     0.8626
[1] 25000.0000     0.0725     0.8801     0.1373     1.7455     0.8235
[1] 25100.0000     0.0011     0.9102     0.3855     1.6308     0.9221
[1] 25200.0000     0.0000     0.9920    -0.0868     2.1457     0.8420
[1] 25300.0000     1.0000     0.8151     0.1056     1.9037     1.0748
[1] 25400.0000     1.0000     0.8988    -0.0799     2.0752     1.0888
[1] 25500.0000     0.0000     0.8147     0.3043     1.7022     1.1844
[1] 25600.0000     0.0000     0.8978     0.0248     2.0004     1.1142
[1] 25700.0000     0.0000     0.8662     0.1262     1.8653     1.1677
[1] 25800.0000     0.0000     0.8043     0.0550     1.9688     0.8730
[1] 25900.0000     0.8015     0.8632     0.0391     1.9248     1.1254
[1] 26000.0000     0.9552     0.9492    -0.0745     2.1382     1.0058
[1] 26100.0000     0.0000     0.9196     0.0200     1.8738     1.1722
[1] 26200.0000     0.0022     0.9529    -0.1685     2.1714     1.0017
[1] 26300.0000     0.0000     0.9342    -0.0202     1.9882     1.1434
[1] 26400.0000     0.0000     0.8767    -0.2946     2.2151     0.8041
[1] 26500.0000     0.5631     0.9678     0.0610     2.0302     0.9418
[1] 26600.0000     0.0000     0.8376     0.2154     1.6710     1.1467
[1] 26700.0000     0.2929     0.8892     0.1135     2.0097     0.9428
[1] 26800.0000     0.0000     0.8745    -0.7879     2.9178     0.8287
[1] 26900.0000     0.0000     0.9586    -0.0403     2.1508     1.0279
[1] 27000.0000     0.0000     0.9618    -0.0129     2.0321     1.1838
[1] 27100.0000     0.7218     0.8095     0.1071     1.9301     1.0497
[1] 27200.0000     0.0005     0.8628     0.2505     1.7335     1.0265
[1] 27300.0000     0.0000     0.9754    -0.1863     2.2301     0.9688
[1] 27400.0000     0.0000     0.9269     0.2636     1.8041     1.0000
[1] 27500.0000     0.0000     0.8463     0.2523     1.7665     0.8762
[1] 27600.0000     0.0000     0.8732     0.4066     1.6302     0.9172
[1] 27700.0000     0.0000     0.8219     0.5659     1.4849     0.8500
[1] 27800.0000     0.0000     0.8358     0.2457     1.8320     1.1051
[1] 27900.0000     1.0000     0.8904    -0.1241     2.1610     0.9276
[1] 28000.0000     0.0000     0.8025    -0.1483     2.1541     0.9240
[1] 28100.0000     0.0000     0.9262     0.4372     1.6713     1.0710
[1] 28200.0000     0.0000     0.9693    -0.4320     2.4563     0.8876
[1] 28300.0000     0.0000     0.9886    -0.5678     2.5437     1.1843
[1] 28400.0000     0.5958     0.9594    -0.2012     2.3083     0.8105
[1] 28500.0000     0.0000     0.8469     0.2525     1.6655     0.8971
[1] 28600.0000     0.0001     0.9856     0.2348     1.6322     1.1641
[1] 28700.0000     0.0000     0.8546    -0.0155     1.9924     0.9787
[1] 28800.0000     0.0005     0.8104     0.4587     1.5411     1.1940
[1] 28900.0000     0.0000     0.9040    -0.1390     2.0705     0.8375
[1] 29000.0000     0.0000     0.9541     0.0167     1.9765     0.8200
[1] 29100.0000     0.0000     0.9089    -0.5145     2.5049     0.8717
[1] 29200.0000     0.1088     0.9371     0.4241     1.5997     1.1436
[1] 29300.0000     0.2176     0.9749     0.4497     1.5433     0.9782
[1] 29400.0000     0.0145     0.9394     0.7458     1.1919     1.1754
[1] 29500.0000     0.0000     0.8510    -0.3545     2.4064     0.8942
[1] 29600.0000     0.0001     0.8335     0.3418     1.6388     1.1940
[1] 29700.0000     0.0000     0.9571     0.3125     1.6032     0.9736
[1] 29800.0000     0.0000     0.8503     0.1810     1.8395     0.9822
[1] 29900.0000     1.0000     0.9798     0.1334     1.9083     1.0014
[1] 3.000e+04 0.000e+00 8.442e-01 3.234e-01 1.543e+00 8.821e-01
[1] 0.1269949
Time difference of 3.84526 hours
null device 
          1 
