[1] "El numero de nodos X particion es: 10"
[1] "Model = M2 / Data = sim_data/datasetSVIExponential16.Rdata"
[1] 100.0000   0.9408   0.8291   0.0980   2.0037   0.9331
[1] 200.0000   0.0228   0.9592   0.0901   1.9387   1.1736
[1] 300.0000   0.2533   0.8776  -0.1581   2.3751   1.0665
[1] 400.0000   0.1036   0.9217  -0.0557   2.1224   0.9692
[1] 500.0000   0.0000   0.8380   0.1465   2.0169   0.8203
[1] 600.0000   1.0000   0.9748  -0.0300   2.0806   1.0386
[1] 700.0000   0.0577   0.9506  -0.4219   2.5010   1.0413
[1] 800.0000   0.0000   0.9840   0.4671   1.6166   0.9131
[1] 900.0000   0.0000   0.9606  -0.2859   2.3046   1.0158
[1] 1000.0000    0.0000    0.8209   -0.6319    2.6720    0.9374
[1] 1100.0000    0.0000    0.9319    0.0779    1.9211    0.8930
[1] 1200.0000    0.2261    0.8603    0.5485    1.6399    0.9164
[1] 1300.0000    1.0000    0.8617   -0.3414    2.3947    1.0550
[1] 1400.0000    0.0000    0.9303   -0.6537    2.6292    1.1894
[1] 1500.0000    0.0760    0.9694    0.6270    1.3613    1.1238
[1] 1600.0000    0.0000    0.9658   -0.9574    3.0001    1.0950
[1] 1700.0000    0.0000    0.9419   -0.5685    2.7118    1.0966
[1] 1800.0000    0.0000    0.9376   -0.1838    2.2682    0.8302
[1] 1900.0000    0.0000    0.9875   -0.6654    2.7740    0.8532
[1] 2000.0000    0.0000    0.9400   -0.2472    2.3817    1.1109
[1] 2100.0000    0.0000    0.8246   -0.5143    2.5029    1.1071
[1] 2200.0000    0.0000    0.8668    0.3490    1.7760    1.0989
[1] 2300.0000    0.0000    0.8951    0.2078    1.8004    0.9529
[1] 2400.0000    0.0000    0.9355    0.2123    1.8515    1.1578
[1] 2500.0000    0.0306    0.9668    0.3957    1.6067    0.8029
[1] 2600.0000    0.0000    0.8617   -0.1079    2.1119    0.8044
[1] 2700.0000    0.0000    0.8492   -0.5285    2.6680    0.9140
[1] 2800.0000    0.0000    0.9382   -0.3591    2.3627    1.1558
[1] 2900.0000    0.0009    0.9982   -0.5551    2.6702    0.9626
[1] 3000.0000    0.0000    0.8454   -0.1631    2.2790    0.9669
[1] 3100.0000    0.0000    0.9751    0.5577    1.5294    1.0618
[1] 3200.0000    0.0000    0.8205    0.2293    1.8692    0.8873
[1] 3300.0000    0.0000    0.9312    0.2400    1.8437    0.9302
[1] 3400.0000    0.5872    0.8983    0.7882    1.3173    1.1525
[1] 3500.0000    0.0000    0.9256    0.3459    1.6542    1.1684
[1] 3600.0000    0.0000    0.9027   -0.4705    2.5847    1.1569
[1] 3700.0000    1.0000    0.9624    0.5448    1.5349    0.8094
[1] 3800.0000    0.0000    0.9791    1.2059    0.8287    1.0179
[1] 3900.0000    0.0000    0.8319   -0.2905    2.4411    0.8180
[1] 4000.0000    0.0000    0.9448   -0.7047    2.8064    1.0791
[1] 4100.0000    0.0000    0.8388   -1.0075    3.1294    0.8864
[1] 4200.0000    0.0000    0.9756   -0.9414    2.9707    0.9752
[1] 4300.0000    0.4031    0.8741   -1.2026    3.2765    1.1249
[1] 4400.0000    0.0000    0.9983    0.1245    1.9091    1.0333
[1] 4500.0000    0.5695    0.8410    0.7470    1.3926    1.1520
[1] 4600.0000    0.0000    0.9581    0.8492    1.3080    0.8180
[1] 4700.0000    0.0000    0.8528   -0.2734    2.3301    0.8411
[1] 4800.0000    0.0000    0.8660   -0.6503    2.7300    1.0939
[1] 4900.0000    0.0000    0.8114   -0.4890    2.5331    0.8255
[1] 5000.0000    0.0000    0.9762   -0.5799    2.6525    0.8665
[1] 5100.0000    0.0000    0.9679   -0.8891    2.8949    1.1951
[1] 5200.0000    0.0000    0.8051    0.0520    2.0565    0.8965
[1] 5300.0000    0.0000    0.9010   -0.1309    2.1890    1.0910
[1] 5400.0000    0.0000    0.9713   -0.2185    2.1413    1.1011
[1] 5500.0000    0.0000    0.8506    0.6205    1.4136    1.1979
[1] 5600.0000    0.0000    0.9929    0.5616    1.4112    1.1085
[1] 5700.0000    0.0000    0.9445    0.5489    1.5670    1.0237
[1] 5800.0000    0.0000    0.8612   -0.2970    2.4976    1.0327
[1] 5900.0000    0.0000    0.8278    0.2293    1.8912    1.0767
[1] 6000.0000    0.0000    0.9870    0.9646    1.0353    1.0819
[1] 6100.0000    0.0000    0.9572   -0.8991    2.9311    0.9060
[1] 6200.0000    0.0000    0.9400    0.5354    1.4639    0.8404
[1] 6300.0000    0.0000    0.9569    0.5591    1.4703    0.8080
[1] 6400.0000    0.0000    0.9599   -0.0707    2.1898    0.9947
[1] 6500.0000    0.0053    0.9084    0.1071    2.0472    1.0918
[1] 6600.0000    0.0000    0.8710    0.2945    1.7077    0.9001
[1] 6700.0000    0.0000    0.9599   -1.2867    3.3062    0.9404
[1] 6800.0000    0.2142    0.8794    0.4294    1.6803    0.9381
[1] 6900.0000    0.0000    0.9290   -1.2562    3.3213    1.0476
[1] 7000.0000    0.0000    0.8521   -0.1636    2.2089    1.0680
[1] 7100.0000    0.0000    0.9857    0.6224    1.5290    1.0571
[1] 7200.0000    0.0000    0.8247    0.1997    1.9954    0.8913
[1] 7300.0000    0.0000    0.9838    0.8054    1.3266    1.0449
[1] 7400.0000    0.0000    0.8045   -0.3867    2.4522    0.8734
[1] 7500.0000    0.0000    0.8475   -1.3574    3.3952    1.0597
[1] 7600.0000    0.0000    0.9493   -0.2935    2.3791    0.9281
[1] 7700.0000    0.0000    0.8440   -0.8412    2.8993    0.8976
[1] 7800.0000    0.0000    0.9477    0.4122    1.6065    0.8206
[1] 7900.0000    0.0000    0.8304    0.1389    1.8124    0.9653
[1] 8000.0000    0.0000    0.9309    1.0658    0.9520    1.0835
[1] 8100.0000    0.0000    0.8483   -0.9778    2.9965    0.8203
[1] 8200.0000    0.0000    0.9207   -1.0235    3.0970    1.1282
[1] 8300.0000    0.0000    0.8222   -0.7971    2.8790    0.8438
[1] 8400.0000    0.0000    0.9658    0.0661    2.0166    0.9286
[1] 8500.0000    0.0000    0.8325    0.0649    2.0786    1.0750
[1] 8600.0000    0.0081    0.9564   -0.8974    3.0571    0.9963
[1] 8700.0000    0.0000    0.8940   -0.0283    2.0881    1.0236
[1] 8800.0000    0.0000    0.9735   -0.2454    2.2368    1.0381
[1] 8900.0000    0.0000    0.8674    0.6374    1.4678    1.0474
[1] 9000.0000    0.0000    0.8301    0.8067    1.2377    1.1387
[1] 9100.0000    0.0000    0.8755   -0.3520    2.4313    0.8812
[1] 9200.0000    0.0000    0.8777   -0.4901    2.6708    1.1489
[1] 9300.0000    0.0000    0.8689    0.3513    1.8091    0.9976
[1] 9400.0000    0.0000    0.9737    1.3873    0.5946    1.0570
[1] 9500.0000    0.0000    0.8817   -0.1707    2.1882    1.0875
[1] 9600.0000    0.0000    0.8149   -0.0501    2.1451    0.9056
[1] 9700.0000    0.0000    0.9657    0.6515    1.4349    0.9166
[1] 9800.0000    0.0000    0.9514   -0.7414    2.7523    1.0521
[1] 9900.0000    0.0000    0.9369    0.7226    1.3919    1.1404
[1] 10000.0000     0.6293     0.9718    -0.7182     2.7575     0.8376
[1] 10100.0000     0.0001     0.9832    -0.3702     2.4603     0.9199
[1] 10200.0000     0.0000     0.8458     0.1909     1.8439     1.1044
[1] 1.030e+04 7.140e-02 9.549e-01 1.925e+00 2.283e-01 8.021e-01
[1] 10400.0000     0.0000     0.9109     0.4253     1.6204     0.9653
[1] 1.050e+04 0.000e+00 9.828e-01 7.803e-01 1.280e+00 8.036e-01
[1] 10600.0000     0.0000     0.9089    -0.3180     2.3778     1.1257
[1] 10700.0000     0.0000     0.9346     1.3866     0.7368     1.0990
[1] 10800.0000     1.0000     0.8056     0.7390     1.4052     0.8503
[1] 10900.0000     0.0000     0.9660     0.4932     1.6683     1.1970
[1] 11000.0000     0.0023     0.8555     0.9596     1.2042     1.1761
[1] 11100.0000     0.0000     0.9587     0.0005     2.0421     0.9308
[1] 11200.0000     0.0983     0.9398    -0.3632     2.4076     0.9513
[1] 11300.0000     0.0000     0.8936    -0.3626     2.4270     1.0961
[1] 11400.0000     0.0007     0.9548     0.1803     1.9764     1.0047
[1] 11500.0000     0.0000     0.8034    -0.4262     2.4909     0.8501
[1] 11600.0000     0.0001     0.9104    -0.2183     2.3251     0.8269
[1] 11700.0000     0.0001     0.8224     0.3607     1.7338     0.8539
[1] 11800.0000     0.0000     0.8027    -0.6293     2.7058     0.8530
[1] 11900.0000     0.0000     0.8934    -0.9452     3.0059     1.0759
[1] 12000.0000     0.0000     0.8014    -0.3382     2.3973     1.0595
[1] 12100.0000     0.0000     0.8005    -0.7521     2.7938     0.8375
[1] 12200.0000     0.5129     0.8496     1.0284     1.0904     0.8460
[1] 1.230e+04 0.000e+00 8.010e-01 3.424e-01 1.754e+00 8.810e-01
[1] 12400.0000     1.0000     0.8046     0.2975     1.7822     0.8797
[1] 12500.0000     0.0000     0.9939     0.8074     1.3551     0.9707
[1] 12600.0000     0.0000     0.8126     0.2233     1.9421     1.1805
[1] 12700.0000     0.0000     0.9614    -0.8117     2.7355     0.8958
[1] 12800.0000     0.0000     0.9902    -0.9583     2.9538     0.9345
[1] 12900.0000     0.0099     0.9204     0.0479     2.0557     0.8219
[1] 13000.0000     0.0000     0.8069     0.0297     2.0470     1.0997
[1] 13100.0000     0.0000     0.9404     1.3854     0.7255     0.9822
[1] 13200.0000     0.0000     0.8843     0.4517     1.6288     0.9997
[1] 13300.0000     0.0000     0.8427    -0.6120     2.6448     1.0281
[1] 13400.0000     0.0000     0.8092    -0.6216     2.6981     1.1676
[1] 13500.0000     0.0000     0.8466    -0.8425     2.9514     0.8143
[1] 13600.0000     0.0000     0.8917     0.5627     1.5290     1.0301
[1] 13700.0000     0.0000     0.9094    -0.4293     2.5324     0.8623
[1] 13800.0000     0.0000     0.8787    -0.5912     2.6440     1.0611
[1] 13900.0000     0.0000     0.8573    -0.3705     2.4487     0.8372
[1] 14000.0000     0.0000     0.9588    -0.0806     2.1552     0.9662
[1] 14100.0000     0.0000     0.8411     0.3400     1.6365     1.1804
[1] 14200.0000     0.0000     0.8479     0.0285     1.9792     0.8739
[1] 14300.0000     0.0000     0.9227    -1.3393     3.3809     1.0001
[1] 14400.0000     0.1785     0.8623     0.3535     1.7599     0.8985
[1] 14500.0000     1.0000     0.9833     0.0265     1.9979     1.1771
[1] 14600.0000     0.0000     0.9850     0.8296     1.3217     0.9950
[1] 14700.0000     0.0000     0.9977    -0.7015     2.6818     1.0667
[1] 14800.0000     0.0000     0.9988     0.1984     1.8257     0.9067
[1] 14900.0000     0.0088     0.9582     0.2349     1.8637     1.0321
[1] 15000.0000     0.0001     0.9447    -0.1445     2.1562     0.8911
[1] 15100.0000     1.0000     0.8292     0.1506     1.9309     0.9249
[1] 15200.0000     0.0000     0.8242     0.7547     1.2908     1.0800
[1] 15300.0000     0.3106     0.9517     0.6582     1.4634     1.1636
[1] 15400.0000     0.0080     0.8397    -0.4832     2.5990     1.1015
[1] 15500.0000     0.0000     0.9734    -0.9862     3.1357     1.1714
[1] 15600.0000     0.0000     0.8520    -0.9121     3.0113     1.1912
[1] 15700.0000     0.0000     0.8475     0.0033     2.0326     0.9690
[1] 15800.0000     0.0000     0.9108    -0.3526     2.3730     0.9068
[1] 15900.0000     0.0000     0.8841     0.0724     1.9769     0.8192
[1] 16000.0000     0.0001     0.8124    -0.5278     2.5767     1.1160
[1] 16100.0000     0.0000     0.8125    -0.0393     2.1180     0.8885
[1] 16200.0000     0.0000     0.9466     0.2424     1.7889     0.9477
[1] 16300.0000     0.0000     0.9158    -0.3413     2.4601     0.9491
[1] 16400.0000     0.0000     0.9648     0.3585     1.7379     0.9493
[1] 16500.0000     0.2165     0.9646    -0.1613     2.2133     1.1820
[1] 16600.0000     0.0000     0.8294    -0.9845     3.1260     0.8835
[1] 16700.0000     0.0000     0.9287     0.6195     1.3564     0.9633
[1] 16800.0000     0.0000     0.9378    -0.0521     2.0186     1.0931
[1] 16900.0000     0.0000     0.8138    -0.5183     2.5549     1.1004
[1] 17000.0000     0.0000     0.9790    -0.5915     2.6400     0.8822
[1] 17100.0000     0.0000     0.9305     0.4966     1.6571     0.9283
[1] 17200.0000     0.0000     0.9497     1.5247     0.5116     0.8252
[1] 17300.0000     1.0000     0.8396     1.7769     0.3084     1.0131
[1] 17400.0000     0.0000     0.8593     1.0260     1.0424     1.1450
[1] 17500.0000     0.0000     0.9677    -0.0065     2.1395     1.1479
[1] 17600.0000     0.0000     0.8280     0.5253     1.5517     1.1486
[1] 17700.0000     0.0000     0.8794     0.6962     1.4685     0.9707
[1] 17800.0000     0.0001     0.8771    -0.7658     2.9136     0.9481
[1] 17900.0000     0.0000     0.9083     0.2098     1.9122     0.9495
[1] 1.800e+04 1.000e+00 9.109e-01 1.908e-01 1.911e+00 8.712e-01
[1] 18100.0000     0.0000     0.8667     0.1171     2.0909     1.1867
[1] 1.820e+04 1.300e-02 8.582e-01 1.048e+00 9.511e-01 9.652e-01
[1] 18300.0000     0.0000     0.9012    -0.3645     2.4906     1.0710
[1] 18400.0000     0.0000     0.9529    -0.4582     2.5449     0.8173
[1] 18500.0000     0.0000     0.8451    -0.5994     2.7370     0.9054
[1] 18600.0000     0.0000     0.8656    -0.1413     2.2580     0.8624
[1] 18700.0000     0.0000     0.8080     0.1673     1.9784     0.9308
[1] 18800.0000     0.0000     0.8537     1.3474     0.7895     0.9005
[1] 18900.0000     0.0000     0.9024    -0.0437     2.0753     1.0613
[1] 19000.0000     0.0000     0.8366    -0.5463     2.5940     0.8015
[1] 19100.0000     0.0000     0.8878     0.4371     1.5264     1.0323
[1] 19200.0000     0.0000     0.8001    -0.0938     2.1001     0.9641
[1] 19300.0000     0.0000     0.8035    -0.1362     2.1685     1.0886
[1] 19400.0000     0.0000     0.9330    -0.6008     2.6719     1.0363
[1] 19500.0000     0.0000     0.8527     0.2786     1.8131     1.1208
[1] 19600.0000     1.0000     0.9648    -1.1074     3.2255     1.1447
[1] 19700.0000     0.0000     0.8982    -0.1684     2.1635     1.1826
[1] 1.980e+04 0.000e+00 9.408e-01 4.716e-01 1.665e+00 9.927e-01
[1] 19900.0000     0.0000     0.9981    -0.2695     2.3835     1.0280
[1] 20000.0000     0.0000     0.8708    -0.6523     2.7327     1.0213
[1] 20100.0000     0.0000     0.9080     0.2355     1.9067     1.0402
[1] 20200.0000     1.0000     0.9840    -0.1025     2.2005     1.1380
[1] 20300.0000     0.0000     0.8028    -0.4932     2.6201     0.9708
[1] 20400.0000     0.0001     0.9596     0.1430     1.8532     1.0259
[1] 20500.0000     0.0000     0.8964    -1.4077     3.4284     1.1285
[1] 20600.0000     0.5937     0.9169    -0.1461     2.2840     1.1057
[1] 20700.0000     0.9196     0.8107     0.1189     1.9669     1.0874
[1] 20800.0000     0.0000     0.9606    -0.5021     2.6273     1.0886
[1] 20900.0000     0.0001     0.9109     0.3597     1.7393     0.9980
[1] 21000.0000     0.0000     0.8369     0.8736     1.2092     1.0355
[1] 21100.0000     0.0000     0.9732    -0.5592     2.5722     0.8253
[1] 21200.0000     0.0473     0.8263     0.1293     1.9566     1.1324
[1] 21300.0000     0.0000     0.8399    -0.6390     2.6256     1.0171
[1] 21400.0000     0.0001     0.9719     0.1000     1.9689     0.9071
[1] 21500.0000     0.0000     0.9375     0.2704     1.7107     1.0777
[1] 21600.0000     0.0000     0.8010    -0.0586     2.1075     1.1966
[1] 21700.0000     0.0000     0.8416    -0.6408     2.7690     1.0860
[1] 21800.0000     0.0000     0.8218    -0.0408     2.2392     1.1739
[1] 21900.0000     0.0000     0.9084     0.0013     2.0015     1.1067
[1] 22000.0000     0.0000     0.8850     0.9545     1.1149     0.9555
[1] 22100.0000     0.0000     0.9825    -0.2142     2.2925     1.1195
[1] 22200.0000     0.0000     0.8403    -0.6662     2.7273     1.1277
[1] 22300.0000     0.0002     0.8584     0.1695     1.9173     0.9367
[1] 2.240e+04 0.000e+00 9.494e-01 2.666e-01 1.798e+00 9.207e-01
[1] 22500.0000     0.2378     0.8623     1.0455     1.1316     0.8008
[1] 2.260e+04 0.000e+00 8.858e-01 1.266e+00 9.378e-01 9.064e-01
[1] 22700.0000     0.0000     0.8271     0.5392     1.4655     1.1968
[1] 22800.0000     0.0000     0.9028     0.0209     2.1118     1.1243
[1] 22900.0000     0.0000     0.9207     0.5052     1.5118     0.8362
[1] 23000.0000     0.0000     0.9652     0.4511     1.5656     1.0264
[1] 23100.0000     0.0000     0.9231     0.1125     1.9185     0.8179
[1] 23200.0000     0.0000     0.8288    -0.7372     2.8244     0.8616
[1] 23300.0000     0.0946     0.8966     0.5374     1.5314     1.0199
[1] 2.340e+04 0.000e+00 9.418e-01 4.993e-01 1.585e+00 8.205e-01
[1] 23500.0000     0.0000     0.8934    -1.2551     3.3248     1.1391
[1] 23600.0000     0.0000     0.8360    -0.2626     2.3117     0.8406
[1] 23700.0000     0.0000     0.9977     0.4890     1.5653     0.9083
[1] 23800.0000     0.0000     0.9509     0.3997     1.5528     0.9516
[1] 23900.0000     0.0000     0.8157     0.1371     1.9615     0.8034
[1] 24000.0000     0.0000     0.9784    -0.3760     2.3779     0.8375
[1] 24100.0000     0.0000     0.8289    -1.3176     3.4168     0.9877
[1] 2.420e+04 0.000e+00 8.463e-01 2.473e-01 1.801e+00 1.012e+00
[1] 24300.0000     0.0000     0.8805    -0.8040     2.8593     1.0014
[1] 24400.0000     0.1637     0.9073     0.5125     1.5897     0.8252
[1] 24500.0000     0.0000     0.9407     1.3730     0.6087     1.0416
[1] 24600.0000     0.0000     0.9062     0.1030     1.9087     0.8877
[1] 24700.0000     0.0000     0.9025    -0.7577     2.8215     0.8040
[1] 24800.0000     0.0003     0.8109    -0.1741     2.2496     1.1899
[1] 24900.0000     0.0000     0.9495     0.0318     1.9903     0.8626
[1] 25000.0000     0.0001     0.9399     0.4303     1.6437     0.8472
[1] 25100.0000     0.0000     0.9605     1.0606     0.9707     1.0743
[1] 25200.0000     0.0000     0.8184     0.0776     2.0277     0.8574
[1] 25300.0000     0.6619     0.8151     0.2288     1.7488     1.0748
[1] 25400.0000     1.0000     0.8988    -0.7649     2.8120     1.0888
[1] 25500.0000     0.0000     0.8147    -0.0381     2.1118     1.1844
[1] 25600.0000     0.0000     0.8978    -0.5312     2.6216     1.1142
[1] 25700.0000     0.0000     0.8060     0.7087     1.4193     0.8422
[1] 25800.0000     0.0000     0.8043    -0.8100     2.7696     0.8730
[1] 25900.0000     1.0000     0.8632     0.1901     1.9024     1.1254
[1] 26000.0000     1.0000     0.9492    -0.3188     2.4383     1.0058
[1] 26100.0000     0.0000     0.9196    -0.0610     1.9687     1.1722
[1] 26200.0000     0.0000     0.9529    -0.1223     2.2155     1.0017
[1] 26300.0000     0.0000     0.8530    -0.5283     2.6228     1.0678
[1] 26400.0000     0.0000     0.8767     0.5446     1.4538     0.8041
[1] 26500.0000     0.0082     0.8885    -0.0665     2.1729     1.0349
[1] 26600.0000     0.0000     0.9293    -1.1587     3.3263     0.8497
[1] 26700.0000     0.0000     0.8184     0.3292     1.7108     0.9177
[1] 26800.0000     0.0000     0.8180    -1.3647     3.4671     0.8719
[1] 26900.0000     0.0000     0.9184     0.3929     1.7231     1.1619
[1] 27000.0000     0.0000     0.8280     0.3588     1.6595     0.9596
[1] 27100.0000     1.0000     0.9280    -0.3047     2.4003     1.0348
[1] 27200.0000     0.0000     0.8628    -0.6232     2.7293     1.0265
[1] 27300.0000     0.0000     0.9326     0.0841     1.9964     0.8298
[1] 27400.0000     0.0000     0.9843     0.2851     1.8107     1.1629
[1] 27500.0000     0.0000     0.8463     0.9264     1.2379     0.8762
[1] 27600.0000     0.0000     0.8732     1.7541     0.3934     0.9172
[1] 27700.0000     0.0000     0.8317     1.1454     0.9675     1.1846
[1] 27800.0000     0.0000     0.8338    -0.6036     2.6869     0.9440
[1] 27900.0000     1.0000     0.8904    -0.0753     2.1117     0.9276
[1] 28000.0000     0.0000     0.9328    -0.4359     2.5776     0.9314
[1] 28100.0000     0.0000     0.9262     0.6482     1.4991     1.0710
[1] 28200.0000     0.0000     0.9683     0.1400     1.9464     0.8917
[1] 28300.0000     0.0000     0.9886    -0.6570     2.7063     1.1843
[1] 28400.0000     1.0000     0.9594    -1.4055     3.5424     0.8105
[1] 28500.0000     0.0000     0.8678     0.5463     1.5134     0.8688
[1] 28600.0000     0.0000     0.9775    -0.1413     2.1731     0.9079
[1] 28700.0000     0.0000     0.9675    -0.4544     2.5316     1.1579
[1] 2.880e+04 0.000e+00 8.104e-01 1.438e-01 1.963e+00 1.194e+00
[1] 28900.0000     0.0000     0.9137     0.5564     1.6435     0.8478
[1] 29000.0000     0.0000     0.9692    -0.9769     2.9015     0.9910
[1] 29100.0000     0.0000     0.8240    -0.6197     2.7196     1.0266
[1] 29200.0000     0.0161     0.9367     0.9799     1.0413     1.1465
[1] 29300.0000     0.2101     0.9749     1.3628     0.7606     0.9782
[1] 29400.0000     0.0000     0.9394     1.0492     0.9409     1.1754
[1] 29500.0000     0.0000     0.9697    -0.5487     2.6047     0.9614
[1] 29600.0000     0.0000     0.8335     0.5385     1.5303     1.1940
[1] 29700.0000     0.0000     0.9991     0.1221     1.9306     0.9357
[1] 29800.0000     0.0000     0.8030    -0.5721     2.7038     0.9421
[1] 29900.0000     0.8617     0.9798     0.1544     1.9578     1.0014
[1] 30000.0000     0.0000     0.9561     1.2052     0.8160     1.0811
[1] 0.07343706
Time difference of 10.97706 hours
null device 
          1 
