[1] "El numero de nodos X particion es: 10"
[1] "Model = M1 / Data = sim_data/datasetSVCMatern13.Rdata"
[1] 100.0000   1.0000   0.8291   0.0966   2.1259   0.9331
[1] 200.0000   0.0620   0.8487   0.1191   2.0921   0.8384
[1] 300.0000   0.8333   0.8776  -0.0411   2.0644   1.0665
[1] 400.0000   0.0843   0.9217  -0.0565   1.9990   0.9692
[1] 500.0000   0.8434   0.8902  -0.0573   1.9721   0.8863
[1] 600.0000   0.0001   0.8693   0.0929   2.0217   1.0610
[1] 700.0000   1.0000   0.8087  -0.1374   1.9255   1.0605
[1] 800.0000   0.4873   0.8830   0.0335   2.0888   0.9772
[1] 900.0000   0.1988   0.9357  -0.0589   2.1086   1.0743
[1] 1000.0000    0.0973    0.8568    0.0626    2.0716    0.8983
[1] 1100.0000    0.2207    0.8326   -0.0667    2.0142    1.0285
[1] 1200.0000    0.4945    0.8603   -0.0371    2.1071    0.9164
[1] 1300.0000    0.0623    0.9151   -0.0789    2.0892    0.9862
[1] 1400.0000    0.0000    0.9546   -0.1540    1.9134    0.8056
[1] 1500.0000    0.0000    0.9672    0.3026    2.2699    1.1986
[1] 1600.0000    0.2745    0.8673    0.1781    2.1997    0.9237
[1] 1700.0000    0.0000    0.8745    0.1043    2.1331    0.9148
[1] 1800.0000    0.0000    0.9410   -0.0624    2.0461    0.8062
[1] 1900.0000    0.1101    0.8021    0.1142    2.1837    1.0084
[1] 2000.0000    1.0000    0.8107    0.0265    2.0234    0.8113
[1] 2100.0000    1.0000    0.8081    0.0548    2.1591    0.9300
[1] 2200.0000    0.6093    0.8580    0.0791    2.1129    1.0161
[1] 2300.0000    0.0209    0.8377    0.0475    2.1624    0.8487
[1] 2400.0000    0.0704    0.9764    0.1448    2.0406    1.0594
[1] 2500.0000    0.0060    0.8529    0.0927    2.1567    0.9541
[1] 2600.0000    0.0003    0.8146    0.0031    1.9925    0.8232
[1] 2700.0000    0.2608    0.8044    0.0459    2.1003    1.0835
[1] 2800.0000    0.1008    0.9204    0.1083    2.1369    1.0405
[1] 2900.0000    0.0003    0.8994   -0.2000    1.8691    1.0050
[1] 3000.0000    0.0007    0.9425    0.0633    2.1376    1.0830
[1] 3100.0000    0.1489    0.8265    0.0728    2.0961    1.1652
[1] 3200.0000    0.0073    0.9371    0.1567    2.0996    1.1278
[1] 3300.0000    0.0000    0.9877    0.0017    2.0040    0.9428
[1] 3400.0000    0.1155    0.8189   -0.1939    1.9170    0.9632
[1] 3500.0000    0.7645    0.9338    0.0789    2.2395    0.8830
[1] 3600.0000    0.0614    0.8387   -0.0013    2.0720    1.0128
[1] 3700.0000    0.0033    0.8385    0.0592    2.0914    0.8150
[1] 3800.0000    0.0000    0.8653   -0.1244    1.9047    0.9884
[1] 3900.0000    0.0016    0.8514   -0.0783    1.9755    1.1876
[1] 4000.0000    0.5695    0.9388    0.1089    2.0392    0.8131
[1] 4100.0000    0.0970    0.8388    0.0750    2.0759    0.8864
[1] 4200.0000    1.0000    0.8436   -0.0403    2.0765    0.9733
[1] 4300.0000    0.0000    0.8627    0.0634    2.0810    0.9122
[1] 4400.0000    0.1837    0.9571    0.2342    2.2486    0.9932
[1] 4500.0000    1.0000    0.8410    0.1033    2.0889    1.1520
[1] 4600.0000    0.0703    0.8009   -0.0111    2.0162    0.9214
[1] 4700.0000    0.0001    0.9516    0.1362    2.1804    1.1937
[1] 4800.0000    0.2002    0.8536   -0.1638    1.9456    1.1437
[1] 4900.0000    0.5018    0.8201    0.3408    2.3421    1.1747
[1] 5000.0000    0.9133    0.9273    0.0756    2.0974    1.0348
[1] 5100.0000    0.5060    0.8496   -0.0404    2.0945    0.8317
[1] 5200.0000    0.0054    0.8350    0.0697    2.2380    1.0935
[1] 5300.0000    0.4674    0.8379   -0.1251    1.9120    1.0434
[1] 5400.0000    0.4130    0.8333    0.0547    2.1126    0.9811
[1] 5500.0000    0.2321    0.8940   -0.0973    1.9981    1.1671
[1] 5600.0000    0.1817    0.8407   -0.2369    1.9890    1.1085
[1] 5700.0000    0.1570    0.9315   -0.0925    1.9267    0.8416
[1] 5800.0000    0.2414    0.8520    0.2577    2.3168    1.0482
[1] 5900.0000    1.0000    0.8759   -0.0469    2.0331    1.0113
[1] 6000.0000    1.0000    0.8325   -0.0747    2.0485    0.8825
[1] 6100.0000    0.1278    0.9517    0.2287    2.2043    0.9216
[1] 6200.0000    1.0000    0.8336   -0.2674    1.7752    0.9759
[1] 6300.0000    0.0475    0.8959   -0.0587    2.0757    1.1826
[1] 6400.0000    0.6184    0.9022    0.3286    2.2094    0.8332
[1] 6500.0000    0.0302    0.8697    0.0373    2.1219    0.9040
[1] 6600.0000    0.0174    0.8918   -0.0095    2.0781    1.0184
[1] 6700.0000    0.0003    0.9726   -0.1396    1.9250    1.0730
[1] 6800.0000    1.0000    0.8496    0.0897    2.1471    0.9728
[1] 6900.0000    0.0632    0.8556    0.0273    2.0569    1.1638
[1] 7000.0000    0.0097    0.8011    0.0675    2.0497    1.0228
[1] 7100.0000    0.9929    0.8440    0.0071    1.9962    0.9302
[1] 7200.0000    0.0159    0.9645    0.0031    2.0632    0.9109
[1] 7300.0000    0.0006    0.8821    0.0041    2.1029    0.9361
[1] 7400.0000    0.0000    0.8164   -0.1701    1.9012    0.8600
[1] 7500.0000    0.4346    0.9538    0.2063    2.2046    1.0728
[1] 7600.0000    0.2081    0.8511   -0.0278    2.0648    1.0027
[1] 7700.0000    0.0191    0.8552   -0.0623    1.9446    1.0850
[1] 7800.0000    0.0014    0.8139    0.0022    2.0897    0.8702
[1] 7900.0000    0.1220    0.8037   -0.1074    1.9807    1.1632
[1] 8000.0000    0.4379    0.9186   -0.1511    1.8340    1.0026
[1] 8100.0000    0.0497    0.9605    0.1800    2.2268    0.9407
[1] 8200.0000    0.0000    0.9273    0.1728    2.1711    0.9041
[1] 8300.0000    0.0004    0.8896    0.2947    2.2867    1.1748
[1] 8400.0000    1.0000    0.9278    0.0913    2.1322    0.8107
[1] 8500.0000    0.0002    0.8716   -0.1641    1.8851    1.1821
[1] 8600.0000    0.3624    0.9214    0.0389    2.1503    1.0135
[1] 8700.0000    0.4617    0.8293   -0.0724    1.9110    0.8767
[1] 8800.0000    1.0000    0.9324    0.0223    2.0522    0.8066
[1] 8900.0000    0.0862    0.8636   -0.0548    2.0637    0.9722
[1] 9000.0000    0.4490    0.9025    0.1558    2.1437    0.9096
[1] 9100.0000    0.2085    0.8115    0.1848    2.1685    0.8605
[1] 9200.0000    0.5489    0.9069    0.0803    2.1928    1.1995
[1] 9300.0000    0.0034    0.9856   -0.0205    1.9911    1.1370
[1] 9400.0000    0.3948    0.8458    0.0868    2.0452    1.0091
[1] 9500.0000    0.0000    0.9329   -0.0612    2.0718    0.8817
[1] 9600.0000    0.2569    0.8862    0.0025    2.0506    0.8406
[1] 9700.0000    0.0039    0.8614    0.0899    2.0236    0.9692
[1] 9800.0000    0.1232    0.8323    0.0876    2.0843    0.8368
[1] 9900.0000    0.0000    0.9529    0.2176    2.1371    0.9335
[1] 10000.0000     1.0000     0.8618    -0.1280     1.9599     0.8032
[1] 10100.0000     1.0000     0.9049     0.1098     2.1643     1.0751
[1] 10200.0000     0.0003     0.9084    -0.0390     1.9608     0.8386
[1] 10300.0000     0.0108     0.8120     0.2377     2.1867     0.8804
[1] 10400.0000     0.0001     0.8213    -0.0817     2.0150     1.0055
[1] 10500.0000     1.0000     0.8159     0.1983     2.1591     1.1284
[1] 10600.0000     0.0253     0.8330     0.3022     2.3635     0.9483
[1] 10700.0000     0.0000     0.8531     0.1815     2.1394     0.8181
[1] 10800.0000     0.8465     0.8056     0.0446     2.1296     0.8503
[1] 10900.0000     0.0000     0.8264    -0.1234     2.0397     1.1140
[1] 11000.0000     0.5581     0.8012    -0.0495     2.1078     0.9407
[1] 11100.0000     0.0001     0.8902     0.1103     2.1929     0.9114
[1] 11200.0000     1.0000     0.9412    -0.0430     2.0243     0.8257
[1] 11300.0000     0.3053     0.9738    -0.0023     2.1363     1.1215
[1] 11400.0000     0.3701     0.8271    -0.0299     2.0051     1.1322
[1] 11500.0000     0.0000     0.9311     0.0203     2.1112     0.8792
[1] 11600.0000     1.0000     0.9382    -0.2452     1.8400     0.8033
[1] 11700.0000     1.0000     0.8766    -0.1479     1.9884     0.9110
[1] 11800.0000     0.0573     0.8440    -0.1166     1.8535     0.8198
[1] 11900.0000     0.2004     0.8272     0.1218     2.1279     0.8962
[1] 12000.0000     0.0036     0.8543    -0.0894     1.9675     1.1591
[1] 1.210e+04 1.025e-01 9.452e-01 1.019e-01 2.138e+00 8.400e-01
[1] 12200.0000     0.2196     0.8496     0.0878     2.0168     0.8460
[1] 12300.0000     0.0160     0.8229     0.1351     2.1043     0.9137
[1] 12400.0000     1.0000     0.8046    -0.0401     1.9782     0.8797
[1] 12500.0000     0.0402     0.9304     0.2151     2.2201     1.0160
[1] 12600.0000     0.0078     0.8021     0.3184     2.3573     0.8910
[1] 12700.0000     0.0000     0.9486     0.1855     2.1965     0.8166
[1] 12800.0000     0.0013     0.8719    -0.2114     1.8749     0.9384
[1] 12900.0000     0.0250     0.8176    -0.1302     1.9558     0.8160
[1] 13000.0000     0.0140     0.8840     0.0940     2.0949     1.1100
[1] 1.310e+04 3.000e-04 9.404e-01 1.720e-02 2.070e+00 9.822e-01
[1] 13200.0000     0.0393     0.9589     0.0015     2.0534     1.1555
[1] 13300.0000     0.2327     0.8522     0.1270     2.0987     1.0074
[1] 13400.0000     0.0000     0.9485     0.1521     2.0034     1.0271
[1] 13500.0000     0.0000     0.8240     0.0002     2.0978     1.0099
[1] 13600.0000     0.0035     0.8917    -0.0865     1.8697     1.0301
[1] 1.370e+04 1.000e+00 8.314e-01 1.700e-02 2.085e+00 8.589e-01
[1] 13800.0000     0.0000     0.9394     0.1260     2.1883     0.9910
[1] 13900.0000     1.0000     0.8104     0.0011     2.0727     0.8994
[1] 14000.0000     1.0000     0.9598    -0.0115     1.9896     0.8043
[1] 14100.0000     0.0000     0.9236     0.0828     2.1714     0.9106
[1] 14200.0000     0.0388     0.9171     0.1372     2.1137     0.8964
[1] 14300.0000     0.0028     0.8548     0.0383     2.1504     0.8231
[1] 14400.0000     0.3946     0.8570     0.0758     2.1216     0.9360
[1] 14500.0000     0.0005     0.8302     0.2073     2.2714     1.1813
[1] 14600.0000     0.0000     0.8329    -0.0299     2.0130     0.9630
[1] 14700.0000     1.0000     0.8840     0.0387     2.0338     1.0394
[1] 14800.0000     0.0000     0.9533    -0.0422     1.9137     0.8106
[1] 14900.0000     0.1081     0.8382     0.0496     2.1227     0.9296
[1] 15000.0000     0.0000     0.9486     0.0349     2.0522     0.9418
[1] 15100.0000     0.0355     0.9112    -0.0259     2.0419     1.0503
[1] 15200.0000     0.0911     0.8050     0.0119     2.0954     1.1664
[1] 15300.0000     0.0425     0.8296     0.1952     2.2948     1.1944
[1] 15400.0000     0.1461     0.8005     0.0967     2.1864     0.8812
[1] 15500.0000     1.0000     0.8761     0.0042     2.0455     0.9901
[1] 15600.0000     0.4196     0.9912     0.0093     2.0817     1.0551
[1] 15700.0000     0.0001     0.8668     0.2259     2.2316     1.0399
[1] 15800.0000     0.0238     0.9670    -0.0516     1.9936     1.0411
[1] 15900.0000     0.0000     0.9524    -0.0068     2.1097     1.0855
[1] 1.600e+04 1.997e-01 8.243e-01 4.220e-02 2.053e+00 8.996e-01
[1] 1.610e+04 1.000e+00 9.477e-01 1.125e-01 2.223e+00 9.420e-01
[1] 16200.0000     1.0000     0.8455    -0.0260     1.9876     1.0509
[1] 16300.0000     0.0900     0.9320     0.0746     2.1589     1.0407
[1] 16400.0000     0.1736     0.8090     0.0239     2.0861     0.8978
[1] 16500.0000     0.1233     0.9894     0.0162     2.0651     0.9222
[1] 16600.0000     1.0000     0.9292    -0.1625     1.9341     1.0485
[1] 16700.0000     0.5399     0.9070     0.0306     2.1339     1.1930
[1] 16800.0000     0.0767     0.8165    -0.1389     1.8946     1.0376
[1] 16900.0000     0.0412     0.8583    -0.0324     2.0057     0.9158
[1] 17000.0000     0.7896     0.8355     0.1348     2.1437     0.9526
[1] 17100.0000     0.0372     0.9262     0.1602     2.1517     0.9696
[1] 17200.0000     0.4712     0.9233    -0.0723     1.9849     0.8592
[1] 17300.0000     0.5169     0.8396    -0.3011     1.8401     1.0131
[1] 17400.0000     0.2397     0.8470     0.1353     2.2966     1.1018
[1] 17500.0000     1.0000     0.9645    -0.0632     1.9201     0.9956
[1] 17600.0000     0.0011     0.8018     0.0512     2.0692     1.0705
[1] 17700.0000     0.0052     0.9492    -0.1214     1.8852     0.8897
[1] 17800.0000     1.0000     0.9968     0.1388     2.1614     0.8268
[1] 17900.0000     0.1109     0.8644     0.1500     2.1156     1.0507
[1] 18000.0000     1.0000     0.9109     0.0277     2.1028     0.8712
[1] 18100.0000     0.0354     0.9137     0.2171     2.2699     0.9014
[1] 18200.0000     1.0000     0.8073     0.1969     2.2329     0.9256
[1] 18300.0000     0.0061     0.8092     0.0545     2.1314     1.0361
[1] 18400.0000     0.0065     0.9243    -0.1680     2.0262     1.1066
[1] 18500.0000     0.0164     0.8611    -0.0693     2.0693     0.9812
[1] 18600.0000     0.1066     0.8932     0.0111     2.0659     0.8460
[1] 18700.0000     0.3403     0.9071     0.1374     2.2033     1.1143
[1] 18800.0000     0.0017     0.8360    -0.0886     2.0477     0.8264
[1] 18900.0000     0.0000     0.8387    -0.1072     1.9982     0.8037
[1] 19000.0000     1.0000     0.8087     0.1922     2.2397     1.1060
[1] 19100.0000     0.6274     0.9272    -0.0969     2.0624     0.8583
[1] 19200.0000     1.0000     0.8319     0.0366     2.0068     1.0132
[1] 19300.0000     0.1133     0.8940     0.0512     2.0909     1.1248
[1] 19400.0000     0.1091     0.8040     0.0374     2.0349     1.1551
[1] 19500.0000     0.0006     0.9718     0.2684     2.2777     0.8258
[1] 19600.0000     0.0315     0.8529     0.0292     2.1104     0.8752
[1] 19700.0000     0.0057     0.8143     0.2228     2.2114     0.8081
[1] 19800.0000     0.0400     0.8317     0.2511     2.2893     1.0742
[1] 19900.0000     0.6583     0.8349     0.1867     2.1942     0.9661
[1] 20000.0000     0.3012     0.8545    -0.0871     2.0233     0.8923
[1] 20100.0000     0.0000     0.8373     0.2475     2.2809     0.9737
[1] 2.020e+04 9.050e-02 9.282e-01 1.780e-01 2.179e+00 9.678e-01
[1] 20300.0000     0.0036     0.9350    -0.1729     1.9465     0.8887
[1] 20400.0000     0.7324     0.9032     0.0691     2.0924     0.8212
[1] 20500.0000     0.0016     0.8964    -0.0196     2.0910     1.1285
[1] 20600.0000     0.0803     0.9219    -0.0151     2.0801     1.0848
[1] 20700.0000     0.4599     0.8107     0.1935     2.0914     1.0874
[1] 20800.0000     0.8949     0.9981    -0.0171     2.0937     1.0246
[1] 20900.0000     0.0000     0.8547    -0.0246     2.0269     0.9562
[1] 21000.0000     0.1013     0.8695     0.0559     2.0466     0.9727
[1] 21100.0000     0.1969     0.9291     0.0675     2.0920     1.1428
[1] 21200.0000     0.3558     0.8263     0.1387     2.1585     1.1324
[1] 21300.0000     0.0001     0.8214     0.0756     1.9848     1.0391
[1] 21400.0000     1.0000     0.8276    -0.0074     2.0081     0.8233
[1] 21500.0000     0.0010     0.8906     0.0175     2.0608     0.8206
[1] 21600.0000     0.2036     0.8069     0.0677     2.0911     0.8555
[1] 21700.0000     0.0881     0.9180    -0.1073     1.9536     0.9753
[1] 21800.0000     0.2889     0.8385     0.2140     2.2844     0.8059
[1] 21900.0000     0.2170     0.9598     0.2293     2.2849     0.8497
[1] 22000.0000     0.1063     0.8850     0.0906     2.0612     0.9555
[1] 22100.0000     0.0055     0.8953     0.1903     2.3164     0.9321
[1] 22200.0000     0.3958     0.8579    -0.1697     1.9246     0.8534
[1] 22300.0000     0.0019     0.8289    -0.0905     2.0598     0.9998
[1] 22400.0000     0.2995     0.8145    -0.1685     1.9765     0.8604
[1] 22500.0000     0.0031     0.8239    -0.0297     2.0957     1.1368
[1] 22600.0000     0.0000     0.8006    -0.0870     2.0019     0.8902
[1] 22700.0000     0.0001     0.8670    -0.0771     1.9706     0.8448
[1] 22800.0000     0.0683     0.8972    -0.0158     1.9018     1.0231
[1] 22900.0000     0.2694     0.8804    -0.0622     1.9642     0.9211
[1] 23000.0000     0.0000     0.8188     0.0733     2.0074     1.0070
[1] 23100.0000     0.6577     0.8119     0.1469     2.1536     1.0551
[1] 23200.0000     0.0223     0.8154     0.1453     2.2375     0.9644
[1] 23300.0000     0.0000     0.8508     0.2327     2.2687     0.8720
[1] 23400.0000     0.6365     0.8888     0.1292     2.0802     1.0444
[1] 23500.0000     0.7871     0.8934     0.1292     2.2287     1.1391
[1] 23600.0000     0.7315     0.8573     0.0054     2.1318     0.9429
[1] 23700.0000     0.1493     0.9328    -0.1048     1.9916     1.0180
[1] 23800.0000     0.5645     0.9299    -0.0270     1.9369     1.0580
[1] 23900.0000     0.6654     0.8688     0.1862     2.1788     0.8855
[1] 24000.0000     0.8145     0.9240     0.0517     2.0275     0.9790
[1] 24100.0000     1.0000     0.9214     0.0874     2.2478     0.8541
[1] 24200.0000     0.0173     0.9331    -0.0316     2.1318     1.1419
[1] 24300.0000     0.9263     0.8163     0.0823     2.1799     1.0906
[1] 24400.0000     1.0000     0.9947    -0.0108     2.0101     0.9697
[1] 24500.0000     0.0873     0.8969     0.1255     2.1996     1.0480
[1] 2.460e+04 1.000e-04 8.781e-01 7.350e-02 2.105e+00 8.812e-01
[1] 24700.0000     0.3725     0.9195    -0.1058     1.8791     0.8781
[1] 24800.0000     0.0000     0.8460     0.1017     2.1296     0.9489
[1] 24900.0000     1.0000     0.8569    -0.0934     1.9635     1.1414
[1] 25000.0000     1.0000     0.8801     0.1641     2.1405     0.8235
[1] 25100.0000     1.0000     0.8419     0.1374     2.2389     0.8544
[1] 25200.0000     0.1414     0.8438     0.0959     2.1531     0.8843
[1] 25300.0000     0.0127     0.9779    -0.0059     2.0289     0.8977
[1] 25400.0000     0.1900     0.9621    -0.1604     1.9336     0.9516
[1] 25500.0000     0.2821     0.8147     0.0664     2.0997     1.1844
[1] 25600.0000     0.0471     0.9325     0.1755     2.1946     0.8613
[1] 25700.0000     0.7802     0.8976    -0.1053     1.9835     0.9408
[1] 25800.0000     0.0473     0.8606    -0.0788     1.9905     0.8978
[1] 25900.0000     0.0001     0.8683     0.1837     2.1092     0.8098
[1] 26000.0000     0.6199     0.9492     0.0102     2.0084     1.0058
[1] 26100.0000     0.0249     0.8951     0.0396     2.1733     0.8249
[1] 26200.0000     0.6726     0.8601    -0.0221     2.0970     0.9041
[1] 26300.0000     0.2872     0.8704    -0.1751     1.8065     0.8472
[1] 26400.0000     0.3071     0.8855     0.1072     2.0519     1.0131
[1] 26500.0000     0.0491     0.8034    -0.2180     1.8670     1.1338
[1] 26600.0000     0.1326     0.8720    -0.1810     1.9043     0.9170
[1] 26700.0000     0.0505     0.9721     0.0382     2.1002     0.8075
[1] 26800.0000     0.1898     0.8173     0.0514     2.1464     0.9752
[1] 26900.0000     0.0040     0.9241     0.2115     2.2309     1.0646
[1] 27000.0000     0.4193     0.8042     0.0930     2.1686     0.9434
[1] 27100.0000     0.0182     0.8095     0.1257     2.0789     1.0497
[1] 27200.0000     0.0584     0.8304     0.0145     2.0648     0.8580
[1] 27300.0000     0.0004     0.9608    -0.0858     1.9509     0.8492
[1] 27400.0000     0.1818     0.8806    -0.0985     1.8692     1.0468
[1] 27500.0000     0.0775     0.8463     0.0164     1.9961     0.8762
[1] 27600.0000     0.0036     0.8069     0.0821     2.1161     0.9996
[1] 27700.0000     0.0334     0.8620     0.2941     2.3738     1.0941
[1] 27800.0000     0.0000     0.8358     0.2065     2.2568     1.1051
[1] 2.790e+04 4.804e-01 8.913e-01 1.724e-01 2.179e+00 8.389e-01
[1] 28000.0000     0.0003     0.9003     0.0110     2.1195     0.9918
[1] 28100.0000     0.0000     0.9262    -0.0688     2.0248     1.0710
[1] 28200.0000     0.3759     0.8059     0.1778     2.2457     0.9393
[1] 28300.0000     0.0045     0.8510    -0.0732     1.9704     0.8048
[1] 28400.0000     1.0000     0.9594     0.0866     2.1191     0.8105
[1] 28500.0000     1.0000     0.8206     0.0929     2.1957     1.0447
[1] 28600.0000     0.0108     0.9775    -0.0811     1.9491     0.9079
[1] 28700.0000     0.0505     0.8497     0.0759     2.0098     1.1155
[1] 28800.0000     1.0000     0.9743    -0.0531     2.0190     0.8723
[1] 28900.0000     0.6477     0.8662    -0.0132     1.9863     0.8550
[1] 29000.0000     0.9768     0.8095     0.1917     2.2111     1.0816
[1] 29100.0000     0.0031     0.8648     0.0332     2.0836     0.8680
[1] 29200.0000     0.0002     0.8505    -0.1426     1.9537     0.9156
[1] 29300.0000     0.0030     0.9373    -0.0858     1.9413     0.8252
[1] 29400.0000     0.0990     0.9512     0.1665     2.1426     1.1262
[1] 29500.0000     0.0026     0.8346    -0.0936     1.9266     0.9665
[1] 29600.0000     0.0002     0.8267     0.0659     2.1628     1.0464
[1] 29700.0000     0.0474     0.8203    -0.0234     2.0077     1.1249
[1] 29800.0000     1.0000     0.8701    -0.0550     2.0496     0.8024
[1] 29900.0000     0.7333     0.9798     0.0597     2.0778     1.0014
[1] 30000.0000     0.1613     0.9394    -0.0502     2.0034     0.8777
[1] 0.3234671
Time difference of 4.626757 hours
null device 
          1 
