[1] "El numero de nodos X particion es: 10"
[1] "Model = M2 / Data = sim_data/datasetSVIMatern28.Rdata"
[1] 100.0000   1.0000   0.8291   0.0431   1.8745   0.9331
[1] 200.0000   1.0000   0.9804  -0.0251   1.8863   1.0297
[1] 300.0000   0.7984   0.8776  -0.0896   1.9947   1.0665
[1] 400.0000   0.1111   0.9217  -0.3084   2.1701   0.9692
[1] 500.0000   0.0000   0.8380  -0.1959   2.0838   0.8203
[1] 600.0000   0.7239   0.9748   0.0785   1.7589   1.0386
[1] 700.0000   0.0811   0.8009  -0.0258   1.9115   0.8720
[1] 800.0000   0.0006   0.9313  -0.6118   2.4702   1.0430
[1] 900.0000   0.0000   0.8086  -0.2500   2.0255   0.9130
[1] 1000.0000    0.0000    0.8209   -0.1434    2.0001    0.9374
[1] 1100.0000    0.0000    0.9319    0.4108    1.3783    0.8930
[1] 1200.0000    1.0000    0.8603    0.4529    1.4591    0.9164
[1] 1300.0000    0.0693    0.9805   -0.0438    1.8999    0.8049
[1] 1400.0000    0.0000    0.9303   -0.8374    2.7277    1.1894
[1] 1500.0000    0.0004    0.9584    0.3890    1.4816    1.0940
[1] 1600.0000    0.0000    0.9098   -0.2634    2.1663    0.9715
[1] 1700.0000    0.0000    0.8745   -0.4769    2.3781    0.9148
[1] 1800.0000    0.0000    0.9376   -0.1568    2.0484    0.8302
[1] 1900.0000    0.0000    0.9005   -0.4373    2.3288    0.9368
[1] 2000.0000    0.0000    0.9870   -0.2353    2.1386    0.9024
[1] 2100.0000    0.0000    0.9372   -0.0815    1.9169    0.8634
[1] 2200.0000    0.0000    0.8668    0.1283    1.7662    1.0989
[1] 2300.0000    0.0001    0.9906    0.3720    1.4252    0.8768
[1] 2400.0000    0.0000    0.9355   -0.0603    1.9560    1.1578
[1] 2500.0000    0.0658    0.9668   -0.1600    1.9732    0.8029
[1] 2600.0000    0.0000    0.9483   -0.4504    2.2195    1.1376
[1] 2700.0000    0.0000    0.8492   -0.3982    2.2572    0.9140
[1] 2800.0000    0.1459    0.8906   -0.1222    1.8619    0.8787
[1] 2900.0000    0.0013    0.9982   -0.7420    2.5457    0.9626
[1] 3000.0000    0.0000    0.8454   -0.2712    2.1796    0.9669
[1] 3100.0000    0.0000    0.9787   -0.0291    1.8403    0.9283
[1] 3200.0000    0.0000    0.8205    0.4548    1.3719    0.8873
[1] 3300.0000    0.0000    0.9797   -0.0265    1.6984    1.0744
[1] 3400.0000    0.0905    0.9079    0.5105    1.3289    0.8348
[1] 3500.0000    0.0000    0.9256   -0.0245    1.8815    1.1684
[1] 3600.0000    0.0000    0.8846   -0.3554    2.2153    1.0977
[1] 3700.0000    0.3285    0.8237    0.0333    1.8387    0.8398
[1] 3800.0000    0.0000    0.8306    0.0352    1.8598    0.8349
[1] 3900.0000    0.0000    0.8319    0.1371    1.8232    0.8180
[1] 4000.0000    0.0028    0.8393    0.2608    1.6891    0.9996
[1] 4100.0000    0.0000    0.8388   -0.3177    2.2371    0.8864
[1] 4200.0000    0.0000    0.9756   -0.6658    2.4554    0.9752
[1] 4300.0000    0.3142    0.8741   -0.5039    2.3643    1.1249
[1] 4400.0000    0.0000    0.8077    0.1402    1.8050    1.0029
[1] 4500.0000    0.7883    0.8410   -0.2874    2.1544    1.1520
[1] 4600.0000    0.0058    0.9525    0.3533    1.5151    1.1110
[1] 4700.0000    0.0000    0.8528    0.1519    1.6687    0.8411
[1] 4800.0000    0.0000    0.8006   -0.1986    2.0399    0.9390
[1] 4900.0000    0.0000    0.8114   -0.4085    2.3284    0.8255
[1] 5000.0000    1.0000    0.9273   -0.5715    2.4995    1.0348
[1] 5100.0000    0.0000    0.8192   -0.3688    2.2293    0.8134
[1] 5200.0000    0.0000    0.8350    0.1857    1.8536    1.0935
[1] 5300.0000    0.0000    0.8845    0.2745    1.5553    1.0022
[1] 5400.0000    0.0000    0.8536    0.4129    1.3542    0.9337
[1] 5500.0000    0.0000    0.8219    0.3682    1.5288    0.8388
[1] 5600.0000    0.0000    0.9328    0.2964    1.5941    1.1365
[1] 5700.0000    0.0000    0.9545   -0.2579    2.1024    0.8805
[1] 5800.0000    0.0000    0.8612   -0.4079    2.2150    1.0327
[1] 5900.0000    0.0000    0.8072   -0.2130    2.0775    1.1666
[1] 6000.0000    0.0000    0.8887   -0.2609    2.0979    0.8335
[1] 6100.0000    0.0000    0.9100    0.1359    1.6470    1.1509
[1] 6200.0000    0.0001    0.9400    0.2460    1.5276    0.8404
[1] 6300.0000    0.0000    0.9569   -0.2455    2.0625    0.8080
[1] 6400.0000    0.0000    0.9885    0.3733    1.5620    0.8165
[1] 6500.0000    0.0004    0.9145   -0.6741    2.4294    0.8046
[1] 6600.0000    0.0000    0.8710    0.2859    1.5195    0.9001
[1] 6700.0000    0.0000    0.8204   -0.0891    1.9218    0.9264
[1] 6800.0000    0.2201    0.8794    0.2265    1.6027    0.9381
[1] 6900.0000    0.0000    0.9267   -0.3789    2.2827    1.0380
[1] 7000.0000    0.0000    0.8543    0.0973    1.7461    0.8271
[1] 7100.0000    0.0000    0.8694   -0.3336    2.1856    0.8792
[1] 7200.0000    0.0000    0.8247   -0.1012    2.0234    0.8913
[1] 7300.0000    0.0001    0.8356    0.2057    1.5779    1.1395
[1] 7400.0000    0.0000    0.8045   -0.3629    2.2171    0.8734
[1] 7500.0000    0.0000    0.8475   -0.7205    2.4790    1.0597
[1] 7600.0000    0.0000    0.8986   -0.1424    1.9461    0.8562
[1] 7700.0000    0.0000    0.8348   -0.8238    2.6177    1.0869
[1] 7800.0000    0.0021    0.9281   -0.5031    2.4119    0.8883
[1] 7900.0000    0.0000    0.8304   -0.4127    2.2631    0.9653
[1] 8000.0000    0.0000    0.8601   -0.1418    1.9513    1.0135
[1] 8100.0000    0.0000    0.8483   -0.5354    2.3377    0.8203
[1] 8200.0000    0.0883    0.8808   -0.2530    2.0011    1.1030
[1] 8300.0000    0.0148    0.9009   -0.4396    2.2555    1.0589
[1] 8400.0000    0.0000    0.9658   -0.3700    2.1155    0.9286
[1] 8500.0000    0.0000    0.8325    0.0627    1.7959    1.0750
[1] 8600.0000    0.0548    0.8716   -0.7611    2.6495    1.0089
[1] 8700.0000    0.0000    0.8940   -0.0265    1.9230    1.0236
[1] 8800.0000    0.0000    0.9735   -0.3343    2.1580    1.0381
[1] 8900.0000    0.0000    0.8674    0.1392    1.7668    1.0474
[1] 9000.0000    0.0000    0.9268   -0.1136    1.9876    0.8237
[1] 9100.0000    0.0000    0.8060   -0.2040    1.9602    0.8104
[1] 9200.0000    0.0000    0.8777    0.2129    1.6588    1.1489
[1] 9300.0000    0.0000    0.9711   -0.1656    1.9846    0.9165
[1] 9400.0000    0.0000    0.9163    0.7006    1.1045    0.8003
[1] 9500.0000    0.0000    0.8817   -0.0739    1.9129    1.0875
[1] 9600.0000    0.0023    0.8149    0.0934    1.8141    0.9056
[1] 9700.0000    0.0000    0.9657    0.3925    1.4482    0.9166
[1] 9800.0000    0.0000    0.8646   -0.4822    2.2756    0.8456
[1] 9900.0000    0.0000    0.8192    0.7907    0.9806    0.8099
[1] 10000.0000     1.0000     0.8618    -0.6723     2.5434     0.8032
[1] 10100.0000     0.0031     0.8321    -0.4022     2.3531     1.1295
[1] 10200.0000     1.0000     0.9808    -0.3629     2.2026     0.8342
[1] 10300.0000     0.2337     0.9290     0.3681     1.5296     0.8292
[1] 10400.0000     0.0000     0.9337    -0.1333     1.9476     1.0990
[1] 10500.0000     0.5548     0.8159    -0.0483     1.7815     1.1284
[1] 10600.0000     0.0000     0.8442    -0.0609     1.9817     0.9495
[1] 10700.0000     0.0000     0.9346     0.2573     1.6634     1.0990
[1] 10800.0000     0.6792     0.9785    -0.1023     1.9775     1.1554
[1] 1.090e+04 0.000e+00 8.191e-01 3.859e-01 1.459e+00 8.008e-01
[1] 1.100e+04 3.102e-01 8.012e-01 1.603e-01 1.790e+00 9.407e-01
[1] 11100.0000     0.0000     0.8902    -0.0777     1.8958     0.9114
[1] 11200.0000     0.2606     0.9645    -0.5883     2.3804     0.8187
[1] 11300.0000     0.0000     0.9481    -0.7865     2.5586     1.1448
[1] 11400.0000     0.0017     0.9548     0.1685     1.6482     1.0047
[1] 11500.0000     0.0000     0.8061     0.0999     1.7580     1.1646
[1] 11600.0000     1.0000     0.9382     0.0690     1.7027     0.8033
[1] 11700.0000     1.0000     0.8766    -0.1889     2.1122     0.9110
[1] 11800.0000     0.0000     0.8027     0.0728     1.7532     0.8530
[1] 11900.0000     0.0000     0.9637    -0.6054     2.4312     0.8690
[1] 12000.0000     0.0000     0.8056    -0.1077     1.9513     1.1142
[1] 12100.0000     0.0000     0.8930     0.1984     1.6508     0.8604
[1] 12200.0000     1.0000     0.8496     0.5126     1.3824     0.8460
[1] 12300.0000     0.0006     0.8010     0.1173     1.7284     0.8810
[1] 12400.0000     1.0000     0.8046    -0.1083     2.0022     0.8797
[1] 12500.0000     0.0000     0.9939     0.1749     1.7482     0.9707
[1] 12600.0000     0.0000     0.8126    -0.3068     2.2207     1.1805
[1] 12700.0000     0.6331     0.9614     0.0264     1.7092     0.8958
[1] 12800.0000     0.0000     0.8719    -0.1406     1.9852     0.9384
[1] 12900.0000     1.0000     0.8565    -0.0551     1.8642     0.9935
[1] 13000.0000     0.0027     0.8069    -0.0475     1.8205     1.0997
[1] 1.310e+04 0.000e+00 9.404e-01 2.633e-01 1.615e+00 9.822e-01
[1] 13200.0000     0.1121     0.8843    -0.6225     2.4510     0.9997
[1] 13300.0000     0.0000     0.8590    -0.1111     1.9691     1.0479
[1] 13400.0000     0.0000     0.8092     0.0546     1.8448     1.1676
[1] 13500.0000     0.0000     0.8466    -0.2895     2.1095     0.8143
[1] 13600.0000     0.0000     0.8917    -0.0406     1.8979     1.0301
[1] 13700.0000     0.0000     0.8708     0.0335     1.8518     1.0127
[1] 13800.0000     0.0000     0.8787    -0.2682     2.1523     1.0611
[1] 13900.0000     0.0001     0.8495    -0.0511     1.8881     1.0802
[1] 14000.0000     0.0000     0.8015    -0.2010     1.9733     0.9811
[1] 14100.0000     0.0000     0.8844    -0.1079     1.8731     1.1867
[1] 14200.0000     0.0000     0.8479    -0.0440     1.8708     0.8739
[1] 14300.0000     0.0000     0.9983    -0.7477     2.4470     0.8117
[1] 14400.0000     0.3542     0.8623     0.3289     1.5613     0.8985
[1] 14500.0000     0.1461     0.8647     0.0229     1.8688     1.0877
[1] 14600.0000     0.0000     0.8912    -0.2645     2.0955     0.8958
[1] 14700.0000     0.0000     0.8974    -0.4666     2.2711     1.0871
[1] 14800.0000     0.0000     0.8093     0.5183     1.2861     1.1283
[1] 14900.0000     0.0700     0.8382    -0.1630     2.0344     0.9296
[1] 15000.0000     0.0061     0.9447     0.0966     1.6353     0.8911
[1] 15100.0000     1.0000     0.8292     0.3818     1.4405     0.9249
[1] 15200.0000     0.0000     0.8242     0.3097     1.5948     1.0800
[1] 15300.0000     0.3340     0.8059     0.1470     1.7183     0.9091
[1] 15400.0000     1.0000     0.9829    -0.5446     2.3820     1.0368
[1] 15500.0000     0.0000     0.8279    -0.9484     2.7244     0.8509
[1] 15600.0000     0.0000     0.8878    -0.5266     2.3478     0.8550
[1] 15700.0000     0.0000     0.8668    -0.2189     2.1232     1.0399
[1] 15800.0000     0.0032     0.9108     0.1612     1.6818     0.9068
[1] 15900.0000     0.0000     0.8560    -0.1260     1.9564     0.9619
[1] 16000.0000     0.2425     0.9761    -0.2899     2.0809     1.0600
[1] 16100.0000     0.0000     0.8125     0.5002     1.3221     0.8885
[1] 16200.0000     0.0001     0.8331    -0.0171     1.8355     0.9847
[1] 16300.0000     0.0000     0.9320    -0.2300     2.0918     1.0407
[1] 16400.0000     0.0000     0.8699    -0.1453     1.9714     0.9170
[1] 16500.0000     1.0000     0.9407     0.0760     1.7926     0.9877
[1] 16600.0000     0.0039     0.8294    -0.0514     1.9650     0.8835
[1] 16700.0000     0.0001     0.9635    -0.2817     2.1287     0.8336
[1] 16800.0000     0.0000     0.8165    -0.3506     2.2369     1.0376
[1] 16900.0000     0.0000     0.8138     0.0496     1.7704     1.1004
[1] 17000.0000     0.0000     0.9790    -0.4209     2.1876     0.8822
[1] 17100.0000     0.0002     0.9262     0.4944     1.4291     0.9696
[1] 17200.0000     0.0233     0.9497     0.4370     1.4345     0.8252
[1] 17300.0000     1.0000     0.8396    -0.3270     2.1923     1.0131
[1] 17400.0000     0.0000     0.8593    -0.3294     2.2323     1.1450
[1] 17500.0000     0.0000     0.8131    -0.0663     1.9313     0.9127
[1] 17600.0000     0.0000     0.8242     0.1864     1.6033     0.9225
[1] 17700.0000     0.0000     0.8794     0.0319     1.8345     0.9707
[1] 17800.0000     0.2951     0.9571    -0.3931     2.2499     0.9258
[1] 17900.0000     0.0000     0.9083    -0.1041     1.9235     0.9495
[1] 18000.0000     0.4546     0.9109    -0.0760     2.0230     0.8712
[1] 18100.0000     0.0000     0.9461    -0.0292     1.8728     0.9222
[1] 18200.0000     0.0107     0.8728     0.4671     1.4107     0.9452
[1] 18300.0000     0.0000     0.8120    -0.0980     1.9504     1.0717
[1] 18400.0000     0.0000     0.9529    -0.3102     2.2176     0.8173
[1] 18500.0000     0.0000     0.8451     0.2994     1.5797     0.9054
[1] 18600.0000     0.0001     0.8420    -0.0280     1.8816     0.8224
[1] 18700.0000     0.0000     0.8080    -0.1697     2.0402     0.9308
[1] 18800.0000     0.0000     0.8537    -0.1737     2.0754     0.9005
[1] 18900.0000     0.0000     0.9024    -0.2561     2.0644     1.0613
[1] 19000.0000     0.0135     0.8366    -0.5867     2.5080     0.8015
[1] 19100.0000     0.0000     0.8142    -0.3945     2.1332     1.0716
[1] 19200.0000     0.0000     0.8001     0.4893     1.3359     0.9641
[1] 19300.0000     0.0000     0.9918     0.4483     1.4225     0.8386
[1] 19400.0000     0.0000     0.8040     0.0120     1.8874     1.1551
[1] 19500.0000     0.0000     0.8527    -0.1416     2.0028     1.1208
[1] 19600.0000     0.1504     0.9162    -0.2442     2.0363     0.8038
[1] 19700.0000     0.0000     0.8143     0.1072     1.7126     0.8081
[1] 19800.0000     0.0000     0.9869     0.1576     1.6341     0.9076
[1] 19900.0000     0.0000     0.8077    -0.1650     2.0224     0.9949
[1] 20000.0000     0.0000     0.9250    -0.3514     2.2525     0.8216
[1] 20100.0000     0.0000     0.9794     0.3542     1.5448     1.1721
[1] 20200.0000     0.1263     0.8367    -0.2818     2.1114     0.9269
[1] 20300.0000     0.0000     0.8028    -0.2536     2.1690     0.9708
[1] 20400.0000     0.0021     0.9596    -0.3875     2.0760     1.0259
[1] 20500.0000     0.0000     0.8964     0.3198     1.5309     1.1285
[1] 20600.0000     0.6519     0.9169     0.2764     1.6221     1.1057
[1] 20700.0000     0.8884     0.8107    -0.2332     2.1830     1.0874
[1] 20800.0000     0.0000     0.9606    -0.4244     2.3329     1.0886
[1] 20900.0000     1.0000     0.9455    -0.0492     1.8885     1.1141
[1] 21000.0000     0.0000     0.8369     0.0299     1.8549     1.0355
[1] 21100.0000     0.0000     0.8745    -0.4771     2.2368     0.8760
[1] 21200.0000     1.0000     0.9611    -0.3187     2.1358     0.8029
[1] 21300.0000     1.0000     0.9067    -0.0252     2.0032     0.8492
[1] 21400.0000     0.0187     0.9719    -0.2782     2.0811     0.9071
[1] 21500.0000     0.0000     0.9322    -0.8331     2.6316     1.1668
[1] 21600.0000     0.0118     0.8420    -0.0997     1.9578     0.8926
[1] 21700.0000     0.0000     0.8449    -0.4179     2.2243     0.9351
[1] 21800.0000     0.0009     0.8218    -0.3058     2.2355     1.1739
[1] 21900.0000     0.0000     0.9084     0.3614     1.4682     1.1067
[1] 22000.0000     0.0000     0.8850     0.5736     1.2721     0.9555
[1] 22100.0000     0.0000     0.8953    -0.2624     2.0927     0.9321
[1] 22200.0000     0.0000     0.9218    -0.2063     1.9895     0.8208
[1] 22300.0000     0.6493     0.9726     0.3949     1.5548     0.8521
[1] 22400.0000     0.4348     0.9494     0.0133     1.9466     0.9207
[1] 22500.0000     0.9952     0.9879     0.1473     1.6666     0.8971
[1] 22600.0000     0.0000     0.8858     0.0558     1.7527     0.9064
[1] 22700.0000     0.0000     0.8271     0.1458     1.7744     1.1968
[1] 22800.0000     0.0680     0.8972     0.0153     1.7053     1.0231
[1] 22900.0000     0.0000     0.9207     0.1365     1.6319     0.8362
[1] 23000.0000     0.0000     0.9491     0.0921     1.7421     0.8538
[1] 23100.0000     0.0000     0.9231    -0.4035     2.1989     0.8179
[1] 23200.0000     0.0000     0.8288    -0.0631     1.9488     0.8616
[1] 23300.0000     0.0935     0.8966     0.1116     1.6834     1.0199
[1] 23400.0000     0.0001     0.8015    -0.1507     2.0322     0.8904
[1] 23500.0000     0.0000     0.8934    -0.6433     2.4172     1.1391
[1] 23600.0000     0.0000     0.8176     0.1215     1.7265     0.8266
[1] 23700.0000     0.0000     0.8580     0.1271     1.7135     0.8494
[1] 23800.0000     0.0000     0.9509    -0.3390     2.1373     0.9516
[1] 23900.0000     0.0044     0.8157     0.0477     1.8251     0.8034
[1] 24000.0000     0.0000     0.9801    -0.0720     1.8634     1.1551
[1] 24100.0000     0.0000     0.8747    -0.5839     2.3942     1.0767
[1] 24200.0000     0.0000     0.8562    -0.0785     1.8952     0.9310
[1] 24300.0000     0.0000     0.8822     0.0634     1.8527     1.1634
[1] 24400.0000     0.1321     0.8950     0.7018     1.1447     0.9027
[1] 24500.0000     0.0000     0.9407     0.7216     1.0895     1.0416
[1] 24600.0000     0.0000     0.9062    -0.1776     2.0823     0.8877
[1] 24700.0000     0.0124     0.8664    -0.2673     2.0786     1.1316
[1] 24800.0000     0.0160     0.8109     0.2360     1.6066     1.1899
[1] 24900.0000     0.0356     0.9802    -0.6419     2.5137     0.9496
[1] 25000.0000     0.1557     0.8801     0.1143     1.6287     0.8235
[1] 25100.0000     0.7768     0.8419     0.0077     1.7229     0.8544
[1] 25200.0000     0.0000     0.9920    -0.3669     2.2684     0.8420
[1] 25300.0000     1.0000     0.8151     0.2793     1.5740     1.0748
[1] 25400.0000     0.9613     0.8988    -0.0669     1.9337     1.0888
[1] 25500.0000     0.0000     0.8303     0.0189     1.8551     1.1248
[1] 25600.0000     0.0000     0.8112    -0.1640     2.0186     0.8916
[1] 25700.0000     0.0000     0.9253     0.0582     1.8548     0.8539
[1] 25800.0000     0.0000     0.8043    -0.3994     2.2286     0.8730
[1] 25900.0000     0.5883     0.8632     0.0348     1.8115     1.1254
[1] 26000.0000     0.5560     0.9492    -0.2600     2.1854     1.0058
[1] 26100.0000     0.0000     0.9803    -0.3320     2.1295     1.0323
[1] 26200.0000     0.0002     0.9529    -0.3117     2.0943     1.0017
[1] 26300.0000     0.0000     0.9342     0.1518     1.5944     1.1434
[1] 26400.0000     0.0000     0.8767    -0.0923     1.9294     0.8041
[1] 26500.0000     0.0913     0.8136    -0.2581     2.1596     0.8843
[1] 26600.0000     0.0000     0.9293    -0.1649     2.0810     0.8497
[1] 26700.0000     0.1448     0.8184    -0.3058     2.0933     0.9177
[1] 26800.0000     0.0000     0.8448    -1.2074     3.0485     0.8652
[1] 26900.0000     0.0000     0.9586     0.1010     1.8435     1.0279
[1] 27000.0000     0.0000     0.9862    -0.4367     2.3426     0.8958
[1] 27100.0000     0.1124     0.8752    -0.3006     2.1761     0.8424
[1] 27200.0000     0.1201     0.8628     0.1501     1.7619     1.0265
[1] 27300.0000     0.0000     0.8153    -0.0522     1.8456     0.9452
[1] 2.740e+04 0.000e+00 8.182e-01 3.673e-01 1.504e+00 1.104e+00
[1] 2.750e+04 0.000e+00 8.301e-01 4.803e-01 1.359e+00 9.239e-01
[1] 27600.0000     0.0000     0.8732     0.4043     1.4977     0.9172
[1] 27700.0000     0.0000     0.9091     0.5387     1.3299     0.8618
[1] 27800.0000     0.0000     0.8358     0.3009     1.5920     1.1051
[1] 27900.0000     1.0000     0.8904    -0.0575     1.9208     0.9276
[1] 28000.0000     0.0000     0.8025    -0.2548     2.1147     0.9240
[1] 28100.0000     0.0000     0.9306    -0.2043     2.1672     0.8823
[1] 28200.0000     0.0001     0.9693    -0.4461     2.3030     0.8876
[1] 28300.0000     0.0000     0.8228    -0.0614     1.9117     0.9497
[1] 28400.0000     0.4282     0.9594     0.0509     1.9311     0.8105
[1] 28500.0000     0.0000     0.8824     0.0123     1.7576     0.8003
[1] 28600.0000     0.0000     0.9184    -0.1528     1.9276     0.8644
[1] 28700.0000     0.0000     0.8056    -0.4311     2.2502     1.1513
[1] 28800.0000     0.0711     0.8104    -0.0138     1.9435     1.1940
[1] 28900.0000     0.0000     0.9040    -0.2431     2.0250     0.8375
[1] 29000.0000     0.0000     0.8556    -0.1087     2.0024     0.8421
[1] 29100.0000     0.0000     0.9089    -0.3650     2.2439     0.8717
[1] 29200.0000     0.0663     0.9367     0.2692     1.5113     1.1465
[1] 29300.0000     0.4900     0.9749     0.5446     1.2925     0.9782
[1] 29400.0000     0.0000     0.9010     0.6401     1.2541     1.0161
[1] 29500.0000     0.0000     0.8510    -0.5681     2.4564     0.8942
[1] 2.960e+04 1.400e-03 8.047e-01 8.910e-02 1.697e+00 8.897e-01
[1] 29700.0000     0.0000     0.8240     0.1284     1.7736     1.1041
[1] 29800.0000     0.0000     0.8503     0.1804     1.6419     0.9822
[1] 29900.0000     0.7310     0.9798     0.0558     1.8415     1.0014
[1] 30000.0000     0.0097     0.8841     0.6533     1.1953     1.0036
[1] 0.1197552
Time difference of 11.52841 hours
null device 
          1 
