[1] "El numero de nodos X particion es: 10"
[1] "Model = M2 / Data = sim_data/datasetSVIMatern26.Rdata"
[1] 100.0000   1.0000   0.8291   0.0391   1.9516   0.9331
[1] 200.0000   1.0000   0.9804  -0.0281   1.9549   1.0297
[1] 300.0000   0.2474   0.8776  -0.2258   2.3348   1.0665
[1] 400.0000   0.0739   0.9217  -0.2546   2.2324   0.9692
[1] 500.0000   0.0000   0.8380  -0.0020   1.9913   0.8203
[1] 600.0000   1.0000   0.9748   0.0889   1.8498   1.0386
[1] 700.0000   0.0424   0.8009  -0.0834   2.0853   0.8720
[1] 800.0000   0.0048   0.9313  -0.0397   1.9538   1.0430
[1] 900.0000   0.1429   0.9357   0.1461   2.0075   1.0743
[1] 1000.0000    0.0000    0.8209   -0.0394    2.0232    0.9374
[1] 1100.0000    0.0000    0.9319    0.4153    1.4974    0.8930
[1] 1200.0000    0.9824    0.8603    0.3895    1.6410    0.9164
[1] 1300.0000    0.8063    0.8617   -0.4184    2.3234    1.0550
[1] 1400.0000    0.0002    0.9303   -0.7970    2.6739    1.1894
[1] 1500.0000    0.0000    0.9512    0.2599    1.7943    1.1522
[1] 1600.0000    0.0000    0.8718   -0.7961    2.7331    1.0625
[1] 1700.0000    0.0000    0.9419   -0.3644    2.3741    1.0966
[1] 1800.0000    0.0000    0.9376   -0.4452    2.4600    0.8302
[1] 1900.0000    0.0000    0.9875   -0.2625    2.2532    0.8532
[1] 2000.0000    0.0002    0.9400   -0.3230    2.2970    1.1109
[1] 2100.0000    0.0000    0.8246    0.0116    1.8887    1.1071
[1] 2200.0000    0.0000    0.8668    0.0192    1.9791    1.0989
[1] 2300.0000    0.0066    0.8951    0.1048    1.8425    0.9529
[1] 2400.0000    0.0000    0.9355   -0.0899    2.0696    1.1578
[1] 2500.0000    0.2054    0.9668   -0.2579    2.1751    0.8029
[1] 2600.0000    0.0000    0.8617   -0.3743    2.2971    0.8044
[1] 2700.0000    0.0000    0.9335    0.1523    1.9640    0.9591
[1] 2800.0000    0.3819    0.8906    0.1096    1.7494    0.8787
[1] 2900.0000    0.0026    0.9982   -0.6081    2.5027    0.9626
[1] 3000.0000    0.0000    0.8454   -0.0696    2.0586    0.9669
[1] 3100.0000    0.0000    0.9787    0.1017    1.8783    0.9283
[1] 3200.0000    0.0000    0.8205    0.5054    1.4471    0.8873
[1] 3300.0000    0.0000    0.9797   -0.1316    1.9214    1.0744
[1] 3400.0000    0.5491    0.8983    0.2379    1.7253    1.1525
[1] 3500.0000    0.0000    0.9256    0.0166    1.8933    1.1684
[1] 3600.0000    0.0000    0.8756   -0.3805    2.3663    0.9795
[1] 3700.0000    1.0000    0.9624    0.4802    1.4994    0.8094
[1] 3800.0000    0.0000    0.8701   -0.2428    2.0465    0.8357
[1] 3900.0000    0.0000    0.9030   -0.4904    2.4751    0.9530
[1] 4000.0000    0.1607    0.9388   -0.0594    1.8555    0.8131
[1] 4100.0000    0.0000    0.8388   -0.0092    1.9891    0.8864
[1] 4200.0000    0.0000    0.9756   -0.3842    2.2892    0.9752
[1] 4300.0000    0.3220    0.8741   -0.5780    2.5556    1.1249
[1] 4400.0000    0.0000    0.9459    0.3125    1.6404    1.1887
[1] 4500.0000    1.0000    0.8410    0.0971    1.8563    1.1520
[1] 4600.0000    0.0193    0.9525    0.3563    1.6024    1.1110
[1] 4700.0000    0.0000    0.8528   -0.1651    2.1126    0.8411
[1] 4800.0000    0.0000    0.8531   -0.1843    2.1386    0.8066
[1] 4900.0000    0.0000    0.8114   -0.2404    2.2279    0.8255
[1] 5000.0000    1.0000    0.9273   -0.4440    2.4960    1.0348
[1] 5100.0000    0.0000    0.9679   -0.0682    2.0411    1.1951
[1] 5200.0000    0.0000    0.8350    0.0448    2.1181    1.0935
[1] 5300.0000    0.0000    0.8821   -0.0481    1.9726    1.0013
[1] 5400.0000    0.0000    0.8536    0.2457    1.5974    0.9337
[1] 5500.0000    0.0000    0.8506    0.4262    1.5149    1.1979
[1] 5600.0000    0.0000    0.8117   -0.0133    1.9681    0.9121
[1] 5700.0000    0.0000    0.9545    0.1948    1.7956    0.8805
[1] 5800.0000    0.0000    0.8612   -0.3949    2.4238    1.0327
[1] 5900.0000    0.0000    0.8278    0.4472    1.5102    1.0767
[1] 6000.0000    0.0000    0.8790    0.1868    1.8550    1.0590
[1] 6100.0000    0.0000    0.9025    0.0933    2.0195    0.9119
[1] 6200.0000    0.0006    0.9400    0.3022    1.5727    0.8404
[1] 6300.0000    0.0000    0.9569   -0.2246    2.1731    0.8080
[1] 6400.0000    0.0000    0.9885   -0.4743    2.5283    0.8165
[1] 6500.0000    0.0037    0.9145   -0.4660    2.3502    0.8046
[1] 6600.0000    0.0000    0.8710    0.3739    1.5437    0.9001
[1] 6700.0000    0.0000    0.8204    0.3922    1.5322    0.9264
[1] 6800.0000    0.1094    0.8794    0.2876    1.6082    0.9381
[1] 6900.0000    0.0000    0.9267   -0.2130    2.2111    1.0380
[1] 7000.0000    0.0000    0.8543    0.1470    1.7476    0.8271
[1] 7100.0000    0.0000    0.8694   -0.4147    2.3654    0.8792
[1] 7200.0000    0.0000    0.8150   -0.0844    1.9059    0.9928
[1] 7300.0000    0.0004    0.8356    0.4344    1.4627    1.1395
[1] 7400.0000    0.0000    0.8045   -0.1619    2.0550    0.8734
[1] 7500.0000    0.0015    0.9989   -0.6087    2.3982    1.1081
[1] 7600.0000    0.0000    0.9493   -0.0911    1.9847    0.9281
[1] 7700.0000    0.0000    0.8348   -0.9699    2.8875    1.0869
[1] 7800.0000    0.0073    0.9281    0.0876    1.9446    0.8883
[1] 7900.0000    0.0000    0.9605    0.0775    1.8997    0.8727
[1] 8000.0000    0.0000    0.9309   -0.0418    1.9315    1.0835
[1] 8100.0000    0.0000    0.9055   -0.0802    2.0885    1.0588
[1] 8200.0000    0.0193    0.8808   -0.3564    2.2361    1.1030
[1] 8300.0000    0.0001    0.8222   -0.2633    2.2603    0.8438
[1] 8400.0000    0.0000    0.9658   -0.0724    1.9552    0.9286
[1] 8500.0000    0.0000    0.8325    0.1470    1.9363    1.0750
[1] 8600.0000    1.0000    0.9214   -0.6098    2.5187    1.0135
[1] 8700.0000    0.0000    0.8940    0.1820    1.7758    1.0236
[1] 8800.0000    0.0000    0.8601    0.0859    1.8482    0.8170
[1] 8900.0000    0.0227    0.8674    0.4079    1.5083    1.0474
[1] 9000.0000    0.0000    0.9268    0.1161    1.7950    0.8237
[1] 9100.0000    0.0000    0.8060    0.1329    1.7638    0.8104
[1] 9200.0000    0.0000    0.8777    0.1294    1.8650    1.1489
[1] 9300.0000    0.0000    0.8689   -0.2808    2.2802    0.9976
[1] 9400.0000    0.0000    0.8351    0.6088    1.3256    0.8546
[1] 9500.0000    0.0000    0.8817   -0.0652    2.0213    1.0875
[1] 9600.0000    0.7255    0.9566   -0.1316    1.9727    1.1182
[1] 9700.0000    0.0000    0.9657    0.4426    1.6110    0.9166
[1] 9800.0000    0.0000    0.9462   -0.2077    2.1434    1.1275
[1] 9900.0000    0.0000    0.9876    0.7010    1.2792    0.9739
[1] 10000.0000     1.0000     0.8618     0.4950     1.5063     0.8032
[1] 10100.0000     0.6207     0.9049    -0.0894     2.1401     1.0751
[1] 10200.0000     0.4920     0.9808    -0.2574     2.1276     0.8342
[1] 10300.0000     0.2565     0.9549     0.6475     1.3369     0.8021
[1] 10400.0000     0.0000     0.9434     0.0332     1.9025     1.1753
[1] 10500.0000     0.0450     0.8159     0.3050     1.4992     1.1284
[1] 10600.0000     0.0000     0.8442     0.0048     1.9433     0.9495
[1] 10700.0000     0.0000     0.9346     0.3578     1.6522     1.0990
[1] 10800.0000     1.0000     0.8056     0.2885     1.7072     0.8503
[1] 10900.0000     0.0000     0.9660     0.5146     1.4594     1.1970
[1] 11000.0000     0.4506     0.8012     0.4316     1.6203     0.9407
[1] 11100.0000     0.0000     0.9587    -0.2598     2.1868     0.9308
[1] 11200.0000     0.2778     0.8258    -0.1356     2.0206     1.0628
[1] 11300.0000     0.0000     0.9481    -0.7716     2.6536     1.1448
[1] 11400.0000     0.0002     0.9548     0.4442     1.4229     1.0047
[1] 11500.0000     0.0000     0.8034    -0.0112     1.9821     0.8501
[1] 11600.0000     0.2243     0.9382    -0.1139     1.9568     0.8033
[1] 11700.0000     0.0010     0.9810    -0.1050     2.1967     0.9386
[1] 11800.0000     0.0000     0.8027     0.0266     1.8295     0.8530
[1] 11900.0000     0.0000     0.9637    -0.5214     2.4588     0.8690
[1] 12000.0000     0.0000     0.8056     0.0963     1.8613     1.1142
[1] 12100.0000     0.5563     0.8005    -0.0465     1.8585     0.8375
[1] 1.220e+04 4.832e-01 8.496e-01 5.090e-01 1.528e+00 8.460e-01
[1] 12300.0000     0.0035     0.8010     0.4391     1.5237     0.8810
[1] 12400.0000     0.9378     0.8046    -0.1904     2.2170     0.8797
[1] 12500.0000     0.0000     0.9939     0.1043     1.9203     0.9707
[1] 12600.0000     0.0000     0.9359    -0.5878     2.5846     1.1279
[1] 12700.0000     0.2295     0.9614     0.0715     1.7826     0.8958
[1] 12800.0000     0.0000     0.9108    -0.1432     2.1789     1.0765
[1] 12900.0000     1.0000     0.8565     0.2754     1.6175     0.9935
[1] 13000.0000     0.0000     0.8069     0.2339     1.7223     1.0997
[1] 13100.0000     0.0005     0.9339     0.8032     1.1240     1.1193
[1] 13200.0000     0.0347     0.8843    -0.4921     2.4481     0.9997
[1] 13300.0000     0.0000     0.9222    -0.3092     2.3047     0.8801
[1] 13400.0000     0.0000     0.9676     0.5078     1.4877     1.1418
[1] 13500.0000     0.0000     0.8466     0.0128     1.8715     0.8143
[1] 13600.0000     0.0000     0.8917    -0.0871     2.0551     1.0301
[1] 13700.0000     0.0000     0.8708     0.0811     1.8909     1.0127
[1] 13800.0000     0.0000     0.9275    -0.5019     2.4739     1.0955
[1] 13900.0000     0.0019     0.8573    -0.1068     2.0921     0.8372
[1] 14000.0000     0.0000     0.9588     0.3786     1.6004     0.9662
[1] 14100.0000     0.0000     0.8844    -0.1639     2.0050     1.1867
[1] 14200.0000     0.0003     0.8479     0.5625     1.3456     0.8739
[1] 14300.0000     0.0000     0.8548    -0.7462     2.6420     0.8231
[1] 14400.0000     0.2663     0.8623    -0.4775     2.4475     0.8985
[1] 14500.0000     1.0000     0.9833     0.0281     1.9775     1.1771
[1] 14600.0000     0.9343     0.8358    -0.2734     2.1197     0.9089
[1] 14700.0000     0.0000     0.8974     0.1457     1.7628     1.0871
[1] 14800.0000     0.0000     0.8106     0.1399     1.7482     1.0978
[1] 14900.0000     0.2232     0.8051     0.0215     1.9454     1.0614
[1] 15000.0000     0.0037     0.9447    -0.0980     1.9970     0.8911
[1] 15100.0000     0.2273     0.8384    -0.0296     2.0416     0.8510
[1] 1.520e+04 0.000e+00 8.734e-01 6.530e-02 1.917e+00 8.767e-01
[1] 15300.0000     1.0000     0.8282    -0.3669     2.2967     1.1177
[1] 15400.0000     1.0000     0.9829    -0.4205     2.3325     1.0368
[1] 15500.0000     0.0000     0.8167    -0.5687     2.5585     0.8047
[1] 15600.0000     0.0000     0.8520    -0.5578     2.5269     1.1912
[1] 15700.0000     0.0000     0.8668    -0.3296     2.3685     1.0399
[1] 15800.0000     0.3731     0.9774     0.1943     1.8667     1.1822
[1] 15900.0000     0.0000     0.9431     0.0175     1.9122     0.8611
[1] 16000.0000     1.0000     0.9761    -0.2583     2.1761     1.0600
[1] 16100.0000     0.0000     0.8906     0.5603     1.3804     0.9023
[1] 16200.0000     0.0043     0.9466     0.1715     1.7175     0.9477
[1] 16300.0000     0.0000     0.9327    -0.3418     2.2924     0.9714
[1] 16400.0000     0.0000     0.8699    -0.0468     1.9668     0.9170
[1] 16500.0000     0.8515     0.9407     0.7642     1.2959     0.9877
[1] 16600.0000     0.0437     0.8568     0.3506     1.6340     1.0645
[1] 1.670e+04 0.000e+00 9.287e-01 4.470e-02 1.855e+00 9.633e-01
[1] 16800.0000     0.0000     0.9378     0.0666     1.8657     1.0931
[1] 16900.0000     0.0000     0.8583     0.1808     1.7147     0.9158
[1] 17000.0000     0.0000     0.9790    -0.4477     2.3304     0.8822
[1] 1.710e+04 2.000e-04 9.262e-01 3.473e-01 1.682e+00 9.696e-01
[1] 17200.0000     0.0243     0.9497    -0.0363     1.9999     0.8252
[1] 17300.0000     0.8573     0.8396    -0.2873     2.2934     1.0131
[1] 17400.0000     0.1929     0.8171    -0.6388     2.4903     0.8097
[1] 17500.0000     0.0000     0.8131     0.2007     1.8184     0.9127
[1] 17600.0000     0.0000     0.8280     0.0760     1.8784     1.1486
[1] 17700.0000     0.0000     0.8794    -0.0309     1.9988     0.9707
[1] 17800.0000     0.0800     0.9571    -0.8059     2.8227     0.9258
[1] 17900.0000     0.0003     0.9083    -0.0788     2.0745     0.9495
[1] 18000.0000     0.6161     0.9109    -0.4198     2.4363     0.8712
[1] 18100.0000     0.0000     0.9461    -0.3204     2.2632     0.9222
[1] 18200.0000     0.0245     0.8728     0.8272     1.1174     0.9452
[1] 18300.0000     0.0000     0.8120    -0.0436     2.0395     1.0717
[1] 18400.0000     0.0000     0.9121     0.2307     1.7579     0.9764
[1] 18500.0000     0.0000     0.8451    -0.1198     2.0823     0.9054
[1] 18600.0000     0.0000     0.8656    -0.0778     2.1090     0.8624
[1] 18700.0000     0.0000     0.8080     0.0589     1.9748     0.9308
[1] 18800.0000     0.0000     0.8537     0.0557     1.8923     0.9005
[1] 18900.0000     0.0000     0.9024    -0.2898     2.2294     1.0613
[1] 19000.0000     0.0030     0.8366    -0.2116     2.2072     0.8015
[1] 19100.0000     0.0000     0.8142    -0.0424     1.9364     1.0716
[1] 19200.0000     0.0000     0.8001     0.6551     1.2933     0.9641
[1] 19300.0000     0.0000     0.8411     0.6522     1.3333     0.9272
[1] 19400.0000     0.0000     0.8040    -0.1020     2.1200     1.1551
[1] 19500.0000     0.0000     0.9654    -0.0841     2.0634     0.9669
[1] 19600.0000     0.3093     0.9162    -0.2791     2.1830     0.8038
[1] 19700.0000     0.1741     0.9629    -0.5331     2.3724     0.8437
[1] 19800.0000     0.0000     0.9911     0.2946     1.6816     0.9546
[1] 19900.0000     0.0000     0.9981    -0.2080     2.2012     1.0280
[1] 20000.0000     0.0000     0.8708    -0.3077     2.2660     1.0213
[1] 20100.0000     0.0000     0.9794     0.2695     1.7044     1.1721
[1] 20200.0000     0.6407     0.9840     0.0413     1.8427     1.1380
[1] 20300.0000     0.0000     0.8028    -0.4358     2.3886     0.9708
[1] 20400.0000     0.0661     0.9596    -0.2210     2.1354     1.0259
[1] 20500.0000     0.0000     0.8964     0.0504     1.8901     1.1285
[1] 20600.0000     1.0000     0.9169     0.2976     1.7038     1.1057
[1] 20700.0000     0.9162     0.8107    -0.0084     2.0347     1.0874
[1] 20800.0000     0.0000     0.9606    -0.2097     2.1261     1.0886
[1] 20900.0000     0.2837     0.9109     0.4404     1.5194     0.9980
[1] 21000.0000     0.0000     0.8369     0.3692     1.5811     1.0355
[1] 21100.0000     0.0000     0.9732    -0.0319     1.9544     0.8253
[1] 21200.0000     1.0000     0.9611    -0.1208     2.0615     0.8029
[1] 21300.0000     1.0000     0.9067     0.1687     1.9314     0.8492
[1] 21400.0000     0.0242     0.8276    -0.1893     1.9867     0.8233
[1] 21500.0000     0.0000     0.9322    -0.4455     2.3498     1.1668
[1] 2.160e+04 2.900e-02 8.420e-01 1.057e-01 1.853e+00 8.926e-01
[1] 21700.0000     0.0000     0.8449    -0.1618     2.0849     0.9351
[1] 21800.0000     0.0103     0.8218    -0.4263     2.4104     1.1739
[1] 21900.0000     0.0000     0.8416    -0.1440     2.1044     1.1370
[1] 22000.0000     0.0000     0.8850    -0.0582     1.9572     0.9555
[1] 22100.0000     0.0000     0.9357    -0.4129     2.3317     1.0831
[1] 22200.0000     0.0000     0.9349     0.2139     1.7241     0.9881
[1] 22300.0000     0.4431     0.9726     0.4816     1.5872     0.8521
[1] 22400.0000     0.0003     0.8145     0.0338     1.9035     0.8604
[1] 22500.0000     0.2167     0.8623    -0.0229     2.0080     0.8008
[1] 22600.0000     0.0000     0.8858     0.2404     1.7055     0.9064
[1] 22700.0000     0.0000     0.8271     0.5305     1.4173     1.1968
[1] 22800.0000     0.0728     0.8972    -0.2649     2.0799     1.0231
[1] 22900.0000     0.0000     0.9287    -0.0007     1.8520     0.9003
[1] 23000.0000     0.0000     0.9652    -0.1865     2.1508     1.0264
[1] 23100.0000     0.0000     0.9231    -0.2873     2.1902     0.8179
[1] 23200.0000     0.0006     0.9586    -0.3238     2.2111     1.0581
[1] 23300.0000     0.8460     0.9627     0.3163     1.6376     0.8504
[1] 23400.0000     0.0388     0.9564     0.0304     2.0239     0.8157
[1] 23500.0000     0.0000     0.8934    -0.4201     2.3647     1.1391
[1] 23600.0000     0.0000     0.8176     0.2716     1.6755     0.8266
[1] 23700.0000     0.0000     0.9328     0.3919     1.6361     1.0180
[1] 23800.0000     0.0000     0.9509    -0.3353     2.2302     0.9516
[1] 23900.0000     0.0467     0.8157     0.3562     1.5789     0.8034
[1] 24000.0000     0.0000     0.8060     0.2760     1.5655     1.1215
[1] 24100.0000     0.0000     0.8747    -0.6544     2.5575     1.0767
[1] 24200.0000     0.0000     0.8562     0.1674     1.7377     0.9310
[1] 24300.0000     0.0000     0.8822    -0.1606     2.1696     1.1634
[1] 24400.0000     0.2998     0.8950     0.3875     1.5782     0.9027
[1] 24500.0000     0.0000     0.9064     0.1102     1.8266     0.8345
[1] 24600.0000     0.0000     0.9062    -0.2532     2.2152     0.8877
[1] 24700.0000     0.0395     0.8664    -0.3577     2.2942     1.1316
[1] 24800.0000     0.0331     0.8109    -0.0727     2.0513     1.1899
[1] 24900.0000     0.0548     0.9802    -0.2346     2.2102     0.9496
[1] 25000.0000     1.0000     0.8801     0.1570     1.7416     0.8235
[1] 25100.0000     1.0000     0.8419     0.3290     1.5652     0.8544
[1] 25200.0000     0.0000     0.9920    -0.3841     2.3609     0.8420
[1] 25300.0000     0.6978     0.8151    -0.2913     2.2323     1.0748
[1] 25400.0000     1.0000     0.8988    -0.2277     2.1935     1.0888
[1] 25500.0000     0.0000     0.8303    -0.0928     2.0692     1.1248
[1] 25600.0000     0.0000     0.8112     0.1335     1.8407     0.8916
[1] 25700.0000     0.0000     0.8060     0.5192     1.4303     0.8422
[1] 25800.0000     0.0000     0.8043     0.1090     1.8319     0.8730
[1] 25900.0000     0.8676     0.8632     0.0792     1.8696     1.1254
[1] 26000.0000     0.2985     0.9492     0.0941     1.9604     1.0058
[1] 26100.0000     0.0000     0.9196    -0.0833     1.9381     1.1722
[1] 26200.0000     0.0103     0.9529    -0.4939     2.4674     1.0017
[1] 26300.0000     0.0000     0.9342    -0.0690     1.9536     1.1434
[1] 26400.0000     0.0000     0.8767     0.1963     1.6829     0.8041
[1] 26500.0000     0.1481     0.8136    -0.1371     2.1374     0.8843
[1] 26600.0000     0.0000     0.9293    -0.1773     2.1839     0.8497
[1] 26700.0000     1.0000     0.8892     0.3029     1.7584     0.9428
[1] 26800.0000     0.0000     0.9384    -0.7848     2.7733     1.1478
[1] 26900.0000     0.0000     0.9586     0.3243     1.7170     1.0279
[1] 27000.0000     0.0000     0.9862    -0.2169     2.2138     0.8958
[1] 27100.0000     0.3766     0.8752    -0.0362     2.0160     0.8424
[1] 27200.0000     0.0016     0.8628     0.0000     1.9474     1.0265
[1] 27300.0000     0.0000     0.9754    -0.1036     2.0714     0.9688
[1] 27400.0000     0.0000     0.9269     0.1764     1.7978     1.0000
[1] 27500.0000     0.0000     0.8463     0.5098     1.4828     0.8762
[1] 27600.0000     0.0000     0.8732     0.5549     1.4448     0.9172
[1] 27700.0000     0.0000     0.8768     0.2100     1.8012     1.0202
[1] 27800.0000     0.0000     0.8358     0.2947     1.6914     1.1051
[1] 27900.0000     0.7980     0.8904     0.1733     1.8241     0.9276
[1] 28000.0000     0.0000     0.8025    -0.1732     2.1125     0.9240
[1] 28100.0000     0.0000     0.9262    -0.4442     2.3726     1.0710
[1] 28200.0000     0.0000     0.9693    -0.1251     2.0958     0.8876
[1] 28300.0000     0.0000     0.8845    -0.1413     2.1015     0.9758
[1] 28400.0000     0.4756     0.9594     0.0964     1.9678     0.8105
[1] 2.850e+04 0.000e+00 8.678e-01 1.250e-02 1.865e+00 8.688e-01
[1] 28600.0000     0.0007     0.9462    -0.0425     1.8536     0.8650
[1] 28700.0000     0.0000     0.8546    -0.2895     2.2628     0.9787
[1] 28800.0000     0.0002     0.8950     0.1441     1.7881     0.9585
[1] 28900.0000     0.0000     0.9040    -0.1903     2.0612     0.8375
[1] 29000.0000     0.0000     0.9541     0.2938     1.6806     0.8200
[1] 29100.0000     0.0000     0.9089    -0.3334     2.2559     0.8717
[1] 29200.0000     0.1210     0.9367     0.4251     1.5412     1.1465
[1] 29300.0000     0.6350     0.9064     0.0630     1.8034     1.0368
[1] 29400.0000     0.0535     0.9394     0.2862     1.6053     1.1754
[1] 29500.0000     0.0000     0.8510    -0.1944     2.1640     0.8942
[1] 29600.0000     0.0059     0.8035    -0.1706     2.0547     1.0772
[1] 29700.0000     0.0000     0.8240    -0.1317     2.1277     1.1041
[1] 29800.0000     0.0000     0.8503     0.1988     1.7264     0.9822
[1] 29900.0000     1.0000     0.9798    -0.2907     2.2729     1.0014
[1] 30000.0000     0.0056     0.8841     0.4572     1.4640     1.0036
[1] 0.1365145
Time difference of 11.80969 hours
null device 
          1 
