[1] "El numero de nodos X particion es: 10"
[1] "Model = M1 / Data = sim_data/datasetSVCMatern5.Rdata"
[1] 100.0000   1.0000   0.8291   0.0523   1.9630   0.9331
[1] 200.0000   0.6596   0.9804   0.0477   1.9264   1.0297
[1] 300.0000   0.8098   0.8776  -0.1239   1.8796   1.0665
[1] 400.0000   0.4669   0.9217  -0.0012   1.8921   0.9692
[1] 500.0000   1.0000   0.8902  -0.1165   1.7931   0.8863
[1] 600.0000   0.0000   0.8693   0.0286   1.8437   1.0610
[1] 700.0000   1.0000   0.8087  -0.1826   1.7673   1.0605
[1] 800.0000   1.0000   0.8954  -0.2493   1.7826   1.1490
[1] 900.0000   0.1895   0.9357  -0.2440   1.8576   1.0743
[1] 1000.0000    0.0828    0.8568   -0.0534    1.8867    0.8983
[1] 1100.0000    0.2283    0.8326   -0.2228    1.7435    1.0285
[1] 1200.0000    0.3000    0.8603   -0.0830    1.9872    0.9164
[1] 1300.0000    0.7241    0.8617   -0.1370    1.8742    1.0550
[1] 1400.0000    0.0000    0.9303   -0.1363    1.9207    1.1894
[1] 1500.0000    0.0000    0.9672    0.0707    1.9978    1.1986
[1] 1600.0000    0.6148    0.8673    0.0661    2.0031    0.9237
[1] 1700.0000    0.0000    0.9259   -0.1702    1.7548    1.0764
[1] 1800.0000    0.0000    0.9234   -0.0612    1.9844    1.1307
[1] 1900.0000    0.1632    0.9875    0.1013    1.9597    0.8532
[1] 2000.0000    0.0579    0.9978   -0.0635    1.8396    1.1535
[1] 2100.0000    1.0000    0.8081    0.0116    1.9820    0.9300
[1] 2200.0000    0.7174    0.8580   -0.0813    1.8795    1.0161
[1] 2300.0000    0.0977    0.8377   -0.1145    1.9387    0.8487
[1] 2400.0000    0.0201    0.9355   -0.0738    1.8030    1.1578
[1] 2500.0000    0.5878    0.9002    0.0618    1.8860    1.1531
[1] 2600.0000    0.7724    0.9658   -0.2383    1.8090    1.0023
[1] 2700.0000    0.1579    0.8044   -0.2063    1.7804    1.0835
[1] 2800.0000    0.0178    0.9204   -0.0403    1.9289    1.0405
[1] 2900.0000    0.0001    0.8994   -0.3148    1.6437    1.0050
[1] 3000.0000    0.0119    0.9297    0.0294    1.9703    1.1984
[1] 3100.0000    0.4818    0.8265   -0.0115    1.8905    1.1652
[1] 3200.0000    0.2577    0.9371   -0.0107    1.9608    1.1278
[1] 3300.0000    0.0000    0.9877   -0.0496    1.8869    0.9428
[1] 3400.0000    0.0008    0.9079   -0.2810    1.6404    0.8348
[1] 3500.0000    1.0000    0.9338   -0.0376    2.0241    0.8830
[1] 3600.0000    0.0082    0.9027   -0.1331    1.8066    1.1569
[1] 3700.0000    0.0001    0.9950    0.0828    1.9655    1.0085
[1] 3800.0000    0.0000    0.8653   -0.1968    1.7126    0.9884
[1] 3900.0000    0.0029    0.9030   -0.1785    1.8125    0.9530
[1] 4000.0000    0.3375    0.9388   -0.0755    1.7286    0.8131
[1] 4100.0000    0.5007    0.9193    0.1545    2.0460    1.0337
[1] 4200.0000    0.9355    0.8436   -0.1869    1.7684    0.9733
[1] 4300.0000    0.0000    0.9986   -0.0184    1.9439    0.9026
[1] 4400.0000    0.1521    0.9571    0.0438    1.9718    0.9932
[1] 4500.0000    1.0000    0.8410    0.0421    1.9508    1.1520
[1] 4600.0000    0.0247    0.8039   -0.1929    1.7070    1.1669
[1] 4700.0000    0.0000    0.9709    0.0827    2.0155    1.0444
[1] 4800.0000    0.1363    0.8985   -0.1043    1.8316    0.9827
[1] 4900.0000    0.7902    0.8201    0.1484    2.0859    1.1747
[1] 5000.0000    1.0000    0.9273   -0.1470    1.7585    1.0348
[1] 5100.0000    1.0000    0.8496   -0.1176    1.9106    0.8317
[1] 5200.0000    0.0034    0.8350   -0.0268    2.0610    1.0935
[1] 5300.0000    1.0000    0.8379   -0.0928    1.8125    1.0434
[1] 5400.0000    0.8449    0.8333   -0.0172    1.9259    0.9811
[1] 5500.0000    0.5801    0.8940   -0.2733    1.7561    1.1671
[1] 5600.0000    0.0693    0.8407   -0.4408    1.6827    1.1085
[1] 5700.0000    0.0670    0.9403   -0.1893    1.6821    0.9236
[1] 5800.0000    0.3635    0.8520    0.0226    2.0280    1.0482
[1] 5900.0000    0.1677    0.8706   -0.1290    1.8381    1.1672
[1] 6000.0000    0.2504    0.8273   -0.1425    1.7297    0.8750
[1] 6100.0000    0.0842    0.9517    0.1353    2.0344    0.9216
[1] 6200.0000    1.0000    0.8336   -0.2989    1.6489    0.9759
[1] 6300.0000    0.0086    0.8959   -0.1488    1.9143    1.1826
[1] 6400.0000    0.3109    0.9022   -0.0896    1.7659    0.8332
[1] 6500.0000    0.2692    0.8697   -0.1296    1.9078    0.9040
[1] 6600.0000    0.0254    0.8918   -0.2926    1.6944    1.0184
[1] 6700.0000    0.0000    0.9726   -0.2540    1.6743    1.0730
[1] 6800.0000    1.0000    0.8496   -0.0300    1.9745    0.9728
[1] 6900.0000    0.0797    0.8556   -0.1750    1.7900    1.1638
[1] 7000.0000    0.0003    0.8011   -0.1416    1.8140    1.0228
[1] 7100.0000    1.0000    0.8440   -0.1071    1.8651    0.9302
[1] 7200.0000    0.0003    0.8749   -0.0699    1.8442    1.0509
[1] 7300.0000    0.0008    0.8821   -0.1002    1.8988    0.9361
[1] 7400.0000    0.0000    0.8164   -0.2764    1.6147    0.8600
[1] 7500.0000    0.0859    0.9538    0.1233    2.0804    1.0728
[1] 7600.0000    0.0289    0.8332   -0.1723    1.7840    1.0877
[1] 7700.0000    0.0043    0.8552   -0.2515    1.6694    1.0850
[1] 7800.0000    0.0000    0.8812   -0.0401    1.8073    1.0536
[1] 7900.0000    0.3325    0.8037   -0.1788    1.8196    1.1632
[1] 8000.0000    0.5133    0.9186   -0.3051    1.5783    1.0026
[1] 8100.0000    0.0123    0.9605   -0.0273    1.8453    0.9407
[1] 8200.0000    0.0000    0.9273    0.0583    1.9341    0.9041
[1] 8300.0000    0.0002    0.8222    0.0431    1.9539    0.8438
[1] 8400.0000    1.0000    0.9278   -0.0308    1.8880    0.8107
[1] 8500.0000    0.0042    0.8716   -0.0767    1.8975    1.1821
[1] 8600.0000    0.4087    0.9214   -0.1049    1.9338    1.0135
[1] 8700.0000    0.2689    0.8293   -0.2602    1.6399    0.8767
[1] 8800.0000    0.8870    0.9324   -0.0601    1.9333    0.8066
[1] 8900.0000    0.7182    0.9431   -0.2712    1.7568    1.1381
[1] 9000.0000    0.3896    0.9025   -0.0388    1.8536    0.9096
[1] 9100.0000    0.1809    0.8799    0.0095    1.9578    0.8591
[1] 9200.0000    0.6302    0.9069   -0.0766    1.9663    1.1995
[1] 9300.0000    0.0002    0.9856   -0.0558    1.8468    1.1370
[1] 9400.0000    0.2649    0.8458   -0.0023    1.8588    1.0091
[1] 9500.0000    0.0000    0.9329   -0.1250    1.8704    0.8817
[1] 9600.0000    0.4918    0.8862   -0.1550    1.8141    0.8406
[1] 9700.0000    0.0343    0.8614   -0.0537    1.8610    0.9692
[1] 9800.0000    0.0823    0.8196   -0.0768    1.7884    0.9680
[1] 9900.0000    0.0000    0.8466    0.0729    1.9506    0.8248
[1] 10000.0000     0.4811     0.9167    -0.4147     1.6369     1.1877
[1] 10100.0000     0.6822     0.9049     0.0283     1.9305     1.0751
[1] 10200.0000     0.0000     0.9084    -0.1510     1.8096     0.8386
[1] 10300.0000     0.0073     0.8120     0.1122     1.9506     0.8804
[1] 10400.0000     0.0024     0.8213    -0.1118     1.8605     1.0055
[1] 10500.0000     1.0000     0.8159     0.0706     1.9701     1.1284
[1] 10600.0000     0.0471     0.8330     0.1654     2.1705     0.9483
[1] 10700.0000     0.0000     0.8531     0.0567     2.0231     0.8181
[1] 10800.0000     0.6653     0.8541    -0.0811     1.9406     0.9792
[1] 10900.0000     0.0000     0.8264    -0.1217     1.9558     1.1140
[1] 11000.0000     0.4545     0.8012    -0.1072     1.9548     0.9407
[1] 11100.0000     0.0005     0.8902     0.0260     1.9956     0.9114
[1] 11200.0000     0.9654     0.9412    -0.1799     1.7937     0.8257
[1] 11300.0000     0.9713     0.9738    -0.0993     1.8248     1.1215
[1] 11400.0000     0.9641     0.9866    -0.1849     1.7568     0.8664
[1] 11500.0000     0.0000     0.9311    -0.1757     1.8322     0.8792
[1] 11600.0000     0.2081     0.9382    -0.4825     1.5732     0.8033
[1] 11700.0000     0.6451     0.9810    -0.2956     1.7457     0.9386
[1] 11800.0000     0.0347     0.8440    -0.2589     1.6035     0.8198
[1] 11900.0000     0.3300     0.8272     0.0624     1.9438     0.8962
[1] 12000.0000     0.0027     0.8543    -0.1711     1.8001     1.1591
[1] 12100.0000     0.0547     0.9452    -0.0503     1.9303     0.8400
[1] 12200.0000     0.0015     0.8279    -0.1290     1.7078     0.8199
[1] 12300.0000     0.0217     0.8229     0.0696     1.9384     0.9137
[1] 12400.0000     1.0000     0.8046    -0.3613     1.6010     0.8797
[1] 12500.0000     0.2168     0.9120     0.0813     2.0635     1.1259
[1] 12600.0000     0.0018     0.8021     0.0217     1.9801     0.8910
[1] 12700.0000     0.0000     0.9486     0.0873     1.9996     0.8166
[1] 12800.0000     0.0005     0.9108    -0.3084     1.6300     1.0765
[1] 12900.0000     0.1539     0.9378    -0.4557     1.4824     1.1252
[1] 1.300e+04 5.600e-03 8.840e-01 9.580e-02 1.997e+00 1.110e+00
[1] 13100.0000     0.0004     0.9404    -0.2706     1.7031     0.9822
[1] 13200.0000     0.0007     0.9589    -0.2923     1.6058     1.1555
[1] 13300.0000     0.9190     0.9675     0.0053     2.0127     1.1190
[1] 13400.0000     0.0000     0.9485    -0.0436     1.7246     1.0271
[1] 13500.0000     0.0000     0.8240    -0.1470     1.8512     1.0099
[1] 13600.0000     0.0017     0.8917    -0.2126     1.6164     1.0301
[1] 13700.0000     1.0000     0.8314    -0.1496     1.8152     0.8589
[1] 13800.0000     0.0000     0.8418    -0.1828     1.7980     1.1127
[1] 13900.0000     0.2076     0.8125    -0.2093     1.7841     1.1546
[1] 14000.0000     1.0000     0.9598    -0.0782     1.8137     0.8043
[1] 14100.0000     0.0002     0.9236     0.0437     1.9643     0.9106
[1] 14200.0000     0.0248     0.9171    -0.0647     1.8419     0.8964
[1] 14300.0000     0.0030     0.8359    -0.2212     1.8143     1.0907
[1] 14400.0000     0.6327     0.8570    -0.0987     1.8662     0.9360
[1] 14500.0000     0.0004     0.8302    -0.1820     1.8179     1.1813
[1] 14600.0000     0.0000     0.8329    -0.2617     1.8308     0.9630
[1] 14700.0000     1.0000     0.8840     0.0138     1.9316     1.0394
[1] 14800.0000     0.0000     0.9533    -0.2922     1.5818     0.8106
[1] 14900.0000     0.7716     0.9485    -0.0952     1.9081     1.1960
[1] 15000.0000     0.0000     0.9486    -0.1998     1.7699     0.9418
[1] 15100.0000     0.0727     0.9112    -0.2187     1.7900     1.0503
[1] 15200.0000     0.0612     0.9135    -0.1375     1.7894     0.9942
[1] 15300.0000     0.0279     0.8296    -0.0373     1.9879     1.1944
[1] 15400.0000     0.3981     0.8005     0.0466     2.0556     0.8812
[1] 15500.0000     0.7474     0.8761    -0.1725     1.7505     0.9901
[1] 15600.0000     1.0000     0.9912    -0.0696     1.8250     1.0551
[1] 15700.0000     0.0000     0.8668     0.0554     1.9596     1.0399
[1] 15800.0000     0.0087     0.9670    -0.2798     1.6520     1.0411
[1] 15900.0000     0.0000     0.9524    -0.0403     1.9849     1.0855
[1] 16000.0000     0.3314     0.9761    -0.2926     1.7495     1.0600
[1] 16100.0000     0.4284     0.9477    -0.1111     2.0147     0.9420
[1] 16200.0000     1.0000     0.8455    -0.1980     1.7743     1.0509
[1] 16300.0000     0.8796     0.9029    -0.0782     1.7705     1.0365
[1] 16400.0000     0.2101     0.8090    -0.1162     1.8479     0.8978
[1] 16500.0000     0.0322     0.9894    -0.0830     1.9076     0.9222
[1] 16600.0000     1.0000     0.9292    -0.2905     1.6922     1.0485
[1] 16700.0000     0.0590     0.8804    -0.1076     1.9028     1.1815
[1] 16800.0000     0.1426     0.8165    -0.2440     1.6814     1.0376
[1] 16900.0000     0.1816     0.8583    -0.1453     1.8358     0.9158
[1] 17000.0000     0.6499     0.8355    -0.0003     1.9731     0.9526
[1] 17100.0000     0.0009     0.9262     0.1114     1.9214     0.9696
[1] 17200.0000     0.1949     0.9497    -0.1457     1.7791     0.8252
[1] 17300.0000     0.0739     0.9116    -0.2937     1.6694     0.8190
[1] 17400.0000     0.6278     0.9623     0.0583     2.1510     1.1696
[1] 17500.0000     1.0000     0.9645    -0.2324     1.6608     0.9956
[1] 17600.0000     0.0225     0.8018     0.0034     1.8878     1.0705
[1] 17700.0000     0.0179     0.9011    -0.1983     1.7315     0.9699
[1] 17800.0000     1.0000     0.9968    -0.1914     1.7568     0.8268
[1] 17900.0000     0.0255     0.8644    -0.1817     1.7321     1.0507
[1] 18000.0000     0.9231     0.9109     0.0508     2.0367     0.8712
[1] 18100.0000     0.0269     0.9137     0.1034     2.0733     0.9014
[1] 18200.0000     1.0000     0.8073    -0.0164     1.8698     0.9256
[1] 18300.0000     0.0399     0.9706    -0.0150     1.9489     1.1685
[1] 18400.0000     0.0042     0.9022    -0.2778     1.7404     0.8760
[1] 18500.0000     0.2433     0.8064    -0.0357     1.9299     1.1050
[1] 18600.0000     0.0163     0.8932     0.0649     2.0648     0.8460
[1] 18700.0000     0.4075     0.9071     0.0716     2.0228     1.1143
[1] 18800.0000     0.0048     0.9415    -0.0109     2.0267     0.8205
[1] 18900.0000     0.0010     0.9734    -0.1262     1.8010     1.0104
[1] 19000.0000     1.0000     0.8087     0.0682     2.1027     1.1060
[1] 19100.0000     0.0003     0.8142    -0.1949     1.8609     1.0716
[1] 19200.0000     1.0000     0.8319    -0.0321     1.8467     1.0132
[1] 19300.0000     0.3053     0.8940    -0.1164     1.8239     1.1248
[1] 19400.0000     0.3408     0.8040    -0.1570     1.7266     1.1551
[1] 19500.0000     0.0000     0.8243     0.2679     2.1162     0.8751
[1] 19600.0000     0.1152     0.8098    -0.0734     1.9040     1.1951
[1] 19700.0000     0.0051     0.8143     0.0243     1.9217     0.8081
[1] 19800.0000     0.0831     0.8317     0.0826     2.0557     1.0742
[1] 1.990e+04 3.485e-01 9.981e-01 1.768e-01 2.157e+00 1.028e+00
[1] 20000.0000     0.2727     0.9729    -0.3292     1.6869     0.8904
[1] 20100.0000     0.0000     0.8622    -0.0474     1.9189     0.8640
[1] 20200.0000     0.2653     0.9282     0.0581     1.9595     0.9678
[1] 20300.0000     0.0050     0.8028    -0.4257     1.6071     0.9708
[1] 20400.0000     1.0000     0.8446    -0.1221     1.8478     1.0333
[1] 20500.0000     0.0014     0.8964    -0.1781     1.8322     1.1285
[1] 20600.0000     0.0747     0.9219    -0.0318     1.9681     1.0848
[1] 20700.0000     0.8316     0.8107     0.0995     1.9992     1.0874
[1] 20800.0000     1.0000     0.9981    -0.1501     1.9454     1.0246
[1] 20900.0000     0.0000     0.8352    -0.1380     1.8597     0.8133
[1] 21000.0000     0.2755     0.8708    -0.1548     1.8301     1.1617
[1] 21100.0000     1.0000     0.8682    -0.2506     1.7501     1.1577
[1] 21200.0000     0.5387     0.9611    -0.0926     1.9433     0.8029
[1] 21300.0000     0.0001     0.8214    -0.0719     1.7483     1.0391
[1] 21400.0000     1.0000     0.8276    -0.0229     1.9107     0.8233
[1] 21500.0000     0.0025     0.8906    -0.0106     1.9588     0.8206
[1] 21600.0000     0.8359     0.9634    -0.0950     1.9153     0.9473
[1] 21700.0000     0.2563     0.9973    -0.2349     1.7554     0.9605
[1] 21800.0000     0.5614     0.8778     0.0145     2.0770     1.0685
[1] 21900.0000     0.8228     0.9598     0.0478     1.9878     0.8497
[1] 22000.0000     0.0745     0.8850    -0.0670     1.8047     0.9555
[1] 22100.0000     0.0811     0.8953     0.0402     1.9968     0.9321
[1] 22200.0000     0.3828     0.8579    -0.2906     1.7344     0.8534
[1] 22300.0000     0.0027     0.8289    -0.1076     1.9359     0.9998
[1] 22400.0000     0.7205     0.8145    -0.1772     1.8722     0.8604
[1] 22500.0000     0.0115     0.8239    -0.1601     1.9066     1.1368
[1] 22600.0000     0.0000     0.8006    -0.1954     1.8061     0.8902
[1] 22700.0000     0.0000     0.8271    -0.2338     1.7478     1.1968
[1] 22800.0000     0.3745     0.8972    -0.1458     1.7199     1.0231
[1] 22900.0000     0.0855     0.8804    -0.1971     1.7976     0.9211
[1] 23000.0000     0.0002     0.8188    -0.0239     1.9303     1.0070
[1] 23100.0000     0.3100     0.8119     0.0254     1.8634     1.0551
[1] 23200.0000     0.0317     0.9586     0.1460     2.1252     1.0581
[1] 23300.0000     0.0000     0.8508     0.0068     1.9601     0.8720
[1] 23400.0000     0.4176     0.8888     0.0124     1.8583     1.0444
[1] 23500.0000     1.0000     0.9916    -0.0236     1.8955     1.1297
[1] 23600.0000     0.0035     0.8205    -0.2736     1.7715     1.1268
[1] 23700.0000     0.2626     0.9328    -0.1896     1.8190     1.0180
[1] 23800.0000     0.7910     0.9299    -0.1863     1.6557     1.0580
[1] 23900.0000     1.0000     0.8722    -0.0106     1.8807     0.8735
[1] 24000.0000     1.0000     0.9239    -0.0755     1.9151     0.9362
[1] 24100.0000     1.0000     0.9214    -0.2898     1.7880     0.8541
[1] 24200.0000     0.0066     0.9331    -0.2524     1.8594     1.1419
[1] 24300.0000     0.9907     0.8163    -0.0404     1.9624     1.0906
[1] 24400.0000     1.0000     0.9947    -0.1171     1.8001     0.9697
[1] 24500.0000     0.0121     0.8969    -0.0604     1.8981     1.0480
[1] 24600.0000     0.0000     0.9237    -0.1409     1.8138     1.0127
[1] 24700.0000     0.0820     0.9934    -0.3737     1.5794     0.9472
[1] 24800.0000     0.0001     0.8460    -0.1422     1.8254     0.9489
[1] 24900.0000     0.0233     0.9802    -0.1400     1.9166     0.9496
[1] 25000.0000     1.0000     0.8801    -0.0562     1.9365     0.8235
[1] 25100.0000     0.4097     0.8622     0.0184     1.9465     0.8281
[1] 25200.0000     0.0686     0.8495     0.0049     2.0143     1.1739
[1] 25300.0000     0.0001     0.9779    -0.1565     1.8645     0.8977
[1] 25400.0000     0.1419     0.9621    -0.2797     1.7232     0.9516
[1] 25500.0000     0.9673     0.8159    -0.2242     1.6633     1.0385
[1] 25600.0000     0.0486     0.9325     0.0756     1.9935     0.8613
[1] 25700.0000     0.3118     0.8976    -0.3047     1.7020     0.9408
[1] 25800.0000     0.0253     0.8043    -0.1254     1.8456     0.8730
[1] 25900.0000     0.0001     0.8683     0.0587     1.9102     0.8098
[1] 26000.0000     0.3911     0.9492    -0.1626     1.7080     1.0058
[1] 26100.0000     0.0364     0.8951    -0.1218     1.9223     0.8249
[1] 26200.0000     0.5842     0.8601    -0.1073     1.9299     0.9041
[1] 26300.0000     0.8068     0.8623    -0.3696     1.7042     1.0835
[1] 26400.0000     0.0274     0.8446    -0.0244     1.9385     0.9223
[1] 26500.0000     0.0025     0.8034    -0.3132     1.6205     1.1338
[1] 26600.0000     0.3025     0.8720    -0.2588     1.6994     0.9170
[1] 26700.0000     0.0356     0.9721    -0.1389     1.8402     0.8075
[1] 26800.0000     0.1730     0.8173    -0.0246     1.9536     0.9752
[1] 26900.0000     0.0015     0.8396    -0.0064     1.9823     0.9391
[1] 27000.0000     0.4917     0.9266    -0.0810     1.8913     0.8932
[1] 27100.0000     0.0037     0.8095    -0.0888     1.7925     1.0497
[1] 27200.0000     0.0124     0.8304    -0.1074     1.8888     0.8580
[1] 27300.0000     0.0012     0.9608    -0.1813     1.7652     0.8492
[1] 27400.0000     0.2297     0.8806    -0.2499     1.6389     1.0468
[1] 27500.0000     1.0000     0.8366    -0.0836     1.8603     1.0805
[1] 27600.0000     0.0132     0.8069    -0.0404     1.9391     0.9996
[1] 27700.0000     0.0102     0.8768     0.1226     2.0414     1.0202
[1] 27800.0000     0.0000     0.8358     0.0319     2.0118     1.1051
[1] 27900.0000     0.3106     0.8913     0.0797     1.9576     0.8389
[1] 28000.0000     0.0000     0.9003    -0.1121     1.8548     0.9918
[1] 28100.0000     0.0000     0.9262    -0.1280     1.8390     1.0710
[1] 28200.0000     1.0000     0.9271     0.0523     1.9895     0.9591
[1] 28300.0000     0.0007     0.8510    -0.2038     1.7625     0.8048
[1] 28400.0000     1.0000     0.9594    -0.2402     1.6868     0.8105
[1] 28500.0000     1.0000     0.8206    -0.0127     1.9875     1.0447
[1] 28600.0000     0.0019     0.9775    -0.1320     1.8089     0.9079
[1] 28700.0000     0.3630     0.9755    -0.0899     1.8562     0.8792
[1] 28800.0000     0.0487     0.9569     0.0626     2.0766     1.0292
[1] 28900.0000     1.0000     0.9689    -0.1751     1.7865     1.0738
[1] 29000.0000     0.4529     0.8251    -0.1981     1.7689     0.9007
[1] 29100.0000     0.0187     0.8648    -0.0037     1.9237     0.8680
[1] 29200.0000     0.0000     0.8470    -0.2664     1.7164     0.8568
[1] 29300.0000     0.0228     0.9373    -0.2209     1.6731     0.8252
[1] 29400.0000     0.1687     0.9512    -0.0123     1.9227     1.1262
[1] 29500.0000     0.0034     0.8346     0.0006     1.9261     0.9665
[1] 29600.0000     0.0099     0.8135    -0.0605     1.8829     0.8030
[1] 29700.0000     0.0036     0.9571    -0.2958     1.6010     0.9736
[1] 29800.0000     0.8914     0.8701    -0.2093     1.8992     0.8024
[1] 29900.0000     0.6180     0.9798     0.0029     1.9030     1.0014
[1] 30000.0000     0.2005     0.9394    -0.1406     1.8301     0.8777
[1] 0.3376665
Time difference of 4.392956 hours
null device 
          1 
