[1] "El numero de nodos X particion es: 10"
[1] "Model = M2 / Data = sim_data/datasetSVCExponential23.Rdata"
[1] 100.0000   0.0006   0.9429   0.0598   1.6948   1.1970
[1] 200.0000   1.0000   0.9804  -0.0467   1.6039   1.0297
[1] 300.0000   0.0711   0.8776  -0.1147   1.7486   1.0665
[1] 400.0000   0.0194   0.9217  -0.1019   1.6391   0.9692
[1] 500.0000   0.1224   0.9813  -0.0280   1.7426   0.8492
[1] 600.0000   0.6302   0.9748   0.0379   1.5691   1.0386
[1] 700.0000   0.0996   0.8999  -0.1177   1.7474   1.0702
[1] 800.0000   0.0535   0.9840  -0.0649   1.7277   0.9131
[1] 900.0000   0.6563   0.9357  -0.1198   1.7526   1.0743
[1] 1000.0000    1.0000    0.9692   -0.0867    1.7491    0.9576
[1] 1100.0000    0.2279    0.9750   -0.0926    1.6855    0.9937
[1] 1200.0000    0.1533    0.9320   -0.0698    1.6369    0.8095
[1] 1300.0000    0.4105    0.8617    0.0054    1.7335    1.0550
[1] 1400.0000    0.5010    0.9303   -0.1599    1.7000    1.1894
[1] 1500.0000    0.0058    0.9694   -0.1062    1.5785    1.1238
[1] 1600.0000    0.0398    0.9998   -0.1134    1.7257    1.1214
[1] 1700.0000    0.0009    0.9937   -0.0585    1.6786    0.8095
[1] 1800.0000    0.0034    0.9234   -0.0717    1.7958    1.1307
[1] 1900.0000    0.1744    0.9957   -0.0440    1.6995    1.1822
[1] 2000.0000    0.0206    0.9978   -0.1173    1.7317    1.1535
[1] 2100.0000    0.0035    0.9401   -0.0398    1.6306    1.0501
[1] 2200.0000    0.8922    0.8580   -0.0688    1.7549    1.0161
[1] 2300.0000    0.4384    0.9707   -0.0490    1.5843    1.1994
[1] 2400.0000    1.0000    0.9764    0.0046    1.6858    1.0594
[1] 2500.0000    0.3481    0.9668   -0.1009    1.7136    0.8475
[1] 2600.0000    0.0289    0.9658   -0.0794    1.7383    1.0023
[1] 2700.0000    0.0273    0.9335   -0.0300    1.6457    0.9591
[1] 2800.0000    0.3969    0.8906   -0.1505    1.6394    0.8787
[1] 2900.0000    0.4702    0.8994   -0.0823    1.6851    1.0050
[1] 3000.0000    0.4692    0.9623   -0.1414    1.6834    1.1476
[1] 3100.0000    0.2886    0.9751   -0.0207    1.6953    1.0618
[1] 3200.0000    0.9000    0.9676   -0.0289    1.5908    1.1339
[1] 3300.0000    0.0101    0.9877   -0.0558    1.6474    0.9428
[1] 3400.0000    0.0660    0.9515   -0.0778    1.5958    1.1198
[1] 3500.0000    1.0000    0.9338   -0.0583    1.7143    0.8830
[1] 3600.0000    0.0402    0.9676   -0.0665    1.6787    1.0085
[1] 3700.0000    0.1804    0.9950   -0.0511    1.6582    1.0085
[1] 3800.0000    0.2232    0.9791   -0.1153    1.6016    1.0179
[1] 3900.0000    0.0225    0.9837   -0.1020    1.7377    1.1370
[1] 4000.0000    1.0000    0.9388   -0.0493    1.6180    0.8131
[1] 4100.0000    1.0000    0.9426   -0.0922    1.7100    0.8764
[1] 4200.0000    0.0257    0.9756   -0.0852    1.7063    0.9752
[1] 4300.0000    0.0004    0.9982   -0.0441    1.7760    1.0819
[1] 4400.0000    0.0087    0.9571    0.0151    1.7629    0.9932
[1] 4500.0000    0.0506    0.9366   -0.0370    1.7805    1.0448
[1] 4600.0000    0.3127    0.9525   -0.0955    1.6853    1.1110
[1] 4700.0000    0.0006    0.9516   -0.0072    1.6807    1.1937
[1] 4800.0000    0.2770    0.8536   -0.1054    1.7120    1.1437
[1] 4900.0000    0.0126    0.9222    0.0181    1.7163    0.9837
[1] 5000.0000    0.6579    0.9273   -0.0423    1.7156    1.0348
[1] 5100.0000    0.0430    0.9679   -0.0712    1.6681    1.1951
[1] 5200.0000    0.2722    0.8440   -0.1204    1.8128    1.1937
[1] 5300.0000    1.0000    0.8379   -0.0818    1.7254    1.0434
[1] 5400.0000    0.0365    0.9974   -0.0980    1.6275    1.1725
[1] 5500.0000    1.0000    0.9295    0.0171    1.7203    1.1335
[1] 5600.0000    0.0057    0.9328   -0.1432    1.7416    1.1365
[1] 5700.0000    1.0000    0.9639   -0.0332    1.6385    1.0846
[1] 5800.0000    0.1504    0.9141    0.0262    1.6178    1.0035
[1] 5900.0000    0.0813    0.9936   -0.0432    1.6262    1.1548
[1] 6000.0000    0.0340    0.8924   -0.0662    1.6967    1.0716
[1] 6100.0000    0.0003    0.9517    0.0526    1.7839    0.9216
[1] 6200.0000    0.0702    0.9787   -0.0163    1.5447    1.1364
[1] 6300.0000    0.0441    0.9569   -0.0433    1.6518    0.8080
[1] 6400.0000    0.0850    0.9885    0.0263    1.6468    0.8165
[1] 6500.0000    1.0000    0.9478   -0.0279    1.6910    1.0656
[1] 6600.0000    1.0000    0.9735   -0.0808    1.6879    1.1163
[1] 6700.0000    0.0111    0.9726   -0.1275    1.5305    1.0730
[1] 6800.0000    0.0477    0.9947   -0.0967    1.6356    0.8549
[1] 6900.0000    0.0704    0.9783   -0.0588    1.6383    1.0604
[1] 7000.0000    1.0000    0.9910   -0.1012    1.6801    1.0078
[1] 7100.0000    0.0325    0.9857   -0.0767    1.7122    1.0571
[1] 7200.0000    0.0015    0.9645   -0.0594    1.7480    0.9109
[1] 7300.0000    1.0000    0.9616   -0.0190    1.7528    0.8824
[1] 7400.0000    1.0000    0.9719   -0.1010    1.6079    1.0971
[1] 7500.0000    0.1282    0.9538    0.0003    1.6466    1.0728
[1] 7600.0000    0.0209    0.9979   -0.0998    1.6385    1.1442
[1] 7700.0000    0.0642    0.9975   -0.0878    1.6135    1.1871
[1] 7800.0000    0.9427    0.8968   -0.0303    1.6183    1.0840
[1] 7900.0000    0.2210    0.9605   -0.0228    1.6564    0.8727
[1] 8000.0000    0.0205    0.9888   -0.1248    1.6621    0.8620
[1] 8100.0000    0.0266    0.9605   -0.0048    1.7137    0.9407
[1] 8200.0000    0.0087    0.9803   -0.0424    1.7655    0.8647
[1] 8300.0000    0.0818    0.8896    0.0197    1.8270    1.1748
[1] 8400.0000    0.0134    0.9589   -0.0437    1.7745    1.0527
[1] 8500.0000    0.0004    0.9939   -0.0634    1.5670    1.0648
[1] 8600.0000    0.2034    0.9564   -0.1340    1.7154    0.9963
[1] 8700.0000    0.0027    0.9956   -0.0439    1.5917    1.1637
[1] 8800.0000    1.0000    0.9324   -0.0091    1.5946    0.8066
[1] 8900.0000    0.2814    0.9431   -0.0533    1.8147    1.1381
[1] 9000.0000    0.1294    0.9025   -0.0470    1.6498    0.9096
[1] 9100.0000    0.1948    0.9978   -0.0446    1.6544    0.9039
[1] 9200.0000    0.1595    0.9676   -0.1085    1.6655    0.9842
[1] 9300.0000    0.0051    0.9734   -0.0215    1.6219    1.1056
[1] 9400.0000    0.0112    0.9943    0.0462    1.6719    1.0986
[1] 9500.0000    0.1393    0.9329   -0.0989    1.6403    0.8817
[1] 9600.0000    0.4699    0.9975   -0.0512    1.6581    0.8759
[1] 9700.0000    0.0927    0.9657   -0.0046    1.6350    0.9166
[1] 9800.0000    0.0048    0.9883   -0.0710    1.7436    1.1620
[1] 9900.0000    0.0005    0.9529    0.0013    1.6409    0.9335
[1] 10000.0000     0.2838     0.9167    -0.1681     1.6348     1.1877
[1] 10100.0000     0.9648     0.9049    -0.0945     1.6447     1.0751
[1] 10200.0000     0.6056     0.9808    -0.1884     1.6439     0.8342
[1] 10300.0000     0.1315     0.9893    -0.0721     1.5944     0.9840
[1] 10400.0000     0.0042     0.9870     0.0071     1.6945     0.8317
[1] 10500.0000     0.0254     0.8159     0.0032     1.7324     1.1284
[1] 10600.0000     0.3856     0.9579    -0.0153     1.8265     1.1829
[1] 10700.0000     0.0011     0.9608     0.0148     1.7405     1.1293
[1] 10800.0000     0.0101     0.9785    -0.1050     1.7226     1.1554
[1] 10900.0000     0.0003     0.9660    -0.1267     1.7083     1.1970
[1] 11000.0000     0.0047     0.9998    -0.0515     1.7313     0.9957
[1] 11100.0000     0.0206     0.9709     0.0138     1.7882     0.9321
[1] 11200.0000     0.5880     0.9412    -0.0211     1.7484     0.8257
[1] 11300.0000     0.4355     0.9738    -0.1336     1.6718     1.1215
[1] 11400.0000     0.4322     0.9830     0.0020     1.5952     1.0526
[1] 11500.0000     0.0007     0.9311    -0.0952     1.6948     0.8792
[1] 11600.0000     0.2773     0.9382    -0.1653     1.5759     0.8033
[1] 11700.0000     0.3185     0.9810    -0.1251     1.5511     0.9386
[1] 11800.0000     0.0000     0.9849     0.0133     1.6755     1.0283
[1] 11900.0000     0.1780     0.9675    -0.0296     1.7119     0.9621
[1] 12000.0000     0.7425     0.9595     0.0309     1.7459     1.1960
[1] 12100.0000     1.0000     0.9650    -0.1164     1.7133     0.9420
[1] 12200.0000     0.0263     0.9853    -0.0444     1.6450     1.1443
[1] 12300.0000     0.0948     0.9623     0.0636     1.6056     1.1420
[1] 12400.0000     0.0417     0.9803    -0.1367     1.7921     1.0988
[1] 12500.0000     0.0164     0.9720     0.0772     1.7064     1.0840
[1] 12600.0000     0.2578     0.9564    -0.0602     1.6000     1.1675
[1] 12700.0000     0.0000     0.9614    -0.0987     1.8188     0.8958
[1] 12800.0000     0.0630     0.9902    -0.0879     1.7213     0.9345
[1] 12900.0000     0.2356     0.9378    -0.0687     1.5610     1.1252
[1] 13000.0000     0.0367     0.9696    -0.0415     1.6113     0.9346
[1] 13100.0000     0.0661     0.9404    -0.1928     1.7002     0.9822
[1] 13200.0000     0.2814     0.9589    -0.1005     1.5002     1.1555
[1] 13300.0000     0.8074     0.9675     0.0510     1.7916     1.1190
[1] 13400.0000     0.1132     0.9485    -0.0491     1.6689     1.0271
[1] 13500.0000     0.0028     0.9671    -0.0107     1.6913     0.9422
[1] 13600.0000     0.0052     0.9601    -0.0775     1.6130     0.9762
[1] 13700.0000     0.0273     0.9962     0.0003     1.6885     0.9736
[1] 13800.0000     0.0120     0.9685    -0.0890     1.7250     0.9435
[1] 13900.0000     0.0144     0.9575    -0.0785     1.6648     1.0672
[1] 14000.0000     1.0000     0.9598    -0.0040     1.6740     0.8043
[1] 1.410e+04 2.000e-03 9.236e-01 7.140e-02 1.744e+00 9.106e-01
[1] 14200.0000     1.0000     0.9100    -0.0343     1.6394     1.1948
[1] 14300.0000     0.5002     0.9874    -0.0957     1.7658     0.9095
[1] 14400.0000     0.1671     0.9825    -0.0788     1.7487     0.9794
[1] 14500.0000     1.0000     0.9833    -0.0881     1.6167     1.1771
[1] 14600.0000     0.0048     0.9646    -0.1190     1.5703     1.1720
[1] 14700.0000     0.1040     0.9923    -0.0421     1.6582     1.0723
[1] 14800.0000     1.0000     0.8823    -0.0528     1.6641     0.8703
[1] 14900.0000     0.5455     0.9850    -0.0423     1.6874     1.1438
[1] 15000.0000     0.0016     0.9486    -0.0626     1.6307     0.9418
[1] 15100.0000     0.0916     0.9112    -0.0908     1.6866     1.0503
[1] 15200.0000     1.0000     0.9896     0.0401     1.6698     1.1186
[1] 15300.0000     0.1362     0.8856    -0.0710     1.6614     0.9730
[1] 15400.0000     1.0000     0.9829    -0.0430     1.7041     1.0368
[1] 15500.0000     0.0911     0.9973    -0.0325     1.7059     0.8711
[1] 15600.0000     1.0000     0.9912    -0.1323     1.7445     1.0551
[1] 15700.0000     0.1909     0.9225     0.0481     1.6362     0.9294
[1] 15800.0000     0.4282     0.9774     0.0114     1.6236     1.1822
[1] 15900.0000     0.0007     0.9793    -0.0399     1.7635     0.9951
[1] 16000.0000     1.0000     0.9761    -0.0659     1.7255     1.0600
[1] 16100.0000     1.0000     0.9477    -0.1647     1.7288     0.9420
[1] 16200.0000     0.0861     0.9395    -0.1174     1.7951     1.1789
[1] 16300.0000     0.8173     0.9029    -0.0149     1.7787     1.0365
[1] 16400.0000     0.0294     0.9797    -0.0341     1.6324     1.0271
[1] 16500.0000     0.5467     0.9894     0.0667     1.7225     0.9222
[1] 16600.0000     0.3493     0.9294    -0.1551     1.7124     0.8662
[1] 16700.0000     0.5341     0.9070    -0.0760     1.7551     1.1930
[1] 16800.0000     1.0000     0.9593    -0.1186     1.5651     0.8375
[1] 16900.0000     0.0806     0.9996    -0.0810     1.7083     0.8218
[1] 17000.0000     0.0099     0.9815    -0.1019     1.7700     0.9010
[1] 17100.0000     0.0257     0.9262     0.0496     1.5916     0.9696
[1] 17200.0000     0.0147     0.9497    -0.1241     1.6301     0.8252
[1] 17300.0000     0.0616     0.9564    -0.0957     1.6161     0.9524
[1] 17400.0000     0.4388     0.9623     0.0135     1.7933     1.1696
[1] 17500.0000     0.9811     0.9645    -0.0355     1.7191     0.9956
[1] 17600.0000     0.0418     0.9563    -0.1399     1.6904     1.0643
[1] 17700.0000     0.0004     0.9944    -0.0375     1.5098     0.9167
[1] 17800.0000     1.0000     0.9968    -0.1276     1.6773     0.8268
[1] 17900.0000     0.1042     0.9291    -0.1587     1.6957     0.9192
[1] 18000.0000     0.6125     0.9109     0.0256     1.6667     0.8712
[1] 18100.0000     0.3051     0.9434     0.0389     1.6647     1.0478
[1] 18200.0000     0.0633     0.9180    -0.0388     1.8901     0.9221
[1] 18300.0000     0.2217     0.9706    -0.0444     1.6695     1.1685
[1] 18400.0000     0.0000     0.9243    -0.1666     1.6601     1.1066
[1] 18500.0000     1.0000     0.8751    -0.0281     1.7476     0.8892
[1] 18600.0000     0.1915     0.8932     0.0047     1.7815     0.8460
[1] 18700.0000     0.1444     0.9071    -0.0186     1.7773     1.1143
[1] 18800.0000     0.6662     0.9422    -0.0605     1.7136     0.8265
[1] 18900.0000     0.0011     0.9734    -0.0624     1.6844     1.0104
[1] 19000.0000     0.0193     0.9527    -0.1601     1.7566     0.8936
[1] 19100.0000     1.0000     0.9272    -0.0321     1.7180     0.8583
[1] 19200.0000     0.0313     0.9838     0.0288     1.5844     1.0840
[1] 19300.0000     0.2838     0.9996    -0.0690     1.6525     0.8073
[1] 19400.0000     0.1033     0.9097    -0.0007     1.6778     1.0433
[1] 19500.0000     0.0004     0.9633     0.0362     1.7098     1.1823
[1] 19600.0000     1.0000     0.9648    -0.1758     1.7881     1.1447
[1] 19700.0000     0.1898     0.8665    -0.0611     1.6819     1.1248
[1] 19800.0000     0.0884     0.9869    -0.0037     1.7301     0.9076
[1] 19900.0000     0.8458     0.9655    -0.0734     1.8220     0.8660
[1] 20000.0000     1.0000     0.9605    -0.0975     1.6154     0.8244
[1] 20100.0000     0.1305     0.8622    -0.0182     1.6716     0.8640
[1] 20200.0000     1.0000     0.9840    -0.1103     1.6758     1.1380
[1] 20300.0000     0.7459     0.9019    -0.1257     1.6725     1.0263
[1] 20400.0000     0.0576     0.9596    -0.0489     1.6994     1.0259
[1] 20500.0000     0.0207     0.9905    -0.0210     1.7073     1.0353
[1] 20600.0000     0.1120     0.9981    -0.1178     1.7217     1.1462
[1] 20700.0000     0.0124     0.9923    -0.0781     1.7253     1.0695
[1] 20800.0000     1.0000     0.9981    -0.0256     1.8158     1.0246
[1] 20900.0000     0.7824     0.9455    -0.1080     1.7628     1.1141
[1] 21000.0000     0.0816     0.9912     0.0573     1.6879     1.0875
[1] 21100.0000     0.0079     0.9440    -0.1171     1.7139     1.0640
[1] 21200.0000     0.6582     0.9611    -0.0266     1.7724     0.8029
[1] 2.130e+04 1.000e+00 9.067e-01 7.170e-02 1.651e+00 8.492e-01
[1] 21400.0000     0.0359     0.8276    -0.0422     1.6787     0.8233
[1] 21500.0000     0.0135     0.9988    -0.0627     1.7035     0.8682
[1] 21600.0000     1.0000     0.9634    -0.1133     1.6901     0.9473
[1] 21700.0000     0.2110     0.9973    -0.0131     1.6458     0.9605
[1] 21800.0000     0.0913     0.9794     0.0090     1.6634     1.1483
[1] 2.190e+04 3.182e-01 9.598e-01 7.990e-02 1.759e+00 8.497e-01
[1] 22000.0000     0.4543     0.8874    -0.0569     1.5938     1.0182
[1] 22100.0000     0.0918     0.9862     0.0047     1.6793     0.9706
[1] 22200.0000     0.2797     0.8918    -0.0624     1.6518     1.1042
[1] 22300.0000     1.0000     0.9726    -0.0455     1.7086     0.8521
[1] 22400.0000     0.7906     0.9556    -0.1129     1.6185     1.0506
[1] 22500.0000     0.0069     0.9695     0.0245     1.6171     0.9016
[1] 22600.0000     0.2586     0.8858    -0.0608     1.7462     0.9064
[1] 22700.0000     0.0125     0.8893    -0.0935     1.6654     0.9545
[1] 22800.0000     0.1760     0.8972    -0.0458     1.5979     1.0231
[1] 22900.0000     1.0000     0.8956    -0.0462     1.5449     1.1446
[1] 23000.0000     0.2605     0.8997     0.0329     1.7256     0.9381
[1] 23100.0000     0.0102     0.9231    -0.0054     1.7026     0.8179
[1] 23200.0000     0.0084     0.9832    -0.0645     1.7312     0.9881
[1] 23300.0000     0.6419     0.9627    -0.0113     1.6481     0.8504
[1] 23400.0000     0.2466     0.8888    -0.0856     1.6041     1.0444
[1] 23500.0000     0.2060     0.9986     0.0084     1.6474     1.0082
[1] 23600.0000     0.1731     0.9485    -0.1039     1.6266     0.9403
[1] 23700.0000     1.0000     0.9564    -0.0345     1.5993     0.9153
[1] 23800.0000     0.1129     0.9299    -0.1222     1.5778     1.0580
[1] 23900.0000     0.0808     0.9920     0.0169     1.6250     1.0485
[1] 24000.0000     0.0238     0.9851    -0.0088     1.6874     1.0873
[1] 24100.0000     0.1569     0.8747    -0.1032     1.6306     1.0767
[1] 24200.0000     0.5899     0.9331    -0.1445     1.6757     1.1419
[1] 24300.0000     0.0247     0.9595    -0.1254     1.6583     0.9607
[1] 24400.0000     0.4015     0.9971    -0.0202     1.6563     0.8150
[1] 24500.0000     0.0244     0.9726    -0.0417     1.8422     1.0605
[1] 24600.0000     0.0117     0.9866    -0.0921     1.6811     1.1519
[1] 24700.0000     0.4473     0.9195     0.0148     1.7307     0.8781
[1] 24800.0000     0.2744     0.9785    -0.0421     1.6989     0.9465
[1] 24900.0000     0.0387     0.9802    -0.0510     1.7664     0.9496
[1] 25000.0000     0.1217     0.8801    -0.0528     1.6986     0.8235
[1] 25100.0000     0.0835     0.9249    -0.0475     1.6969     1.0516
[1] 25200.0000     0.2864     0.9507    -0.0655     1.6397     0.9719
[1] 25300.0000     0.0077     0.9779    -0.0815     1.6607     0.8977
[1] 25400.0000     0.0455     0.9621     0.0387     1.6733     0.9516
[1] 25500.0000     0.4123     0.8417    -0.0838     1.6246     0.8432
[1] 25600.0000     0.0111     0.9926     0.0096     1.6833     0.9855
[1] 25700.0000     0.0509     0.9667    -0.0158     1.6775     1.1022
[1] 25800.0000     0.4185     0.9689    -0.1248     1.6430     1.1962
[1] 25900.0000     0.0452     0.9688    -0.0954     1.6119     1.0063
[1] 26000.0000     0.4220     0.9492    -0.0201     1.6121     1.0058
[1] 26100.0000     0.0102     0.9935    -0.0614     1.7199     1.0009
[1] 26200.0000     0.3869     0.8601     0.0557     1.7538     0.9041
[1] 26300.0000     0.1075     0.9342    -0.0998     1.6368     1.1434
[1] 26400.0000     0.0147     0.9644     0.0280     1.6755     0.8566
[1] 26500.0000     0.1817     0.9710    -0.0563     1.5935     1.0027
[1] 26600.0000     0.0239     0.9993    -0.0512     1.5913     1.0988
[1] 26700.0000     0.1222     0.9721    -0.0353     1.6932     0.8075
[1] 26800.0000     1.0000     0.9542    -0.1282     1.6438     1.1594
[1] 26900.0000     0.3681     0.8955    -0.0921     1.6679     1.0592
[1] 27000.0000     1.0000     0.8977    -0.0609     1.7365     0.8661
[1] 27100.0000     0.2790     0.9897    -0.0484     1.6354     0.9084
[1] 27200.0000     0.0087     0.9713    -0.1275     1.7229     1.0324
[1] 27300.0000     0.0513     0.9608    -0.2051     1.7095     0.8492
[1] 27400.0000     0.0754     0.9728    -0.0422     1.6757     1.1655
[1] 27500.0000     0.0373     0.9534    -0.0841     1.7073     0.8238
[1] 27600.0000     0.0766     0.9952    -0.0809     1.6950     1.1217
[1] 27700.0000     0.0032     0.9491    -0.0138     1.6811     1.1275
[1] 27800.0000     1.0000     0.9539    -0.1054     1.8452     1.0619
[1] 27900.0000     0.7034     0.8904     0.0063     1.6366     0.9276
[1] 28000.0000     0.0000     0.9430     0.0120     1.6603     0.9743
[1] 28100.0000     0.0023     0.9857    -0.0469     1.7684     0.9345
[1] 28200.0000     0.1394     0.9920     0.0294     1.7044     1.1206
[1] 28300.0000     0.0213     0.8968     0.0029     1.6905     0.8209
[1] 28400.0000     1.0000     0.9594    -0.0676     1.6583     0.8105
[1] 28500.0000     1.0000     0.8206     0.0095     1.6608     1.0447
[1] 28600.0000     0.0538     0.9775    -0.0556     1.6910     0.9079
[1] 28700.0000     1.0000     0.9143    -0.1134     1.6125     0.8158
[1] 28800.0000     0.4510     0.9898    -0.1016     1.5692     0.9966
[1] 28900.0000     1.0000     0.9689    -0.1851     1.7588     1.0738
[1] 29000.0000     0.0048     0.9692    -0.0415     1.7331     0.9910
[1] 29100.0000     0.2289     0.9836    -0.0024     1.7168     1.0211
[1] 29200.0000     0.0343     0.9889    -0.0918     1.6248     1.0979
[1] 29300.0000     0.4623     0.9749     0.0114     1.6686     0.9782
[1] 29400.0000     0.0636     0.9512    -0.0094     1.5870     1.1262
[1] 29500.0000     0.0634     0.9711     0.0438     1.6885     0.9025
[1] 29600.0000     0.0787     0.9989     0.0424     1.7935     1.0390
[1] 29700.0000     0.0439     0.9571    -0.0903     1.6719     0.9736
[1] 29800.0000     0.1666     0.8701    -0.0512     1.6689     0.8024
[1] 29900.0000     1.0000     0.9798    -0.0553     1.6748     1.0014
[1] 30000.0000     0.3010     0.9561     0.0056     1.6935     1.0811
[1] 0.3171873
Time difference of 10.79311 hours
null device 
          1 
