[1] "El numero de nodos X particion es: 10"
[1] "Model = M1 / Data = sim_data/datasetSVCExponential8.Rdata"
[1] 100.0000   1.0000   0.8291   0.0268   2.1231   0.9331
[1] 200.0000   0.7747   0.9804  -0.0766   1.9959   1.0297
[1] 300.0000   0.5100   0.8776  -0.1953   2.0074   1.0665
[1] 400.0000   0.2673   0.9217  -0.0982   1.9713   0.9692
[1] 500.0000   1.0000   0.8902  -0.0930   1.9957   0.8863
[1] 600.0000   0.0015   0.8693   0.0803   2.1185   1.0610
[1] 700.0000   0.6012   0.8087  -0.2133   1.7891   1.0605
[1] 800.0000   0.7593   0.8830  -0.0694   2.0242   0.9772
[1] 900.0000   1.0000   0.9357  -0.1788   1.9708   1.0743
[1] 1000.0000    0.2665    0.8568   -0.1331    1.9626    0.8983
[1] 1100.0000    0.0785    0.8326   -0.2121    1.8335    1.0285
[1] 1200.0000    1.0000    0.8603   -0.0530    2.1190    0.9164
[1] 1300.0000    0.8852    0.8617   -0.1411    1.9986    1.0550
[1] 1400.0000    0.0000    0.9303   -0.1620    1.9968    1.1894
[1] 1500.0000    0.0002    0.9672    0.0287    2.1712    1.1986
[1] 1600.0000    1.0000    0.9427   -0.0777    2.1000    1.0957
[1] 1700.0000    0.0000    0.9259   -0.1053    1.9506    1.0764
[1] 1800.0000    0.0000    0.9234    0.0013    2.1776    1.1307
[1] 1900.0000    0.4938    0.9957   -0.0217    2.0979    1.1822
[1] 2000.0000    0.1351    0.9978   -0.0705    1.9847    1.1535
[1] 2100.0000    1.0000    0.8081   -0.0759    2.0812    0.9300
[1] 2200.0000    0.6874    0.8580   -0.0642    2.0450    1.0161
[1] 2300.0000    0.4820    0.9707    0.0661    2.0424    1.1994
[1] 2400.0000    0.0247    0.9355   -0.0473    1.9665    1.1578
[1] 2500.0000    0.0559    0.8529   -0.0896    2.0637    0.9541
[1] 2600.0000    0.1374    0.9658   -0.1097    2.0292    1.0023
[1] 2700.0000    0.2187    0.8044   -0.1369    1.9828    1.0835
[1] 2800.0000    0.0384    0.9204   -0.0427    2.0707    1.0405
[1] 2900.0000    0.0019    0.8994   -0.1866    1.9284    1.0050
[1] 3000.0000    0.0131    0.9297    0.0125    2.1218    1.1984
[1] 3100.0000    0.3119    0.8708   -0.1223    1.9277    0.9667
[1] 3200.0000    0.4064    0.9371    0.0235    2.1408    1.1278
[1] 3300.0000    0.0000    0.9877   -0.0553    2.0028    0.9428
[1] 3400.0000    0.0039    0.9079   -0.2199    1.8349    0.8348
[1] 3500.0000    0.9405    0.9338   -0.0582    2.1570    0.8830
[1] 3600.0000    0.1233    0.8387   -0.1493    1.9701    1.0128
[1] 3700.0000    0.0218    0.8505   -0.0351    2.0835    1.1374
[1] 3800.0000    0.0002    0.8653   -0.2236    1.8512    0.9884
[1] 3900.0000    0.0038    0.8553   -0.2013    1.8969    1.0542
[1] 4000.0000    0.2778    0.9388   -0.0216    1.9099    0.8131
[1] 4100.0000    0.3498    0.9193    0.0638    2.1247    1.0337
[1] 4200.0000    0.8272    0.9756   -0.0872    1.9713    0.9752
[1] 4300.0000    0.0000    0.9986   -0.2313    1.8419    0.9026
[1] 4400.0000    0.2615    0.9571    0.0739    2.1639    0.9932
[1] 4500.0000    1.0000    0.8410   -0.0738    2.0223    1.1520
[1] 4600.0000    0.0947    0.8009   -0.2233    1.8388    0.9214
[1] 4700.0000    0.0078    0.9516   -0.0683    2.1060    1.1937
[1] 4800.0000    0.0827    0.8985   -0.1643    1.8689    0.9827
[1] 4900.0000    0.5869    0.8201    0.1910    2.2945    1.1747
[1] 5000.0000    0.5381    0.9273    0.0658    2.1716    1.0348
[1] 5100.0000    0.5879    0.8496   -0.1509    2.0434    0.8317
[1] 5200.0000    0.0101    0.8350   -0.0269    2.1839    1.0935
[1] 5300.0000    1.0000    0.8379   -0.0427    2.0193    1.0434
[1] 5400.0000    0.8573    0.8333    0.0012    2.0966    0.9811
[1] 5500.0000    0.0021    0.8506   -0.0653    1.9764    1.1979
[1] 5600.0000    0.0584    0.8407   -0.3843    1.8377    1.1085
[1] 5700.0000    0.6738    0.8052   -0.1985    1.9180    1.1157
[1] 5800.0000    0.1425    0.8612   -0.0283    2.1330    1.0327
[1] 5900.0000    0.3105    0.8706   -0.1493    1.9272    1.1672
[1] 6000.0000    0.7656    0.8325   -0.2306    1.9301    0.8825
[1] 6100.0000    0.1412    0.9517    0.1226    2.1773    0.9216
[1] 6200.0000    1.0000    0.8336   -0.3299    1.7258    0.9759
[1] 6300.0000    0.0174    0.8959   -0.0966    2.0950    1.1826
[1] 6400.0000    1.0000    0.9022    0.1344    2.1239    0.8332
[1] 6500.0000    0.2812    0.8697   -0.0867    2.0853    0.9040
[1] 6600.0000    0.0245    0.8918   -0.2101    1.9295    1.0184
[1] 6700.0000    0.0000    0.9290   -0.3007    1.7322    1.1408
[1] 6800.0000    1.0000    0.8496   -0.0462    2.0904    0.9728
[1] 6900.0000    0.0708    0.8556   -0.1162    1.9778    1.1638
[1] 7000.0000    0.0012    0.8011   -0.1528    1.9255    1.0228
[1] 7100.0000    1.0000    0.8440   -0.1504    1.9171    0.9302
[1] 7200.0000    0.0089    0.8749   -0.0909    2.0031    1.0509
[1] 7300.0000    0.0011    0.8821   -0.0758    2.0763    0.9361
[1] 7400.0000    0.0000    0.8045   -0.1352    1.9568    0.8734
[1] 7500.0000    0.0920    0.8682   -0.0123    2.1337    0.9160
[1] 7600.0000    0.0193    0.8332   -0.1265    1.9447    1.0877
[1] 7700.0000    0.0130    0.8552   -0.1970    1.8590    1.0850
[1] 7800.0000    0.0002    0.8139   -0.1662    1.9369    0.8702
[1] 7900.0000    0.2246    0.8037   -0.1809    1.9715    1.1632
[1] 8000.0000    0.7263    0.9186   -0.1923    1.8373    1.0026
[1] 8100.0000    0.0442    0.9084    0.0606    2.1640    1.0684
[1] 8200.0000    0.0000    0.8989   -0.0216    2.0812    1.1363
[1] 8300.0000    0.0013    0.8397    0.1543    2.2425    1.0813
[1] 8400.0000    0.8740    0.8563   -0.2016    2.0440    1.0967
[1] 8500.0000    0.0041    0.8716   -0.1426    1.9665    1.1821
[1] 8600.0000    0.3552    0.9214   -0.0025    2.1925    1.0135
[1] 8700.0000    0.4987    0.8293   -0.1530    1.8709    0.8767
[1] 8800.0000    1.0000    0.9324   -0.1824    1.8955    0.8066
[1] 8900.0000    0.8571    0.9431   -0.2407    1.9078    1.1381
[1] 9000.0000    0.1296    0.9025   -0.0665    1.9947    0.9096
[1] 9100.0000    0.3339    0.8799    0.0523    2.1147    0.8591
[1] 9200.0000    0.2215    0.8777    0.0148    2.0603    1.1489
[1] 9300.0000    0.0084    0.9856   -0.1554    1.9196    1.1370
[1] 9400.0000    0.2663    0.8458    0.0205    2.0049    1.0091
[1] 9500.0000    0.0000    0.9329   -0.0662    2.1028    0.8817
[1] 9600.0000    0.6127    0.9566   -0.1435    1.9917    1.1182
[1] 9700.0000    0.0060    0.8614    0.0436    2.0451    0.9692
[1] 9800.0000    0.2460    0.8196   -0.1007    1.9343    0.9680
[1] 9900.0000    0.0000    0.8466    0.3323    2.4176    0.8248
[1] 10000.0000     0.7037     0.9167    -0.3563     1.8168     1.1877
[1] 10100.0000     1.0000     0.9049    -0.0302     2.0939     1.0751
[1] 10200.0000     0.0008     0.9084    -0.1015     1.9376     0.8386
[1] 10300.0000     0.0206     0.8120     0.1226     2.1557     0.8804
[1] 10400.0000     0.1825     0.9337    -0.0026     2.0465     1.0990
[1] 10500.0000     1.0000     0.8159     0.1438     2.1861     1.1284
[1] 10600.0000     0.1009     0.8330     0.1471     2.3154     0.9483
[1] 10700.0000     0.0001     0.8531     0.0502     2.1732     0.8181
[1] 10800.0000     0.7485     0.8541    -0.0015     2.1555     0.9792
[1] 10900.0000     0.0000     0.8264    -0.1218     2.1504     1.1140
[1] 11000.0000     0.5460     0.8012    -0.0207     2.1952     0.9407
[1] 11100.0000     0.0012     0.8902     0.0051     2.1279     0.9114
[1] 11200.0000     0.7236     0.9412    -0.0957     1.9755     0.8257
[1] 11300.0000     0.9162     0.9738    -0.0256     2.0383     1.1215
[1] 11400.0000     0.3823     0.8271    -0.1330     1.9646     1.1322
[1] 11500.0000     0.0000     0.9311    -0.0965     2.0592     0.8792
[1] 11600.0000     0.7934     0.9382    -0.2009     1.9221     0.8033
[1] 11700.0000     0.6329     0.9810    -0.2772     1.9396     0.9386
[1] 11800.0000     0.0756     0.9849    -0.1727     1.8413     1.0283
[1] 1.190e+04 3.005e-01 8.272e-01 1.060e-02 2.098e+00 8.962e-01
[1] 12000.0000     0.0026     0.8543    -0.1072     2.0152     1.1591
[1] 12100.0000     0.1390     0.9452    -0.0432     2.0632     0.8400
[1] 12200.0000     0.0023     0.8279    -0.0389     1.9367     0.8199
[1] 12300.0000     0.0206     0.8229     0.0423     2.0636     0.9137
[1] 12400.0000     1.0000     0.8046    -0.1894     1.9247     0.8797
[1] 12500.0000     0.1079     0.9120     0.1858     2.3172     1.1259
[1] 12600.0000     0.3111     0.9564     0.0053     1.9661     1.1675
[1] 12700.0000     0.0001     0.9486     0.0848     2.1545     0.8166
[1] 12800.0000     0.0129     0.9108    -0.1544     1.9552     1.0765
[1] 12900.0000     0.0041     0.8554    -0.4101     1.7735     0.9712
[1] 13000.0000     0.0027     0.8069     0.1572     2.1931     1.0997
[1] 13100.0000     0.0005     0.9404    -0.1806     1.9369     0.9822
[1] 13200.0000     0.1452     0.9589    -0.1922     1.9493     1.1555
[1] 13300.0000     1.0000     0.9675     0.0774     2.2143     1.1190
[1] 13400.0000     0.0000     0.9801     0.1228     2.0734     1.0073
[1] 13500.0000     0.0000     0.8240    -0.1537     2.0104     1.0099
[1] 13600.0000     0.0070     0.8917    -0.0938     1.8782     1.0301
[1] 13700.0000     1.0000     0.8314    -0.0622     2.0490     0.8589
[1] 13800.0000     0.0000     0.8418    -0.1551     1.8896     1.1127
[1] 13900.0000     0.2456     0.8125    -0.2290     1.8872     1.1546
[1] 14000.0000     0.8389     0.9598    -0.0678     1.9677     0.8043
[1] 14100.0000     0.0000     0.9236     0.0496     2.2176     0.9106
[1] 14200.0000     0.0605     0.9171    -0.0461     2.0046     0.8964
[1] 14300.0000     0.0048     0.8359    -0.1423     2.0253     1.0907
[1] 14400.0000     0.8404     0.8984    -0.0489     2.0817     1.1866
[1] 14500.0000     0.0636     0.8302    -0.0774     2.1205     1.1813
[1] 14600.0000     0.0000     0.8329    -0.2223     1.9763     0.9630
[1] 14700.0000     0.8017     0.8840    -0.1742     1.9526     1.0394
[1] 14800.0000     0.0000     0.8106    -0.3631     1.7887     1.0978
[1] 14900.0000     0.5344     0.8873    -0.0044     2.1003     1.1324
[1] 15000.0000     0.0000     0.9486    -0.1395     1.9823     0.9418
[1] 15100.0000     0.0371     0.8384    -0.0870     2.0380     0.8510
[1] 15200.0000     0.6705     0.9896     0.0511     2.1172     1.1186
[1] 15300.0000     0.1567     0.8856     0.1518     2.2921     0.9730
[1] 15400.0000     0.2850     0.8005    -0.0540     2.1091     0.8812
[1] 15500.0000     0.3926     0.9973    -0.1660     1.9081     0.8711
[1] 15600.0000     0.8675     0.9912    -0.0832     2.0221     1.0551
[1] 15700.0000     0.0003     0.9705     0.1567     2.2405     0.8969
[1] 15800.0000     0.0055     0.9670    -0.1262     1.9141     1.0411
[1] 15900.0000     0.0000     0.8006    -0.1088     1.9830     1.0522
[1] 16000.0000     0.3462     0.9761    -0.2091     1.9544     1.0600
[1] 16100.0000     1.0000     0.9477     0.0480     2.2341     0.9420
[1] 16200.0000     1.0000     0.8455    -0.1555     1.9211     1.0509
[1] 16300.0000     1.0000     0.9029     0.0482     2.0817     1.0365
[1] 16400.0000     0.1716     0.8090    -0.0726     2.0191     0.8978
[1] 16500.0000     0.1475     0.9894    -0.0332     2.0699     0.9222
[1] 16600.0000     1.0000     0.9292    -0.2181     1.9226     1.0485
[1] 16700.0000     0.3955     0.9070    -0.1041     2.0804     1.1930
[1] 16800.0000     0.2123     0.8165    -0.2337     1.8011     1.0376
[1] 16900.0000     0.0418     0.8221    -0.1569     1.8918     1.1575
[1] 17000.0000     0.6883     0.8355     0.1263     2.1813     0.9526
[1] 17100.0000     0.0315     0.9262     0.0397     2.0867     0.9696
[1] 17200.0000     0.4496     0.9497    -0.3663     1.7326     0.8252
[1] 17300.0000     1.0000     0.8396    -0.2896     1.8437     1.0131
[1] 17400.0000     0.7393     0.9623     0.0178     2.2206     1.1696
[1] 17500.0000     0.9298     0.9645    -0.0953     1.9802     0.9956
[1] 17600.0000     0.1665     0.8242     0.0287     2.0352     0.9225
[1] 17700.0000     0.0229     0.8922    -0.1601     1.8985     1.0234
[1] 17800.0000     0.6046     0.9571     0.0194     2.1432     0.9258
[1] 17900.0000     0.0988     0.8644    -0.0044     2.0410     1.0507
[1] 18000.0000     0.6834     0.9109     0.1506     2.2403     0.8712
[1] 18100.0000     0.0851     0.8667    -0.0390     2.0250     1.1867
[1] 18200.0000     0.7496     0.8073     0.1545     2.1903     0.9256
[1] 18300.0000     0.0197     0.9706    -0.1102     2.0083     1.1685
[1] 18400.0000     0.0083     0.9243    -0.2772     1.9595     1.1066
[1] 18500.0000     0.2985     0.8064    -0.0405     2.0570     1.1050
[1] 18600.0000     0.0058     0.8932    -0.1009     2.1132     0.8460
[1] 18700.0000     0.0614     0.8557    -0.0374     2.0915     0.9105
[1] 18800.0000     0.0227     0.9134    -0.0758     2.0655     1.0933
[1] 18900.0000     0.0000     0.8387    -0.2189     1.9611     0.8037
[1] 19000.0000     1.0000     0.8087    -0.0855     2.0312     1.1060
[1] 19100.0000     0.5757     0.9272    -0.1850     2.0172     0.8583
[1] 19200.0000     1.0000     0.8319    -0.1319     1.8764     1.0132
[1] 19300.0000     0.2033     0.8940     0.0391     2.0480     1.1248
[1] 19400.0000     0.0899     0.8040    -0.0995     1.9538     1.1551
[1] 19500.0000     0.0007     0.9718     0.1640     2.2434     0.8258
[1] 19600.0000     0.1333     0.8948     0.0780     2.2185     1.0740
[1] 19700.0000     0.0084     0.8143     0.0546     2.1044     0.8081
[1] 19800.0000     0.0976     0.8317     0.1060     2.2316     1.0742
[1] 19900.0000     0.4203     0.9981     0.1892     2.3364     1.0280
[1] 20000.0000     0.2049     0.9729    -0.2077     1.9312     0.8904
[1] 20100.0000     0.0000     0.8622    -0.0931     1.9952     0.8640
[1] 20200.0000     0.3582     0.9282     0.0281     2.0886     0.9678
[1] 20300.0000     0.0081     0.8028    -0.3953     1.7600     0.9708
[1] 20400.0000     1.0000     0.8446    -0.1163     1.9355     1.0333
[1] 20500.0000     0.0171     0.9905    -0.1189     1.9976     1.0353
[1] 20600.0000     0.1276     0.9219    -0.1772     1.9599     1.0848
[1] 20700.0000     0.6056     0.8107     0.1502     2.1385     1.0874
[1] 20800.0000     0.9513     0.9981    -0.1684     1.9723     1.0246
[1] 20900.0000     0.0000     0.8285    -0.1212     1.9964     0.8493
[1] 21000.0000     0.5367     0.8708    -0.0745     2.0517     1.1617
[1] 21100.0000     0.0745     0.9291    -0.0826     2.0139     1.1428
[1] 21200.0000     0.4507     0.8263     0.0872     2.1585     1.1324
[1] 21300.0000     0.0003     0.8214    -0.0166     1.9497     1.0391
[1] 21400.0000     1.0000     0.8276     0.0222     2.0945     0.8233
[1] 21500.0000     0.0074     0.8906     0.0047     2.1209     0.8206
[1] 21600.0000     0.7482     0.8069    -0.1255     1.9206     0.8555
[1] 21700.0000     0.1396     0.9180    -0.1975     1.9029     0.9753
[1] 21800.0000     0.5633     0.8385     0.0442     2.2488     0.8059
[1] 21900.0000     0.4567     0.9598     0.0680     2.1819     0.8497
[1] 22000.0000     0.1668     0.8850     0.0080     2.0355     0.9555
[1] 22100.0000     0.0104     0.8953     0.0236     2.2084     0.9321
[1] 22200.0000     0.5005     0.8579    -0.2267     1.9102     0.8534
[1] 22300.0000     0.0230     0.9726    -0.1960     2.0679     0.8521
[1] 22400.0000     0.4201     0.8145    -0.1834     1.9253     0.8604
[1] 22500.0000     0.0232     0.8239    -0.1243     2.0796     1.1368
[1] 22600.0000     0.0005     0.8207     0.0154     2.1276     0.8039
[1] 22700.0000     0.0002     0.8271    -0.1630     1.9394     1.1968
[1] 22800.0000     0.0640     0.8972    -0.0024     1.9527     1.0231
[1] 22900.0000     0.0868     0.8804    -0.2768     1.8487     0.9211
[1] 23000.0000     0.0000     0.8188     0.0645     2.0505     1.0070
[1] 23100.0000     0.4663     0.8119     0.0761     2.1025     1.0551
[1] 23200.0000     0.0286     0.8437    -0.0075     2.1575     0.8877
[1] 2.330e+04 0.000e+00 9.727e-01 1.425e-01 2.213e+00 9.482e-01
[1] 23400.0000     0.4625     0.8888    -0.0121     1.9878     1.0444
[1] 23500.0000     0.1394     0.8245     0.0382     2.1499     0.8555
[1] 23600.0000     0.0428     0.9324    -0.1899     1.9403     0.8634
[1] 23700.0000     0.1127     0.9328    -0.2303     1.8981     1.0180
[1] 23800.0000     0.8067     0.9299    -0.1169     1.8364     1.0580
[1] 23900.0000     1.0000     0.8722     0.0846     2.1597     0.8735
[1] 24000.0000     0.0529     0.9851    -0.0455     2.0627     1.0873
[1] 24100.0000     1.0000     0.9214    -0.0767     2.0992     0.8541
[1] 24200.0000     0.1025     0.8467    -0.0330     2.1120     0.8230
[1] 24300.0000     0.4000     0.9762    -0.1337     1.9682     1.0932
[1] 24400.0000     0.9406     0.9947    -0.0490     1.9975     0.9697
[1] 24500.0000     0.0194     0.8969    -0.0217     2.0777     1.0480
[1] 24600.0000     0.0002     0.9237    -0.0920     1.9990     1.0127
[1] 24700.0000     0.3160     0.9195    -0.2922     1.7121     0.8781
[1] 24800.0000     0.0000     0.9368    -0.0441     2.0230     1.1498
[1] 24900.0000     0.2050     0.8023    -0.0697     2.0449     1.0260
[1] 25000.0000     1.0000     0.8801     0.0738     2.1737     0.8235
[1] 25100.0000     0.3942     0.8622     0.0079     2.0938     0.8281
[1] 25200.0000     0.1245     0.8495    -0.0199     2.1242     1.1739
[1] 25300.0000     0.0021     0.9779    -0.0998     2.0282     0.8977
[1] 25400.0000     0.3705     0.8988    -0.2158     1.7672     1.0888
[1] 25500.0000     0.5742     0.8159    -0.0929     1.9236     1.0385
[1] 25600.0000     0.0550     0.9325     0.1493     2.1919     0.8613
[1] 25700.0000     0.2800     0.8976    -0.2381     1.9873     0.9408
[1] 25800.0000     0.0287     0.9689    -0.0197     2.0907     1.1962
[1] 25900.0000     0.0002     0.8683     0.0876     2.0748     0.8098
[1] 26000.0000     1.0000     0.9492    -0.1696     1.9086     1.0058
[1] 26100.0000     0.0953     0.8951    -0.1563     2.0250     0.8249
[1] 26200.0000     0.3295     0.8601    -0.1618     2.0247     0.9041
[1] 26300.0000     0.6488     0.8623    -0.3645     1.8403     1.0835
[1] 26400.0000     0.0749     0.8855    -0.0009     1.9557     1.0131
[1] 26500.0000     0.0334     0.8034    -0.3021     1.8056     1.1338
[1] 26600.0000     0.2638     0.8720    -0.2487     1.8426     0.9170
[1] 26700.0000     0.0906     0.9721    -0.0719     2.0395     0.8075
[1] 26800.0000     0.0302     0.8173    -0.1018     1.9933     0.9752
[1] 26900.0000     0.0164     0.9241     0.0022     2.0881     1.0646
[1] 27000.0000     1.0000     0.8977     0.0856     2.1999     0.8661
[1] 27100.0000     0.0001     0.8095    -0.0577     2.0318     1.0497
[1] 27200.0000     0.0653     0.8628    -0.1427     1.9575     1.0265
[1] 27300.0000     0.0032     0.9608    -0.1155     1.9608     0.8492
[1] 27400.0000     0.1637     0.8725    -0.1843     1.8953     1.1899
[1] 27500.0000     1.0000     0.8366    -0.0344     2.0168     1.0805
[1] 27600.0000     0.0027     0.8069    -0.0587     2.0060     0.9996
[1] 27700.0000     0.0447     0.8620     0.1731     2.3377     1.0941
[1] 27800.0000     0.0000     0.8358     0.0073     2.1014     1.1051
[1] 27900.0000     0.5694     0.8774    -0.0053     2.0702     1.0564
[1] 28000.0000     0.0173     0.9003    -0.1618     2.0388     0.9918
[1] 28100.0000     0.0000     0.9262    -0.1783     1.9525     1.0710
[1] 28200.0000     0.9024     0.9271     0.0463     2.1444     0.9591
[1] 28300.0000     0.0011     0.8510    -0.1864     1.9312     0.8048
[1] 28400.0000     1.0000     0.9594    -0.1889     1.8843     0.8105
[1] 28500.0000     1.0000     0.8206    -0.0920     2.0886     1.0447
[1] 28600.0000     0.0049     0.9775     0.1112     2.1844     0.9079
[1] 28700.0000     0.2107     0.8764    -0.0734     1.9928     1.0464
[1] 28800.0000     1.0000     0.9743     0.0292     2.1679     0.8723
[1] 28900.0000     0.2473     0.8362    -0.2293     1.9381     0.8240
[1] 29000.0000     1.0000     0.8095    -0.0371     2.0576     1.0816
[1] 29100.0000     0.0020     0.9156     0.0136     2.1621     0.8172
[1] 29200.0000     0.0012     0.8505    -0.2857     1.8619     0.9156
[1] 29300.0000     0.0191     0.9373    -0.1852     1.8605     0.8252
[1] 29400.0000     0.0562     0.9512    -0.0010     2.0237     1.1262
[1] 29500.0000     0.0001     0.9711    -0.1570     1.9929     0.9025
[1] 29600.0000     0.0017     0.8267    -0.0264     2.1156     1.0464
[1] 29700.0000     0.0068     0.8808    -0.2540     1.7718     0.9901
[1] 29800.0000     1.0000     0.8701    -0.1363     2.0093     0.8024
[1] 29900.0000     1.0000     0.9798    -0.1411     2.0016     1.0014
[1] 30000.0000     0.1174     0.8172    -0.2138     1.8814     1.1626
[1] 0.3553458
Time difference of 3.520969 hours
null device 
          1 
