[1] "El numero de nodos X particion es: 10"
[1] "Model = M2 / Data = sim_data/datasetSVCMatern24.Rdata"
[1] 100.0000   0.0000   0.8732  -0.0001   1.5048   0.9660
[1] 200.0000   0.0000   0.8225  -0.3651   1.4389   0.9434
[1] 300.0000   0.0454   0.8158  -0.4199   1.4675   0.8683
[1] 400.0000   0.0000   0.8593  -0.4676   1.5665   0.9203
[1] 500.0000   0.0000   0.8350  -0.4471   1.4297   0.9084
[1] 600.0000   0.0000   0.8891  -0.3078   1.4117   0.8464
[1] 700.0000   0.0198   0.8324  -0.4691   1.3633   0.8998
[1] 800.0000   0.0080   0.8152  -0.5059   1.4411   0.9580
[1] 900.0000   1.0000   0.9357  -0.4327   1.4426   1.0743
[1] 1000.0000    0.0000    0.8568   -0.5879    1.4134    0.8983
[1] 1100.0000    0.0005    0.8326   -0.5277    1.4319    1.0285
[1] 1200.0000    0.3044    0.8603   -0.5579    1.5043    0.9164
[1] 1300.0000    1.0000    0.8617   -0.5161    1.4836    1.0550
[1] 1400.0000    0.0000    0.8480   -0.5058    1.4895    0.9574
[1] 1500.0000    0.0008    0.9211   -0.4845    1.4693    1.0919
[1] 1600.0000    0.0001    0.8099   -0.4823    1.5204    1.0178
[1] 1700.0000    0.0151    0.8745   -0.4599    1.4789    0.9148
[1] 1800.0000    0.0063    0.9410   -0.5407    1.3919    0.8062
[1] 1900.0000    0.0001    0.9005   -0.4297    1.4825    0.9368
[1] 2000.0000    1.0000    0.8107   -0.4165    1.4728    0.8113
[1] 2100.0000    0.0057    0.8967   -0.5331    1.4309    0.8513
[1] 2200.0000    0.1526    0.8580   -0.5228    1.5149    1.0161
[1] 2300.0000    0.0002    0.8377   -0.5183    1.4520    0.8487
[1] 2400.0000    0.0004    0.9704   -0.4054    1.3575    0.8486
[1] 2500.0000    0.0386    0.8529   -0.5518    1.4481    0.9541
[1] 2600.0000    0.0169    0.8617   -0.5168    1.4061    0.8044
[1] 2700.0000    0.6465    0.8445   -0.5007    1.4893    1.0218
[1] 2800.0000    0.3875    0.8906   -0.5334    1.5029    0.8787
[1] 2900.0000    0.0008    0.8470   -0.5136    1.3462    0.8434
[1] 3000.0000    0.0000    0.8417   -0.5406    1.4563    0.8190
[1] 3100.0000    0.6689    0.8708   -0.4250    1.4849    0.9667
[1] 3200.0000    0.0000    0.8475   -0.4968    1.4077    0.8444
[1] 3300.0000    1.0000    0.8733   -0.5176    1.5470    0.9733
[1] 3400.0000    0.0010    0.9079   -0.4586    1.3762    0.8348
[1] 3500.0000    1.0000    0.9338   -0.4631    1.5305    0.8830
[1] 3600.0000    0.0350    0.8387   -0.5252    1.3989    1.0128
[1] 3700.0000    0.1155    0.8385   -0.4842    1.4806    0.8150
[1] 3800.0000    0.0034    0.8653   -0.5279    1.4079    0.9884
[1] 3900.0000    0.0006    0.8319   -0.4719    1.4321    0.8180
[1] 4000.0000    1.0000    0.9388   -0.3972    1.3974    0.8131
[1] 4100.0000    0.3404    0.8388   -0.3940    1.4560    0.8864
[1] 4200.0000    1.0000    0.8436   -0.5875    1.4377    0.9733
[1] 4300.0000    0.0171    0.9986   -0.4805    1.3866    0.9026
[1] 4400.0000    0.0654    0.8077   -0.4602    1.5293    1.0029
[1] 4500.0000    0.3130    0.8410   -0.4945    1.4681    1.1520
[1] 4600.0000    0.0804    0.8039   -0.4270    1.3923    1.1669
[1] 4700.0000    0.0010    0.9384   -0.3614    1.4252    0.8151
[1] 4800.0000    0.0076    0.8150   -0.4182    1.4660    0.8017
[1] 4900.0000    0.2419    0.8138   -0.4879    1.4151    1.0924
[1] 5000.0000    0.0233    0.8079   -0.3684    1.4062    0.9328
[1] 5100.0000    1.0000    0.8496   -0.5387    1.4721    0.8317
[1] 5200.0000    0.0096    0.8350   -0.4576    1.6047    1.0935
[1] 5300.0000    0.0100    0.8815   -0.5007    1.4405    0.8995
[1] 5400.0000    0.2028    0.8333   -0.4894    1.4233    0.9811
[1] 5500.0000    0.0001    0.8219   -0.4506    1.4492    0.8388
[1] 5600.0000    0.0250    0.9095   -0.5291    1.4883    0.9324
[1] 5700.0000    0.0198    0.8052   -0.4956    1.3261    1.1157
[1] 5800.0000    0.1629    0.8612   -0.4686    1.4694    1.0327
[1] 5900.0000    0.3118    0.8022   -0.4206    1.4290    0.8011
[1] 6000.0000    0.0038    0.8273   -0.5157    1.4526    0.8750
[1] 6100.0000    0.0078    0.9025   -0.4295    1.4547    0.9119
[1] 6200.0000    1.0000    0.8336   -0.4224    1.3866    0.9759
[1] 6300.0000    0.6977    0.8421   -0.4762    1.5105    0.8693
[1] 6400.0000    0.2407    0.9022   -0.5751    1.3384    0.8332
[1] 6500.0000    0.0345    0.8697   -0.5610    1.4252    0.9040
[1] 6600.0000    0.0225    0.8918   -0.4379    1.4499    1.0184
[1] 6700.0000    0.0031    0.8204   -0.5392    1.5048    0.9264
[1] 6800.0000    0.8210    0.8341   -0.4842    1.4224    0.9785
[1] 6900.0000    0.1808    0.9401   -0.5302    1.3752    0.9220
[1] 7000.0000    0.0004    0.8011   -0.4997    1.4332    1.0228
[1] 7100.0000    1.0000    0.8440   -0.4962    1.5219    0.9302
[1] 7200.0000    0.0238    0.8343   -0.4854    1.3642    0.9512
[1] 7300.0000    0.0832    0.8821   -0.5723    1.4426    0.9361
[1] 7400.0000    0.0000    0.8164   -0.5578    1.3506    0.8600
[1] 7500.0000    0.0798    0.8071   -0.4976    1.4205    0.8422
[1] 7600.0000    0.2842    0.8898   -0.4765    1.4096    1.1032
[1] 7700.0000    0.0245    0.8008   -0.4891    1.4963    0.8546
[1] 7800.0000    0.0854    0.8139   -0.5457    1.4710    0.8702
[1] 7900.0000    0.5284    0.8037   -0.4142    1.4904    1.1632
[1] 8000.0000    0.0719    0.8265   -0.4371    1.4449    0.8379
[1] 8100.0000    0.0184    0.8882   -0.4882    1.5085    1.0500
[1] 8200.0000    0.0101    0.8141   -0.4481    1.5489    0.8894
[1] 8300.0000    0.1478    0.8222   -0.5102    1.5193    0.8438
[1] 8400.0000    0.0788    0.8421   -0.5674    1.5235    0.8322
[1] 8500.0000    0.0350    0.8159   -0.4822    1.4360    1.0954
[1] 8600.0000    0.0753    0.8012   -0.4931    1.3595    0.8290
[1] 8700.0000    0.6429    0.8293   -0.5456    1.3904    0.8767
[1] 8800.0000    1.0000    0.9324   -0.4958    1.3713    0.8066
[1] 8900.0000    0.0153    0.8636   -0.4030    1.4741    0.9722
[1] 9000.0000    0.0091    0.9025   -0.4318    1.4576    0.9096
[1] 9100.0000    0.0151    0.8060   -0.4938    1.4430    0.8104
[1] 9200.0000    0.7075    0.9069   -0.5051    1.3976    1.1995
[1] 9300.0000    0.0090    0.8689   -0.4513    1.4770    0.9976
[1] 9400.0000    0.8265    0.8662   -0.3971    1.4493    0.8284
[1] 9500.0000    0.0001    0.8962   -0.5165    1.5001    0.8302
[1] 9600.0000    0.0042    0.8149   -0.5533    1.4137    0.9056
[1] 9700.0000    0.0031    0.8614   -0.4087    1.3926    0.9692
[1] 9800.0000    0.4473    0.8323   -0.5096    1.4477    0.8368
[1] 9900.0000    0.0000    0.8466   -0.3680    1.4678    0.8248
[1] 10000.0000     1.0000     0.8618    -0.5326     1.2674     0.8032
[1] 10100.0000     0.2697     0.8321    -0.4530     1.5391     1.1295
[1] 10200.0000     0.0027     0.8142    -0.5386     1.4280     0.8101
[1] 10300.0000     0.0330     0.8120    -0.3601     1.5304     0.8804
[1] 10400.0000     0.0000     0.8213    -0.5094     1.4080     1.0055
[1] 10500.0000     0.8827     0.8159    -0.5457     1.4961     1.1284
[1] 10600.0000     0.0020     0.8330    -0.4904     1.4054     0.9483
[1] 10700.0000     0.0000     0.8531    -0.3758     1.4310     0.8181
[1] 10800.0000     0.9097     0.8056    -0.4576     1.4717     0.8503
[1] 10900.0000     0.2244     0.8264    -0.4652     1.5196     1.1140
[1] 11000.0000     0.5166     0.8012    -0.4488     1.5276     0.9407
[1] 11100.0000     0.0013     0.8902    -0.4066     1.5740     0.9114
[1] 11200.0000     1.0000     0.9412    -0.5396     1.4075     0.8257
[1] 11300.0000     0.0106     0.9794    -0.5245     1.4382     0.8481
[1] 11400.0000     0.1350     0.8271    -0.4609     1.3045     1.1322
[1] 11500.0000     0.0000     0.9311    -0.4402     1.4003     0.8792
[1] 11600.0000     0.6714     0.9382    -0.5082     1.4206     0.8033
[1] 11700.0000     0.7768     0.8490    -0.4309     1.3572     0.8396
[1] 11800.0000     1.0000     0.8044    -0.4469     1.4156     0.8621
[1] 11900.0000     0.0107     0.8272    -0.4920     1.4694     0.8962
[1] 12000.0000     0.0034     0.8344    -0.5151     1.4289     1.0659
[1] 12100.0000     0.0792     0.8930    -0.5783     1.4559     0.8604
[1] 12200.0000     1.0000     0.8496    -0.4771     1.3678     0.8460
[1] 12300.0000     0.0421     0.8229    -0.4214     1.4704     0.9137
[1] 12400.0000     0.4025     0.8046    -0.4626     1.2992     0.8797
[1] 12500.0000     0.0419     0.9749    -0.3825     1.4672     0.8736
[1] 12600.0000     0.0096     0.8707    -0.4472     1.5108     0.8821
[1] 12700.0000     0.0222     0.9614    -0.4373     1.5725     0.8958
[1] 12800.0000     0.0005     0.8032    -0.5765     1.4316     0.9473
[1] 12900.0000     0.3805     0.8554    -0.5525     1.3486     0.9712
[1] 13000.0000     0.0342     0.8069    -0.4486     1.4048     1.0997
[1] 13100.0000     0.0018     0.8050    -0.5656     1.4783     1.0217
[1] 13200.0000     0.3812     0.8843    -0.5021     1.4714     0.9997
[1] 13300.0000     0.0191     0.8522    -0.4328     1.4252     1.0074
[1] 13400.0000     0.0000     0.8423    -0.3545     1.3963     0.9189
[1] 13500.0000     0.0018     0.8240    -0.5784     1.5322     1.0099
[1] 13600.0000     0.0568     0.8314    -0.4862     1.4088     0.9679
[1] 13700.0000     0.2377     0.8294    -0.5038     1.4078     0.8702
[1] 13800.0000     0.0274     0.9464    -0.4848     1.4510     0.8343
[1] 13900.0000     0.4571     0.8125    -0.6141     1.4511     1.1546
[1] 14000.0000     1.0000     0.9598    -0.5456     1.4653     0.8043
[1] 14100.0000     0.0021     0.9236    -0.3900     1.5034     0.9106
[1] 14200.0000     0.0141     0.9171    -0.4610     1.4524     0.8964
[1] 14300.0000     0.0170     0.8548    -0.5279     1.4770     0.8231
[1] 14400.0000     0.0561     0.8510    -0.5088     1.4503     1.0105
[1] 14500.0000     0.0024     0.8302    -0.4677     1.4775     1.1813
[1] 14600.0000     0.4995     0.8084    -0.4099     1.4267     0.8928
[1] 14700.0000     1.0000     0.8840    -0.3999     1.4242     1.0394
[1] 14800.0000     0.0004     0.8106    -0.5202     1.5008     1.0978
[1] 14900.0000     0.0041     0.8246    -0.4814     1.3984     0.8054
[1] 15000.0000     0.0002     0.9486    -0.4989     1.4436     0.9418
[1] 15100.0000     0.8840     0.9112    -0.4044     1.4678     1.0503
[1] 15200.0000     0.0051     0.8050    -0.5192     1.3876     1.1664
[1] 15300.0000     0.4253     0.8856    -0.4761     1.5023     0.9730
[1] 15400.0000     0.0132     0.8005    -0.4966     1.4745     0.8812
[1] 15500.0000     0.0509     0.9423    -0.4999     1.3621     0.8091
[1] 15600.0000     0.0961     0.8379    -0.4010     1.5471     0.9455
[1] 15700.0000     0.5153     0.9225    -0.3413     1.4214     0.9294
[1] 15800.0000     0.0038     0.9108    -0.5197     1.4362     0.9068
[1] 15900.0000     0.0600     0.9281    -0.4768     1.4171     0.8967
[1] 16000.0000     0.0254     0.8844    -0.4248     1.5086     0.8610
[1] 16100.0000     0.0491     0.8906    -0.4132     1.4304     0.9023
[1] 16200.0000     0.4037     0.8074    -0.5227     1.3609     0.8047
[1] 16300.0000     0.3538     0.9029    -0.4615     1.4109     1.0365
[1] 16400.0000     0.0235     0.8090    -0.4597     1.4548     0.8978
[1] 16500.0000     0.0418     0.8273    -0.5186     1.4443     0.8232
[1] 16600.0000     0.1445     0.8568    -0.5015     1.4639     1.0645
[1] 16700.0000     0.0517     0.9287    -0.5213     1.3808     0.9633
[1] 16800.0000     0.6109     0.9593    -0.5293     1.4321     0.8375
[1] 16900.0000     0.0000     0.9014    -0.5930     1.3784     0.8459
[1] 17000.0000     0.5334     0.8355    -0.4249     1.4500     0.9526
[1] 17100.0000     0.7361     0.9262    -0.4081     1.3958     0.9696
[1] 17200.0000     1.0000     0.8059    -0.5161     1.3967     1.0244
[1] 17300.0000     1.0000     0.8396    -0.5480     1.3448     1.0131
[1] 17400.0000     0.0031     0.8171    -0.5586     1.5436     0.8097
[1] 17500.0000     0.0344     0.8131    -0.4305     1.3933     0.9127
[1] 17600.0000     0.0507     0.8242    -0.4693     1.4057     0.9225
[1] 17700.0000     0.0099     0.8794    -0.4752     1.3216     0.9707
[1] 17800.0000     0.1690     0.8887    -0.5100     1.3238     0.8130
[1] 17900.0000     0.0011     0.9291    -0.5570     1.4480     0.9192
[1] 18000.0000     0.7829     0.9109    -0.4541     1.4370     0.8712
[1] 18100.0000     0.0262     0.8347    -0.4807     1.4059     0.8620
[1] 18200.0000     0.1184     0.8127    -0.4047     1.4671     0.8547
[1] 18300.0000     1.0000     0.9137    -0.5075     1.4886     0.9901
[1] 18400.0000     0.0036     0.9243    -0.5637     1.4498     1.1066
[1] 18500.0000     0.4942     0.8751    -0.5503     1.4601     0.8892
[1] 18600.0000     0.0726     0.8121    -0.4398     1.5299     0.9608
[1] 18700.0000     0.0000     0.8306    -0.4014     1.4852     0.9156
[1] 18800.0000     0.1163     0.8360    -0.5009     1.4973     0.8264
[1] 18900.0000     0.0606     0.8297    -0.5574     1.4230     0.8354
[1] 19000.0000     0.5114     0.8087    -0.4801     1.4591     1.1060
[1] 19100.0000     1.0000     0.9272    -0.5162     1.4244     0.8583
[1] 19200.0000     0.6071     0.8319    -0.4697     1.3926     1.0132
[1] 19300.0000     0.0004     0.8184    -0.4855     1.4663     0.8281
[1] 19400.0000     1.0000     0.8507    -0.5170     1.4520     0.9744
[1] 19500.0000     0.0001     0.8243    -0.4276     1.4277     0.8751
[1] 19600.0000     0.0054     0.8237    -0.4802     1.4211     0.8717
[1] 19700.0000     0.1873     0.8143    -0.5015     1.3439     0.8081
[1] 19800.0000     0.0046     0.9869    -0.4841     1.5784     0.9076
[1] 19900.0000     1.0000     0.9655    -0.4151     1.4912     0.8660
[1] 20000.0000     0.0790     0.8545    -0.4780     1.4719     0.8923
[1] 20100.0000     0.0027     0.8373    -0.3749     1.4160     0.9737
[1] 20200.0000     0.0083     0.9282    -0.4899     1.4835     0.9678
[1] 20300.0000     0.5125     0.8028    -0.5898     1.3594     0.9708
[1] 20400.0000     0.3856     0.8226    -0.4767     1.4771     0.9425
[1] 20500.0000     1.0000     0.8702    -0.4087     1.5092     0.9048
[1] 20600.0000     0.0761     0.9075    -0.4558     1.4600     0.8747
[1] 20700.0000     0.3332     0.8340    -0.4060     1.4986     0.8428
[1] 20800.0000     0.0165     0.8470    -0.5387     1.4444     1.0049
[1] 20900.0000     0.0117     0.9072    -0.4643     1.4339     1.0199
[1] 21000.0000     0.0451     0.8695    -0.5186     1.4751     0.9727
[1] 21100.0000     0.0509     0.8005    -0.4503     1.4899     0.9291
[1] 21200.0000     0.2299     0.8666    -0.5602     1.4083     0.8704
[1] 21300.0000     0.1243     0.8214    -0.4262     1.4495     1.0391
[1] 21400.0000     1.0000     0.8276    -0.5021     1.4103     0.8233
[1] 21500.0000     0.0881     0.8291    -0.4642     1.3424     1.0581
[1] 21600.0000     0.0351     0.8069    -0.5440     1.4758     0.8555
[1] 21700.0000     0.0191     0.8301    -0.5411     1.4646     0.8711
[1] 21800.0000     0.0210     0.8385    -0.4205     1.5071     0.8059
[1] 21900.0000     0.2092     0.9598    -0.4337     1.5087     0.8497
[1] 22000.0000     1.0000     0.8874    -0.4467     1.4839     1.0182
[1] 22100.0000     0.6877     0.8953    -0.4698     1.4546     0.9321
[1] 22200.0000     0.4564     0.8579    -0.5342     1.4002     0.8534
[1] 22300.0000     0.5962     0.9726    -0.5363     1.4220     0.8521
[1] 22400.0000     0.0290     0.8145    -0.5187     1.4038     0.8604
[1] 22500.0000     0.0545     0.8239    -0.4526     1.4742     1.1368
[1] 22600.0000     0.0026     0.8006    -0.4937     1.4480     0.8902
[1] 22700.0000     0.0343     0.8470    -0.4873     1.4082     0.8148
[1] 22800.0000     0.0729     0.8972    -0.4836     1.3698     1.0231
[1] 22900.0000     0.0360     0.8804    -0.5584     1.3320     0.9211
[1] 23000.0000     0.0065     0.8188    -0.4955     1.4132     1.0070
[1] 23100.0000     0.3102     0.8119    -0.4127     1.4752     1.0551
[1] 23200.0000     0.2381     0.8154    -0.4631     1.5092     0.9644
[1] 23300.0000     0.0736     0.8299    -0.4833     1.4697     0.9056
[1] 23400.0000     0.1776     0.8888    -0.5493     1.3853     1.0444
[1] 23500.0000     0.0042     0.8797    -0.4537     1.4920     0.8266
[1] 23600.0000     0.0966     0.8476    -0.4524     1.4426     0.8421
[1] 23700.0000     0.0208     0.8580    -0.5035     1.4221     0.8494
[1] 23800.0000     0.0339     0.8409    -0.4739     1.3303     1.0217
[1] 23900.0000     0.6623     0.9029    -0.3931     1.4639     0.8636
[1] 24000.0000     0.5619     0.8060    -0.4575     1.3660     1.1215
[1] 24100.0000     1.0000     0.9214    -0.5916     1.4498     0.8541
[1] 24200.0000     0.0138     0.8467    -0.4916     1.3990     0.8230
[1] 24300.0000     0.2933     0.8950    -0.4018     1.4610     0.9587
[1] 24400.0000     0.0262     0.8950    -0.4393     1.4369     0.9027
[1] 24500.0000     1.0000     0.8539    -0.4683     1.3840     0.8359
[1] 24600.0000     0.2828     0.8781    -0.5377     1.4181     0.8812
[1] 24700.0000     1.0000     0.9195    -0.5190     1.3707     0.8781
[1] 24800.0000     0.0047     0.8761    -0.5037     1.5058     0.8560
[1] 24900.0000     0.1057     0.8023    -0.5382     1.3763     1.0260
[1] 25000.0000     1.0000     0.8801    -0.5567     1.5116     0.8235
[1] 25100.0000     1.0000     0.8419    -0.4716     1.4625     0.8544
[1] 25200.0000     0.0611     0.9267    -0.3856     1.4510     0.8286
[1] 25300.0000     0.2652     0.8254    -0.5060     1.3832     0.8434
[1] 25400.0000     0.6255     0.8988    -0.5741     1.3718     1.0888
[1] 25500.0000     0.0610     0.8417    -0.3733     1.4722     0.8432
[1] 25600.0000     0.0585     0.9041    -0.5093     1.5202     1.0021
[1] 25700.0000     0.4806     0.8976    -0.5922     1.4077     0.9408
[1] 25800.0000     0.0352     0.8043    -0.5462     1.4448     0.8730
[1] 25900.0000     0.0504     0.9087    -0.4408     1.4126     0.8861
[1] 26000.0000     0.0274     0.8687    -0.4126     1.4093     0.8336
[1] 26100.0000     0.1719     0.8951    -0.5225     1.4679     0.8249
[1] 26200.0000     0.2158     0.8151    -0.5246     1.4527     0.8623
[1] 26300.0000     0.2108     0.8448    -0.6311     1.4803     0.9973
[1] 26400.0000     0.1425     0.8855    -0.4293     1.2998     1.0131
[1] 26500.0000     0.1593     0.8034    -0.5461     1.3762     1.1338
[1] 26600.0000     0.0227     0.8720    -0.5951     1.4034     0.9170
[1] 26700.0000     0.1469     0.8285    -0.4057     1.4961     0.8378
[1] 26800.0000     0.0274     0.8173    -0.5259     1.5379     0.9752
[1] 26900.0000     0.0008     0.8396    -0.4844     1.5160     0.9391
[1] 27000.0000     1.0000     0.8977    -0.5197     1.5030     0.8661
[1] 27100.0000     0.0088     0.8024    -0.4820     1.4560     0.8285
[1] 27200.0000     0.1159     0.8135    -0.5453     1.4973     0.8529
[1] 27300.0000     0.0000     0.9608    -0.5135     1.3769     0.8492
[1] 27400.0000     0.0576     0.8071    -0.4832     1.4070     0.9903
[1] 27500.0000     0.1675     0.8463    -0.4823     1.3961     0.8762
[1] 27600.0000     0.0234     0.9357    -0.4988     1.4172     0.9330
[1] 27700.0000     0.0000     0.8219    -0.3414     1.5185     0.8500
[1] 27800.0000     0.0026     0.8562    -0.4710     1.4844     0.9978
[1] 27900.0000     0.4901     0.8255    -0.5159     1.4609     0.8855
[1] 28000.0000     0.0394     0.9430    -0.5185     1.4204     0.9743
[1] 28100.0000     0.0613     0.8210    -0.4901     1.3787     0.8466
[1] 28200.0000     0.1690     0.8346    -0.5056     1.4604     0.8840
[1] 28300.0000     1.0000     0.8124    -0.4303     1.4661     0.9290
[1] 28400.0000     1.0000     0.9594    -0.5319     1.5004     0.8105
[1] 28500.0000     1.0000     0.8206    -0.4631     1.4591     1.0447
[1] 28600.0000     0.0515     0.8240    -0.5251     1.4492     0.9940
[1] 28700.0000     0.9848     0.9143    -0.6153     1.4771     0.8158
[1] 28800.0000     0.2200     0.8366    -0.4317     1.4776     0.8214
[1] 28900.0000     0.0270     0.8662    -0.6093     1.4505     0.8550
[1] 29000.0000     0.2367     0.8148    -0.4870     1.4369     0.9225
[1] 29100.0000     0.0001     0.8438    -0.4421     1.5235     0.8008
[1] 29200.0000     0.0130     0.8470    -0.5251     1.4129     0.8568
[1] 29300.0000     0.2810     0.9373    -0.4765     1.3768     0.8252
[1] 29400.0000     0.1928     0.8482    -0.4335     1.3603     0.9202
[1] 29500.0000     0.7193     0.8146    -0.5781     1.4173     0.8093
[1] 29600.0000     0.0020     0.8135    -0.4658     1.4101     0.8030
[1] 29700.0000     0.5135     0.8203    -0.4951     1.3755     1.1249
[1] 29800.0000     0.5576     0.8701    -0.4301     1.4757     0.8024
[1] 29900.0000     0.0878     0.9798    -0.4512     1.4119     1.0014
[1] 30000.0000     0.3907     0.8307    -0.4506     1.4301     1.0904
[1] 0.2873485
Time difference of 10.27184 hours
null device 
          1 
