[1] "El numero de nodos X particion es: 10"
[1] "Model = M2 / Data = sim_data/datasetSVIExponential8.Rdata"
[1] 100.0000   0.8944   0.8291   0.0831   1.9117   0.9331
[1] 200.0000   0.0026   0.9592   0.0764   1.8325   1.1736
[1] 300.0000   0.4583   0.8776   0.3163   1.6988   1.0665
[1] 400.0000   0.0000   0.8775   0.0651   1.9929   1.0971
[1] 500.0000   0.0000   0.8350   0.6992   1.1927   0.9084
[1] 600.0000   0.0058   0.8988  -0.3666   2.3461   1.1191
[1] 700.0000   0.0003   0.8999   0.6326   1.3348   1.0702
[1] 800.0000   0.0000   0.9313  -0.3795   2.2314   1.0430
[1] 900.0000   0.0000   0.9606  -0.4753   2.4433   1.0158
[1] 1000.0000    0.0000    0.8209   -0.8040    2.7641    0.9374
[1] 1100.0000    0.0000    0.9319    0.3596    1.5955    0.8930
[1] 1200.0000    0.2334    0.8603    1.1530    0.9184    0.9164
[1] 1300.0000    0.0329    0.9805   -0.0197    2.0629    0.8049
[1] 1400.0000    0.0000    0.8099   -0.1104    2.0973    1.1384
[1] 1500.0000    0.0000    0.9584    0.7810    1.1523    1.0940
[1] 1600.0000    0.0000    0.9658   -0.6750    2.5984    1.0950
[1] 1700.0000    0.0000    0.9419   -0.3724    2.4056    1.0966
[1] 1800.0000    0.0000    0.8314    0.0311    1.9928    0.9945
[1] 1900.0000    0.0000    0.8411   -0.0199    1.9946    1.0047
[1] 2000.0000    0.0000    0.9400   -0.3556    2.3975    1.1109
[1] 2100.0000    0.0000    0.8123   -1.1589    3.0640    1.1618
[1] 2200.0000    0.0000    0.8668   -0.0013    2.0073    1.0989
[1] 2300.0000    0.0000    0.8228    0.5218    1.3535    1.1776
[1] 2400.0000    0.0000    0.9355    0.2228    1.7240    1.1578
[1] 2500.0000    0.0065    0.8909    0.9370    0.9654    1.1217
[1] 2600.0000    0.0000    0.9100    0.3143    1.6835    1.1442
[1] 2700.0000    0.0000    0.9527   -1.3273    3.2780    0.9546
[1] 2800.0000    0.0003    0.9382    0.3572    1.5861    1.1558
[1] 2900.0000    0.0000    0.9057   -0.3304    2.2186    0.9581
[1] 3000.0000    0.0000    0.8454   -0.1050    2.0602    0.9669
[1] 3100.0000    0.0000    0.9787    0.7000    1.2610    0.9283
[1] 3200.0000    0.0000    0.9190   -0.5101    2.4670    0.9575
[1] 3300.0000    0.0000    0.9797    0.2263    1.7833    1.0744
[1] 3400.0000    0.2932    0.8983    1.1315    0.9062    1.1525
[1] 3500.0000    0.0000    0.9035    0.0832    1.8852    0.9507
[1] 3600.0000    0.0000    0.9625   -0.6091    2.5507    0.8525
[1] 3700.0000    0.6245    0.9624    0.4279    1.4714    0.8094
[1] 3800.0000    0.0000    0.9791    1.2366    0.6660    1.0179
[1] 3900.0000    0.0000    0.8349    0.5025    1.4681    1.1538
[1] 4000.0000    0.0000    0.9782   -0.5543    2.5442    1.1817
[1] 4100.0000    0.0000    0.8388   -1.3104    3.3154    0.8864
[1] 4200.0000    0.0000    0.9756   -1.2361    3.1337    0.9752
[1] 4300.0000    0.2243    0.8741   -1.5452    3.4962    1.1249
[1] 4400.0000    0.0000    0.8310   -0.1840    2.0885    1.1572
[1] 4500.0000    0.2095    0.8404   -0.0914    2.0559    1.1577
[1] 4600.0000    0.0000    0.9581    0.1262    1.9384    0.8180
[1] 4700.0000    0.0000    0.8528   -1.1217    3.0396    0.8411
[1] 4800.0000    0.0000    0.8660   -1.5487    3.4952    1.0939
[1] 4900.0000    0.0000    0.8114   -1.1811    3.1109    0.8255
[1] 5000.0000    0.0000    0.8074   -0.9436    2.7816    1.0307
[1] 5100.0000    0.0000    0.9679   -2.1658    3.9976    1.1951
[1] 5200.0000    0.0000    0.8051   -0.9807    2.9405    0.8965
[1] 5300.0000    0.0000    0.9010   -0.3435    2.2455    1.0910
[1] 5400.0000    0.0000    0.9713   -0.1043    1.9051    1.1011
[1] 5500.0000    0.0000    0.8506    0.6504    1.3112    1.1979
[1] 5600.0000    0.0000    0.9929    0.5329    1.3708    1.1085
[1] 5700.0000    0.0000    0.9445    0.0874    1.8985    1.0237
[1] 5800.0000    0.0000    0.8612   -0.9499    3.0363    1.0327
[1] 5900.0000    0.0000    0.8278    0.8527    1.1610    1.0767
[1] 6000.0000    0.0000    0.9870    0.8952    1.0247    1.0819
[1] 6100.0000    0.0000    0.9284    0.2652    1.7396    0.9188
[1] 6200.0000    0.0000    0.8741    0.3561    1.5911    0.8043
[1] 6300.0000    0.0000    0.9569   -0.6343    2.5668    0.8080
[1] 6400.0000    0.0000    0.9924   -0.8752    2.7341    1.0322
[1] 6500.0000    0.0011    0.9084    0.4548    1.5842    1.0918
[1] 6600.0000    0.0000    0.8710    0.1181    1.7365    0.9001
[1] 6700.0000    0.0000    0.9587   -0.9874    3.0126    1.0766
[1] 6800.0000    0.0272    0.8794   -0.1179    2.0687    0.9381
[1] 6900.0000    0.0000    0.9290   -0.8670    2.7660    1.0476
[1] 7000.0000    0.0000    0.8521   -0.1866    2.0289    1.0680
[1] 7100.0000    0.0000    0.9857    0.4445    1.5020    1.0571
[1] 7200.0000    0.0000    0.8247    0.0330    2.0279    0.8913
[1] 7300.0000    0.0000    0.9604    1.0074    1.0092    0.9357
[1] 7400.0000    0.0000    0.8045    0.5353    1.3410    0.8734
[1] 7500.0000    0.0000    0.8475   -1.7476    3.6452    1.0597
[1] 7600.0000    0.0000    0.9493   -0.5534    2.5066    0.9281
[1] 7700.0000    0.0000    0.8440   -1.1675    3.0885    0.8976
[1] 7800.0000    0.0000    0.8350    0.0103    2.0135    1.1361
[1] 7900.0000    0.0000    0.9168    0.3177    1.5499    1.1281
[1] 8000.0000    0.0000    0.9309    0.2392    1.6638    1.0835
[1] 8100.0000    0.0000    0.8250    0.5265    1.3929    1.1136
[1] 8200.0000    0.0000    0.9207   -0.3347    2.2860    1.1282
[1] 8300.0000    0.0000    0.8222   -0.3576    2.3149    0.8438
[1] 8400.0000    0.0000    0.9658    0.5095    1.3813    0.9286
[1] 8500.0000    0.0000    0.8693   -0.6598    2.6617    1.1264
[1] 8600.0000    0.0000    0.8576   -1.3324    3.2805    1.0835
[1] 8700.0000    0.0000    0.8940   -0.3113    2.2293    1.0236
[1] 8800.0000    0.0000    0.9735   -0.5554    2.3960    1.0381
[1] 8900.0000    0.0000    0.8674    0.9234    1.0690    1.0474
[1] 9000.0000    0.0000    0.8301    0.7651    1.1529    1.1387
[1] 9100.0000    0.0000    0.8755    0.5198    1.4383    0.8812
[1] 9200.0000    0.0000    0.8129   -0.1037    2.0824    1.1264
[1] 9300.0000    0.0000    0.9734    0.0627    1.7653    1.1056
[1] 9400.0000    0.0000    0.8413    0.8573    1.0099    1.0761
[1] 9500.0000    0.0000    0.8817   -0.8706    2.7695    1.0875
[1] 9600.0000    0.0000    0.8149   -0.1140    2.0801    0.9056
[1] 9700.0000    0.0000    0.9657    0.9294    1.0106    0.9166
[1] 9800.0000    0.0000    0.8196    0.3098    1.6002    0.8766
[1] 9900.0000    0.0000    0.8766    1.6019    0.3741    0.8125
[1] 10000.0000     0.2855     0.9984    -0.6693     2.6076     0.9987
[1] 10100.0000     1.0000     0.9049     0.0488     2.0103     1.0751
[1] 10200.0000     0.0000     0.8458     0.5385     1.3805     1.1044
[1] 10300.0000     0.0552     0.9549     1.8669     0.1545     0.8021
[1] 10400.0000     0.0000     0.9109     0.1831     1.7259     0.9653
[1] 1.050e+04 0.000e+00 9.828e-01 5.813e-01 1.345e+00 8.036e-01
[1] 10600.0000     0.0000     0.9506     0.0603     1.8504     0.8638
[1] 10700.0000     0.0000     0.8398     0.3700     1.5935     1.0590
[1] 10800.0000     0.0012     0.8310     0.1887     1.7714     0.9940
[1] 10900.0000     0.0000     0.9660     1.0162     0.9954     1.1970
[1] 11000.0000     0.0048     0.8555     0.6742     1.3249     1.1761
[1] 11100.0000     0.0000     0.8480    -0.5854     2.4268     1.1683
[1] 11200.0000     0.0603     0.8258    -0.8686     2.7859     1.0628
[1] 11300.0000     0.0000     0.8936    -0.8679     2.8074     1.0961
[1] 11400.0000     0.0001     0.9548     0.3360     1.7021     1.0047
[1] 11500.0000     0.0000     0.8477     0.0020     1.9696     0.8119
[1] 11600.0000     0.0000     0.9104    -0.2888     2.2422     0.8269
[1] 11700.0000     0.0000     0.8224     0.2840     1.7178     0.8539
[1] 11800.0000     0.0000     0.8027    -0.9081     2.8702     0.8530
[1] 11900.0000     0.0000     0.8460    -1.1573     3.1051     0.8150
[1] 12000.0000     0.0000     0.8056     0.3201     1.7016     1.1142
[1] 12100.0000     0.0000     0.8666    -0.5183     2.4285     0.9630
[1] 12200.0000     0.0607     0.9853     0.1989     1.8054     1.1443
[1] 12300.0000     0.0000     0.8010    -0.5607     2.5389     0.8810
[1] 12400.0000     1.0000     0.8046    -0.7818     2.7809     0.8797
[1] 12500.0000     0.0000     0.8059    -0.2155     2.2037     1.1427
[1] 12600.0000     0.0000     0.9125    -1.2117     3.2026     1.1924
[1] 12700.0000     0.0000     0.9614    -0.3199     2.1166     0.8958
[1] 12800.0000     0.0000     0.8257    -0.4646     2.4559     0.8904
[1] 12900.0000     0.0163     0.8545    -0.2827     2.2830     1.0312
[1] 13000.0000     0.0000     0.8069     0.1877     1.7206     1.0997
[1] 13100.0000     0.0000     0.9339     1.2385     0.7133     1.1193
[1] 13200.0000     0.0000     0.8843    -0.2158     2.2509     0.9997
[1] 13300.0000     0.0000     0.9271    -0.4243     2.3089     0.8364
[1] 13400.0000     0.0000     0.9882     0.2141     1.6823     1.1072
[1] 13500.0000     0.0000     0.8358    -0.2500     2.2695     1.1234
[1] 13600.0000     0.0000     0.8917     0.5677     1.3047     1.0301
[1] 13700.0000     0.0000     0.8561     0.2731     1.6734     0.9281
[1] 13800.0000     0.0000     0.9432    -0.4735     2.4004     1.1717
[1] 13900.0000     0.0000     0.8573    -0.2302     2.1849     0.8372
[1] 14000.0000     0.0000     0.9588    -0.1094     1.9972     0.9662
[1] 14100.0000     0.0000     0.8844     0.3615     1.4444     1.1867
[1] 14200.0000     0.0000     0.8479     0.5324     1.3446     0.8739
[1] 14300.0000     0.0000     0.9227    -0.9759     2.8911     1.0001
[1] 14400.0000     0.0039     0.8623     0.2328     1.6893     0.8985
[1] 14500.0000     0.4247     0.8647     0.4534     1.5550     1.0877
[1] 14600.0000     0.0000     0.8570     0.2378     1.6229     1.1138
[1] 14700.0000     0.0000     0.8974    -0.0167     1.8713     1.0871
[1] 14800.0000     0.0000     0.8093     0.6542     1.1863     1.1283
[1] 14900.0000     0.0009     0.8051     0.3510     1.6379     1.0614
[1] 15000.0000     0.0049     0.8279    -0.2826     2.2758     1.0826
[1] 15100.0000     1.0000     0.8292    -0.2604     2.2386     0.9249
[1] 15200.0000     0.0000     0.8734     0.9038     1.0449     0.8767
[1] 15300.0000     0.4268     0.9517     0.7554     1.2436     1.1636
[1] 15400.0000     0.0024     0.8397    -0.5086     2.5017     1.1015
[1] 15500.0000     0.0000     0.8727    -1.1447     3.1027     1.1104
[1] 15600.0000     0.0000     0.8878    -0.7107     2.6528     0.8550
[1] 15700.0000     0.0000     0.8475     0.1179     1.7949     0.9690
[1] 15800.0000     0.0000     0.9108    -0.2760     2.1716     0.9068
[1] 1.590e+04 0.000e+00 8.841e-01 1.313e-01 1.788e+00 8.192e-01
[1] 16000.0000     0.0001     0.8124    -0.4216     2.3624     1.1160
[1] 16100.0000     0.0000     0.8125     0.3946     1.5251     0.8885
[1] 16200.0000     0.0000     0.9466     0.7060     1.1616     0.9477
[1] 16300.0000     0.0000     0.9158     0.0135     1.9739     0.9491
[1] 16400.0000     0.0000     0.9401    -0.3343     2.2520     0.9237
[1] 16500.0000     0.2371     0.9646     0.1832     1.7342     1.1820
[1] 16600.0000     0.0000     0.8294    -0.7283     2.7441     0.8835
[1] 16700.0000     0.0000     0.8462     0.1105     1.8007     0.9538
[1] 16800.0000     0.0000     0.8621     0.2523     1.6252     1.1596
[1] 16900.0000     0.0000     0.8138    -0.1699     2.0466     1.1004
[1] 17000.0000     0.0000     0.9790    -0.3964     2.3497     0.8822
[1] 17100.0000     0.0000     0.9305     0.7550     1.2316     0.9283
[1] 17200.0000     0.0000     0.9497     1.1753     0.6994     0.8252
[1] 17300.0000     1.0000     0.8396     0.1440     1.7860     1.0131
[1] 17400.0000     0.0000     0.8593     0.2788     1.7074     1.1450
[1] 17500.0000     0.0000     0.9677    -0.3251     2.3038     1.1479
[1] 17600.0000     0.0000     0.8280     0.2732     1.6329     1.1486
[1] 17700.0000     0.0000     0.8794     0.6796     1.2329     0.9707
[1] 17800.0000     0.0000     0.9383    -0.2778     2.3159     1.0084
[1] 17900.0000     0.0000     0.9083     0.0139     1.9885     0.9495
[1] 18000.0000     1.0000     0.9109     0.0848     1.8927     0.8712
[1] 18100.0000     0.0000     0.8667     0.0070     2.0825     1.1867
[1] 18200.0000     0.0112     0.8582     0.2594     1.6106     0.9652
[1] 18300.0000     0.0000     0.9012     0.4383     1.5313     1.0710
[1] 18400.0000     0.0000     0.9529    -0.6687     2.6638     0.8173
[1] 18500.0000     0.0000     0.8451     0.4780     1.5126     0.9054
[1] 18600.0000     0.0000     0.8656    -0.2691     2.2621     0.8624
[1] 18700.0000     0.0000     0.8080     0.4229     1.6525     0.9308
[1] 18800.0000     0.0000     0.8537     0.8143     1.1335     0.9005
[1] 18900.0000     0.0000     0.9024    -0.7603     2.6652     1.0613
[1] 19000.0000     0.0000     0.8770    -0.0916     2.0944     1.0394
[1] 19100.0000     0.0000     0.8878    -0.1285     1.9446     1.0323
[1] 19200.0000     0.0000     0.8001     0.1311     1.7594     0.9641
[1] 19300.0000     0.0000     0.8035     0.0868     1.8309     1.0886
[1] 19400.0000     0.0000     0.8500    -0.4981     2.4462     0.9313
[1] 19500.0000     0.0000     0.9654    -0.1329     2.0537     0.9669
[1] 19600.0000     0.5181     0.9162    -1.3193     3.2954     0.8038
[1] 19700.0000     0.0000     0.8982    -0.3370     2.1840     1.1826
[1] 19800.0000     0.0000     0.9408     0.3328     1.6622     0.9927
[1] 19900.0000     0.0000     0.9981    -0.4422     2.4140     1.0280
[1] 20000.0000     0.0000     0.8708    -0.8426     2.7793     1.0213
[1] 20100.0000     0.0000     0.9080     0.8980     1.1101     1.0402
[1] 20200.0000     1.0000     0.9840     0.3824     1.5922     1.1380
[1] 20300.0000     0.0000     0.8028     0.0582     1.9792     0.9708
[1] 20400.0000     0.0000     0.9845    -0.8574     2.6771     1.1049
[1] 20500.0000     0.0000     0.8964     0.1760     1.7590     1.1285
[1] 20600.0000     0.1299     0.8137     0.2877     1.6976     0.9497
[1] 20700.0000     1.0000     0.8107     0.1524     1.8257     1.0874
[1] 20800.0000     0.0000     0.9606    -0.7500     2.7177     1.0886
[1] 20900.0000     0.0001     0.9109     0.7392     1.2347     0.9980
[1] 21000.0000     0.0000     0.8369     0.5291     1.4563     1.0355
[1] 21100.0000     0.0000     0.9732    -1.0153     2.9090     0.8253
[1] 21200.0000     0.0414     0.8263    -0.2962     2.2660     1.1324
[1] 21300.0000     0.0000     0.8399    -1.0945     2.9611     1.0171
[1] 2.140e+04 1.000e-04 9.719e-01 2.781e-01 1.657e+00 9.071e-01
[1] 21500.0000     0.0000     0.8732    -0.2267     2.0774     1.0565
[1] 21600.0000     0.0000     0.8010    -0.5688     2.4901     1.1966
[1] 21700.0000     0.0000     0.8258    -1.0307     2.9774     1.1265
[1] 21800.0000     0.0000     0.8709    -0.5154     2.4879     1.0601
[1] 21900.0000     0.0000     0.9408     0.6567     1.1998     0.9421
[1] 22000.0000     0.0000     0.8850    -0.0013     1.9468     0.9555
[1] 22100.0000     0.0000     0.9825    -0.5403     2.4940     1.1195
[1] 22200.0000     0.0000     0.9349    -0.4099     2.2729     0.9881
[1] 22300.0000     0.0003     0.8584    -0.1796     2.1140     0.9367
[1] 22400.0000     0.0000     0.9494     0.3055     1.6488     0.9207
[1] 22500.0000     0.0007     0.9610     1.4491     0.5234     0.9963
[1] 22600.0000     0.0000     0.8858     0.0606     2.0069     0.9064
[1] 22700.0000     0.0000     0.8271     0.1596     1.6977     1.1968
[1] 22800.0000     0.0017     0.8616    -0.3709     2.4299     1.1425
[1] 22900.0000     0.0000     0.9207     0.1042     1.8029     0.8362
[1] 23000.0000     0.0000     0.9652     0.0474     1.8594     1.0264
[1] 23100.0000     0.0000     0.9231     0.3980     1.4906     0.8179
[1] 23200.0000     0.0000     0.8288    -0.4930     2.4405     0.8616
[1] 23300.0000     0.2224     0.8966    -0.3343     2.2691     1.0199
[1] 23400.0000     0.0000     0.9703     0.0759     1.8829     0.9326
[1] 23500.0000     0.0000     0.9561     0.6573     1.2858     1.0572
[1] 23600.0000     0.0000     0.8176     0.5737     1.3289     0.8266
[1] 23700.0000     0.0000     0.8580     0.1835     1.7397     0.8494
[1] 23800.0000     0.0000     0.9509     0.0908     1.7263     0.9516
[1] 23900.0000     0.0000     0.8157     0.6367     1.3516     0.8034
[1] 24000.0000     0.0000     0.8764     0.1417     1.7725     0.8332
[1] 24100.0000     0.0000     0.8643    -1.4704     3.4364     0.9462
[1] 24200.0000     0.0000     0.8562     0.2362     1.5891     0.9310
[1] 24300.0000     0.0000     0.8207    -1.0668     3.0235     1.1509
[1] 24400.0000     1.0000     0.9947     0.5515     1.4075     0.9697
[1] 24500.0000     0.0000     0.9064     0.8617     1.0157     0.8345
[1] 24600.0000     0.0000     0.9062     0.1401     1.8059     0.8877
[1] 24700.0000     0.0000     0.9025    -0.7311     2.6594     0.8040
[1] 24800.0000     0.0001     0.8109    -0.1217     2.0621     1.1899
[1] 24900.0000     0.0000     0.9495    -0.1899     2.0722     0.8626
[1] 25000.0000     0.0000     0.9399     0.2259     1.7105     0.8472
[1] 25100.0000     0.0000     0.9605     0.6488     1.2407     1.0743
[1] 25200.0000     0.0000     0.8184    -0.3748     2.3417     0.8574
[1] 25300.0000     1.0000     0.8151    -0.5274     2.4863     1.0748
[1] 25400.0000     1.0000     0.8988    -0.2465     2.1871     1.0888
[1] 25500.0000     0.0000     0.8147     0.2378     1.6726     1.1844
[1] 25600.0000     0.0000     0.8978    -0.1053     2.1540     1.1142
[1] 25700.0000     0.0000     0.8060     0.5014     1.4219     0.8422
[1] 25800.0000     0.0000     0.8043    -0.4463     2.3489     0.8730
[1] 25900.0000     1.0000     0.8632    -0.3250     2.2668     1.1254
[1] 26000.0000     0.1915     0.9492    -0.5610     2.6187     1.0058
[1] 26100.0000     0.0000     0.9196    -0.3569     2.1848     1.1722
[1] 26200.0000     0.0000     0.9768    -0.4424     2.3155     0.9801
[1] 26300.0000     0.0000     0.8530    -0.6496     2.6236     1.0678
[1] 26400.0000     0.0000     0.8767     0.2154     1.7516     0.8041
[1] 26500.0000     0.0306     0.8611    -0.3055     2.2437     1.1675
[1] 26600.0000     0.0000     0.9293     0.1870     1.9057     0.8497
[1] 26700.0000     0.0001     0.9890    -0.2386     2.1018     0.9390
[1] 26800.0000     0.0000     0.8544    -1.2366     3.2221     0.9528
[1] 26900.0000     0.0000     0.9586     0.0713     1.8119     1.0279
[1] 27000.0000     0.0000     0.8102     0.1057     1.8083     1.1325
[1] 27100.0000     1.0000     0.9280    -0.1787     2.1396     1.0348
[1] 27200.0000     0.0000     0.8628    -0.5064     2.4780     1.0265
[1] 27300.0000     0.0000     0.9185    -0.4574     2.3377     0.9822
[1] 27400.0000     0.0000     0.8182     0.5322     1.4154     1.1040
[1] 27500.0000     0.0000     0.8677     0.8116     1.1313     0.9516
[1] 27600.0000     0.0000     0.8732     1.8343     0.1364     0.9172
[1] 27700.0000     0.0000     0.8768     0.6440     1.3711     1.0202
[1] 27800.0000     0.0000     0.8338    -0.6552     2.6354     0.9440
[1] 27900.0000     0.6509     0.9296     0.4351     1.5189     0.8843
[1] 28000.0000     0.0000     0.9328    -0.4894     2.5191     0.9314
[1] 28100.0000     0.0000     0.9262     0.1638     1.8643     1.0710
[1] 28200.0000     0.0000     0.9683    -0.3613     2.3265     0.8917
[1] 28300.0000     0.0000     0.9886    -0.3211     2.2433     1.1843
[1] 28400.0000     1.0000     0.9594    -0.8024     2.6772     0.8105
[1] 2.850e+04 0.000e+00 8.678e-01 9.707e-01 9.607e-01 8.688e-01
[1] 28600.0000     0.0000     0.9856    -0.4657     2.3578     1.1641
[1] 28700.0000     0.0000     0.9675    -0.7883     2.7272     1.1579
[1] 28800.0000     0.0000     0.8104    -0.2628     2.1946     1.1940
[1] 28900.0000     0.0000     0.9040    -0.4632     2.2628     0.8375
[1] 29000.0000     0.0000     0.9277     0.3255     1.6437     1.1735
[1] 29100.0000     0.0000     0.8445    -0.0459     2.0526     0.8871
[1] 29200.0000     0.0753     0.9367     0.7156     1.2303     1.1465
[1] 29300.0000     0.0026     0.9749     1.4628     0.4530     0.9782
[1] 29400.0000     0.0000     0.9394     1.0933     0.7593     1.1754
[1] 29500.0000     0.0000     0.8094    -0.5827     2.4820     0.8253
[1] 29600.0000     0.0000     0.8335     0.5345     1.3785     1.1940
[1] 29700.0000     0.0000     0.9991     0.1066     1.7897     0.9357
[1] 29800.0000     0.0000     0.8030    -1.0924     3.0953     0.9421
[1] 29900.0000     0.8576     0.9798    -0.3428     2.3260     1.0014
[1] 30000.0000     0.0000     0.8841     0.5571     1.3578     1.0036
[1] 0.06687732
Time difference of 10.8649 hours
null device 
          1 
