[1] "El numero de nodos X particion es: 10"
[1] "Model = M1 / Data = sim_data/datasetSVCMatern1.Rdata"
[1] 100.0000   1.0000   0.8291   0.1393   2.1783   0.9331
[1] 200.0000   0.0541   0.8487   0.1623   2.1378   0.8384
[1] 300.0000   0.6325   0.8776   0.0750   2.1807   1.0665
[1] 400.0000   0.0978   0.9217   0.0056   2.0368   0.9692
[1] 500.0000   0.7883   0.8902   0.0185   2.0427   0.8863
[1] 600.0000   0.0001   0.8693   0.3250   2.2480   1.0610
[1] 700.0000   0.6529   0.8087  -0.0077   1.9542   1.0605
[1] 800.0000   0.2167   0.8830   0.2593   2.3192   0.9772
[1] 900.0000   0.2659   0.9357  -0.0058   2.1565   1.0743
[1] 1000.0000    0.8931    0.9692    0.1806    2.2550    0.9576
[1] 1100.0000    0.0476    0.8326   -0.0277    1.9638    1.0285
[1] 1200.0000    0.7562    0.8603    0.0934    2.2144    0.9164
[1] 1300.0000    0.9862    0.8617    0.1172    2.1857    1.0550
[1] 1400.0000    0.0000    0.9303    0.0366    2.1521    1.1894
[1] 1500.0000    0.0000    0.8549    0.2993    2.3631    0.9819
[1] 1600.0000    0.5348    0.8673    0.2792    2.2783    0.9237
[1] 1700.0000    0.0008    0.8745    0.1011    2.1736    0.9148
[1] 1800.0000    0.0000    0.9234    0.2296    2.3261    1.1307
[1] 1900.0000    0.1617    0.9875    0.3197    2.2572    0.8532
[1] 2000.0000    0.1561    0.9978    0.1586    2.1433    1.1535
[1] 2100.0000    0.7822    0.8081    0.1929    2.2800    0.9300
[1] 2200.0000    0.6689    0.8580    0.1399    2.1806    1.0161
[1] 2300.0000    0.0439    0.8377    0.1470    2.2541    0.8487
[1] 2400.0000    0.3848    0.9764    0.1852    2.1229    1.0594
[1] 2500.0000    0.0207    0.8529    0.1603    2.2314    0.9541
[1] 2600.0000    0.1242    0.9658    0.0427    2.1194    1.0023
[1] 2700.0000    0.0906    0.8044    0.0129    2.1027    1.0835
[1] 2800.0000    0.1079    0.8906    0.0102    2.1783    0.8787
[1] 2900.0000    0.0010    0.8994   -0.0278    2.0397    1.0050
[1] 3000.0000    0.0012    0.9425    0.1192    2.1789    1.0830
[1] 3100.0000    0.1454    0.8265    0.1374    2.1421    1.1652
[1] 3200.0000    0.4968    0.9676    0.1590    2.0898    1.1339
[1] 3300.0000    0.0000    0.9877   -0.0007    2.0130    0.9428
[1] 3400.0000    0.0075    0.8681   -0.0508    1.9905    1.1354
[1] 3500.0000    0.9214    0.9338    0.1662    2.2970    0.8830
[1] 3600.0000    0.0332    0.8387    0.1159    2.1610    1.0128
[1] 3700.0000    0.0227    0.8385    0.1451    2.1981    0.8150
[1] 3800.0000    0.0000    0.8653   -0.0610    1.9632    0.9884
[1] 3900.0000    0.0009    0.8514    0.0116    2.0452    1.1876
[1] 4000.0000    0.5430    0.9388    0.1644    2.0927    0.8131
[1] 4100.0000    1.0000    0.9426    0.1784    2.1438    0.8764
[1] 4200.0000    0.9046    0.8436   -0.0118    2.0467    0.9733
[1] 4300.0000    0.0000    0.9986    0.1256    2.1451    0.9026
[1] 4400.0000    0.1204    0.9571    0.3548    2.3394    0.9932
[1] 4500.0000    1.0000    0.8410    0.1708    2.1649    1.1520
[1] 4600.0000    0.0530    0.8009    0.1216    2.1214    0.9214
[1] 4700.0000    0.0000    0.8616    0.2582    2.2753    0.8939
[1] 4800.0000    0.1488    0.8985    0.1513    2.1879    0.9827
[1] 4900.0000    0.2686    0.9222    0.3870    2.4119    0.9837
[1] 5000.0000    1.0000    0.9273    0.0436    2.0295    1.0348
[1] 5100.0000    0.4396    0.9679    0.0147    2.0651    1.1951
[1] 5200.0000    0.0055    0.8350    0.1474    2.3049    1.0935
[1] 5300.0000    1.0000    0.8379    0.0430    2.0436    1.0434
[1] 5400.0000    0.7807    0.8536    0.1638    2.1734    0.9337
[1] 5500.0000    0.1333    0.8940    0.0090    2.0837    1.1671
[1] 5600.0000    0.1270    0.8407   -0.1618    2.0333    1.1085
[1] 5700.0000    0.0660    0.9403    0.0797    2.0372    0.9236
[1] 5800.0000    0.2471    0.8520    0.3418    2.3921    1.0482
[1] 5900.0000    0.5052    0.8759    0.0193    2.1276    1.0113
[1] 6000.0000    0.4450    0.8325   -0.0837    2.0382    0.8825
[1] 6100.0000    0.0526    0.9517    0.4122    2.3629    0.9216
[1] 6200.0000    1.0000    0.8336   -0.1852    1.8659    0.9759
[1] 6300.0000    0.0169    0.8959    0.0001    2.1384    1.1826
[1] 6400.0000    0.4051    0.9022    0.1582    2.0878    0.8332
[1] 6500.0000    1.0000    0.9478    0.0426    2.0054    1.0656
[1] 6600.0000    0.0018    0.8860   -0.1352    2.0263    1.0301
[1] 6700.0000    0.0000    0.9726   -0.0839    1.9514    1.0730
[1] 6800.0000    1.0000    0.8496    0.1114    2.1827    0.9728
[1] 6900.0000    0.0642    0.8556   -0.0052    2.0475    1.1638
[1] 7000.0000    0.0009    0.8011    0.1165    2.1252    1.0228
[1] 7100.0000    1.0000    0.8440    0.0348    2.0057    0.9302
[1] 7200.0000    0.0027    0.8749    0.1767    2.2081    1.0509
[1] 7300.0000    0.0003    0.8821    0.0784    2.1741    0.9361
[1] 7400.0000    0.0000    0.8164   -0.0125    1.9400    0.8600
[1] 7500.0000    0.0772    0.8682    0.1267    2.2054    0.9160
[1] 7600.0000    0.2175    0.8511    0.0804    2.1573    1.0027
[1] 7700.0000    0.0135    0.8552    0.0127    2.0001    1.0850
[1] 7800.0000    0.0003    0.8139    0.0260    2.0918    0.8702
[1] 7900.0000    0.1355    0.8037   -0.0515    2.0632    1.1632
[1] 8000.0000    1.0000    0.9186    0.0455    2.0321    1.0026
[1] 8100.0000    1.0000    0.9280    0.3619    2.4031    1.0020
[1] 8200.0000    0.0000    0.9273    0.2612    2.2488    0.9041
[1] 8300.0000    0.0001    0.8222    0.4225    2.3887    0.8438
[1] 8400.0000    1.0000    0.9278    0.0977    2.1240    0.8107
[1] 8500.0000    0.0024    0.8716   -0.0719    2.0075    1.1821
[1] 8600.0000    0.3731    0.9214    0.2270    2.3371    1.0135
[1] 8700.0000    0.7147    0.8293    0.1582    2.0596    0.8767
[1] 8800.0000    0.8048    0.9324    0.1490    2.2369    0.8066
[1] 8900.0000    0.1798    0.9431    0.0087    2.1637    1.1381
[1] 9000.0000    1.0000    0.9825   -0.0165    2.0462    1.0066
[1] 9100.0000    0.3362    0.8799    0.2099    2.1982    0.8591
[1] 9200.0000    0.0024    0.8083    0.1040    2.1696    1.0837
[1] 9300.0000    0.0003    0.9856    0.2078    2.1808    1.1370
[1] 9400.0000    0.1984    0.8458    0.2707    2.1944    1.0091
[1] 9500.0000    0.0000    0.9329    0.0546    2.1361    0.8817
[1] 9600.0000    0.3313    0.8862   -0.0653    1.9495    0.8406
[1] 9700.0000    0.0017    0.8614    0.2846    2.1814    0.9692
[1] 9800.0000    0.1343    0.8323    0.1571    2.1342    0.8368
[1] 9900.0000    0.0000    0.8466    0.4720    2.4206    0.8248
[1] 10000.0000     0.6949     0.9167    -0.2333     1.9026     1.1877
[1] 10100.0000     1.0000     0.9049     0.1802     2.1835     1.0751
[1] 10200.0000     0.0006     0.9084     0.0678     2.0349     0.8386
[1] 10300.0000     0.0109     0.8120     0.3105     2.2415     0.8804
[1] 10400.0000     0.0168     0.8213     0.2252     2.2565     1.0055
[1] 10500.0000     1.0000     0.8159     0.4287     2.3343     1.1284
[1] 10600.0000     0.0254     0.8330     0.4186     2.4656     0.9483
[1] 10700.0000     0.0000     0.8531     0.1137     2.1197     0.8181
[1] 10800.0000     0.7213     0.8541     0.1350     2.2304     0.9792
[1] 10900.0000     0.0000     0.8264     0.2031     2.3224     1.1140
[1] 11000.0000     0.4439     0.8012     0.2021     2.3207     0.9407
[1] 11100.0000     0.0004     0.8902     0.2172     2.2612     0.9114
[1] 11200.0000     1.0000     0.9412     0.1560     2.1899     0.8257
[1] 11300.0000     0.4060     0.9738     0.0967     2.0703     1.1215
[1] 11400.0000     0.4097     0.9055     0.1699     2.1672     0.9856
[1] 11500.0000     0.0000     0.9311     0.0324     2.1143     0.8792
[1] 11600.0000     1.0000     0.9382    -0.0175     2.0490     0.8033
[1] 11700.0000     0.9873     0.8766    -0.0252     2.0927     0.9110
[1] 11800.0000     0.1022     0.9849    -0.0198     1.9468     1.0283
[1] 11900.0000     0.4174     0.8272     0.1668     2.1505     0.8962
[1] 12000.0000     0.0024     0.8543    -0.0221     2.0376     1.1591
[1] 12100.0000     0.0350     0.9452     0.1606     2.2239     0.8400
[1] 12200.0000     0.2169     0.8496     0.2168     2.1268     0.8460
[1] 1.230e+04 1.570e-02 8.229e-01 3.195e-01 2.250e+00 9.137e-01
[1] 12400.0000     1.0000     0.8046    -0.0279     1.9967     0.8797
[1] 12500.0000     0.1693     0.9120     0.3411     2.3796     1.1259
[1] 12600.0000     0.1348     0.9564     0.2383     2.1068     1.1675
[1] 12700.0000     0.0007     0.9486     0.3273     2.2663     0.8166
[1] 12800.0000     0.0000     0.9108    -0.1411     1.8469     1.0765
[1] 12900.0000     0.0361     0.8554    -0.2456     1.8277     0.9712
[1] 13000.0000     0.0040     0.8840     0.3975     2.3567     1.1100
[1] 13100.0000     0.0024     0.9404     0.0210     2.0398     0.9822
[1] 13200.0000     0.0047     0.9589    -0.0044     2.0103     1.1555
[1] 13300.0000     0.6741     0.8522     0.3025     2.2277     1.0074
[1] 13400.0000     0.0000     0.9485     0.1383     2.0439     1.0271
[1] 13500.0000     0.0000     0.8240     0.0344     2.1144     1.0099
[1] 13600.0000     0.0071     0.8314     0.0112     1.9804     0.9679
[1] 13700.0000     1.0000     0.8314     0.1852     2.1617     0.8589
[1] 13800.0000     0.0001     0.9394    -0.0053     2.1076     0.9910
[1] 13900.0000     1.0000     0.8104     0.0720     2.1102     0.8994
[1] 14000.0000     1.0000     0.9598     0.0735     2.0905     0.8043
[1] 14100.0000     0.0000     0.9236     0.2725     2.3378     0.9106
[1] 14200.0000     0.0262     0.9171     0.1519     2.1305     0.8964
[1] 14300.0000     0.0496     0.8359     0.0798     2.1089     1.0907
[1] 14400.0000     0.4396     0.8570     0.0665     2.1199     0.9360
[1] 14500.0000     0.0301     0.8302     0.1660     2.2876     1.1813
[1] 14600.0000     0.0000     0.8084    -0.0693     2.0550     0.8928
[1] 14700.0000     1.0000     0.8840     0.1380     2.2066     1.0394
[1] 1.480e+04 0.000e+00 9.533e-01 3.000e-04 1.942e+00 8.106e-01
[1] 14900.0000     0.4965     0.8873     0.1219     2.1428     1.1324
[1] 15000.0000     0.0000     0.9486     0.0426     2.0709     0.9418
[1] 15100.0000     0.0090     0.8384     0.0641     2.1082     0.8510
[1] 15200.0000     0.0515     0.9307     0.0820     2.0799     0.9934
[1] 15300.0000     0.0339     0.8296     0.2909     2.3721     1.1944
[1] 15400.0000     0.2863     0.8005     0.1830     2.2543     0.8812
[1] 15500.0000     0.5525     0.9973     0.0356     2.0999     0.8711
[1] 15600.0000     0.6923     0.9912     0.1386     2.1096     1.0551
[1] 15700.0000     0.0000     0.8668     0.3071     2.2833     1.0399
[1] 15800.0000     0.0527     0.9636    -0.0664     1.9984     0.9548
[1] 15900.0000     0.0000     0.9524     0.1651     2.2626     1.0855
[1] 16000.0000     0.1666     0.8243     0.0698     2.0869     0.8996
[1] 16100.0000     1.0000     0.9477     0.2754     2.3776     0.9420
[1] 16200.0000     0.8196     0.8455     0.0961     2.0760     1.0509
[1] 16300.0000     0.0362     0.9320     0.1650     2.2254     1.0407
[1] 16400.0000     0.4691     0.8090     0.3305     2.3291     0.8978
[1] 1.650e+04 4.610e-02 9.894e-01 1.355e-01 2.189e+00 9.222e-01
[1] 16600.0000     1.0000     0.9292    -0.0606     2.0102     1.0485
[1] 16700.0000     0.2351     0.8804     0.1917     2.2186     1.1815
[1] 16800.0000     0.1518     0.8165    -0.0361     1.9627     1.0376
[1] 16900.0000     0.0518     0.8583     0.0200     2.0786     0.9158
[1] 17000.0000     0.6681     0.8355     0.2648     2.2469     0.9526
[1] 1.710e+04 2.090e-02 9.262e-01 2.410e-01 2.206e+00 9.696e-01
[1] 17200.0000     0.4469     0.9497     0.0203     2.0608     0.8252
[1] 17300.0000     1.0000     0.8396    -0.0944     1.9926     1.0131
[1] 17400.0000     0.6601     0.9623     0.2104     2.3527     1.1696
[1] 17500.0000     1.0000     0.9645     0.0238     1.9947     0.9956
[1] 17600.0000     0.0146     0.8018     0.2004     2.1601     1.0705
[1] 17700.0000     0.0528     0.8922     0.1721     2.1666     1.0234
[1] 17800.0000     1.0000     0.9968     0.0699     2.0933     0.8268
[1] 17900.0000     0.0348     0.8644     0.1292     2.1079     1.0507
[1] 18000.0000     0.9799     0.9109     0.1447     2.2019     0.8712
[1] 18100.0000     0.1159     0.8667     0.1884     2.1707     1.1867
[1] 18200.0000     1.0000     0.8073     0.2218     2.1845     0.9256
[1] 18300.0000     0.0305     0.9706     0.0736     2.1154     1.1685
[1] 18400.0000     0.0023     0.9243    -0.1333     2.0579     1.1066
[1] 18500.0000     0.1271     0.9072     0.1284     2.1890     1.0082
[1] 18600.0000     0.0333     0.8932     0.1675     2.2283     0.8460
[1] 18700.0000     0.3977     0.9071     0.2646     2.2960     1.1143
[1] 18800.0000     0.0036     0.9415     0.1777     2.2899     0.8205
[1] 1.890e+04 0.000e+00 8.297e-01 1.773e-01 2.223e+00 8.354e-01
[1] 19000.0000     1.0000     0.8087     0.2298     2.3157     1.1060
[1] 19100.0000     0.1783     0.9272    -0.0800     2.1113     0.8583
[1] 19200.0000     0.7830     0.8319     0.0164     1.9711     1.0132
[1] 19300.0000     0.0953     0.8940     0.3061     2.2415     1.1248
[1] 19400.0000     0.2557     0.8040     0.2374     2.1787     1.1551
[1] 19500.0000     0.0002     0.9718     0.4195     2.3575     0.8258
[1] 19600.0000     0.0527     0.8529     0.2196     2.2837     0.8752
[1] 19700.0000     0.0038     0.8143     0.3092     2.2664     0.8081
[1] 19800.0000     0.1758     0.8357     0.4267     2.3846     1.1647
[1] 19900.0000     0.2835     0.9981     0.3114     2.3582     1.0280
[1] 20000.0000     0.0942     0.8545     0.0422     2.1229     0.8923
[1] 20100.0000     0.0000     0.9102     0.3077     2.3435     1.0384
[1] 20200.0000     0.2878     0.9282     0.2219     2.1917     0.9678
[1] 20300.0000     0.0126     0.9350    -0.1243     1.9605     0.8887
[1] 20400.0000     1.0000     0.8446     0.0891     2.0822     1.0333
[1] 20500.0000     0.0005     0.8964     0.0487     2.1586     1.1285
[1] 20600.0000     0.1543     0.8392     0.0749     2.1169     0.8892
[1] 20700.0000     0.5340     0.8107     0.3363     2.2226     1.0874
[1] 20800.0000     1.0000     0.9981     0.0688     2.1608     1.0246
[1] 20900.0000     0.0000     0.8352     0.0748     2.1557     0.8133
[1] 21000.0000     0.1323     0.8708     0.0980     2.1057     1.1617
[1] 21100.0000     0.1086     0.9291     0.1379     2.1547     1.1428
[1] 21200.0000     1.0000     0.9611     0.2882     2.3003     0.8029
[1] 21300.0000     0.0004     0.8214     0.1140     2.0334     1.0391
[1] 21400.0000     1.0000     0.8276     0.1705     2.1969     0.8233
[1] 21500.0000     0.0097     0.8906     0.2009     2.2568     0.8206
[1] 21600.0000     0.3219     0.8069     0.1941     2.1891     0.8555
[1] 21700.0000     0.0105     0.9973     0.0696     2.0221     0.9605
[1] 21800.0000     0.4471     0.8385     0.3001     2.3977     0.8059
[1] 21900.0000     0.3110     0.9598     0.2367     2.3167     0.8497
[1] 22000.0000     0.4204     0.8874     0.1906     2.1217     1.0182
[1] 22100.0000     0.1380     0.8953     0.2620     2.2736     0.9321
[1] 22200.0000     0.5877     0.8579     0.0075     2.0869     0.8534
[1] 22300.0000     0.0273     0.9726    -0.0256     2.1743     0.8521
[1] 22400.0000     0.8310     0.9971     0.1949     2.2195     0.9354
[1] 22500.0000     0.0014     0.8239     0.0729     2.1850     1.1368
[1] 22600.0000     0.0000     0.8006     0.0105     2.0835     0.8902
[1] 22700.0000     0.0000     0.8271     0.0353     2.0875     1.1968
[1] 22800.0000     0.0245     0.8972     0.1385     2.0096     1.0231
[1] 22900.0000     0.0739     0.8804     0.0111     2.0838     0.9211
[1] 23000.0000     0.0000     0.8997     0.2501     2.1204     0.9381
[1] 23100.0000     0.2895     0.8119     0.3506     2.3011     1.0551
[1] 23200.0000     0.0734     0.8437     0.2302     2.2644     0.8877
[1] 2.330e+04 0.000e+00 9.727e-01 2.628e-01 2.305e+00 9.482e-01
[1] 23400.0000     0.4572     0.8888     0.1572     2.0949     1.0444
[1] 23500.0000     1.0000     0.9916     0.1411     2.1365     1.1297
[1] 23600.0000     0.0071     0.9324     0.0936     2.1661     0.8634
[1] 23700.0000     0.2788     0.8580     0.1050     2.0833     0.8494
[1] 23800.0000     0.8817     0.9299     0.1167     2.0226     1.0580
[1] 23900.0000     1.0000     0.8722     0.2465     2.2149     0.8735
[1] 2.400e+04 5.895e-01 9.322e-01 1.580e-01 2.115e+00 9.399e-01
[1] 24100.0000     1.0000     0.9214     0.0216     2.1488     0.8541
[1] 24200.0000     0.5104     0.8467     0.0831     2.0622     0.8230
[1] 24300.0000     0.3629     0.8950     0.2253     2.2057     0.9587
[1] 24400.0000     1.0000     0.9947     0.0913     2.0908     0.9697
[1] 24500.0000     0.0241     0.8969     0.1461     2.1807     1.0480
[1] 24600.0000     0.0001     0.8781     0.2018     2.2079     0.8812
[1] 24700.0000     1.0000     0.9195    -0.1457     1.8631     0.8781
[1] 24800.0000     0.0000     0.8460     0.2078     2.2304     0.9489
[1] 24900.0000     1.0000     0.8569     0.1227     2.1426     1.1414
[1] 25000.0000     1.0000     0.8801     0.1359     2.1515     0.8235
[1] 25100.0000     0.1191     0.8549     0.2583     2.2971     0.9439
[1] 25200.0000     0.1230     0.8495     0.1857     2.2496     1.1739
[1] 25300.0000     0.0002     0.9779     0.1077     2.1873     0.8977
[1] 25400.0000     0.1402     0.9621    -0.0914     1.9921     0.9516
[1] 25500.0000     0.3721     0.8147     0.0071     2.0317     1.1844
[1] 25600.0000     0.0445     0.9926     0.3853     2.3315     0.9855
[1] 25700.0000     0.5409     0.8976    -0.0111     2.1651     0.9408
[1] 25800.0000     0.0045     0.8606     0.0649     2.1565     0.8978
[1] 25900.0000     0.0011     0.8683     0.2752     2.2378     0.8098
[1] 26000.0000     0.2691     0.9492     0.0948     2.0212     1.0058
[1] 26100.0000     0.0812     0.8951     0.1355     2.2032     0.8249
[1] 26200.0000     1.0000     0.8601     0.1915     2.2728     0.9041
[1] 26300.0000     0.6220     0.8623    -0.2143     1.9494     1.0835
[1] 26400.0000     0.0518     0.8855     0.4286     2.3125     1.0131
[1] 26500.0000     0.0055     0.8034    -0.0666     1.9680     1.1338
[1] 26600.0000     0.1836     0.8720    -0.1174     1.9178     0.9170
[1] 26700.0000     0.0200     0.9721     0.0183     2.0986     0.8075
[1] 26800.0000     0.1509     0.8173     0.1633     2.2269     0.9752
[1] 26900.0000     0.0009     0.9241     0.3259     2.3440     1.0646
[1] 27000.0000     0.8006     0.8977     0.0922     2.1839     0.8661
[1] 27100.0000     0.0001     0.8095     0.1468     2.1581     1.0497
[1] 27200.0000     0.0147     0.8304     0.1539     2.2194     0.8580
[1] 2.730e+04 1.500e-03 9.608e-01 5.580e-02 2.089e+00 8.492e-01
[1] 27400.0000     0.1570     0.8725     0.0210     2.0353     1.1899
[1] 27500.0000     1.0000     0.8366     0.1511     2.1603     1.0805
[1] 27600.0000     0.0011     0.8069     0.1401     2.1228     0.9996
[1] 27700.0000     0.0282     0.8620     0.4440     2.4929     1.0941
[1] 27800.0000     0.0000     0.8358     0.2135     2.2648     1.1051
[1] 27900.0000     0.4440     0.8913     0.2838     2.2606     0.8389
[1] 28000.0000     0.0162     0.9003    -0.0374     2.0976     0.9918
[1] 28100.0000     0.0000     0.9262    -0.0016     2.0851     1.0710
[1] 28200.0000     0.4952     0.9920     0.3824     2.3376     1.1206
[1] 28300.0000     0.0183     0.9817     0.0937     2.0856     0.9109
[1] 28400.0000     1.0000     0.9594     0.0692     2.0645     0.8105
[1] 28500.0000     1.0000     0.8206     0.2083     2.2790     1.0447
[1] 2.860e+04 3.000e-04 9.775e-01 1.114e-01 2.156e+00 9.079e-01
[1] 28700.0000     0.1580     0.9045     0.0603     2.0633     1.0095
[1] 28800.0000     1.0000     0.9743     0.1987     2.2641     0.8723
[1] 28900.0000     0.9431     0.8662    -0.0713     1.9666     0.8550
[1] 29000.0000     0.7456     0.8148     0.1782     2.2664     0.9225
[1] 29100.0000     0.0124     0.8438     0.2430     2.2398     0.8008
[1] 29200.0000     0.0000     0.8470    -0.0894     1.9493     0.8568
[1] 29300.0000     0.0386     0.8435    -0.0211     1.9496     1.1245
[1] 29400.0000     0.0605     0.9512     0.1744     2.1242     1.1262
[1] 29500.0000     0.0034     0.8346     0.1697     2.1666     0.9665
[1] 29600.0000     0.0021     0.8135     0.1847     2.2213     0.8030
[1] 29700.0000     0.0176     0.9571     0.0610     2.0498     0.9736
[1] 2.980e+04 1.000e+00 8.701e-01 7.980e-02 2.153e+00 8.024e-01
[1] 29900.0000     0.5631     0.9798     0.1213     2.0894     1.0014
[1] 30000.0000     0.0346     0.8307     0.0457     2.0466     1.0904
[1] 0.3284669
Time difference of 4.431203 hours
null device 
          1 
