[1] "El numero de nodos X particion es: 10"
[1] "Model = M2 / Data = sim_data/datasetSVIExponential27.Rdata"
[1] 100.0000   0.7141   0.9429   0.1007   1.8991   1.1970
[1] 200.0000   0.0596   0.9592   0.1159   1.8655   1.1736
[1] 300.0000   0.2211   0.8776  -0.0654   2.2170   1.0665
[1] 400.0000   0.1854   0.9217  -0.0235   2.0389   0.9692
[1] 500.0000   0.0089   0.9813  -0.0210   2.1071   0.8492
[1] 600.0000   0.8852   0.9748   0.2535   1.7129   1.0386
[1] 700.0000   0.1617   0.8009   0.1564   1.8851   0.8720
[1] 800.0000   0.0510   0.9313  -0.3806   2.3484   1.0430
[1] 900.0000   0.0001   0.9344  -0.2905   2.2169   1.0036
[1] 1000.0000    0.0000    0.8209   -0.3212    2.3669    0.9374
[1] 1100.0000    0.0000    0.9319    0.7188    1.2954    0.8930
[1] 1200.0000    0.5800    0.8603    0.2644    1.8309    0.9164
[1] 1300.0000    0.0409    0.9805   -0.1991    2.2096    0.8049
[1] 1400.0000    0.0000    0.9303   -0.6089    2.5385    1.1894
[1] 1500.0000    0.0029    0.9694    0.7182    1.2438    1.1238
[1] 1600.0000    0.0000    0.8718   -0.8869    2.8628    1.0625
[1] 1700.0000    0.0000    0.8745   -0.1185    2.2019    0.9148
[1] 1800.0000    0.0000    0.9376    0.1988    1.8188    0.8302
[1] 1900.0000    0.0000    0.9875   -0.2474    2.2876    0.8532
[1] 2000.0000    0.0000    0.9870   -0.4132    2.5166    0.9024
[1] 2100.0000    0.0000    0.8246   -0.2997    2.2559    1.1071
[1] 2200.0000    0.0000    0.8668    0.4543    1.5936    1.0989
[1] 2300.0000    0.0000    0.9906    0.1181    1.8004    0.8768
[1] 2400.0000    0.0000    0.9355    0.3722    1.6614    1.1578
[1] 2500.0000    0.1152    0.9668   -0.0164    1.9866    0.8029
[1] 2600.0000    0.0000    0.9483   -0.0195    1.9930    1.1376
[1] 2700.0000    0.0000    0.8492   -0.2647    2.3140    0.9140
[1] 2800.0000    0.0021    0.9386    0.4419    1.4801    0.8695
[1] 2900.0000    0.0085    0.9982   -0.3399    2.3550    0.9626
[1] 3000.0000    0.0000    0.8454   -0.0981    2.1132    0.9669
[1] 3100.0000    0.0001    0.8265    0.2711    1.8063    1.1652
[1] 3200.0000    0.0000    0.9190    0.3116    1.6381    0.9575
[1] 3300.0000    0.0000    0.9312   -0.0659    2.0699    0.9302
[1] 3400.0000    1.0000    0.8983   -0.1622    2.2227    1.1525
[1] 3500.0000    0.0000    0.9256    0.2566    1.7683    1.1684
[1] 3600.0000    0.0000    0.9027   -0.1444    2.1886    1.1569
[1] 3700.0000    1.0000    0.9624    0.3899    1.6576    0.8094
[1] 3800.0000    0.0000    0.9791    0.5393    1.4755    1.0179
[1] 3900.0000    0.0000    0.9030   -0.1452    2.1644    0.9530
[1] 4000.0000    0.4925    0.9388   -0.2908    2.1390    0.8131
[1] 4100.0000    0.0000    0.8388   -0.1145    2.1285    0.8864
[1] 4200.0000    0.0000    0.9756   -0.4676    2.4552    0.9752
[1] 4300.0000    0.0929    0.8028   -0.3069    2.3288    0.9927
[1] 4400.0000    0.0000    0.9459    0.0979    1.8949    1.1887
[1] 4500.0000    0.6840    0.8410   -0.1016    2.1498    1.1520
[1] 4600.0000    0.0007    0.9525    0.4064    1.6312    1.1110
[1] 4700.0000    0.0000    0.9806   -0.4079    2.4505    1.0866
[1] 4800.0000    0.0000    0.8444   -0.3614    2.3699    1.1184
[1] 4900.0000    0.0000    0.9924   -0.3831    2.4077    1.1836
[1] 5000.0000    0.3373    0.8074   -0.2756    2.2044    1.0307
[1] 5100.0000    0.0000    0.9679   -0.0538    2.0582    1.1951
[1] 5200.0000    0.0000    0.8051    0.3786    1.6470    0.8965
[1] 5300.0000    0.0000    0.8821   -0.2293    2.1535    1.0013
[1] 5400.0000    0.0000    0.9713   -0.1390    2.0052    1.1011
[1] 5500.0000    0.0000    0.8506    0.5038    1.5017    1.1979
[1] 5600.0000    0.0000    0.9328   -0.2963    2.3435    1.1365
[1] 5700.0000    0.0000    0.8882    0.4765    1.5298    1.0651
[1] 5800.0000    0.0000    0.8612   -0.2897    2.3212    1.0327
[1] 5900.0000    0.0000    0.8278    0.5585    1.4541    1.0767
[1] 6000.0000    0.0000    0.8887    0.0929    1.8847    0.8335
[1] 6100.0000    0.0000    0.9100   -0.1289    2.0486    1.1509
[1] 6200.0000    0.0000    0.9400    0.4792    1.4766    0.8404
[1] 6300.0000    0.0000    0.9569   -0.1513    2.1509    0.8080
[1] 6400.0000    0.0000    0.9885   -0.4184    2.5296    0.8165
[1] 6500.0000    0.0004    0.9145   -0.4778    2.3828    0.8046
[1] 6600.0000    0.0000    0.8918    0.2103    1.9198    1.0184
[1] 6700.0000    0.0000    0.8204   -0.4214    2.3944    0.9264
[1] 6800.0000    0.2574    0.8794    0.0049    1.9921    0.9381
[1] 6900.0000    0.0000    0.9290   -0.3473    2.4232    1.0476
[1] 7000.0000    0.0000    0.8521    0.1613    1.8725    1.0680
[1] 7100.0000    0.0000    0.9857   -0.1963    2.2508    1.0571
[1] 7200.0000    0.0000    0.9439   -0.0532    2.1038    1.1769
[1] 7300.0000    0.0000    0.9946    0.2994    1.7205    1.1299
[1] 7400.0000    0.0000    0.9512   -0.2601    2.1997    0.8676
[1] 7500.0000    0.0006    0.9989   -0.8814    2.7000    1.1081
[1] 7600.0000    0.0000    0.9493   -0.1018    2.1529    0.9281
[1] 7700.0000    0.0000    0.8552   -0.4447    2.4371    1.0850
[1] 7800.0000    0.0002    0.8350   -0.0061    2.0483    1.1361
[1] 7900.0000    0.0000    0.9654   -0.0644    2.0032    1.1831
[1] 8000.0000    0.0000    0.9309    0.4215    1.5570    1.0835
[1] 8100.0000    0.0000    0.9710   -0.0259    2.0190    1.0872
[1] 8200.0000    0.0028    0.8808   -0.3080    2.2418    1.1030
[1] 8300.0000    0.0000    0.8222   -0.2358    2.2759    0.8438
[1] 8400.0000    0.0000    0.9658   -0.1120    2.0869    0.9286
[1] 8500.0000    0.0000    0.8325    0.0311    1.9984    1.0750
[1] 8600.0000    0.0279    0.9564   -0.7058    2.7332    0.9963
[1] 8700.0000    0.0000    0.8940    0.1182    1.9500    1.0236
[1] 8800.0000    0.0000    0.9735   -0.1911    2.1829    1.0381
[1] 8900.0000    0.0000    0.8674    0.4803    1.5691    1.0474
[1] 9000.0000    0.0000    0.8301    0.3594    1.6189    1.1387
[1] 9100.0000    0.0000    0.9806    0.4945    1.4833    1.0696
[1] 9200.0000    0.0000    0.8777   -0.1540    2.2086    1.1489
[1] 9300.0000    0.0000    0.8689    0.1937    1.8463    0.9976
[1] 9400.0000    0.0000    0.8351    0.6146    1.3750    0.8546
[1] 9500.0000    0.0000    0.8295   -0.0350    1.9857    0.9364
[1] 9600.0000    0.0053    0.8149    0.0251    2.0356    0.9056
[1] 9700.0000    0.0000    0.9657    0.5176    1.4705    0.9166
[1] 9800.0000    0.0000    0.9462   -0.3232    2.3205    1.1275
[1] 9900.0000    0.0000    0.9876    0.6784    1.3545    0.9739
[1] 10000.0000     0.6312     0.9718    -0.3050     2.2957     0.8376
[1] 10100.0000     0.9639     0.9049    -0.0369     2.1149     1.0751
[1] 10200.0000     1.0000     0.9808    -0.2095     2.1880     0.8342
[1] 10300.0000     0.2959     0.9290     0.5130     1.5324     0.8292
[1] 10400.0000     0.0000     0.9434    -0.0630     2.0446     1.1753
[1] 10500.0000     0.0003     0.9828     0.3197     1.7035     0.8036
[1] 10600.0000     0.0000     0.8442    -0.2440     2.2658     0.9495
[1] 10700.0000     0.0000     0.9346     0.4879     1.5935     1.0990
[1] 10800.0000     1.0000     0.8056     0.2028     1.8232     0.8503
[1] 10900.0000     0.0000     0.9660     0.5999     1.5053     1.1970
[1] 1.100e+04 1.333e-01 8.012e-01 4.141e-01 1.728e+00 9.407e-01
[1] 11100.0000     0.0000     0.8902    -0.3994     2.3835     0.9114
[1] 11200.0000     0.1754     0.9645    -0.3422     2.2741     0.8187
[1] 11300.0000     0.0000     0.9481    -0.7460     2.6985     1.1448
[1] 11400.0000     0.0001     0.9548     0.3311     1.5976     1.0047
[1] 11500.0000     0.0000     0.8061     0.0220     1.9914     1.1646
[1] 11600.0000     0.0757     0.9382    -0.0848     1.9655     0.8033
[1] 11700.0000     0.0855     0.9616     0.1789     1.8277     1.1733
[1] 11800.0000     0.0000     0.8027     0.5026     1.4178     0.8530
[1] 11900.0000     0.0000     0.8934    -0.3619     2.3615     1.0759
[1] 12000.0000     0.0000     0.8056     0.0931     1.9438     1.1142
[1] 12100.0000     0.0000     0.8666    -0.1304     2.0891     0.9630
[1] 12200.0000     0.1613     0.9853     0.2821     1.7765     1.1443
[1] 12300.0000     0.0512     0.8010     0.1368     1.9158     0.8810
[1] 12400.0000     0.1776     0.8019     0.3369     1.7378     1.1971
[1] 12500.0000     0.0000     0.8870     0.3136     1.6739     1.1524
[1] 12600.0000     0.0000     0.9359    -0.3336     2.4078     1.1279
[1] 12700.0000     0.5342     0.9614    -0.0163     1.8986     0.8958
[1] 12800.0000     0.0000     0.9108    -0.1563     2.2491     1.0765
[1] 12900.0000     0.2593     0.9204     0.2738     1.7494     0.8219
[1] 13000.0000     0.0000     0.8069    -0.0054     1.9905     1.0997
[1] 13100.0000     0.0000     0.9339     0.9070     1.1176     1.1193
[1] 13200.0000     1.0000     0.9955    -0.1658     2.2813     0.8578
[1] 13300.0000     0.0000     0.8590    -0.2032     2.1796     1.0479
[1] 13400.0000     0.0000     0.9676     0.2306     1.7530     1.1418
[1] 13500.0000     0.0000     0.8466    -0.4393     2.4609     0.8143
[1] 13600.0000     0.0000     0.8917    -0.0520     2.1456     1.0301
[1] 13700.0000     0.0000     0.8951    -0.6977     2.7335     1.0363
[1] 13800.0000     0.0000     0.9432    -0.0424     2.0657     1.1717
[1] 13900.0000     0.0000     0.8495     0.1732     1.8072     1.0802
[1] 14000.0000     0.0000     0.9588     0.0540     1.9904     0.9662
[1] 14100.0000     0.0000     0.9803    -0.0364     2.0208     1.0983
[1] 14200.0000     0.0000     0.8479     0.1307     1.8609     0.8739
[1] 14300.0000     0.0000     0.8548    -0.5113     2.4791     0.8231
[1] 14400.0000     0.7517     0.8984    -0.2453     2.2024     1.1866
[1] 14500.0000     0.7649     0.9833     0.3074     1.7009     1.1771
[1] 14600.0000     0.0000     0.8912    -0.1175     2.1001     0.8958
[1] 14700.0000     0.0000     0.9923    -0.1600     2.1149     1.0723
[1] 14800.0000     0.0000     0.8106     0.3485     1.5669     1.0978
[1] 14900.0000     0.0282     0.9582    -0.0011     2.1036     1.0321
[1] 15000.0000     0.0015     0.9447    -0.2554     2.2349     0.8911
[1] 15100.0000     1.0000     0.8292     0.3212     1.6739     0.9249
[1] 15200.0000     0.0000     0.8734     0.1021     1.9388     0.8767
[1] 15300.0000     1.0000     0.8282    -0.0046     2.0039     1.1177
[1] 15400.0000     0.4371     0.9636    -0.2222     2.2729     0.9462
[1] 15500.0000     0.0000     0.9734    -0.7119     2.7267     1.1714
[1] 15600.0000     0.0000     0.8520    -0.6743     2.7025     1.1912
[1] 15700.0000     0.0000     0.8668    -0.3254     2.4184     1.0399
[1] 15800.0000     0.0084     0.9108     0.2799     1.7132     0.9068
[1] 15900.0000     0.0000     0.8876    -0.1575     2.1117     0.9067
[1] 16000.0000     1.0000     0.9761    -0.2993     2.2725     1.0600
[1] 16100.0000     0.0000     0.9566     0.3361     1.7116     1.0234
[1] 16200.0000     0.0006     0.9466     0.1197     1.8347     0.9477
[1] 16300.0000     0.0000     0.9320    -0.0937     2.1043     1.0407
[1] 16400.0000     0.0000     0.9401    -0.1480     2.1744     0.9237
[1] 16500.0000     0.2357     0.9894    -0.1872     2.2118     0.9222
[1] 16600.0000     0.3398     0.8568    -0.1965     2.1645     1.0645
[1] 16700.0000     0.0000     0.9287     0.2782     1.6612     0.9633
[1] 16800.0000     0.0000     0.8165     0.1050     1.9464     1.0376
[1] 16900.0000     0.0000     0.9904     0.2926     1.7076     0.9068
[1] 17000.0000     0.0000     0.9790    -0.6152     2.5617     0.8822
[1] 17100.0000     0.0002     0.9262     0.5380     1.5302     0.9696
[1] 17200.0000     0.0317     0.9497    -0.0636     2.0880     0.8252
[1] 17300.0000     1.0000     0.8396     0.1427     1.9287     1.0131
[1] 17400.0000     0.0000     0.8593    -0.0935     2.1328     1.1450
[1] 17500.0000     0.0000     0.9983     0.8159     1.3475     0.9809
[1] 17600.0000     0.0000     0.8242     0.2750     1.6757     0.9225
[1] 17700.0000     0.0000     0.8794     0.2907     1.7443     0.9707
[1] 17800.0000     0.0367     0.9571    -0.4634     2.5443     0.9258
[1] 17900.0000     0.0002     0.9083     0.0363     2.0013     0.9495
[1] 18000.0000     0.4753     0.9109    -0.1498     2.2451     0.8712
[1] 18100.0000     0.0000     0.9461    -0.1053     2.1038     0.9222
[1] 1.820e+04 1.374e-01 8.582e-01 4.844e-01 1.482e+00 9.652e-01
[1] 18300.0000     0.0000     0.9928     0.0491     1.9540     1.1096
[1] 18400.0000     0.0000     0.9121    -0.1144     2.1743     0.9764
[1] 18500.0000     0.0000     0.8451     0.0092     2.0336     0.9054
[1] 18600.0000     0.0000     0.8656    -0.0813     2.1370     0.8624
[1] 18700.0000     0.0000     0.8690    -0.4253     2.3378     0.9055
[1] 18800.0000     0.0001     0.8537     0.1977     1.8516     0.9005
[1] 18900.0000     0.0000     0.9918    -0.1352     2.0834     0.9887
[1] 19000.0000     0.0043     0.8366    -0.5007     2.5497     0.8015
[1] 19100.0000     0.0000     0.8142    -0.4057     2.3582     1.0716
[1] 19200.0000     0.0000     0.8001     0.1947     1.8025     0.9641
[1] 19300.0000     0.0000     0.9918     0.3643     1.6549     0.8386
[1] 19400.0000     0.0000     0.8040    -0.2083     2.2761     1.1551
[1] 19500.0000     0.0000     0.9654    -0.2266     2.2265     0.9669
[1] 19600.0000     0.5862     0.9162    -0.1986     2.1161     0.8038
[1] 19700.0000     0.0389     0.9629    -0.2744     2.1779     0.8437
[1] 19800.0000     0.0000     0.9911     0.5207     1.5161     0.9546
[1] 19900.0000     0.0000     0.9981    -0.1229     2.2057     1.0280
[1] 20000.0000     0.0000     0.8708    -0.0375     2.0296     1.0213
[1] 20100.0000     0.0000     0.9794     0.2418     1.7861     1.1721
[1] 20200.0000     0.8705     0.9840    -0.3845     2.3615     1.1380
[1] 20300.0000     0.0000     0.8028     0.0791     2.0002     0.9708
[1] 20400.0000     0.0120     0.9845    -0.2947     2.2232     1.1049
[1] 20500.0000     0.0000     0.8964    -0.0504     2.0354     1.1285
[1] 20600.0000     0.9462     0.9169     0.1727     1.8859     1.1057
[1] 20700.0000     0.9126     0.8107     0.0553     2.0199     1.0874
[1] 20800.0000     0.0000     0.9606    -0.3711     2.3844     1.0886
[1] 20900.0000     0.0987     0.9109    -0.2818     2.2398     0.9980
[1] 21000.0000     0.0000     0.9912     0.3793     1.5995     1.0875
[1] 21100.0000     0.0000     0.9732    -0.5093     2.5378     0.8253
[1] 21200.0000     1.0000     0.9611     0.3044     1.6512     0.8029
[1] 21300.0000     0.0000     0.8782    -0.1640     2.1511     1.0748
[1] 21400.0000     0.0047     0.9719    -0.4161     2.3586     0.9071
[1] 21500.0000     0.0006     0.8906    -0.5013     2.5561     0.8206
[1] 21600.0000     0.0131     0.8420    -0.1303     2.1547     0.8926
[1] 21700.0000     0.0000     0.8449    -0.2661     2.2515     0.9351
[1] 21800.0000     0.0063     0.8660    -0.1847     2.2233     1.1387
[1] 21900.0000     0.0000     0.9424     0.0341     2.0087     1.1768
[1] 22000.0000     0.0000     0.8850     0.5100     1.5284     0.9555
[1] 22100.0000     0.0000     0.9825    -0.1631     2.1252     1.1195
[1] 22200.0000     0.0000     0.9349     0.2139     1.7897     0.9881
[1] 22300.0000     0.0467     0.9726     0.0248     2.1338     0.8521
[1] 22400.0000     0.0043     0.9494     0.0230     2.0035     0.9207
[1] 22500.0000     0.9104     0.9879     0.5652     1.4231     0.8971
[1] 22600.0000     0.0000     0.8858     0.0468     1.9594     0.9064
[1] 22700.0000     0.0000     0.8271     0.1382     1.8238     1.1968
[1] 22800.0000     0.0011     0.9630    -0.0456     2.0245     0.9437
[1] 22900.0000     0.0000     0.9287     0.2156     1.7135     0.9003
[1] 23000.0000     0.0000     0.9652     0.2855     1.7398     1.0264
[1] 23100.0000     0.0000     0.9231    -0.4062     2.4015     0.8179
[1] 23200.0000     0.0018     0.9741    -0.4589     2.3792     1.1699
[1] 23300.0000     0.1968     0.8966     0.1762     1.8104     1.0199
[1] 23400.0000     0.0279     0.9418     0.2957     1.8042     0.8205
[1] 23500.0000     0.0000     0.8934    -0.7384     2.6799     1.1391
[1] 23600.0000     0.0000     0.8360    -0.1465     2.1560     0.8406
[1] 23700.0000     0.0000     0.9328     0.0556     2.0249     1.0180
[1] 23800.0000     0.0000     0.8154    -0.1513     2.1281     1.1666
[1] 23900.0000     0.0216     0.8157     0.4696     1.5335     0.8034
[1] 24000.0000     0.0000     0.8060     0.3361     1.5510     1.1215
[1] 24100.0000     0.0000     0.8747    -0.5682     2.5133     1.0767
[1] 24200.0000     0.0000     0.8562     0.2638     1.6898     0.9310
[1] 24300.0000     0.0000     0.8894    -0.1442     2.1356     0.9198
[1] 24400.0000     0.1082     0.9020     1.1235     0.9309     1.0534
[1] 24500.0000     0.0000     0.9407     1.0127     0.9898     1.0416
[1] 2.460e+04 0.000e+00 9.062e-01 1.366e-01 1.831e+00 8.877e-01
[1] 24700.0000     0.0060     0.9574    -0.2613     2.2197     1.0919
[1] 24800.0000     0.0007     0.9497     0.1093     2.0048     1.0764
[1] 24900.0000     0.1143     0.9495     0.0273     2.0171     0.8626
[1] 25000.0000     0.3292     0.8801     0.1908     1.7327     0.8235
[1] 2.510e+04 1.000e-02 9.102e-01 8.581e-01 1.178e+00 9.221e-01
[1] 25200.0000     0.0000     0.9920    -0.0618     2.1060     0.8420
[1] 25300.0000     0.6762     0.8151    -0.0197     1.9432     1.0748
[1] 25400.0000     1.0000     0.8988    -0.2547     2.2631     1.0888
[1] 25500.0000     0.0000     0.8147     0.1202     1.9011     1.1844
[1] 25600.0000     0.0000     0.8978    -0.1782     2.2042     1.1142
[1] 25700.0000     0.0000     0.8060     0.3311     1.6939     0.8422
[1] 25800.0000     0.0000     0.8043    -0.1390     2.1070     0.8730
[1] 25900.0000     0.9872     0.8632    -0.0426     2.0289     1.1254
[1] 26000.0000     1.0000     0.9492    -0.0259     2.0630     1.0058
[1] 26100.0000     0.0000     0.9803     0.2028     1.7078     1.0323
[1] 26200.0000     0.0085     0.9529    -0.0600     2.0833     1.0017
[1] 26300.0000     0.0000     0.9342     0.2020     1.7633     1.1434
[1] 26400.0000     0.0000     0.8767    -0.1724     2.1526     0.8041
[1] 26500.0000     0.0961     0.8136     0.1538     1.8993     0.8843
[1] 26600.0000     0.0000     0.9293     0.0940     1.9671     0.8497
[1] 26700.0000     0.0619     0.9890     0.0516     1.9132     0.9390
[1] 26800.0000     0.0000     0.8448    -0.8303     2.8380     0.8652
[1] 26900.0000     0.0000     0.9586     0.3672     1.7195     1.0279
[1] 27000.0000     0.0000     0.9862    -0.2975     2.3554     0.8958
[1] 27100.0000     0.5033     0.8095    -0.0285     2.0903     1.0497
[1] 27200.0000     0.0005     0.8628     0.0794     1.9056     1.0265
[1] 27300.0000     0.0000     0.9754    -0.1559     2.2212     0.9688
[1] 27400.0000     0.0000     0.9269     0.1842     1.8745     1.0000
[1] 27500.0000     0.0000     0.8301     0.2763     1.7069     0.9239
[1] 27600.0000     0.0000     0.8732     0.4642     1.5547     0.9172
[1] 27700.0000     0.0000     0.8219     0.3501     1.6968     0.8500
[1] 27800.0000     0.0000     0.8358     0.5306     1.4809     1.1051
[1] 27900.0000     0.9314     0.8904    -0.0558     2.1020     0.9276
[1] 28000.0000     0.0000     0.8025    -0.2370     2.2462     0.9240
[1] 28100.0000     0.0000     0.9262    -0.6401     2.6089     1.0710
[1] 28200.0000     0.0000     0.9693    -0.2382     2.2683     0.8876
[1] 28300.0000     0.0000     0.9886    -0.6086     2.5880     1.1843
[1] 28400.0000     0.2423     0.9594     0.3985     1.7693     0.8105
[1] 28500.0000     0.0000     0.9130     0.3197     1.6483     1.1129
[1] 28600.0000     0.0000     0.9856     0.4676     1.4273     1.1641
[1] 28700.0000     0.0000     0.8546    -0.2956     2.2450     0.9787
[1] 28800.0000     0.0002     0.8104     0.3531     1.6265     1.1940
[1] 28900.0000     0.0000     0.9040    -0.4106     2.3299     0.8375
[1] 29000.0000     0.0000     0.9692    -0.5796     2.4846     0.9910
[1] 29100.0000     0.0000     0.9089    -0.7175     2.7080     0.8717
[1] 29200.0000     0.0730     0.9367     0.5057     1.5053     1.1465
[1] 29300.0000     0.2213     0.9749     0.5784     1.4092     0.9782
[1] 29400.0000     0.0264     0.9394     0.6301     1.3028     1.1754
[1] 29500.0000     0.0000     0.8510    -0.2085     2.2144     0.8942
[1] 29600.0000     0.0006     0.8335     0.1858     1.7782     1.1940
[1] 29700.0000     0.0000     0.9991     0.1836     1.7457     0.9357
[1] 29800.0000     0.0000     0.8503     0.2835     1.6766     0.9822
[1] 29900.0000     1.0000     0.9798     0.0232     2.0059     1.0014
[1] 30000.0000     0.1077     0.9561     0.6564     1.3969     1.0811
[1] 0.1286349
Time difference of 10.68307 hours
null device 
          1 
