[1] "El numero de nodos X particion es: 10"
[1] "Model = M1 / Data = sim_data/datasetSVCMatern10.Rdata"
[1] 100.0000   0.4543   0.9429   0.1034   1.9615   1.1970
[1] 200.0000   1.0000   0.9804   0.0792   1.9856   1.0297
[1] 300.0000   0.5859   0.8776  -0.1475   1.8521   1.0665
[1] 400.0000   0.5807   0.8233  -0.0715   1.9240   1.0774
[1] 500.0000   0.3631   0.8902  -0.0960   1.7528   0.8863
[1] 600.0000   0.0592   0.8693   0.0434   1.9560   1.0610
[1] 700.0000   0.3907   0.9849  -0.1952   1.7512   1.0164
[1] 800.0000   1.0000   0.8954  -0.0354   1.8872   1.1490
[1] 900.0000   1.0000   0.9357  -0.3919   1.6548   1.0743
[1] 1000.0000    1.0000    0.9692    0.0955    2.0292    0.9576
[1] 1100.0000    0.5175    0.9726   -0.2127    1.7108    1.0201
[1] 1200.0000    0.1729    0.8467    0.0664    1.9390    1.0747
[1] 1300.0000    1.0000    0.8617   -0.1308    1.7991    1.0550
[1] 1400.0000    0.0000    0.9303   -0.1198    1.8771    1.1894
[1] 1500.0000    0.0000    0.9672   -0.0018    1.9508    1.1986
[1] 1600.0000    1.0000    0.9427   -0.0920    1.9251    1.0957
[1] 1700.0000    0.0001    0.9259   -0.1901    1.7592    1.0764
[1] 1800.0000    0.0000    0.9234   -0.1064    1.9634    1.1307
[1] 1900.0000    0.4492    0.9957    0.0131    1.9364    1.1822
[1] 2000.0000    0.0278    0.9978   -0.0733    1.8179    1.1535
[1] 2100.0000    0.1558    0.8081    0.0644    2.0393    0.9300
[1] 2200.0000    0.8775    0.8580    0.0233    1.9098    1.0161
[1] 2300.0000    0.0147    0.8608   -0.0921    1.8785    1.0478
[1] 2400.0000    0.0529    0.9764   -0.0257    1.7429    1.0594
[1] 2500.0000    1.0000    0.9002    0.0540    1.8730    1.1531
[1] 2600.0000    0.0331    0.9658   -0.1199    1.8509    1.0023
[1] 2700.0000    0.0445    0.8044   -0.1214    1.8735    1.0835
[1] 2800.0000    0.1049    0.8906   -0.1210    1.9191    0.8787
[1] 2900.0000    0.0025    0.8994   -0.2485    1.7285    1.0050
[1] 3000.0000    0.0612    0.9297    0.0836    1.9759    1.1984
[1] 3100.0000    0.3673    0.8476   -0.0061    1.8791    1.1528
[1] 3200.0000    0.1937    0.9371   -0.0798    1.8843    1.1278
[1] 3300.0000    0.0000    0.9877   -0.0396    1.8822    0.9428
[1] 3400.0000    0.0000    0.9515   -0.2058    1.6268    1.1198
[1] 3500.0000    0.7327    0.9338    0.0454    2.0744    0.8830
[1] 3600.0000    0.0526    0.9027   -0.0763    1.8804    1.1569
[1] 3700.0000    0.0001    0.9950   -0.0005    1.8611    1.0085
[1] 3800.0000    0.0000    0.8653   -0.1255    1.7693    0.9884
[1] 3900.0000    0.0022    0.8514   -0.1730    1.7805    1.1876
[1] 4000.0000    0.5609    0.9388   -0.0644    1.7735    0.8131
[1] 4100.0000    0.4823    0.9193    0.1918    2.0513    1.0337
[1] 4200.0000    0.4564    0.9756   -0.0096    1.9023    0.9752
[1] 4300.0000    0.0000    0.9986   -0.0689    1.8705    0.9026
[1] 4400.0000    0.0672    0.9571    0.0835    1.9690    0.9932
[1] 4500.0000    1.0000    0.8410    0.0594    1.9375    1.1520
[1] 4600.0000    0.0284    0.9525   -0.0542    1.8406    1.1110
[1] 4700.0000    0.0005    0.9516   -0.0599    1.9297    1.1937
[1] 4800.0000    0.0143    0.8985   -0.1891    1.7518    0.9827
[1] 4900.0000    0.8362    0.8201    0.1128    2.0239    1.1747
[1] 5000.0000    0.9323    0.9273   -0.0698    1.9205    1.0348
[1] 5100.0000    0.0386    0.9679   -0.1226    1.8333    1.1951
[1] 5200.0000    0.0044    0.8350    0.0690    2.0961    1.0935
[1] 5300.0000    1.0000    0.8379    0.0114    1.8877    1.0434
[1] 5400.0000    1.0000    0.8515   -0.0235    1.9233    1.1120
[1] 5500.0000    0.0011    0.8506   -0.0880    1.7834    1.1979
[1] 5600.0000    0.0519    0.9328   -0.2492    1.7999    1.1365
[1] 5700.0000    0.1204    0.9403   -0.1537    1.7052    0.9236
[1] 5800.0000    0.2894    0.8520    0.0917    2.0592    1.0482
[1] 5900.0000    0.1063    0.8706   -0.1196    1.8232    1.1672
[1] 6000.0000    0.0162    0.8924   -0.0788    1.8238    1.0716
[1] 6100.0000    0.0690    0.9517    0.1570    2.0222    0.9216
[1] 6200.0000    1.0000    0.8336   -0.2865    1.6362    0.9759
[1] 6300.0000    0.0061    0.8959   -0.0516    1.9493    1.1826
[1] 6400.0000    0.3323    0.9022   -0.0575    1.8036    0.8332
[1] 6500.0000    0.0497    0.8697   -0.0018    1.9499    0.9040
[1] 6600.0000    0.0750    0.8918   -0.1662    1.7941    1.0184
[1] 6700.0000    0.0000    0.9726   -0.1836    1.7287    1.0730
[1] 6800.0000    0.6196    0.9036   -0.0425    1.9136    1.0862
[1] 6900.0000    0.0448    0.8556   -0.1028    1.8161    1.1638
[1] 7000.0000    0.0000    0.9977   -0.1663    1.8076    1.0944
[1] 7100.0000    0.3822    0.8440    0.0377    1.9427    0.9302
[1] 7200.0000    0.0008    0.9645    0.0360    1.9700    0.9109
[1] 7300.0000    0.0078    0.8821    0.0887    2.0040    0.9361
[1] 7400.0000    0.0000    0.8164   -0.2791    1.6685    0.8600
[1] 7500.0000    0.0704    0.9538    0.2732    2.1429    1.0728
[1] 7600.0000    0.0207    0.8332   -0.0634    1.8400    1.0877
[1] 7700.0000    0.0004    0.8348   -0.2549    1.6841    1.0869
[1] 7800.0000    0.0001    0.8139   -0.1569    1.7890    0.8702
[1] 7900.0000    0.4647    0.8037   -0.1395    1.7917    1.1632
[1] 8000.0000    0.2210    0.9186   -0.3121    1.6159    1.0026
[1] 8100.0000    0.7421    0.8687   -0.0772    1.9045    1.0506
[1] 8200.0000    0.0000    0.9636    0.0184    1.9169    1.1811
[1] 8300.0000    0.0001    0.8896    0.1558    2.0364    1.1748
[1] 8400.0000    0.3757    0.8563   -0.0482    1.8510    1.0967
[1] 8500.0000    0.0058    0.9939   -0.1368    1.8395    1.0648
[1] 8600.0000    0.1172    0.8871    0.0267    2.0390    0.9140
[1] 8700.0000    0.0495    0.8788   -0.1888    1.7039    1.1009
[1] 8800.0000    1.0000    0.9324   -0.1460    1.8084    0.8066
[1] 8900.0000    1.0000    0.9431   -0.1545    1.8419    1.1381
[1] 9000.0000    0.1212    0.9025   -0.0808    1.8179    0.9096
[1] 9100.0000    0.1735    0.9538   -0.0600    1.9054    1.0939
[1] 9200.0000    1.0000    0.9069   -0.0374    1.9662    1.1995
[1] 9300.0000    0.0048    0.9856   -0.1097    1.8348    1.1370
[1] 9400.0000    0.1641    0.8458    0.0830    1.9215    1.0091
[1] 9500.0000    0.0000    0.9329   -0.1673    1.8712    0.8817
[1] 9600.0000    1.0000    0.9566   -0.1745    1.7882    1.1182
[1] 9700.0000    0.1559    0.9791   -0.0134    1.9301    1.1886
[1] 9800.0000    0.0169    0.9199    0.1047    1.9775    1.0773
[1] 9900.0000    0.0000    0.9197    0.2092    2.1353    1.1953
[1] 10000.0000     0.1397     0.9167    -0.3966     1.6503     1.1877
[1] 10100.0000     1.0000     0.9049     0.0413     1.9617     1.0751
[1] 10200.0000     0.0000     0.9084    -0.1085     1.8215     0.8386
[1] 10300.0000     0.0143     0.8120     0.0514     1.8718     0.8804
[1] 10400.0000     0.1793     0.9337     0.0604     1.9144     1.0990
[1] 10500.0000     0.9569     0.8159     0.1239     1.9702     1.1284
[1] 10600.0000     0.2716     0.9579     0.2132     2.2009     1.1829
[1] 10700.0000     0.0002     0.8531    -0.0303     1.9166     0.8181
[1] 10800.0000     0.2814     0.9785    -0.0429     1.8864     1.1554
[1] 10900.0000     0.0000     0.8264    -0.1596     1.9021     1.1140
[1] 11000.0000     0.0266     0.9998    -0.0513     2.0265     0.9957
[1] 11100.0000     0.0001     0.8902     0.1987     2.1572     0.9114
[1] 11200.0000     0.8486     0.9412    -0.0375     1.9880     0.8257
[1] 11300.0000     0.7392     0.9738    -0.0966     1.7571     1.1215
[1] 11400.0000     1.0000     0.9866    -0.1021     1.8207     0.8664
[1] 11500.0000     0.0000     0.9311    -0.1253     1.8801     0.8792
[1] 11600.0000     0.6808     0.9382    -0.2772     1.6922     0.8033
[1] 11700.0000     0.3606     0.9810    -0.1582     1.8355     0.9386
[1] 11800.0000     0.0045     0.8440    -0.1105     1.7091     0.8198
[1] 11900.0000     0.3835     0.9709     0.0481     1.9405     1.1102
[1] 12000.0000     0.0051     0.8543    -0.0909     1.8582     1.1591
[1] 12100.0000     0.0955     0.9452     0.0406     1.9783     0.8400
[1] 12200.0000     1.0000     0.8496    -0.0706     1.8278     0.8460
[1] 12300.0000     0.1651     0.9007    -0.0005     1.9154     1.0908
[1] 12400.0000     1.0000     0.8046    -0.1768     1.7865     0.8797
[1] 12500.0000     0.2615     0.9120     0.0776     2.0358     1.1259
[1] 12600.0000     0.1106     0.9564    -0.0029     1.7840     1.1675
[1] 12700.0000     0.0003     0.9486     0.1602     2.0055     0.8166
[1] 12800.0000     0.0014     0.9108    -0.2244     1.7150     1.0765
[1] 12900.0000     0.0225     0.8621    -0.3783     1.6169     0.8185
[1] 13000.0000     0.0021     0.8840     0.1091     1.9513     1.1100
[1] 13100.0000     0.0002     0.9404    -0.0430     1.9094     0.9822
[1] 13200.0000     0.0040     0.9589    -0.2710     1.6541     1.1555
[1] 13300.0000     0.6348     0.8522     0.0704     1.9411     1.0074
[1] 13400.0000     0.0000     0.9801     0.0756     1.8711     1.0073
[1] 13500.0000     0.0000     0.8240    -0.0552     1.9207     1.0099
[1] 13600.0000     0.0011     0.8917    -0.0792     1.6994     1.0301
[1] 13700.0000     0.3314     0.9578    -0.0159     1.9126     1.1070
[1] 13800.0000     0.0000     0.9275    -0.1671     1.8090     1.0955
[1] 13900.0000     1.0000     0.8104    -0.1540     1.7692     0.8994
[1] 14000.0000     0.4895     0.9598     0.0376     1.9057     0.8043
[1] 14100.0000     0.0000     0.9236     0.2499     2.1378     0.9106
[1] 14200.0000     0.2310     0.9171    -0.0577     1.8088     0.8964
[1] 14300.0000     0.0193     0.9946    -0.1706     1.7873     1.1737
[1] 14400.0000     0.9078     0.8984    -0.0334     1.9413     1.1866
[1] 14500.0000     0.0013     0.8302    -0.1122     1.8584     1.1813
[1] 14600.0000     0.0000     0.8329    -0.0110     1.9372     0.9630
[1] 14700.0000     0.8902     0.8840    -0.0633     1.8779     1.0394
[1] 14800.0000     0.0000     0.8106    -0.4000     1.6084     1.0978
[1] 14900.0000     0.2294     0.9850     0.1154     2.0876     1.1438
[1] 15000.0000     0.0000     0.9486    -0.1100     1.7909     0.9418
[1] 15100.0000     0.0233     0.9112    -0.2129     1.7618     1.0503
[1] 15200.0000     0.4327     0.9896     0.1357     1.9741     1.1186
[1] 15300.0000     0.0206     0.8296     0.0932     2.0848     1.1944
[1] 15400.0000     1.0000     0.9829     0.0756     2.0741     1.0368
[1] 15500.0000     0.2979     0.9973    -0.0647     1.8403     0.8711
[1] 15600.0000     1.0000     0.9912    -0.0102     1.8693     1.0551
[1] 15700.0000     0.0000     0.9705     0.0992     1.9788     0.8969
[1] 15800.0000     0.3328     0.9774    -0.2301     1.6047     1.1822
[1] 15900.0000     0.0000     0.9524     0.0675     2.0546     1.0855
[1] 16000.0000     1.0000     0.9761    -0.1273     1.8375     1.0600
[1] 16100.0000     0.1107     0.9170     0.1467     2.0460     1.0219
[1] 16200.0000     0.5486     0.8455     0.0111     1.9030     1.0509
[1] 16300.0000     0.7897     0.9029     0.1595     1.9936     1.0365
[1] 16400.0000     0.5029     0.8090    -0.0532     1.8791     0.8978
[1] 16500.0000     0.1082     0.9894    -0.0379     1.8877     0.9222
[1] 16600.0000     0.1107     0.8611    -0.3142     1.6797     1.1812
[1] 16700.0000     0.2485     0.8804     0.0353     1.9714     1.1815
[1] 16800.0000     0.0150     0.8165    -0.3435     1.6317     1.0376
[1] 16900.0000     0.1905     0.8221    -0.0776     1.7981     1.1575
[1] 17000.0000     0.4769     0.9188    -0.0263     1.9038     0.8586
[1] 17100.0000     0.0010     0.9262     0.1109     1.9125     0.9696
[1] 17200.0000     0.1201     0.9497    -0.2725     1.6554     0.8252
[1] 17300.0000     0.0972     0.8555    -0.3992     1.5461     1.0278
[1] 17400.0000     1.0000     0.9623     0.0099     2.0703     1.1696
[1] 17500.0000     1.0000     0.9645    -0.0910     1.8130     0.9956
[1] 17600.0000     0.0298     0.9193     0.0210     1.8854     0.8193
[1] 17700.0000     0.0289     0.8922    -0.1903     1.7511     1.0234
[1] 17800.0000     1.0000     0.9968    -0.0233     1.8791     0.8268
[1] 17900.0000     0.0027     0.8644    -0.0215     1.9261     1.0507
[1] 18000.0000     0.8830     0.9109     0.2021     2.1012     0.8712
[1] 18100.0000     0.0019     0.9137     0.0177     1.9849     0.9014
[1] 1.820e+04 7.659e-01 8.073e-01 2.026e-01 2.059e+00 9.256e-01
[1] 18300.0000     0.0056     0.9706    -0.1349     1.8192     1.1685
[1] 18400.0000     0.0018     0.9243    -0.2459     1.8702     1.1066
[1] 18500.0000     0.0508     0.8064    -0.1182     1.8571     1.1050
[1] 18600.0000     0.0024     0.8932    -0.0359     2.0103     0.8460
[1] 18700.0000     1.0000     0.9071     0.0379     2.0036     1.1143
[1] 18800.0000     0.0047     0.9134    -0.1246     1.8624     1.0933
[1] 18900.0000     0.0000     0.9734    -0.0286     1.9196     1.0104
[1] 19000.0000     1.0000     0.8087    -0.0482     1.9315     1.1060
[1] 19100.0000     0.0023     0.8142    -0.2130     1.7948     1.0716
[1] 19200.0000     0.6734     0.8319    -0.0471     1.7864     1.0132
[1] 19300.0000     0.5052     0.8940    -0.0685     1.8506     1.1248
[1] 19400.0000     1.0000     0.8507    -0.0540     1.9361     0.9744
[1] 19500.0000     0.0015     0.8243     0.1411     1.9859     0.8751
[1] 19600.0000     0.0305     0.9711    -0.0556     1.9664     1.0171
[1] 1.970e+04 5.800e-03 8.143e-01 1.460e-01 2.006e+00 8.081e-01
[1] 19800.0000     0.6948     0.9324     0.0751     2.0421     1.1958
[1] 19900.0000     0.2341     0.9981     0.2329     2.1629     1.0280
[1] 20000.0000     0.5459     0.9729    -0.2167     1.7938     0.8904
[1] 20100.0000     0.0000     0.9102     0.0567     2.0397     1.0384
[1] 20200.0000     1.0000     0.9840    -0.0766     1.9260     1.1380
[1] 20300.0000     0.0081     0.8028    -0.3915     1.6382     0.9708
[1] 20400.0000     1.0000     0.8446     0.0062     1.8960     1.0333
[1] 20500.0000     0.0006     0.8964     0.0062     1.9723     1.1285
[1] 20600.0000     0.1905     0.8909    -0.0773     1.8714     1.1489
[1] 20700.0000     1.0000     0.8107     0.1789     2.0397     1.0874
[1] 20800.0000     1.0000     0.9981     0.0499     1.9726     1.0246
[1] 20900.0000     0.0150     0.9072     0.0306     1.8094     1.0199
[1] 21000.0000     0.4214     0.8708    -0.0430     1.9053     1.1617
[1] 21100.0000     0.1145     0.9291    -0.0477     1.8480     1.1428
[1] 21200.0000     0.1902     0.9704     0.1291     2.0270     1.1667
[1] 21300.0000     0.0005     0.8214    -0.1173     1.7099     1.0391
[1] 21400.0000     0.4230     0.8276    -0.0245     1.9097     0.8233
[1] 21500.0000     0.0009     0.8906     0.1208     2.0261     0.8206
[1] 21600.0000     1.0000     0.9634    -0.1046     1.8480     0.9473
[1] 21700.0000     0.0531     0.9973    -0.0363     1.8514     0.9605
[1] 21800.0000     0.9266     0.8733     0.1772     2.1287     1.1912
[1] 21900.0000     0.7956     0.9598     0.0878     2.0051     0.8497
[1] 22000.0000     0.3275     0.8213    -0.0174     1.8796     1.0483
[1] 22100.0000     0.0699     0.9623     0.0470     1.9534     1.1965
[1] 22200.0000     0.1678     0.9766    -0.1369     1.8223     1.0119
[1] 22300.0000     0.0367     0.9726    -0.2098     1.8939     0.8521
[1] 22400.0000     0.7303     0.9556    -0.1552     1.8384     1.0506
[1] 22500.0000     0.0024     0.8239    -0.1750     1.8378     1.1368
[1] 22600.0000     0.0035     0.8006     0.0330     1.9375     0.8902
[1] 22700.0000     0.0001     0.8271    -0.0649     1.8701     1.1968
[1] 22800.0000     0.0541     0.8972    -0.1484     1.6606     1.0231
[1] 22900.0000     0.2169     0.8804    -0.0714     1.8852     0.9211
[1] 23000.0000     0.0000     0.9955     0.1636     2.0322     0.9113
[1] 23100.0000     0.3462     0.8119     0.1499     2.0401     1.0551
[1] 23200.0000     0.0686     0.9832    -0.0183     1.9071     0.9881
[1] 23300.0000     0.0001     0.9905     0.0599     2.0239     1.1869
[1] 23400.0000     0.2637     0.8888     0.0613     1.8758     1.0444
[1] 23500.0000     1.0000     0.9916     0.0538     1.9116     1.1297
[1] 23600.0000     0.0644     0.8176    -0.0861     1.8486     0.8266
[1] 23700.0000     0.4044     0.9328    -0.0765     1.9066     1.0180
[1] 23800.0000     1.0000     0.9299    -0.0206     1.8031     1.0580
[1] 23900.0000     0.4939     0.9920    -0.0879     1.7890     1.0485
[1] 24000.0000     0.0127     0.9851     0.0159     1.9506     1.0873
[1] 24100.0000     1.0000     0.9214    -0.2010     1.8281     0.8541
[1] 24200.0000     0.9631     0.9905    -0.2557     1.7557     1.0102
[1] 24300.0000     0.0717     0.9595    -0.1377     1.8240     0.9607
[1] 24400.0000     0.2035     0.8950    -0.2151     1.7251     0.9027
[1] 24500.0000     0.0005     0.8969     0.0408     1.9128     1.0480
[1] 24600.0000     0.0000     0.9237    -0.0523     1.9061     1.0127
[1] 24700.0000     0.6828     0.9195    -0.2336     1.6796     0.8781
[1] 24800.0000     0.0000     0.9234    -0.0254     1.8894     1.1503
[1] 24900.0000     0.2960     0.9781     0.0042     1.9208     0.9351
[1] 25000.0000     0.3705     0.8801     0.2832     2.1248     0.8235
[1] 25100.0000     0.1994     0.8622    -0.0030     1.9143     0.8281
[1] 25200.0000     0.1283     0.9507    -0.0267     1.9361     0.9719
[1] 25300.0000     0.0000     0.9779    -0.1533     1.8580     0.8977
[1] 25400.0000     0.0515     0.9183    -0.2479     1.7122     1.0450
[1] 25500.0000     0.0709     0.8303     0.0816     1.9679     1.1248
[1] 25600.0000     0.0424     0.9926     0.1296     1.9871     0.9855
[1] 25700.0000     0.0585     0.9659    -0.0974     1.8374     0.9398
[1] 25800.0000     0.0039     0.9689    -0.0682     1.9135     1.1962
[1] 25900.0000     0.0011     0.8683     0.0125     1.8718     0.8098
[1] 26000.0000     0.8078     0.9492    -0.0894     1.7868     1.0058
[1] 26100.0000     0.1382     0.9326    -0.0987     1.8585     1.0189
[1] 26200.0000     0.1791     0.9529    -0.0232     1.8818     1.0017
[1] 26300.0000     0.9361     0.8623    -0.3161     1.7213     1.0835
[1] 26400.0000     0.3031     0.8855     0.1886     2.0073     1.0131
[1] 26500.0000     0.0123     0.8034    -0.3241     1.6136     1.1338
[1] 26600.0000     0.3563     0.9993    -0.0105     1.9597     1.0988
[1] 26700.0000     0.0275     0.9721     0.0452     1.9845     0.8075
[1] 26800.0000     0.4620     0.9542    -0.1115     1.7305     1.1594
[1] 26900.0000     0.0002     0.9241     0.0853     2.0655     1.0646
[1] 27000.0000     0.3280     0.9680    -0.0133     1.9186     1.0524
[1] 27100.0000     0.0001     0.8095    -0.0814     1.8451     1.0497
[1] 27200.0000     0.0420     0.8628     0.0061     1.9335     1.0265
[1] 27300.0000     0.0002     0.9608    -0.1031     1.7705     0.8492
[1] 27400.0000     0.1625     0.8725    -0.2046     1.7518     1.1899
[1] 27500.0000     0.4643     0.9561    -0.1607     1.7814     0.9337
[1] 27600.0000     0.0023     0.8069     0.0601     1.9472     0.9996
[1] 27700.0000     0.0120     0.8620     0.2075     2.1971     1.0941
[1] 27800.0000     0.0000     0.9408     0.0334     1.9578     0.9994
[1] 27900.0000     0.4071     0.8774     0.0150     1.9012     1.0564
[1] 28000.0000     0.0000     0.9003    -0.1229     1.8315     0.9918
[1] 28100.0000     0.0000     0.9262    -0.0791     1.9517     1.0710
[1] 28200.0000     0.1263     0.9920     0.2578     2.1043     1.1206
[1] 28300.0000     0.0002     0.8937    -0.0362     1.9067     1.0178
[1] 28400.0000     0.5900     0.9594    -0.1796     1.7116     0.8105
[1] 28500.0000     1.0000     0.8206    -0.1385     1.8808     1.0447
[1] 28600.0000     0.0060     0.9775     0.0084     1.8949     0.9079
[1] 28700.0000     0.1138     0.8497    -0.0886     1.8064     1.1155
[1] 28800.0000     0.0329     0.9569     0.1059     2.0857     1.0292
[1] 28900.0000     1.0000     0.9689    -0.2242     1.8397     1.0738
[1] 29000.0000     0.0316     0.9401     0.0299     1.9229     1.1755
[1] 29100.0000     0.0195     0.9156    -0.0054     1.9311     0.8172
[1] 29200.0000     0.0003     0.9889    -0.2883     1.7103     1.0979
[1] 29300.0000     0.7784     0.9064    -0.2715     1.7816     1.0368
[1] 29400.0000     0.0050     0.9512    -0.0596     1.7392     1.1262
[1] 29500.0000     0.0000     0.9711    -0.1304     1.8336     0.9025
[1] 29600.0000     0.0017     0.8267     0.0662     2.0312     1.0464
[1] 29700.0000     0.0043     0.9571    -0.1348     1.7496     0.9736
[1] 29800.0000     0.6115     0.8701    -0.1614     1.8429     0.8024
[1] 29900.0000     1.0000     0.9798    -0.0811     1.8413     1.0014
[1] 30000.0000     0.1924     0.8307    -0.0170     1.9083     1.0904
[1] 0.3233871
Time difference of 4.601485 hours
null device 
          1 
