[1] "El numero de nodos X particion es: 10"
[1] "Model = M1 / Data = sim_data/datasetSVCExponential27.Rdata"
[1] 100.0000   1.0000   0.8291   0.0484   2.0589   0.9331
[1] 200.0000   1.0000   0.9804   0.0067   1.9758   1.0297
[1] 300.0000   0.6211   0.8776  -0.0850   1.9903   1.0665
[1] 400.0000   0.2380   0.9217  -0.0321   1.9452   0.9692
[1] 500.0000   0.7859   0.8902  -0.0027   1.9534   0.8863
[1] 600.0000   0.0014   0.8693   0.0173   1.9128   1.0610
[1] 700.0000   1.0000   0.8087  -0.1183   1.9298   1.0605
[1] 800.0000   0.9544   0.8954   0.0588   2.0676   1.1490
[1] 900.0000   0.3158   0.9357  -0.1203   2.0040   1.0743
[1] 1000.0000    0.8346    0.9692    0.1565    2.1642    0.9576
[1] 1100.0000    0.5739    0.9726   -0.1045    1.8599    1.0201
[1] 1200.0000    1.0000    0.8603    0.0844    2.1644    0.9164
[1] 1300.0000    0.3537    0.8617   -0.0462    2.0365    1.0550
[1] 1400.0000    0.0000    0.9546   -0.1150    1.8802    0.8056
[1] 1500.0000    0.0000    0.9672    0.1859    2.1415    1.1986
[1] 1600.0000    1.0000    0.9427    0.0323    2.1331    1.0957
[1] 1700.0000    0.0000    0.9259   -0.0789    1.8972    1.0764
[1] 1800.0000    0.0000    0.9234    0.0468    2.1282    1.1307
[1] 1900.0000    0.2964    0.9957    0.1043    2.1077    1.1822
[1] 2000.0000    0.0470    0.9978    0.0137    1.9739    1.1535
[1] 2100.0000    0.6993    0.8081    0.1233    2.1543    0.9300
[1] 2200.0000    1.0000    0.8897    0.0416    2.0296    1.0133
[1] 2300.0000    0.0154    0.8377   -0.0563    1.9850    0.8487
[1] 2400.0000    0.0185    0.9355    0.1146    2.0327    1.1578
[1] 2500.0000    1.0000    0.9002    0.0932    2.0104    1.1531
[1] 2600.0000    0.0092    0.8146   -0.1197    1.8604    0.8232
[1] 2700.0000    0.1286    0.8044   -0.0825    1.9624    1.0835
[1] 2800.0000    0.0994    0.9204   -0.0492    1.9232    1.0405
[1] 2900.0000    0.0001    0.8994   -0.2430    1.7429    1.0050
[1] 3000.0000    0.0143    0.9297    0.2069    2.2214    1.1984
[1] 3100.0000    0.0636    0.9787    0.0845    2.0914    0.9283
[1] 3200.0000    0.0403    0.9371    0.0796    2.0460    1.1278
[1] 3300.0000    0.0000    0.9877    0.0801    2.0544    0.9428
[1] 3400.0000    0.0019    0.9079   -0.1383    1.8209    0.8348
[1] 3500.0000    1.0000    0.9338    0.1062    2.2098    0.8830
[1] 3600.0000    0.0853    0.9659   -0.1100    1.9141    0.8723
[1] 3700.0000    0.0001    0.9950    0.0974    2.0240    1.0085
[1] 3800.0000    0.0000    0.8653   -0.1394    1.8148    0.9884
[1] 3900.0000    0.0005    0.8840   -0.0310    1.9667    1.1193
[1] 4000.0000    0.8874    0.9388    0.0266    1.9516    0.8131
[1] 4100.0000    0.4501    0.9193    0.2328    2.1759    1.0337
[1] 4200.0000    1.0000    0.8436    0.0002    2.0810    0.9733
[1] 4300.0000    0.0000    0.9986   -0.0557    1.9281    0.9026
[1] 4400.0000    0.0633    0.9571    0.2602    2.2590    0.9932
[1] 4500.0000    0.5019    0.8410    0.1091    2.1674    1.1520
[1] 4600.0000    0.0268    0.8039   -0.0248    1.9091    1.1669
[1] 4700.0000    0.0000    0.9709    0.0592    2.0630    1.0444
[1] 4800.0000    0.0418    0.8985   -0.0695    1.8816    0.9827
[1] 4900.0000    0.4279    0.8201    0.2360    2.2264    1.1747
[1] 5000.0000    1.0000    0.9273    0.0807    2.0404    1.0348
[1] 5100.0000    0.1902    0.9679   -0.0513    1.9416    1.1951
[1] 5200.0000    0.0033    0.8350    0.0788    2.2332    1.0935
[1] 5300.0000    1.0000    0.8379    0.0276    1.9869    1.0434
[1] 5400.0000    0.5099    0.8333   -0.0326    1.9805    0.9811
[1] 5500.0000    0.0007    0.8506    0.0070    1.9280    1.1979
[1] 5600.0000    0.0361    0.8407   -0.2492    1.8470    1.1085
[1] 5700.0000    0.1025    0.9403    0.0435    1.9812    0.9236
[1] 5800.0000    1.0000    0.8520    0.1382    2.1040    1.0482
[1] 5900.0000    0.7083    0.8759   -0.1579    1.8738    1.0113
[1] 6000.0000    0.3058    0.8924    0.0653    2.0002    1.0716
[1] 6100.0000    0.0879    0.9517    0.2063    2.1380    0.9216
[1] 6200.0000    1.0000    0.8336   -0.2679    1.6917    0.9759
[1] 6300.0000    0.0052    0.8959   -0.0698    2.0539    1.1826
[1] 6400.0000    0.1576    0.9885    0.2409    2.1715    0.8165
[1] 6500.0000    0.2097    0.8697   -0.1177    1.9517    0.9040
[1] 6600.0000    0.0079    0.8918   -0.1384    1.9517    1.0184
[1] 6700.0000    0.0003    0.9726   -0.1922    1.8075    1.0730
[1] 6800.0000    0.8469    0.9036    0.0315    2.0626    1.0862
[1] 6900.0000    0.1492    0.8556    0.0126    2.0183    1.1638
[1] 7000.0000    0.0001    0.8011   -0.0950    1.9317    1.0228
[1] 7100.0000    1.0000    0.8440    0.0105    2.0450    0.9302
[1] 7200.0000    0.0067    0.8989    0.0361    2.0646    0.9392
[1] 7300.0000    0.0001    0.8821   -0.0575    2.0384    0.9361
[1] 7400.0000    0.0000    0.8164   -0.1779    1.8334    0.8600
[1] 7500.0000    0.4952    0.9538    0.2448    2.1622    1.0728
[1] 7600.0000    0.0474    0.8511    0.0562    2.0453    1.0027
[1] 7700.0000    0.0002    0.9690   -0.1049    1.8997    0.9355
[1] 7800.0000    0.0001    0.8139   -0.0856    1.9233    0.8702
[1] 7900.0000    0.8406    0.8037    0.0079    2.0375    1.1632
[1] 8000.0000    0.2865    0.9186   -0.1624    1.8386    1.0026
[1] 8100.0000    0.0329    0.9084    0.1218    2.1097    1.0684
[1] 8200.0000    0.0000    0.8989    0.1355    2.0792    1.1363
[1] 8300.0000    0.0040    0.8222    0.1235    2.1400    0.8438
[1] 8400.0000    1.0000    0.9278    0.0402    2.0070    0.8107
[1] 8500.0000    0.0086    0.9939   -0.0644    1.9827    1.0648
[1] 8600.0000    0.3179    0.9835    0.0376    2.0536    0.9563
[1] 8700.0000    0.5098    0.8293   -0.0323    1.8972    0.8767
[1] 8800.0000    0.8674    0.9324    0.0942    2.1523    0.8066
[1] 8900.0000    0.4576    0.9431   -0.1119    2.0014    1.1381
[1] 9000.0000    0.0976    0.9025   -0.0093    1.9554    0.9096
[1] 9100.0000    0.6269    0.9156    0.0888    2.1373    1.0916
[1] 9200.0000    0.0912    0.8777    0.1204    2.0879    1.1489
[1] 9300.0000    0.0040    0.9856   -0.1165    1.8661    1.1370
[1] 9400.0000    0.1994    0.9163    0.1339    2.0589    0.8003
[1] 9500.0000    0.0000    0.9329   -0.1155    1.9716    0.8817
[1] 9600.0000    0.9581    0.9566   -0.0771    1.9468    1.1182
[1] 9700.0000    0.2351    0.8614    0.0268    2.0442    0.9692
[1] 9800.0000    0.5366    0.8196   -0.0772    1.8875    0.9680
[1] 9900.0000    0.0000    0.8466    0.3350    2.2995    0.8248
[1] 10000.0000     0.6028     0.9167    -0.3371     1.7153     1.1877
[1] 10100.0000     0.6930     0.9049     0.0972     2.0371     1.0751
[1] 10200.0000     0.0016     0.9084    -0.0714     1.8572     0.8386
[1] 10300.0000     0.0046     0.8120     0.0913     1.9597     0.8804
[1] 10400.0000     0.0063     0.8213     0.0373     2.0460     1.0055
[1] 10500.0000     0.5201     0.8159     0.1021     1.9874     1.1284
[1] 10600.0000     0.0096     0.9579     0.1452     2.2054     1.1829
[1] 10700.0000     0.0000     0.8531     0.2049     2.1548     0.8181
[1] 10800.0000     0.4555     0.9443    -0.0793     2.0053     1.0263
[1] 10900.0000     0.0000     0.9660    -0.0344     2.0383     1.1970
[1] 11000.0000     0.1661     0.8012     0.0231     2.1417     0.9407
[1] 11100.0000     0.0003     0.8902     0.0717     2.1242     0.9114
[1] 11200.0000     0.8747     0.9412     0.0114     2.0919     0.8257
[1] 11300.0000     0.8841     0.9738    -0.0273     1.9610     1.1215
[1] 11400.0000     1.0000     0.9866    -0.0226     1.9593     0.8664
[1] 11500.0000     0.0000     0.9311    -0.0833     1.9711     0.8792
[1] 11600.0000     0.6000     0.9382    -0.2786     1.7491     0.8033
[1] 11700.0000     0.3688     0.9810    -0.2182     1.8878     0.9386
[1] 11800.0000     0.0022     0.8440     0.0361     1.9264     0.8198
[1] 11900.0000     0.6803     0.9709     0.0121     2.0052     1.1102
[1] 12000.0000     0.0064     0.8543    -0.0594     1.9588     1.1591
[1] 1.210e+04 1.858e-01 9.452e-01 1.019e-01 2.098e+00 8.400e-01
[1] 12200.0000     1.0000     0.8496    -0.0278     1.9463     0.8460
[1] 12300.0000     0.2834     0.9007     0.0826     2.0900     1.0908
[1] 12400.0000     1.0000     0.8046    -0.1576     1.8095     0.8797
[1] 12500.0000     0.1771     0.9120     0.1327     2.1619     1.1259
[1] 12600.0000     0.2009     0.9564     0.0928     1.9543     1.1675
[1] 12700.0000     0.0000     0.9486     0.2514     2.2737     0.8166
[1] 12800.0000     0.0010     0.9108    -0.1467     1.8257     1.0765
[1] 12900.0000     0.0367     0.8621    -0.2913     1.7210     0.8185
[1] 1.300e+04 6.000e-03 8.840e-01 1.290e-02 1.945e+00 1.110e+00
[1] 13100.0000     0.0007     0.9404     0.0442     2.0512     0.9822
[1] 13200.0000     0.2196     0.9589    -0.1701     1.8767     1.1555
[1] 13300.0000     0.8205     0.9675     0.1833     2.2589     1.1190
[1] 13400.0000     0.0000     0.9801     0.1902     2.0283     1.0073
[1] 13500.0000     0.0000     0.8240     0.1654     2.2115     1.0099
[1] 13600.0000     0.0049     0.8917     0.0003     1.8756     1.0301
[1] 13700.0000     0.7590     0.8314     0.0287     1.9962     0.8589
[1] 13800.0000     0.0003     0.9394    -0.0656     2.0211     0.9910
[1] 13900.0000     1.0000     0.8104    -0.0136     2.0056     0.8994
[1] 1.400e+04 1.000e+00 9.598e-01 6.460e-02 2.021e+00 8.043e-01
[1] 14100.0000     0.0002     0.9236     0.1710     2.1481     0.9106
[1] 14200.0000     0.1924     0.9171     0.0272     1.9571     0.8964
[1] 14300.0000     0.0200     0.9867    -0.1528     1.8690     0.9748
[1] 14400.0000     1.0000     0.8984     0.0660     2.0051     1.1866
[1] 14500.0000     0.0025     0.8302     0.0755     2.1228     1.1813
[1] 14600.0000     0.0000     0.8329    -0.1123     1.9994     0.9630
[1] 14700.0000     1.0000     0.8840     0.1494     2.1182     1.0394
[1] 14800.0000     0.0000     0.9533    -0.0747     1.8185     0.8106
[1] 14900.0000     0.5314     0.9850     0.0857     2.0972     1.1438
[1] 15000.0000     0.0000     0.9486    -0.1105     1.8937     0.9418
[1] 15100.0000     0.0099     0.9112     0.0352     2.0499     1.0503
[1] 15200.0000     0.3239     0.9896     0.1993     2.1373     1.1186
[1] 15300.0000     0.0334     0.8296     0.0913     2.1686     1.1944
[1] 15400.0000     1.0000     0.9829     0.0783     2.1541     1.0368
[1] 15500.0000     0.7715     0.8761     0.0947     1.9685     0.9901
[1] 15600.0000     1.0000     0.9912    -0.0419     1.9880     1.0551
[1] 15700.0000     0.0001     0.9705     0.2843     2.2652     0.8969
[1] 15800.0000     0.2566     0.9774    -0.0977     1.7749     1.1822
[1] 15900.0000     0.0000     0.9524     0.0364     2.1073     1.0855
[1] 16000.0000     1.0000     0.9761    -0.0277     1.9845     1.0600
[1] 16100.0000     1.0000     0.9477     0.0642     2.1468     0.9420
[1] 16200.0000     0.5971     0.8455     0.0875     2.0461     1.0509
[1] 16300.0000     1.0000     0.9029     0.0664     1.9762     1.0365
[1] 16400.0000     0.6795     0.8844     0.0474     1.9644     1.1913
[1] 16500.0000     0.1099     0.9894     0.0801     2.0819     0.9222
[1] 16600.0000     1.0000     0.9292    -0.1310     1.9045     1.0485
[1] 16700.0000     0.2340     0.8804     0.0596     2.0790     1.1815
[1] 16800.0000     0.4759     0.8165    -0.2043     1.7217     1.0376
[1] 16900.0000     0.0791     0.8221    -0.0842     1.8711     1.1575
[1] 17000.0000     0.2285     0.9815     0.1538     2.1145     0.9010
[1] 17100.0000     0.0133     0.9483     0.3559     2.3305     0.9775
[1] 17200.0000     0.1639     0.9497    -0.0521     1.9261     0.8252
[1] 17300.0000     0.0551     0.8555    -0.3255     1.6746     1.0278
[1] 17400.0000     1.0000     0.9623     0.0719     2.2304     1.1696
[1] 17500.0000     1.0000     0.9645    -0.1070     1.8659     0.9956
[1] 17600.0000     0.0213     0.9193     0.0839     2.0305     0.8193
[1] 17700.0000     0.0165     0.8922    -0.0459     1.9170     1.0234
[1] 17800.0000     1.0000     0.9968    -0.0080     1.9717     0.8268
[1] 17900.0000     0.0018     0.8644     0.0292     2.0645     1.0507
[1] 18000.0000     0.7217     0.9109     0.0777     2.0767     0.8712
[1] 18100.0000     0.0000     0.9137    -0.1936     1.9106     0.9014
[1] 18200.0000     1.0000     0.8073     0.0992     2.1091     0.9256
[1] 18300.0000     0.0430     0.9706     0.1248     2.1345     1.1685
[1] 18400.0000     0.0004     0.9581    -0.2411     1.8159     1.1627
[1] 18500.0000     0.1007     0.9072     0.0064     2.0414     1.0082
[1] 18600.0000     0.0101     0.8932    -0.0010     2.0898     0.8460
[1] 18700.0000     0.1750     0.9071     0.2149     2.2483     1.1143
[1] 18800.0000     0.0089     0.9415     0.0783     2.1576     0.8205
[1] 18900.0000     0.0000     0.9734     0.0162     2.0299     1.0104
[1] 19000.0000     1.0000     0.8087     0.0186     2.0758     1.1060
[1] 19100.0000     0.0085     0.9204    -0.2575     1.8025     0.8075
[1] 19200.0000     0.8476     0.8319    -0.0044     1.9217     1.0132
[1] 19300.0000     0.2705     0.8940     0.0317     2.0270     1.1248
[1] 19400.0000     1.0000     0.8507     0.0167     2.0836     0.9744
[1] 19500.0000     0.0007     0.8243     0.1993     2.1452     0.8751
[1] 19600.0000     0.0615     0.9711     0.1141     2.1920     1.0171
[1] 19700.0000     0.0041     0.8143     0.0881     2.0161     0.8081
[1] 19800.0000     0.1341     0.8317     0.2308     2.2612     1.0742
[1] 19900.0000     0.0268     0.9981     0.1978     2.3287     1.0280
[1] 20000.0000     0.7175     0.9729    -0.1448     1.9271     0.8904
[1] 20100.0000     0.0000     0.8622     0.2020     2.2029     0.8640
[1] 20200.0000     1.0000     0.9840     0.1721     2.2093     1.1380
[1] 20300.0000     0.0080     0.9350    -0.2389     1.8096     0.8887
[1] 20400.0000     1.0000     0.8446     0.0604     2.0219     1.0333
[1] 20500.0000     0.0063     0.9905     0.0507     2.0639     1.0353
[1] 20600.0000     0.5366     0.9169    -0.0046     2.0584     1.1057
[1] 20700.0000     0.7150     0.8107     0.2750     2.2295     1.0874
[1] 20800.0000     1.0000     0.9981     0.1578     2.2392     1.0246
[1] 20900.0000     0.0000     0.8352    -0.0016     2.0342     0.8133
[1] 21000.0000     0.3279     0.8708    -0.0223     2.0128     1.1617
[1] 21100.0000     0.0719     0.9291     0.0236     2.0128     1.1428
[1] 21200.0000     0.5356     0.9611     0.1254     2.2137     0.8029
[1] 21300.0000     0.0004     0.8214     0.0507     1.9295     1.0391
[1] 21400.0000     0.8416     0.8276    -0.0209     2.0097     0.8233
[1] 21500.0000     0.0025     0.8906     0.0691     2.0834     0.8206
[1] 21600.0000     0.2353     0.9334    -0.0325     1.9791     1.1380
[1] 21700.0000     0.2136     0.9973    -0.1072     1.9150     0.9605
[1] 21800.0000     0.4845     0.8778     0.2404     2.3382     1.0685
[1] 21900.0000     0.6163     0.9598     0.1668     2.1764     0.8497
[1] 22000.0000     0.0693     0.8850     0.1105     2.0017     0.9555
[1] 22100.0000     0.4420     0.8953     0.1105     2.0701     0.9321
[1] 22200.0000     0.5036     0.8579    -0.0959     1.9572     0.8534
[1] 22300.0000     0.0346     0.9726    -0.2761     1.9067     0.8521
[1] 22400.0000     1.0000     0.9971     0.0929     2.0947     0.9354
[1] 22500.0000     0.0035     0.8239     0.0168     2.0943     1.1368
[1] 22600.0000     0.0004     0.8006     0.0437     2.0533     0.8902
[1] 22700.0000     0.0001     0.8271    -0.1053     1.9047     1.1968
[1] 22800.0000     0.1247     0.8972    -0.0930     1.7932     1.0231
[1] 22900.0000     0.1620     0.8804    -0.0719     1.9469     0.9211
[1] 23000.0000     0.0003     0.8188     0.1504     2.1414     1.0070
[1] 23100.0000     1.0000     0.8119     0.0753     2.1288     1.0551
[1] 23200.0000     0.0889     0.9573     0.1074     2.1136     1.0522
[1] 23300.0000     0.0000     0.9727     0.1677     2.1484     0.9482
[1] 23400.0000     0.2501     0.8888     0.1028     1.9871     1.0444
[1] 23500.0000     0.0601     0.8245     0.0128     1.9946     0.8555
[1] 23600.0000     0.0074     0.9324     0.0448     2.0767     0.8634
[1] 23700.0000     0.2550     0.9977    -0.0382     1.9585     0.9083
[1] 23800.0000     0.8464     0.9299    -0.0171     1.9305     1.0580
[1] 23900.0000     0.5099     0.9920     0.1056     2.0729     1.0485
[1] 24000.0000     0.5208     0.9322     0.0513     1.9841     0.9399
[1] 24100.0000     1.0000     0.9214    -0.1081     1.9672     0.8541
[1] 24200.0000     0.0266     0.9331    -0.0983     2.0107     1.1419
[1] 24300.0000     0.4476     0.9595    -0.0947     1.8826     0.9607
[1] 24400.0000     1.0000     0.9947     0.0202     1.9675     0.9697
[1] 24500.0000     0.0054     0.8969     0.1390     2.1346     1.0480
[1] 24600.0000     0.0000     0.8781     0.0393     2.0469     0.8812
[1] 24700.0000     1.0000     0.9195    -0.1390     1.8231     0.8781
[1] 24800.0000     0.0003     0.8460     0.0508     2.0652     0.9489
[1] 24900.0000     0.2308     0.8023    -0.0537     1.9578     1.0260
[1] 25000.0000     0.8728     0.8801     0.2171     2.1822     0.8235
[1] 25100.0000     0.3077     0.8622     0.1085     2.1009     0.8281
[1] 25200.0000     0.1092     0.8495     0.0532     2.1196     1.1739
[1] 25300.0000     0.0000     0.9779    -0.0517     2.0745     0.8977
[1] 25400.0000     0.0744     0.9621    -0.1207     1.9016     0.9516
[1] 25500.0000     0.4609     0.8303    -0.0382     1.9699     1.1248
[1] 25600.0000     0.0962     0.9926     0.0847     2.0642     0.9855
[1] 25700.0000     0.0844     0.9659    -0.0129     2.0134     0.9398
[1] 25800.0000     0.0263     0.9689     0.0547     2.0593     1.1962
[1] 2.590e+04 1.000e-04 8.683e-01 1.529e-01 2.043e+00 8.098e-01
[1] 26000.0000     0.6482     0.9492     0.0364     1.9677     1.0058
[1] 26100.0000     0.0382     0.8951    -0.0283     2.0678     0.8249
[1] 26200.0000     1.0000     0.8601     0.0696     2.1169     0.9041
[1] 26300.0000     0.5860     0.8623    -0.2705     1.7856     1.0835
[1] 26400.0000     0.0843     0.8855     0.2132     2.0941     1.0131
[1] 26500.0000     0.0237     0.8034    -0.2241     1.7647     1.1338
[1] 26600.0000     0.3611     0.8720    -0.1109     1.8593     0.9170
[1] 26700.0000     0.0542     0.9721     0.0778     2.0858     0.8075
[1] 26800.0000     1.0000     0.9542    -0.0325     1.9045     1.1594
[1] 26900.0000     0.0022     0.9241     0.2157     2.2074     1.0646
[1] 27000.0000     0.6522     0.9680     0.0842     2.0908     1.0524
[1] 27100.0000     0.0001     0.8095    -0.0661     1.9351     1.0497
[1] 27200.0000     0.0254     0.8304     0.1061     2.1518     0.8580
[1] 27300.0000     0.0002     0.9608    -0.0048     1.9117     0.8492
[1] 27400.0000     0.2434     0.8806    -0.1390     1.8018     1.0468
[1] 27500.0000     0.7626     0.8366    -0.0139     1.9136     1.0805
[1] 27600.0000     0.0015     0.8069     0.1079     2.0774     0.9996
[1] 27700.0000     0.0156     0.8620     0.2850     2.3748     1.0941
[1] 27800.0000     0.0000     0.8358     0.1537     2.1639     1.1051
[1] 27900.0000     0.4832     0.8913     0.0939     2.0584     0.8389
[1] 28000.0000     0.0000     0.9003    -0.0330     1.9988     0.9918
[1] 28100.0000     0.0000     0.9262    -0.0403     2.0237     1.0710
[1] 28200.0000     0.5376     0.9920     0.0998     2.1144     1.1206
[1] 28300.0000     0.0045     0.8510    -0.0758     1.9092     0.8048
[1] 28400.0000     1.0000     0.9594    -0.1018     1.8683     0.8105
[1] 28500.0000     1.0000     0.8206     0.0569     2.1300     1.0447
[1] 28600.0000     0.0003     0.9775     0.0765     2.0892     0.9079
[1] 28700.0000     0.5587     0.9143     0.0046     1.9491     0.8158
[1] 28800.0000     1.0000     0.9743     0.1043     2.1677     0.8723
[1] 28900.0000     0.6400     0.8662    -0.1602     1.9001     0.8550
[1] 29000.0000     0.2147     0.8251     0.0110     2.0094     0.9007
[1] 29100.0000     0.0065     0.9156     0.0381     2.0721     0.8172
[1] 29200.0000     0.0000     0.9367    -0.1256     1.7502     1.1465
[1] 29300.0000     0.0070     0.9749    -0.0775     1.8792     0.9782
[1] 29400.0000     0.0623     0.9512    -0.0117     1.9303     1.1262
[1] 29500.0000     0.0000     0.9711    -0.1855     1.8321     0.9025
[1] 29600.0000     0.1513     0.9770     0.1104     2.2459     1.1651
[1] 29700.0000     0.0360     0.9571    -0.0058     1.9788     0.9736
[1] 29800.0000     0.7167     0.8701    -0.0219     2.1250     0.8024
[1] 29900.0000     1.0000     0.9798     0.0509     2.0253     1.0014
[1] 30000.0000     0.0185     0.9561    -0.0227     1.9150     1.0811
[1] 0.3421063
Time difference of 3.615729 hours
null device 
          1 
