[1] "El numero de nodos X particion es: 10"
[1] "Model = M2 / Data = sim_data/datasetSVCExponential18.Rdata"
[1] 100.0000   0.5120   0.9429   0.0113   2.1590   1.1970
[1] 200.0000   1.0000   0.9804  -0.0160   2.2129   1.0297
[1] 300.0000   0.6078   0.8776  -0.0618   2.2681   1.0665
[1] 400.0000   0.0084   0.9217  -0.1020   2.2753   0.9692
[1] 500.0000   0.5026   0.8902  -0.1551   2.1817   0.8863
[1] 600.0000   0.0238   0.8693  -0.0377   2.1434   1.0610
[1] 700.0000   1.0000   0.8087  -0.1108   2.2806   1.0605
[1] 800.0000   0.3751   0.9840  -0.1259   2.2220   0.9131
[1] 900.0000   1.0000   0.9357  -0.1188   2.2236   1.0743
[1] 1000.0000    1.0000    0.9692   -0.0533    2.2945    0.9576
[1] 1100.0000    0.1335    0.9366   -0.1996    2.2028    1.1544
[1] 1200.0000    1.0000    0.8603   -0.1058    2.2272    0.9164
[1] 1300.0000    0.4890    0.8617   -0.1175    2.2777    1.0550
[1] 1400.0000    1.0000    0.8516   -0.0423    2.1559    0.9483
[1] 1500.0000    0.0719    0.9672   -0.1041    2.2217    1.1986
[1] 1600.0000    0.0380    0.9998   -0.1529    2.3007    1.1214
[1] 1700.0000    0.1789    0.8185   -0.1097    2.1281    1.1630
[1] 1800.0000    0.0199    0.9234   -0.1659    2.2483    1.1307
[1] 1900.0000    0.2910    0.9957   -0.0781    2.2198    1.1822
[1] 2000.0000    0.2973    0.9978   -0.1188    2.2282    1.1535
[1] 2100.0000    0.1610    0.8081   -0.0159    2.2931    0.9300
[1] 2200.0000    0.4850    0.8580   -0.0450    2.2543    1.0161
[1] 2300.0000    1.0000    0.9707   -0.0714    2.1563    1.1994
[1] 2400.0000    1.0000    0.9764   -0.0804    2.1866    1.0594
[1] 2500.0000    1.0000    0.9002   -0.1254    2.1824    1.1531
[1] 2600.0000    0.5501    0.9658   -0.1534    2.1767    1.0023
[1] 2700.0000    0.1732    0.9335   -0.0803    2.2445    0.9591
[1] 2800.0000    1.0000    0.8906   -0.0962    2.2207    0.8787
[1] 2900.0000    0.2264    0.8994   -0.1676    2.1644    1.0050
[1] 3000.0000    1.0000    0.9623   -0.0876    2.2831    1.1476
[1] 3100.0000    1.0000    0.9078   -0.0787    2.2339    0.9130
[1] 3200.0000    1.0000    0.9676   -0.0615    2.1597    1.1339
[1] 3300.0000    0.1679    0.9877   -0.0577    2.1586    0.9428
[1] 3400.0000    0.1324    0.9515   -0.1052    2.1487    1.1198
[1] 3500.0000    1.0000    0.9338   -0.1011    2.2556    0.8830
[1] 3600.0000    0.0936    0.9676   -0.0692    2.2141    1.0085
[1] 3700.0000    0.1651    0.9950   -0.0239    2.2293    1.0085
[1] 3800.0000    0.1446    0.9791   -0.1366    2.1149    1.0179
[1] 3900.0000    1.0000    0.8173   -0.0592    2.1917    1.1134
[1] 4000.0000    1.0000    0.9388   -0.0550    2.1553    0.8131
[1] 4100.0000    1.0000    0.9426   -0.0521    2.1507    0.8764
[1] 4200.0000    0.3494    0.9756   -0.1282    2.3022    0.9752
[1] 4300.0000    0.0021    0.9986   -0.1335    2.2202    0.9026
[1] 4400.0000    0.1678    0.9571   -0.0536    2.2698    0.9932
[1] 4500.0000    0.4355    0.8410   -0.0304    2.2582    1.1520
[1] 4600.0000    1.0000    0.8859   -0.1248    2.2072    0.9442
[1] 4700.0000    0.0384    0.9516   -0.0731    2.2414    1.1937
[1] 4800.0000    0.7802    0.8536   -0.0916    2.1456    1.1437
[1] 4900.0000    0.0471    0.9222    0.0623    2.3431    0.9837
[1] 5000.0000    1.0000    0.9273   -0.0186    2.2335    1.0348
[1] 5100.0000    0.4849    0.8496   -0.0476    2.2393    0.8317
[1] 5200.0000    0.4563    0.8350   -0.0921    2.2427    1.0935
[1] 5300.0000    1.0000    0.8379   -0.1197    2.2127    1.0434
[1] 5400.0000    0.2694    0.9974   -0.0849    2.2035    1.1725
[1] 5500.0000    0.5662    0.8506   -0.0820    2.2071    1.1979
[1] 5600.0000    0.0326    0.9989   -0.1926    2.2852    1.0046
[1] 5700.0000    1.0000    0.9639   -0.0846    2.1408    1.0846
[1] 5800.0000    0.3027    0.8520    0.0199    2.2810    1.0482
[1] 5900.0000    0.1443    0.9936   -0.1129    2.1490    1.1548
[1] 6000.0000    1.0000    0.8325   -0.1126    2.1957    0.8825
[1] 6100.0000    0.0295    0.9517   -0.0343    2.2504    0.9216
[1] 6200.0000    0.4357    0.8336    0.0285    2.0871    0.9759
[1] 6300.0000    0.1466    0.9105   -0.0701    2.2404    1.1686
[1] 6400.0000    0.2106    0.9022   -0.0873    2.1374    0.8332
[1] 6500.0000    1.0000    0.9478   -0.0723    2.2079    1.0656
[1] 6600.0000    0.2224    0.8918   -0.1413    2.2331    1.0184
[1] 6700.0000    0.1291    0.8229   -0.0920    2.1433    1.0410
[1] 6800.0000    0.3935    0.9525   -0.1440    2.1749    0.9997
[1] 6900.0000    0.6784    0.9401   -0.1299    2.1349    0.9220
[1] 7000.0000    0.0810    0.9736   -0.0992    2.2481    1.0588
[1] 7100.0000    0.2336    0.8440   -0.0273    2.2129    0.9302
[1] 7200.0000    0.0145    0.9995   -0.0624    2.2730    0.8671
[1] 7300.0000    0.7578    0.9616   -0.0945    2.2910    0.8824
[1] 7400.0000    0.0137    0.8164   -0.1654    2.1234    0.8600
[1] 7500.0000    0.2977    0.9538   -0.0505    2.2082    1.0728
[1] 7600.0000    0.1946    0.9493   -0.1303    2.2042    0.9281
[1] 7700.0000    0.1576    0.9975   -0.0535    2.1989    1.1871
[1] 7800.0000    0.0420    0.9829   -0.0647    2.2004    1.0003
[1] 7900.0000    0.6081    0.8037   -0.1052    2.2083    1.1632
[1] 8000.0000    0.2556    0.9186   -0.1581    2.1199    1.0026
[1] 8100.0000    0.6782    0.8687   -0.1313    2.3004    1.0506
[1] 8200.0000    0.0179    0.9636   -0.0577    2.2295    1.1811
[1] 8300.0000    0.6126    0.8444    0.0313    2.3162    1.1155
[1] 8400.0000    0.1722    0.9658   -0.1065    2.2402    0.9286
[1] 8500.0000    0.0049    0.9939   -0.1540    2.1215    1.0648
[1] 8600.0000    0.3785    0.9214   -0.2197    2.2389    1.0135
[1] 8700.0000    0.1589    0.8293   -0.2151    2.1525    0.8767
[1] 8800.0000    1.0000    0.9324   -0.0418    2.2645    0.8066
[1] 8900.0000    1.0000    0.9431   -0.1236    2.2290    1.1381
[1] 9000.0000    0.3629    0.9025   -0.0305    2.1842    0.9096
[1] 9100.0000    0.4831    0.9156   -0.0146    2.2315    1.0916
[1] 9200.0000    0.3057    0.9676   -0.1789    2.1791    0.9842
[1] 9300.0000    0.0037    0.9915    0.0163    2.3216    0.9316
[1] 9400.0000    0.5051    0.8458   -0.0125    2.1590    1.0091
[1] 9500.0000    0.0063    0.8817   -0.1597    2.2324    1.0875
[1] 9600.0000    0.7557    0.9566   -0.0796    2.2006    1.1182
[1] 9700.0000    0.1663    0.9657   -0.0402    2.1270    0.9166
[1] 9800.0000    0.1065    0.9462   -0.0635    2.2308    1.1275
[1] 9900.0000    0.0001    0.9529    0.0000    2.1488    0.9335
[1] 10000.0000     0.8670     0.8618    -0.1366     2.1320     0.8032
[1] 10100.0000     1.0000     0.9049    -0.1185     2.2269     1.0751
[1] 10200.0000     1.0000     0.9808    -0.1868     2.1957     0.8342
[1] 10300.0000     0.3792     0.8120     0.0058     2.1548     0.8804
[1] 10400.0000     0.0982     0.9274    -0.0379     2.2589     0.8733
[1] 10500.0000     0.3494     0.8159    -0.0477     2.2238     1.1284
[1] 10600.0000     1.0000     0.8189    -0.0847     2.2093     1.1530
[1] 10700.0000     0.0939     0.8531    -0.0723     2.2239     0.8181
[1] 10800.0000     0.1871     0.9785    -0.0958     2.3114     1.1554
[1] 10900.0000     0.0116     0.9660    -0.1181     2.2477     1.1970
[1] 11000.0000     0.1439     0.8012    -0.1192     2.2890     0.9407
[1] 11100.0000     0.0181     0.9709    -0.0382     2.3309     0.9321
[1] 11200.0000     0.8196     0.9412    -0.1132     2.2486     0.8257
[1] 11300.0000     0.6686     0.9738    -0.1449     2.2194     1.1215
[1] 11400.0000     1.0000     0.9866    -0.0816     2.1430     0.8664
[1] 11500.0000     0.0009     0.9311    -0.1162     2.1783     0.8792
[1] 11600.0000     0.8923     0.9382    -0.1298     2.0793     0.8033
[1] 11700.0000     0.6388     0.9810    -0.1831     2.1497     0.9386
[1] 11800.0000     0.0635     0.8440    -0.0694     2.1701     0.8198
[1] 11900.0000     0.1589     0.9675    -0.0234     2.2509     0.9621
[1] 12000.0000     1.0000     0.9595    -0.0987     2.1659     1.1960
[1] 12100.0000     0.9538     0.9650    -0.0948     2.2548     0.9420
[1] 12200.0000     0.5181     0.8496    -0.1170     2.1763     0.8460
[1] 12300.0000     0.2126     0.9623     0.0142     2.1842     1.1420
[1] 12400.0000     0.8500     0.8046    -0.1368     2.2312     0.8797
[1] 1.250e+04 2.020e-02 9.939e-01 7.560e-02 2.235e+00 9.707e-01
[1] 12600.0000     0.6174     0.9564    -0.1081     2.1508     1.1675
[1] 12700.0000     0.0010     0.9614    -0.0998     2.3192     0.8958
[1] 12800.0000     0.0119     0.9087    -0.1381     2.1844     1.0631
[1] 12900.0000     0.5945     0.8554    -0.1545     2.1283     0.9712
[1] 13000.0000     0.0547     0.9696    -0.0100     2.1899     0.9346
[1] 13100.0000     0.2252     0.9404    -0.2061     2.1715     0.9822
[1] 13200.0000     0.2295     0.9589    -0.0990     2.0991     1.1555
[1] 13300.0000     0.9741     0.9675    -0.0084     2.2870     1.1190
[1] 13400.0000     0.1493     0.9485    -0.0841     2.1959     1.0271
[1] 13500.0000     0.0090     0.8240    -0.1135     2.2718     1.0099
[1] 13600.0000     0.1341     0.8917    -0.0398     2.1770     1.0301
[1] 13700.0000     0.5480     0.8314    -0.0981     2.2454     0.8589
[1] 13800.0000     0.8975     0.8254    -0.0122     2.2529     0.9444
[1] 13900.0000     0.4442     0.9575    -0.0347     2.1859     1.0672
[1] 14000.0000     1.0000     0.9598    -0.0521     2.1545     0.8043
[1] 14100.0000     0.0013     0.9236     0.0393     2.3226     0.9106
[1] 14200.0000     1.0000     0.9100    -0.0877     2.2211     1.1948
[1] 14300.0000     0.2992     0.9874    -0.1732     2.2368     0.9095
[1] 14400.0000     1.0000     0.8984    -0.0827     2.2350     1.1866
[1] 14500.0000     1.0000     0.9833    -0.0767     2.1404     1.1771
[1] 14600.0000     0.1080     0.8329    -0.0939     2.1641     0.9630
[1] 14700.0000     1.0000     0.8840    -0.0250     2.1549     1.0394
[1] 14800.0000     0.1475     0.9533    -0.0465     2.1777     0.8106
[1] 14900.0000     0.6696     0.9485    -0.0559     2.2467     1.1960
[1] 15000.0000     0.0002     0.9486    -0.1120     2.1969     0.9418
[1] 15100.0000     0.1242     0.9112    -0.0696     2.1833     1.0503
[1] 15200.0000     1.0000     0.9896    -0.0047     2.2163     1.1186
[1] 15300.0000     1.0000     0.8282    -0.0959     2.1736     1.1177
[1] 15400.0000     1.0000     0.9829    -0.0526     2.2334     1.0368
[1] 15500.0000     0.4759     0.9423    -0.0390     2.2167     0.8091
[1] 15600.0000     1.0000     0.9912    -0.0866     2.1807     1.0551
[1] 15700.0000     0.3985     0.9225     0.0538     2.2004     0.9294
[1] 15800.0000     0.9526     0.9774    -0.0379     2.1995     1.1822
[1] 15900.0000     0.0021     0.9524    -0.0967     2.2910     1.0855
[1] 16000.0000     1.0000     0.9761    -0.1124     2.2100     1.0600
[1] 16100.0000     0.4794     0.9477    -0.1786     2.1221     0.9420
[1] 16200.0000     0.4288     0.9395    -0.1060     2.2816     1.1789
[1] 16300.0000     1.0000     0.9029    -0.0910     2.2483     1.0365
[1] 16400.0000     1.0000     0.8844    -0.0335     2.1989     1.1913
[1] 16500.0000     0.3961     0.9894    -0.0520     2.2471     0.9222
[1] 16600.0000     0.7259     0.8568    -0.1931     2.2105     1.0645
[1] 16700.0000     0.9469     0.9070    -0.0904     2.2256     1.1930
[1] 16800.0000     1.0000     0.9593    -0.1357     2.2022     0.8375
[1] 16900.0000     0.0756     0.9993    -0.1223     2.2327     1.1521
[1] 17000.0000     0.0617     0.9815    -0.0163     2.2585     0.9010
[1] 17100.0000     0.0701     0.9262     0.0352     2.1758     0.9696
[1] 17200.0000     0.1391     0.9497    -0.1212     2.1203     0.8252
[1] 17300.0000     0.4221     0.8396    -0.2250     2.1165     1.0131
[1] 17400.0000     0.8933     0.9623    -0.0963     2.3052     1.1696
[1] 17500.0000     1.0000     0.9645    -0.1408     2.1531     0.9956
[1] 17600.0000     0.0460     0.9193    -0.1683     2.2084     0.8193
[1] 17700.0000     0.0055     0.9944    -0.1108     2.0926     0.9167
[1] 17800.0000     1.0000     0.9968    -0.0624     2.2141     0.8268
[1] 17900.0000     0.0280     0.9291    -0.1932     2.2835     0.9192
[1] 18000.0000     0.7093     0.9109     0.0056     2.2794     0.8712
[1] 18100.0000     0.3522     0.9137    -0.0440     2.2233     0.9014
[1] 18200.0000     0.2389     0.8127     0.0101     2.2638     0.8547
[1] 18300.0000     0.6743     0.9706    -0.0240     2.2678     1.1685
[1] 18400.0000     0.0021     0.9243    -0.1130     2.1984     1.1066
[1] 18500.0000     1.0000     0.8751    -0.0494     2.2346     0.8892
[1] 18600.0000     0.2302     0.8932    -0.0330     2.2983     0.8460
[1] 18700.0000     0.4278     0.9071     0.0151     2.2816     1.1143
[1] 18800.0000     0.5070     0.9134    -0.0820     2.2868     1.0933
[1] 18900.0000     0.0034     0.9734    -0.1078     2.2699     1.0104
[1] 19000.0000     0.6145     0.8087    -0.1093     2.2974     1.1060
[1] 19100.0000     0.3786     0.9272    -0.1114     2.3247     0.8583
[1] 19200.0000     0.2165     0.9220    -0.1057     2.1009     1.1567
[1] 19300.0000     0.0412     0.9811    -0.0431     2.2375     0.9664
[1] 19400.0000     1.0000     0.8507    -0.0423     2.1917     0.9744
[1] 19500.0000     0.0235     0.9633    -0.0291     2.1484     1.1823
[1] 19600.0000     1.0000     0.9648    -0.1173     2.2343     1.1447
[1] 19700.0000     0.3332     0.8665    -0.0800     2.1667     1.1248
[1] 19800.0000     0.2171     0.9869    -0.0110     2.2317     0.9076
[1] 19900.0000     0.9466     0.9655    -0.0911     2.3073     0.8660
[1] 20000.0000     1.0000     0.9605    -0.0912     2.1753     0.8244
[1] 20100.0000     0.0875     0.8622    -0.0069     2.1982     0.8640
[1] 20200.0000     0.4348     0.9282    -0.1376     2.2405     0.9678
[1] 20300.0000     1.0000     0.9019    -0.0606     2.1370     1.0263
[1] 20400.0000     0.5016     0.9596    -0.0515     2.1873     1.0259
[1] 20500.0000     0.1010     0.9905    -0.0511     2.2358     1.0353
[1] 20600.0000     0.4112     0.9169    -0.1093     2.2679     1.1057
[1] 20700.0000     0.1740     0.9923     0.0230     2.2191     1.0695
[1] 20800.0000     1.0000     0.9981    -0.0461     2.3451     1.0246
[1] 20900.0000     0.5284     0.9072    -0.0476     2.1799     1.0199
[1] 21000.0000     0.2195     0.9655    -0.0528     2.2368     1.0997
[1] 21100.0000     0.0265     0.9440    -0.1252     2.1668     1.0640
[1] 21200.0000     1.0000     0.9611    -0.0719     2.1847     0.8029
[1] 21300.0000     0.4139     0.8214    -0.0641     2.1369     1.0391
[1] 21400.0000     0.5696     0.8276    -0.0861     2.2051     0.8233
[1] 21500.0000     0.0506     0.9709    -0.0227     2.2195     0.8819
[1] 21600.0000     1.0000     0.9634    -0.1466     2.1712     0.9473
[1] 21700.0000     0.2387     0.9973    -0.0673     2.1775     0.9605
[1] 21800.0000     0.3001     0.9447    -0.0045     2.2921     1.0321
[1] 21900.0000     0.1430     0.9084    -0.0137     2.2449     1.1067
[1] 22000.0000     0.3876     0.8850    -0.0490     2.1799     0.9555
[1] 22100.0000     0.8355     0.8517    -0.0767     2.1657     0.9777
[1] 22200.0000     0.6213     0.8579    -0.1294     2.2198     0.8534
[1] 22300.0000     1.0000     0.9726    -0.1915     2.1977     0.8521
[1] 22400.0000     0.6951     0.9556    -0.1440     2.1478     1.0506
[1] 22500.0000     1.0000     0.9879     0.0319     2.2115     0.8971
[1] 22600.0000     0.2146     0.8433    -0.0607     2.3378     1.1055
[1] 22700.0000     0.0272     0.8271    -0.1618     2.1939     1.1968
[1] 22800.0000     0.3572     0.8972    -0.0623     2.1741     1.0231
[1] 22900.0000     1.0000     0.8956    -0.1236     2.1158     1.1446
[1] 23000.0000     0.0137     0.8188     0.0442     2.1595     1.0070
[1] 23100.0000     1.0000     0.8119    -0.1177     2.2545     1.0551
[1] 23200.0000     0.0859     0.9832    -0.0570     2.2701     0.9881
[1] 23300.0000     0.0787     0.9905     0.0168     2.2858     1.1869
[1] 23400.0000     0.5669     0.8888    -0.1240     2.1823     1.0444
[1] 23500.0000     1.0000     0.9916    -0.0134     2.2315     1.1297
[1] 23600.0000     1.0000     0.8573    -0.1181     2.2469     0.9429
[1] 23700.0000     0.1025     0.9328    -0.1419     2.1901     1.0180
[1] 23800.0000     1.0000     0.9299    -0.0764     2.1520     1.0580
[1] 23900.0000     0.2490     0.9920     0.0021     2.1914     1.0485
[1] 24000.0000     0.0285     0.9851     0.0331     2.2180     1.0873
[1] 24100.0000     1.0000     0.9214    -0.1797     2.2382     0.8541
[1] 24200.0000     0.3613     0.9331    -0.1774     2.2397     1.1419
[1] 24300.0000     0.1704     0.9595    -0.0903     2.2202     0.9607
[1] 2.440e+04 8.055e-01 9.947e-01 4.030e-02 2.195e+00 9.697e-01
[1] 24500.0000     0.0600     0.9726    -0.0238     2.2953     1.0605
[1] 24600.0000     0.0936     0.9866    -0.1257     2.1869     1.1519
[1] 24700.0000     1.0000     0.9195    -0.0111     2.2923     0.8781
[1] 24800.0000     0.1499     0.9368    -0.0500     2.2057     1.1498
[1] 24900.0000     0.1332     0.9802    -0.1656     2.2117     0.9496
[1] 25000.0000     0.5941     0.8801     0.0095     2.2434     0.8235
[1] 25100.0000     0.4804     0.9249    -0.0305     2.2979     1.0516
[1] 25200.0000     0.1002     0.9507    -0.0440     2.2636     0.9719
[1] 25300.0000     0.2770     0.9779    -0.1609     2.0979     0.8977
[1] 25400.0000     0.2380     0.9621    -0.1066     2.1626     0.9516
[1] 25500.0000     0.6917     0.8159    -0.0514     2.1641     1.0385
[1] 2.560e+04 1.180e-02 9.926e-01 9.200e-03 2.243e+00 9.855e-01
[1] 25700.0000     0.0540     0.9659    -0.0877     2.2255     0.9398
[1] 25800.0000     0.0349     0.9689    -0.1038     2.2756     1.1962
[1] 25900.0000     0.0460     0.9827    -0.0591     2.1346     0.8279
[1] 26000.0000     0.5259     0.9492    -0.0482     2.1604     1.0058
[1] 26100.0000     0.0281     0.9935    -0.0361     2.2695     1.0009
[1] 26200.0000     1.0000     0.8601    -0.0426     2.2055     0.9041
[1] 26300.0000     0.3921     0.8448    -0.1904     2.1289     0.9973
[1] 26400.0000     0.3267     0.8855     0.0127     2.1610     1.0131
[1] 26500.0000     0.1710     0.9710    -0.1172     2.0931     1.0027
[1] 26600.0000     0.0952     0.9993    -0.1071     2.1204     1.0988
[1] 26700.0000     0.5858     0.8892    -0.0167     2.2578     0.9428
[1] 26800.0000     1.0000     0.9542    -0.1771     2.1819     1.1594
[1] 26900.0000     0.4406     0.8955    -0.1589     2.1993     1.0592
[1] 27000.0000     1.0000     0.8977    -0.0777     2.2613     0.8661
[1] 27100.0000     1.0000     0.9280    -0.1270     2.2684     1.0348
[1] 27200.0000     0.0928     0.9713    -0.1502     2.2072     1.0324
[1] 27300.0000     0.0121     0.9608    -0.2744     2.1873     0.8492
[1] 27400.0000     0.1744     0.8725    -0.0450     2.1343     1.1899
[1] 27500.0000     0.2488     0.9534    -0.0840     2.1865     0.8238
[1] 27600.0000     0.1550     0.9952    -0.1044     2.2260     1.1217
[1] 27700.0000     0.0037     0.9235     0.0740     2.2136     0.9561
[1] 27800.0000     0.1540     0.8828    -0.0291     2.2989     1.1030
[1] 27900.0000     0.9027     0.8904    -0.0202     2.2144     0.9276
[1] 28000.0000     0.0001     0.9430    -0.0276     2.1900     0.9743
[1] 28100.0000     0.0016     0.9857    -0.1133     2.2957     0.9345
[1] 28200.0000     0.3036     0.9920    -0.0223     2.2332     1.1206
[1] 28300.0000     0.5939     0.8124    -0.0742     2.2750     0.9290
[1] 28400.0000     1.0000     0.9594    -0.1134     2.1961     0.8105
[1] 28500.0000     1.0000     0.8206    -0.0576     2.2369     1.0447
[1] 28600.0000     0.2216     0.9775    -0.0952     2.1940     0.9079
[1] 28700.0000     1.0000     0.9143    -0.1100     2.1928     0.8158
[1] 28800.0000     1.0000     0.9743    -0.0449     2.1824     0.8723
[1] 28900.0000     0.8457     0.9432    -0.1938     2.2456     0.8112
[1] 29000.0000     0.0994     0.9401    -0.0360     2.2206     1.1755
[1] 29100.0000     1.0000     0.9799    -0.0859     2.2614     1.1704
[1] 29200.0000     0.0417     0.9889    -0.0957     2.1736     1.0979
[1] 29300.0000     0.4735     0.9749    -0.0505     2.1959     0.9782
[1] 29400.0000     0.1271     0.9512    -0.0168     2.1151     1.1262
[1] 29500.0000     1.0000     0.8146    -0.0444     2.2856     0.8093
[1] 29600.0000     0.1143     0.9989     0.0096     2.3066     1.0390
[1] 29700.0000     0.0968     0.9571    -0.0950     2.1563     0.9736
[1] 29800.0000     0.7480     0.8701    -0.0532     2.2318     0.8024
[1] 29900.0000     1.0000     0.9798    -0.0850     2.2475     1.0014
[1] 30000.0000     0.4001     0.9223    -0.0604     2.1813     0.9346
[1] 0.4777009
Time difference of 11.00916 hours
null device 
          1 
