[1] "El numero de nodos X particion es: 10"
[1] "Model = M1 / Data = sim_data/datasetSVIMatern5.Rdata"
[1] 100.0000   0.9829   0.8291   0.1468   1.9434   0.9331
[1] 200.0000   0.1299   0.8487   0.2829   1.7713   0.8384
[1] 300.0000   0.4394   0.8776   0.3430   1.7525   1.0665
[1] 400.0000   0.0000   0.9472  -0.1934   2.2996   1.0679
[1] 500.0000   0.0000   0.8350   0.2813   1.6903   0.9084
[1] 600.0000   0.1040   0.9748  -0.0405   1.9105   1.0386
[1] 700.0000   0.0000   0.8999   0.6949   1.3588   1.0702
[1] 800.0000   0.0000   0.8728   0.7537   1.2184   0.9084
[1] 900.0000   0.0000   0.9606   0.1140   1.9141   1.0158
[1] 1000.0000    0.0000    0.8209   -0.9426    2.9488    0.9374
[1] 1100.0000    0.0000    0.9319    0.6343    1.3569    0.8930
[1] 1200.0000    0.2484    0.8603    0.6519    1.4816    0.9164
[1] 1300.0000    0.3436    0.8617   -0.1558    2.0356    1.0550
[1] 1400.0000    0.0000    0.9303   -1.3245    3.2583    1.1894
[1] 1500.0000    0.0000    0.9584   -0.2969    2.3328    1.0940
[1] 1600.0000    0.0000    0.9658   -0.9990    2.9891    1.0950
[1] 1700.0000    0.0000    0.8163   -0.3251    2.3175    0.8247
[1] 1800.0000    0.0000    0.8314   -0.4578    2.4884    0.9945
[1] 1900.0000    0.0000    0.8411   -0.9999    3.0165    1.0047
[1] 2000.0000    0.0000    0.9400   -0.2054    2.2481    1.1109
[1] 2100.0000    0.0000    0.8246    0.0146    1.9079    1.1071
[1] 2200.0000    0.0000    0.8668    0.0171    2.0699    1.0989
[1] 2300.0000    0.0000    0.8228    0.5615    1.3981    1.1776
[1] 2400.0000    0.0000    0.9355    0.2459    1.7826    1.1578
[1] 2500.0000    0.0029    0.9668    0.6122    1.3110    0.8029
[1] 2600.0000    0.0000    0.9483    0.4845    1.4895    1.1376
[1] 2700.0000    0.0000    0.9115   -0.9918    3.0249    1.0018
[1] 2800.0000    0.0283    0.9386    0.1721    1.9067    0.8695
[1] 2900.0000    0.0000    0.9057   -0.7455    2.7581    0.9581
[1] 3000.0000    0.0000    0.8454   -0.2712    2.3021    0.9669
[1] 3100.0000    0.0000    0.9787    0.5494    1.4950    0.9283
[1] 3200.0000    0.0000    0.9190    0.5219    1.4974    0.9575
[1] 3300.0000    0.0000    0.9312    0.2784    1.7761    0.9302
[1] 3400.0000    0.3588    0.8983    0.8811    1.1737    1.1525
[1] 3500.0000    0.0000    0.8568    0.7229    1.2985    1.0820
[1] 3600.0000    0.0000    0.8846   -0.6236    2.6202    1.0977
[1] 3700.0000    0.4201    0.8898    0.1073    1.9258    1.0833
[1] 3800.0000    0.0000    0.9791    0.8814    1.0966    1.0179
[1] 3900.0000    0.0000    0.8349    0.1320    1.9148    1.1538
[1] 4000.0000    0.0000    0.9448   -0.1992    2.2161    1.0791
[1] 4100.0000    0.0000    0.8388   -0.8377    2.9033    0.8864
[1] 4200.0000    0.0000    0.9756   -0.7635    2.7258    0.9752
[1] 4300.0000    0.0960    0.8028   -0.7904    2.8479    0.9927
[1] 4400.0000    0.0000    0.8091    1.1608    0.8380    1.0451
[1] 4500.0000    0.1848    0.8404    0.6449    1.4122    1.1577
[1] 4600.0000    0.0000    0.9581    0.9338    1.1825    0.8180
[1] 4700.0000    0.0000    0.8528   -0.3116    2.3196    0.8411
[1] 4800.0000    0.0000    0.8660   -0.7303    2.7650    1.0939
[1] 4900.0000    0.0000    0.8114   -0.3756    2.3948    0.8255
[1] 5000.0000    0.0001    0.8074   -0.1614    2.0955    1.0307
[1] 5100.0000    0.0000    0.9679   -0.5072    2.4566    1.1951
[1] 5200.0000    0.0000    0.8051    0.3863    1.6347    0.8965
[1] 5300.0000    0.0000    0.9010    0.6251    1.3804    1.0910
[1] 5400.0000    0.0000    0.8536    1.4490    0.6000    0.9337
[1] 5500.0000    0.0000    0.8506   -0.3556    2.4434    1.1979
[1] 5600.0000    0.0000    0.8117    0.4420    1.4988    0.9121
[1] 5700.0000    0.0000    0.9445    0.2877    1.7671    1.0237
[1] 5800.0000    0.0000    0.8612   -0.6525    2.7293    1.0327
[1] 5900.0000    0.0000    0.8278    0.6602    1.4238    1.0767
[1] 6000.0000    0.0000    0.8887    0.7341    1.2204    0.8335
[1] 6100.0000    0.0000    0.8198   -0.0299    1.9893    1.1772
[1] 6200.0000    0.0000    0.9400    1.0224    0.9259    0.8404
[1] 6300.0000    0.0000    0.9569    0.9022    1.2625    0.8080
[1] 6400.0000    0.0000    0.9924    0.2876    1.6575    1.0322
[1] 6500.0000    0.0000    0.9084   -0.2208    2.2350    1.0918
[1] 6600.0000    0.0000    0.8401   -0.2615    2.2108    1.0889
[1] 6700.0000    0.0000    0.8204   -1.4411    3.3827    0.9264
[1] 6800.0000    0.0456    0.8794    0.2194    1.7925    0.9381
[1] 6900.0000    0.0000    0.8857   -0.1062    2.1717    0.9847
[1] 7000.0000    0.0000    0.8521    0.2602    1.7943    1.0680
[1] 7100.0000    0.0000    0.9857    0.6192    1.4066    1.0571
[1] 7200.0000    0.0000    0.8247    0.1724    1.9372    0.8913
[1] 7300.0000    0.0000    0.9346    0.5970    1.4458    1.1740
[1] 7400.0000    0.0000    0.8045   -0.1618    2.1694    0.8734
[1] 7500.0000    0.0000    0.8475   -1.1381    3.1217    1.0597
[1] 7600.0000    0.0000    0.8332    0.1745    1.9208    1.0877
[1] 7700.0000    0.0000    0.8440   -1.4396    3.4310    0.8976
[1] 7800.0000    0.0000    0.8350   -0.3757    2.4548    1.1361
[1] 7900.0000    0.0000    0.9654   -0.1566    2.0955    1.1831
[1] 8000.0000    0.0000    0.9309   -0.1502    2.1688    1.0835
[1] 8100.0000    0.0000    0.8250    0.0898    1.9317    1.1136
[1] 8200.0000    0.0000    0.9207   -0.3337    2.3359    1.1282
[1] 8300.0000    0.0000    0.8222   -0.2446    2.2930    0.8438
[1] 8400.0000    0.0000    0.9658   -0.4272    2.3890    0.9286
[1] 8500.0000    0.0000    0.8693   -0.1000    2.1709    1.1264
[1] 8600.0000    0.0059    0.9564   -1.0727    3.1631    0.9963
[1] 8700.0000    0.0000    0.8940    0.0503    1.9355    1.0236
[1] 8800.0000    0.0000    0.9735   -0.1712    2.0877    1.0381
[1] 8900.0000    0.0000    0.8248    0.7444    1.2886    1.0728
[1] 9000.0000    0.0000    0.8301    0.7143    1.2874    1.1387
[1] 9100.0000    0.0000    0.8755   -0.2454    2.2508    0.8812
[1] 9200.0000    0.0000    0.8777   -0.0180    2.0932    1.1489
[1] 9300.0000    0.0000    0.9270   -0.4420    2.4893    1.1117
[1] 9400.0000    0.0000    0.8413    0.6751    1.2841    1.0761
[1] 9500.0000    0.0000    0.8817    0.2921    1.5972    1.0875
[1] 9600.0000    0.0000    0.8149    0.1020    2.0246    0.9056
[1] 9700.0000    0.0000    0.9657    0.9204    1.0834    0.9166
[1] 9800.0000    0.0000    0.8196    0.3670    1.6118    0.8766
[1] 9900.0000    0.0000    0.9369    1.8226    0.2599    1.1404
[1] 10000.0000     1.0000     0.8618    -0.2416     2.3060     0.8032
[1] 10100.0000     0.0009     0.9390    -0.1910     2.2019     1.0815
[1] 10200.0000     0.0001     0.8133    -0.0626     2.0570     1.1117
[1] 10300.0000     0.2480     0.9549     1.5527     0.4624     0.8021
[1] 1.040e+04 0.000e+00 8.457e-01 9.460e-02 1.858e+00 9.047e-01
[1] 10500.0000     0.0000     0.9828     0.4490     1.5179     0.8036
[1] 10600.0000     0.0000     0.8442     0.3186     1.7653     0.9495
[1] 10700.0000     0.0000     0.8398     0.7074     1.3231     1.0590
[1] 10800.0000     0.0531     0.8310     0.3532     1.6359     0.9940
[1] 10900.0000     0.0000     0.8191     1.1185     0.9414     0.8008
[1] 11000.0000     0.0403     0.8555     0.8153     1.2345     1.1761
[1] 11100.0000     0.0000     0.9587    -0.0406     2.0174     0.9308
[1] 11200.0000     0.2878     0.8258    -0.7607     2.7780     1.0628
[1] 11300.0000     0.0000     0.8936    -0.7600     2.7970     1.0961
[1] 11400.0000     0.0001     0.9548     0.4045     1.6606     1.0047
[1] 11500.0000     0.0000     0.8034     0.6128     1.3857     0.8501
[1] 11600.0000     0.0003     0.9104    -0.1015     2.1561     0.8269
[1] 11700.0000     0.0015     0.8224    -0.1920     2.1973     0.8539
[1] 11800.0000     0.0000     0.8027    -0.3507     2.2642     0.8530
[1] 11900.0000     0.0000     0.8460    -0.6957     2.6838     0.8150
[1] 12000.0000     0.0000     0.8014    -0.3227     2.3564     1.0595
[1] 12100.0000     0.0000     0.8005    -1.2382     3.2551     0.8375
[1] 12200.0000     0.3723     0.8496     0.5399     1.5495     0.8460
[1] 1.230e+04 0.000e+00 8.010e-01 2.717e-01 1.717e+00 8.810e-01
[1] 1.240e+04 1.000e+00 8.046e-01 4.712e-01 1.564e+00 8.797e-01
[1] 12500.0000     0.0000     0.8870     0.3591     1.5918     1.1524
[1] 12600.0000     0.0000     0.8126     0.0903     2.0200     1.1805
[1] 12700.0000     0.0000     0.9614     0.1467     1.7213     0.8958
[1] 12800.0000     0.0000     0.9902    -0.8369     2.7996     0.9345
[1] 12900.0000     0.0151     0.9204    -0.1055     2.1500     0.8219
[1] 13000.0000     0.0000     0.8069     0.0381     1.9539     1.0997
[1] 13100.0000     0.0000     0.9404     0.7558     1.2788     0.9822
[1] 13200.0000     0.0000     0.8843    -0.1683     2.1738     0.9997
[1] 13300.0000     0.0000     0.8427    -0.3912     2.3374     1.0281
[1] 13400.0000     0.0000     0.8092    -0.3883     2.4288     1.1676
[1] 13500.0000     0.0000     0.8466    -0.4114     2.5074     0.8143
[1] 13600.0000     0.0000     0.8917     0.3151     1.6489     1.0301
[1] 13700.0000     0.0000     0.9094    -0.1178     2.1606     0.8623
[1] 13800.0000     0.0000     0.8787    -0.8734     2.9018     1.0611
[1] 13900.0000     0.0000     0.8573    -0.1090     2.1255     0.8372
[1] 14000.0000     0.0000     0.9588     0.6001     1.3653     0.9662
[1] 14100.0000     0.0000     0.8411     0.8426     1.0916     1.1804
[1] 14200.0000     0.0000     0.8479     0.5320     1.4335     0.8739
[1] 14300.0000     0.0000     0.8548    -1.2784     3.2968     0.8231
[1] 14400.0000     0.0581     0.8623    -0.3283     2.3594     0.8985
[1] 14500.0000     0.2921     0.8647     0.3496     1.7223     1.0877
[1] 14600.0000     0.0000     0.8721     0.6624     1.3559     0.9912
[1] 14700.0000     0.0000     0.8974    -0.2170     2.1839     1.0871
[1] 14800.0000     0.0000     0.9988     0.5259     1.4356     0.9067
[1] 14900.0000     0.0468     0.8051    -0.2514     2.2503     1.0614
[1] 15000.0000     0.0003     0.9447    -0.0246     1.9693     0.8911
[1] 15100.0000     0.6757     0.8384     0.2096     1.7588     0.8510
[1] 15200.0000     0.0000     0.8242     0.9456     1.0685     1.0800
[1] 15300.0000     0.4912     0.8059    -0.3565     2.4370     0.9091
[1] 15400.0000     0.1029     0.8005    -1.1557     3.2551     0.8812
[1] 15500.0000     0.0000     0.9734    -1.5154     3.5179     1.1714
[1] 15600.0000     0.0000     0.8520    -1.1508     3.2028     1.1912
[1] 15700.0000     0.0000     0.8475    -0.3385     2.3186     0.9690
[1] 15800.0000     0.0000     0.9108    -0.2150     2.2186     0.9068
[1] 15900.0000     0.0000     0.8876    -0.1897     2.1656     0.9067
[1] 16000.0000     0.0002     0.8124    -0.7023     2.6988     1.1160
[1] 16100.0000     0.0000     0.9566     0.8314     1.2483     1.0234
[1] 16200.0000     0.0000     0.9466    -0.0180     1.9925     0.9477
[1] 16300.0000     0.0000     0.9158    -0.6208     2.6856     0.9491
[1] 16400.0000     0.0000     0.9401    -0.4055     2.3858     0.9237
[1] 16500.0000     0.2689     0.9646    -0.0953     2.1002     1.1820
[1] 16600.0000     0.0000     0.8294    -0.5229     2.6058     0.8835
[1] 16700.0000     0.0000     0.8462     0.2595     1.7252     0.9538
[1] 16800.0000     0.0000     0.8621     0.3918     1.5614     1.1596
[1] 16900.0000     0.0000     0.9254     0.8805     1.1306     0.9648
[1] 17000.0000     0.0000     0.9790    -0.2334     2.2939     0.8822
[1] 17100.0000     0.0000     0.9305     0.8459     1.2452     0.9283
[1] 17200.0000     0.0000     0.9497     0.8305     1.1453     0.8252
[1] 17300.0000     1.0000     0.8396     1.8019     0.2087     1.0131
[1] 17400.0000     0.0000     0.8593     1.1371     0.9248     1.1450
[1] 17500.0000     0.0000     0.9677     0.3016     1.7444     1.1479
[1] 17600.0000     0.0000     0.8280     0.8832     1.1641     1.1486
[1] 17700.0000     0.0000     0.8794     1.1313     0.9304     0.9707
[1] 17800.0000     0.0000     0.9383    -0.5593     2.6855     1.0084
[1] 17900.0000     0.0000     0.9083     0.4419     1.5829     0.9495
[1] 18000.0000     1.0000     0.9109    -0.2166     2.2483     0.8712
[1] 18100.0000     0.0000     0.8667    -0.2907     2.4292     1.1867
[1] 18200.0000     0.0493     0.8582     0.6468     1.2821     0.9652
[1] 18300.0000     0.0000     0.9012    -0.1977     2.2061     1.0710
[1] 18400.0000     0.0000     0.9529     0.5087     1.5397     0.8173
[1] 18500.0000     0.0000     0.8451     0.4629     1.5915     0.9054
[1] 18600.0000     0.0000     0.8420     0.5609     1.5247     0.8224
[1] 18700.0000     0.0000     0.8080    -0.2222     2.3854     0.9308
[1] 18800.0000     0.0000     0.8537     0.1512     1.8907     0.9005
[1] 18900.0000     0.0000     0.9024    -0.5052     2.4980     1.0613
[1] 19000.0000     0.0000     0.8366    -0.2039     2.1676     0.8015
[1] 19100.0000     0.0000     0.8878     0.5430     1.3741     1.0323
[1] 19200.0000     0.0000     0.8001     0.2714     1.7169     0.9641
[1] 19300.0000     0.0000     0.8035     0.2292     1.7849     1.0886
[1] 19400.0000     0.0000     0.8040    -0.1066     2.2500     1.1551
[1] 19500.0000     0.0000     0.9654     0.0319     1.9702     0.9669
[1] 19600.0000     0.3539     0.9162    -1.0982     3.1507     0.8038
[1] 19700.0000     0.0000     0.8982    -0.1634     2.0948     1.1826
[1] 19800.0000     0.0000     0.9408     0.4739     1.5992     0.9927
[1] 19900.0000     0.0000     0.9981    -0.2637     2.3135     1.0280
[1] 20000.0000     0.0000     0.8708    -0.1528     2.1585     1.0213
[1] 20100.0000     0.0000     0.9080     0.9237     1.1820     1.0402
[1] 20200.0000     0.3943     0.8367     0.0782     1.9156     0.9269
[1] 20300.0000     0.0000     0.8028    -0.0075     2.1039     0.9708
[1] 20400.0000     0.0149     0.9072     0.0358     1.9814     0.9991
[1] 20500.0000     0.0000     0.9083    -0.5903     2.6477     0.8030
[1] 20600.0000     0.3012     0.9169    -0.2551     2.3476     1.1057
[1] 20700.0000     1.0000     0.8107     0.1325     1.7880     1.0874
[1] 20800.0000     0.0000     0.9606    -0.6884     2.7305     1.0886
[1] 20900.0000     0.0004     0.9109     0.7352     1.3147     0.9980
[1] 21000.0000     0.0000     0.8369     0.2847     1.7394     1.0355
[1] 21100.0000     0.0000     0.9732    -1.1393     3.0918     0.8253
[1] 21200.0000     0.0816     0.8263    -0.1276     2.1664     1.1324
[1] 21300.0000     0.0000     0.8782    -0.5433     2.6016     1.0748
[1] 21400.0000     0.0012     0.9719    -0.3779     2.4071     0.9071
[1] 21500.0000     0.0000     0.9375    -0.2084     2.1508     1.0777
[1] 21600.0000     0.0000     0.8010    -0.5333     2.5425     1.1966
[1] 21700.0000     0.0000     0.8258    -0.9728     3.0060     1.1265
[1] 21800.0000     0.0000     0.8709    -0.4822     2.5401     1.0601
[1] 21900.0000     0.0000     0.9408     0.2805     1.6714     0.9421
[1] 22000.0000     0.0000     0.8850     1.2319     0.7872     0.9555
[1] 22100.0000     0.0000     0.8953    -0.1571     2.0850     0.9321
[1] 22200.0000     0.0000     0.9349    -0.4578     2.4083     0.9881
[1] 22300.0000     0.0005     0.8584    -0.2374     2.2562     0.9367
[1] 22400.0000     0.0000     0.9494    -0.1321     2.1578     0.9207
[1] 2.250e+04 4.700e-03 9.610e-01 9.614e-01 1.081e+00 9.963e-01
[1] 22600.0000     0.0000     0.8858    -0.3544     2.4876     0.9064
[1] 22700.0000     0.0000     0.8271    -0.1826     2.1485     1.1968
[1] 22800.0000     0.0005     0.9028    -0.6969     2.7900     1.1243
[1] 22900.0000     0.0000     0.9207     0.6083     1.3064     0.8362
[1] 23000.0000     0.0000     0.9652     0.5126     1.5131     1.0264
[1] 23100.0000     0.0000     0.9231    -0.0880     2.0421     0.8179
[1] 23200.0000     0.0000     0.8288    -0.5324     2.5771     0.8616
[1] 23300.0000     0.4789     0.8966    -0.0192     2.0631     1.0199
[1] 23400.0000     0.0000     0.9418    -0.4784     2.5719     0.8205
[1] 23500.0000     0.0000     0.8934     0.2882     1.7548     1.1391
[1] 23600.0000     0.0000     0.8360     0.1335     1.9003     0.8406
[1] 23700.0000     0.0000     0.8580     0.3231     1.7348     0.8494
[1] 23800.0000     0.0000     0.9509     0.5204     1.3856     0.9516
[1] 23900.0000     0.0000     0.8157     0.2605     1.7903     0.8034
[1] 24000.0000     0.0000     0.8764    -0.2091     2.1899     0.8332
[1] 24100.0000     0.0000     0.8643    -1.7390     3.7703     0.9462
[1] 24200.0000     0.0000     0.8399     0.2337     1.7554     1.0287
[1] 24300.0000     0.0000     0.8207    -1.1281     3.1583     1.1509
[1] 24400.0000     1.0000     0.9947     0.4180     1.6132     0.9697
[1] 24500.0000     0.0000     0.9064     0.7149     1.2382     0.8345
[1] 24600.0000     0.0000     0.9062     0.7595     1.2457     0.8877
[1] 24700.0000     0.0000     0.9025    -0.0798     2.0698     0.8040
[1] 24800.0000     0.0000     0.8109     0.8216     1.2235     1.1899
[1] 24900.0000     0.0000     0.9495    -0.0129     1.9989     0.8626
[1] 25000.0000     0.0001     0.9628     0.0942     1.9078     0.9362
[1] 25100.0000     0.0000     0.9605     0.5008     1.4557     1.0743
[1] 25200.0000     0.0000     0.8184    -0.1149     2.1314     0.8574
[1] 25300.0000     0.6154     0.8206     0.0030     2.0083     0.8645
[1] 25400.0000     1.0000     0.8988    -0.5380     2.4924     1.0888
[1] 25500.0000     0.0000     0.8147     0.1863     1.7939     1.1844
[1] 25600.0000     0.0000     0.8355    -0.0667     2.1678     1.1221
[1] 25700.0000     0.0000     0.8060    -0.1983     2.2404     0.8422
[1] 25800.0000     0.0000     0.8043    -1.1028     3.1148     0.8730
[1] 25900.0000     1.0000     0.8632    -0.3502     2.3635     1.1254
[1] 26000.0000     0.2641     0.9492    -0.5774     2.7027     1.0058
[1] 26100.0000     0.0000     0.9196    -0.3807     2.2842     1.1722
[1] 26200.0000     0.0000     0.9768    -0.4628     2.4100     0.9801
[1] 26300.0000     0.0000     0.8530    -0.3997     2.4427     1.0678
[1] 26400.0000     0.0000     0.8767     0.4337     1.6017     0.8041
[1] 26500.0000     0.3123     0.8136    -0.0921     2.0540     0.8843
[1] 26600.0000     0.0000     0.9293    -0.1180     2.2730     0.8497
[1] 2.670e+04 1.700e-03 9.890e-01 8.473e-01 1.078e+00 9.390e-01
[1] 26800.0000     0.0000     0.8448    -0.8814     2.8410     0.8652
[1] 26900.0000     0.0000     0.9184     0.0550     1.8829     1.1619
[1] 27000.0000     0.0000     0.8794     0.2220     1.7588     0.8948
[1] 27100.0000     0.6030     0.8553     0.2644     1.7670     1.0993
[1] 27200.0000     0.0000     0.8628     0.2023     1.8213     1.0265
[1] 27300.0000     0.0000     0.9185    -0.3563     2.3449     0.9822
[1] 27400.0000     0.0000     0.8182     1.0503     0.9715     1.1040
[1] 27500.0000     0.0000     0.8463     1.5052     0.5859     0.8762
[1] 27600.0000     0.0000     0.8732     2.0483     0.0358     0.9172
[1] 27700.0000     0.0000     0.8317     0.9044     1.1096     1.1846
[1] 27800.0000     0.0000     0.8338     0.8231     1.2008     0.9440
[1] 27900.0000     1.0000     0.8904     0.1614     1.8532     0.9276
[1] 28000.0000     0.0000     0.8025    -0.6052     2.7298     0.9240
[1] 28100.0000     0.0000     0.9262     1.0894     1.0269     1.0710
[1] 28200.0000     0.0000     0.9683     0.7091     1.3679     0.8917
[1] 28300.0000     0.0000     0.9886    -0.1959     2.1949     1.1843
[1] 28400.0000     1.0000     0.9594     0.0858     1.8852     0.8105
[1] 28500.0000     0.0000     0.8824     0.0810     1.8791     0.8003
[1] 28600.0000     0.0000     0.8043    -0.4648     2.4398     0.9928
[1] 28700.0000     0.0000     0.9675    -0.7804     2.8012     1.1579
[1] 28800.0000     0.0000     0.8104     0.5240     1.4696     1.1940
[1] 28900.0000     0.0000     0.9137     1.1221     0.9380     0.8478
[1] 29000.0000     0.0000     0.9277    -0.5753     2.5975     1.1735
[1] 29100.0000     0.0000     0.8445    -0.9379     2.9972     0.8871
[1] 29200.0000     0.1082     0.9367     0.4573     1.5383     1.1465
[1] 29300.0000     0.0051     0.9749     1.2787     0.7044     0.9782
[1] 29400.0000     0.0000     0.9394     0.9166     1.0050     1.1754
[1] 29500.0000     0.0000     0.8294     0.1894     1.9340     1.1769
[1] 29600.0000     0.0000     0.8335    -0.0812     2.0108     1.1940
[1] 29700.0000     0.0000     0.9991    -0.7183     2.7406     0.9357
[1] 2.980e+04 0.000e+00 8.030e-01 5.710e-02 1.985e+00 9.421e-01
[1] 29900.0000     0.8806     0.9798    -0.3072     2.3221     1.0014
[1] 30000.0000     0.0000     0.9250     1.0410     0.9697     1.0393
[1] 0.07415703
Time difference of 4.370642 hours
null device 
          1 
