[1] "El numero de nodos X particion es: 10"
[1] "Model = M1 / Data = sim_data/datasetSVIMatern30.Rdata"
[1] 100.0000   1.0000   0.8291   0.0667   1.8785   0.9331
[1] 200.0000   0.8445   0.9804   0.0471   1.8087   1.0297
[1] 300.0000   1.0000   0.8776  -0.0129   1.9062   1.0665
[1] 400.0000   0.3870   0.9217  -0.2400   2.0933   0.9692
[1] 500.0000   0.0000   0.8380   0.1677   1.7441   0.8203
[1] 600.0000   0.7065   0.9748  -0.1736   2.0131   1.0386
[1] 700.0000   0.0021   0.9396   0.0785   1.9784   1.0960
[1] 800.0000   0.0133   0.9313  -0.0673   1.8951   1.0430
[1] 900.0000   0.0098   0.9578  -0.2031   1.9644   0.9628
[1] 1000.0000    0.0000    0.8568   -0.0002    1.8854    0.8983
[1] 1100.0000    0.0000    0.9319    0.5918    1.2990    0.8930
[1] 1200.0000    1.0000    0.8603    0.4237    1.5121    0.9164
[1] 1300.0000    0.1715    0.9805   -0.1446    2.0273    0.8049
[1] 1400.0000    0.0000    0.9303   -0.6017    2.4659    1.1894
[1] 1500.0000    0.0493    0.9694    0.4121    1.4094    1.1238
[1] 1600.0000    0.0000    0.8718   -0.4120    2.2394    1.0625
[1] 1700.0000    0.0000    0.8745   -0.1002    1.9988    0.9148
[1] 1800.0000    0.0000    0.9376   -0.0383    1.8493    0.8302
[1] 1900.0000    0.0000    0.9005   -0.2562    2.1662    0.9368
[1] 2000.0000    0.0002    0.9870   -0.0799    2.0027    0.9024
[1] 2100.0000    0.0000    0.9372    0.1617    1.7002    0.8634
[1] 2200.0000    0.0000    0.8668    0.2903    1.6080    1.0989
[1] 2300.0000    0.0046    0.8951    0.1531    1.7013    0.9529
[1] 2400.0000    0.1548    0.9764    0.0412    1.9911    1.0594
[1] 2500.0000    1.0000    0.9002    0.2234    1.7022    1.1531
[1] 2600.0000    0.0000    0.9100   -0.2398    2.1339    1.1442
[1] 2700.0000    0.0001    0.8492    0.0664    1.8480    0.9140
[1] 2800.0000    0.0143    0.9386    0.1639    1.6258    0.8695
[1] 2900.0000    0.0053    0.9341   -0.3466    2.1730    0.9034
[1] 3000.0000    0.0001    0.8454   -0.1515    2.0835    0.9669
[1] 3100.0000    0.0051    0.8265   -0.0069    1.9443    1.1652
[1] 3200.0000    0.0000    0.8205    0.2718    1.6045    0.8873
[1] 3300.0000    0.0000    0.9797   -0.1020    1.8494    1.0744
[1] 3400.0000    0.4363    0.8983    0.2337    1.7251    1.1525
[1] 3500.0000    0.0002    0.8568   -0.0455    1.8994    1.0820
[1] 3600.0000    0.0000    0.8846   -0.6963    2.6017    1.0977
[1] 3700.0000    0.7637    0.9624    0.2714    1.5445    0.8094
[1] 3800.0000    0.0000    0.8653   -0.1375    1.9254    0.9884
[1] 3900.0000    0.0000    0.9030   -0.1529    2.0489    0.9530
[1] 4000.0000    0.0007    0.8393    0.4352    1.4631    0.9996
[1] 4100.0000    0.0000    0.8388   -0.3929    2.2963    0.8864
[1] 4200.0000    0.0000    0.9756   -0.7219    2.5516    0.9752
[1] 4300.0000    0.0960    0.8028   -0.3636    2.2311    0.9927
[1] 4400.0000    0.0000    0.8775   -0.0440    1.9944    0.8029
[1] 4500.0000    1.0000    0.8410    0.0366    1.8104    1.1520
[1] 4600.0000    0.5238    0.8039    0.3604    1.4434    1.1669
[1] 4700.0000    0.0000    0.8528   -0.3183    2.1732    0.8411
[1] 4800.0000    0.0000    0.8531   -0.3349    2.1960    0.8066
[1] 4900.0000    0.0000    0.8114   -0.3368    2.3023    0.8255
[1] 5000.0000    1.0000    0.9273   -0.4154    2.3147    1.0348
[1] 5100.0000    0.0000    0.8192   -0.3674    2.2524    0.8134
[1] 5200.0000    0.0000    0.8350    0.0806    1.9834    1.0935
[1] 5300.0000    0.0000    0.8821    0.3106    1.4838    1.0013
[1] 5400.0000    0.0008    0.8536    0.2528    1.5543    0.9337
[1] 5500.0000    0.0000    0.8913    0.2560    1.5969    1.1131
[1] 5600.0000    0.0000    0.8117   -0.1627    2.0343    0.9121
[1] 5700.0000    0.0000    0.9545    0.0393    1.8643    0.8805
[1] 5800.0000    0.0000    0.8612    0.0409    1.8089    1.0327
[1] 5900.0000    0.0000    0.8278    0.4815    1.3819    1.0767
[1] 6000.0000    0.0000    0.8790    0.2825    1.6730    1.0590
[1] 6100.0000    0.0000    0.9025    0.1925    1.8329    0.9119
[1] 6200.0000    0.0559    0.9400    0.0427    1.7106    0.8404
[1] 6300.0000    0.0000    0.9569   -0.1800    2.0519    0.8080
[1] 6400.0000    0.0000    0.9885    0.0304    1.9168    0.8165
[1] 6500.0000    0.0090    0.9145   -0.8244    2.6257    0.8046
[1] 6600.0000    0.0000    0.8710    0.1192    1.7277    0.9001
[1] 6700.0000    0.0000    0.8204   -0.1569    2.0151    0.9264
[1] 6800.0000    0.1005    0.8794    0.1816    1.6152    0.9381
[1] 6900.0000    0.0000    0.9267   -0.4053    2.3163    1.0380
[1] 7000.0000    0.0000    0.8521    0.2770    1.5886    1.0680
[1] 7100.0000    0.0000    0.8694   -0.0498    1.9295    0.8792
[1] 7200.0000    0.0000    0.8247    0.1545    1.7888    0.8913
[1] 7300.0000    0.0006    0.8356    0.4606    1.3539    1.1395
[1] 7400.0000    0.0000    0.8045   -0.0682    1.9455    0.8734
[1] 7500.0000    0.0009    0.9989   -0.8559    2.5699    1.1081
[1] 7600.0000    0.0000    0.8332   -0.2531    2.1335    1.0877
[1] 7700.0000    0.0000    0.8348   -1.0435    2.8562    1.0869
[1] 7800.0000    0.0023    0.9281    0.1346    1.7957    0.8883
[1] 7900.0000    0.0000    0.8304   -0.0076    1.8899    0.9653
[1] 8000.0000    0.0000    0.8305    0.1319    1.8490    0.9420
[1] 8100.0000    0.0000    0.9055   -0.2129    2.1384    1.0588
[1] 8200.0000    0.0000    0.9207   -0.2618    2.2249    1.1282
[1] 8300.0000    0.0001    0.8222   -0.1952    2.1178    0.8438
[1] 8400.0000    0.0000    0.9658    0.2183    1.6098    0.9286
[1] 8500.0000    0.0000    0.8325   -0.0457    1.9196    1.0750
[1] 8600.0000    0.0852    0.9564   -0.7906    2.6868    0.9963
[1] 8700.0000    0.0000    0.8940   -0.1027    2.0083    1.0236
[1] 8800.0000    0.0000    0.8601    0.0697    1.7676    0.8170
[1] 8900.0000    0.0191    0.8674    0.4551    1.3763    1.0474
[1] 9000.0000    0.0000    0.8638    0.2863    1.5103    1.1683
[1] 9100.0000    0.0000    0.8060    0.0885    1.6593    0.8104
[1] 9200.0000    0.0000    0.8777   -0.4130    2.3001    1.1489
[1] 9300.0000    0.0000    0.8689    0.1600    1.7397    0.9976
[1] 9400.0000    0.0000    0.8351    0.4782    1.4071    0.8546
[1] 9500.0000    0.0000    0.8817   -0.5994    2.4758    1.0875
[1] 9600.0000    0.1222    0.8149   -0.0224    1.9945    0.9056
[1] 9700.0000    0.0000    0.9657    0.3474    1.5761    0.9166
[1] 9800.0000    0.0000    0.8646   -0.5445    2.3741    0.8456
[1] 9900.0000    0.0000    0.8192    0.5202    1.3078    0.8099
[1] 10000.0000     1.0000     0.8618    -0.4167     2.3149     0.8032
[1] 10100.0000     0.0047     0.8321    -0.3590     2.3291     1.1295
[1] 10200.0000     1.0000     0.9808    -0.3219     2.1875     0.8342
[1] 1.030e+04 1.785e-01 9.549e-01 8.992e-01 9.912e-01 8.021e-01
[1] 10400.0000     0.0000     0.9434     0.1459     1.7146     1.1753
[1] 10500.0000     0.0038     0.8159    -0.2641     1.9407     1.1284
[1] 10600.0000     0.0000     0.8442     0.0337     1.8748     0.9495
[1] 10700.0000     0.0000     0.9346     0.3714     1.5566     1.0990
[1] 10800.0000     1.0000     0.8056     0.2469     1.6545     0.8503
[1] 10900.0000     0.0000     0.9660     0.2242     1.6836     1.1970
[1] 11000.0000     0.3597     0.8012     0.2322     1.7349     0.9407
[1] 11100.0000     0.0001     0.8902    -0.4493     2.2628     0.9114
[1] 11200.0000     0.2797     0.9645    -0.3359     2.1446     0.8187
[1] 11300.0000     0.0000     0.9481    -0.5603     2.4146     1.1448
[1] 11400.0000     0.0471     0.9548     0.0488     1.8422     1.0047
[1] 11500.0000     0.0000     0.8034     0.1458     1.7231     0.8501
[1] 11600.0000     0.0069     0.9382    -0.0287     1.7111     0.8033
[1] 11700.0000     0.7976     0.8613    -0.2403     2.0635     1.0253
[1] 11800.0000     0.0000     0.8027    -0.0370     1.8034     0.8530
[1] 11900.0000     0.0000     0.8460    -0.1681     2.0434     0.8150
[1] 12000.0000     0.0000     0.8056     0.0747     1.8230     1.1142
[1] 12100.0000     0.0000     0.8930     0.3408     1.5111     0.8604
[1] 1.220e+04 5.606e-01 8.496e-01 9.216e-01 9.810e-01 8.460e-01
[1] 12300.0000     0.0023     0.8010    -0.1936     2.0565     0.8810
[1] 12400.0000     1.0000     0.8046    -0.4109     2.3199     0.8797
[1] 12500.0000     0.0000     0.8593    -0.2243     2.2079     1.1828
[1] 12600.0000     0.0000     0.9359    -0.2810     2.2045     1.1279
[1] 12700.0000     0.5486     0.9614    -0.4676     2.2029     0.8958
[1] 12800.0000     0.0000     0.8032    -0.3053     2.2013     0.9473
[1] 12900.0000     0.3346     0.9204    -0.0514     1.9507     0.8219
[1] 13000.0000     0.0041     0.8069     0.1488     1.6406     1.0997
[1] 13100.0000     0.0002     0.9339     0.7620     1.0855     1.1193
[1] 13200.0000     0.0058     0.8843    -0.6548     2.5643     0.9997
[1] 13300.0000     0.0000     0.9222    -0.3795     2.2961     0.8801
[1] 13400.0000     0.0000     0.8092     0.0422     1.8786     1.1676
[1] 13500.0000     0.0000     0.8466    -0.3889     2.1849     0.8143
[1] 13600.0000     0.0000     0.8917    -0.0778     2.0112     1.0301
[1] 13700.0000     0.0000     0.8951     0.0701     1.8219     1.0363
[1] 13800.0000     0.0000     0.9275    -0.4633     2.3457     1.0955
[1] 13900.0000     0.0010     0.8573    -0.0639     1.9569     0.8372
[1] 14000.0000     0.0000     0.9588     0.3082     1.5678     0.9662
[1] 14100.0000     0.0000     0.8844    -0.1680     1.9701     1.1867
[1] 14200.0000     0.0003     0.8479     0.0093     1.7946     0.8739
[1] 14300.0000     0.0000     0.8548    -1.0046     2.8631     0.8231
[1] 14400.0000     0.1580     0.8623    -0.5639     2.4354     0.8985
[1] 14500.0000     0.0511     0.8647     0.2940     1.5791     1.0877
[1] 14600.0000     0.0001     0.8912    -0.1363     1.9875     0.8958
[1] 14700.0000     0.0000     0.8974    -0.3362     2.1604     1.0871
[1] 14800.0000     0.0000     0.8106     0.1185     1.7547     1.0978
[1] 14900.0000     0.0493     0.8051    -0.0193     1.9431     1.0614
[1] 15000.0000     0.0060     0.9447    -0.1045     1.9186     0.8911
[1] 1.510e+04 1.000e+00 8.292e-01 2.330e-01 1.616e+00 9.249e-01
[1] 15200.0000     0.0000     0.8734     0.3809     1.5595     0.8767
[1] 15300.0000     1.0000     0.8282     0.0315     1.7736     1.1177
[1] 15400.0000     0.5304     0.8005    -0.5588     2.5081     0.8812
[1] 15500.0000     0.0000     0.8045    -0.4190     2.2448     1.0028
[1] 15600.0000     0.0000     0.8520    -0.6882     2.5465     1.1912
[1] 15700.0000     0.0000     0.8668    -0.1534     2.0888     1.0399
[1] 15800.0000     0.0012     0.9108     0.1184     1.7749     0.9068
[1] 15900.0000     0.0000     0.8876     0.0105     1.8365     0.9067
[1] 16000.0000     0.0620     0.9057    -0.3703     2.2459     1.0692
[1] 16100.0000     0.0000     0.8906     0.4926     1.3448     0.9023
[1] 16200.0000     0.0002     0.9466    -0.0076     1.8526     0.9477
[1] 16300.0000     0.0000     0.9320    -0.3593     2.2424     1.0407
[1] 16400.0000     0.0000     0.8699     0.0786     1.7602     0.9170
[1] 16500.0000     0.3071     0.9028     0.3143     1.5995     0.9055
[1] 16600.0000     0.0319     0.8568     0.1311     1.7670     1.0645
[1] 16700.0000     0.0000     0.9287    -0.1706     1.9860     0.9633
[1] 16800.0000     0.0002     0.8165    -0.3066     2.2543     1.0376
[1] 16900.0000     0.0000     0.8583     0.0672     1.7439     0.9158
[1] 17000.0000     0.0000     0.9790    -0.2715     2.0555     0.8822
[1] 17100.0000     0.0007     0.9262     0.3968     1.5309     0.9696
[1] 17200.0000     0.0309     0.9497     0.1147     1.7677     0.8252
[1] 17300.0000     1.0000     0.8396    -0.0166     1.8815     1.0131
[1] 17400.0000     0.0000     0.8593    -0.2823     2.2159     1.1450
[1] 17500.0000     0.0000     0.8131     0.2249     1.6775     0.9127
[1] 17600.0000     0.0000     0.8242     0.0179     1.7909     0.9225
[1] 1.770e+04 0.000e+00 8.794e-01 1.217e-01 1.821e+00 9.707e-01
[1] 17800.0000     0.0687     0.9571    -0.6332     2.5697     0.9258
[1] 17900.0000     0.0002     0.9083     0.1997     1.6904     0.9495
[1] 18000.0000     0.2801     0.9109     0.0511     1.9343     0.8712
[1] 18100.0000     0.0000     0.9461    -0.3295     2.1770     0.9222
[1] 1.820e+04 3.800e-03 8.142e-01 1.023e+00 8.783e-01 8.298e-01
[1] 18300.0000     0.0000     0.8120    -0.0351     1.8989     1.0717
[1] 18400.0000     0.0000     0.9121     0.1111     1.8085     0.9764
[1] 1.850e+04 0.000e+00 8.451e-01 1.340e-02 1.849e+00 9.054e-01
[1] 18600.0000     0.0000     0.8656    -0.2294     2.1550     0.8624
[1] 18700.0000     0.0000     0.8176    -0.5284     2.3031     1.1379
[1] 18800.0000     0.0000     0.8537    -0.2368     2.1012     0.9005
[1] 18900.0000     0.0000     0.9024    -0.4317     2.2147     1.0613
[1] 19000.0000     0.0004     0.8366    -0.3605     2.2406     0.8015
[1] 19100.0000     0.0000     0.8142    -0.0088     1.8035     1.0716
[1] 19200.0000     0.0000     0.8001     0.0701     1.8073     0.9641
[1] 19300.0000     0.0000     0.8411     0.4809     1.3658     0.9272
[1] 19400.0000     0.0000     0.8040     0.1251     1.8650     1.1551
[1] 19500.0000     0.0000     0.8527    -0.0533     1.9234     1.1208
[1] 19600.0000     0.2651     0.9162    -0.1610     1.9432     0.8038
[1] 19700.0000     0.0001     0.8143     0.2121     1.6247     0.8081
[1] 19800.0000     0.0000     0.8193     0.1047     1.8574     0.8589
[1] 19900.0000     0.0000     0.8077    -0.1668     2.0598     0.9949
[1] 20000.0000     0.0000     0.8708    -0.2644     2.1408     1.0213
[1] 20100.0000     0.0000     0.9794     0.2131     1.6601     1.1721
[1] 20200.0000     0.3332     0.8367     0.1130     1.7642     0.9269
[1] 20300.0000     0.0000     0.8028    -0.2920     2.1926     0.9708
[1] 20400.0000     0.1368     0.9596     0.1832     1.6465     1.0259
[1] 20500.0000     0.0000     0.8964     0.4685     1.3969     1.1285
[1] 20600.0000     0.6290     0.9169     0.2807     1.6506     1.1057
[1] 20700.0000     0.9829     0.8107    -0.2955     2.2180     1.0874
[1] 20800.0000     0.0000     0.9606    -0.3825     2.2521     1.0886
[1] 20900.0000     0.2579     0.9109     0.0002     1.8178     0.9980
[1] 21000.0000     0.0000     0.8369     0.0864     1.7675     1.0355
[1] 21100.0000     0.0000     0.9732    -0.5489     2.4483     0.8253
[1] 21200.0000     0.1837     0.8263    -0.5350     2.4116     1.1324
[1] 21300.0000     1.0000     0.9067    -0.1764     2.1591     0.8492
[1] 21400.0000     0.0074     0.8556    -0.0663     1.8771     0.8212
[1] 21500.0000     0.0023     0.9322    -0.5427     2.4685     1.1668
[1] 21600.0000     0.0200     0.9806    -0.5873     2.4584     0.9443
[1] 21700.0000     0.0000     0.8449    -0.5256     2.3714     0.9351
[1] 21800.0000     0.0514     0.8417    -0.2115     2.0680     1.0310
[1] 21900.0000     0.0000     0.9408     0.0071     1.8307     0.9421
[1] 22000.0000     0.0000     0.8850     0.2529     1.5607     0.9555
[1] 22100.0000     0.0000     0.8953    -0.3248     2.1278     0.9321
[1] 22200.0000     0.0000     0.9218    -0.3445     2.1921     0.8208
[1] 22300.0000     1.0000     0.9726     0.3567     1.5518     0.8521
[1] 22400.0000     0.0033     0.9494    -0.1450     2.0349     0.9207
[1] 22500.0000     0.3508     0.8623     0.0791     1.8659     0.8008
[1] 22600.0000     0.0000     0.8858     0.1244     1.7399     0.9064
[1] 22700.0000     0.0000     0.8271    -0.0418     1.9231     1.1968
[1] 22800.0000     0.0729     0.8972    -0.2463     1.9756     1.0231
[1] 22900.0000     0.0000     0.9287     0.1687     1.6016     0.9003
[1] 23000.0000     0.0000     0.9652     0.0341     1.8168     1.0264
[1] 23100.0000     0.0000     0.9231    -0.3510     2.1856     0.8179
[1] 23200.0000     0.0008     0.9586    -0.0977     1.9067     1.0581
[1] 23300.0000     0.1025     0.8966     0.1406     1.6863     1.0199
[1] 23400.0000     0.0623     0.8888     0.0013     1.7063     1.0444
[1] 23500.0000     0.0000     0.8078    -0.7364     2.5404     1.1071
[1] 2.360e+04 0.000e+00 8.360e-01 1.802e-01 1.718e+00 8.406e-01
[1] 23700.0000     0.0000     0.8580     0.1172     1.7189     0.8494
[1] 23800.0000     0.0000     0.9509    -0.4199     2.2329     0.9516
[1] 23900.0000     0.0075     0.8157    -0.0375     1.9248     0.8034
[1] 24000.0000     0.0000     0.9801    -0.1557     1.9625     1.1551
[1] 24100.0000     0.0000     0.8747    -0.6622     2.4863     1.0767
[1] 24200.0000     0.0000     0.8562     0.0246     1.7792     0.9310
[1] 24300.0000     0.0000     0.8822    -0.3031     2.2125     1.1634
[1] 24400.0000     0.2861     0.8950     0.1264     1.7531     0.9027
[1] 24500.0000     0.0000     0.9407     0.6267     1.1837     1.0416
[1] 24600.0000     0.0000     0.9062    -0.4151     2.2742     0.8877
[1] 24700.0000     0.0035     0.8332    -0.0447     1.8570     0.9482
[1] 24800.0000     0.0142     0.8109    -0.1764     2.0828     1.1899
[1] 24900.0000     1.0000     0.8569    -0.7941     2.6143     1.1414
[1] 25000.0000     0.1459     0.8801    -0.0741     1.8350     0.8235
[1] 25100.0000     0.0080     0.9102     0.4216     1.4736     0.9221
[1] 25200.0000     0.0000     0.9920    -0.4609     2.3492     0.8420
[1] 25300.0000     1.0000     0.8151    -0.2238     2.0639     1.0748
[1] 25400.0000     1.0000     0.8988    -0.5461     2.4301     1.0888
[1] 25500.0000     0.0000     0.8303     0.0400     1.8802     1.1248
[1] 25600.0000     0.0000     0.8112    -0.4243     2.3354     0.8916
[1] 25700.0000     0.0000     0.9253     0.4194     1.4815     0.8539
[1] 25800.0000     0.0000     0.8043    -0.0631     1.9079     0.8730
[1] 25900.0000     0.8594     0.8632     0.0830     1.8161     1.1254
[1] 26000.0000     0.7987     0.9492    -0.0454     1.9600     1.0058
[1] 26100.0000     0.0000     0.9196    -0.0799     1.8523     1.1722
[1] 26200.0000     0.0170     0.9529    -0.3421     2.2301     1.0017
[1] 26300.0000     0.0011     0.9342    -0.0185     1.8988     1.1434
[1] 26400.0000     0.0000     0.8767     0.5059     1.2822     0.8041
[1] 26500.0000     0.0289     0.8136     0.2858     1.6446     0.8843
[1] 26600.0000     0.0000     0.9293    -0.0233     1.9444     0.8497
[1] 26700.0000     1.0000     0.8892    -0.1104     2.0830     0.9428
[1] 26800.0000     0.0000     0.8173    -0.8093     2.5731     0.9752
[1] 26900.0000     0.0000     0.9586     0.0664     1.8339     1.0279
[1] 27000.0000     0.0000     0.8794    -0.4022     2.2545     0.8948
[1] 27100.0000     0.2328     0.8095    -0.0794     2.0340     1.0497
[1] 27200.0000     0.0155     0.8628     0.2062     1.6881     1.0265
[1] 27300.0000     0.0000     0.9754    -0.1681     2.0641     0.9688
[1] 27400.0000     0.0000     0.8071     0.2107     1.5939     0.9903
[1] 27500.0000     0.0000     0.8463     0.2972     1.5817     0.8762
[1] 27600.0000     0.0000     0.9357     0.0528     1.7939     0.9330
[1] 27700.0000     0.0000     0.8317    -0.1826     2.0564     1.1846
[1] 27800.0000     0.0000     0.8338     0.5820     1.2786     0.9440
[1] 27900.0000     1.0000     0.8904    -0.2524     2.1487     0.9276
[1] 28000.0000     0.0000     0.8025    -0.2750     2.1608     0.9240
[1] 28100.0000     0.0000     0.9262     0.2213     1.6792     1.0710
[1] 28200.0000     0.0001     0.9693    -0.4191     2.3017     0.8876
[1] 28300.0000     0.0000     0.8845    -0.0894     1.9407     0.9758
[1] 28400.0000     0.6766     0.9594    -0.0453     1.9898     0.8105
[1] 28500.0000     0.0000     0.8824    -0.1445     1.9416     0.8003
[1] 28600.0000     0.0020     0.9462    -0.1545     1.8721     0.8650
[1] 28700.0000     0.0000     0.8546    -0.3995     2.2800     0.9787
[1] 28800.0000     0.0014     0.8104     0.0412     1.8378     1.1940
[1] 28900.0000     0.0000     0.9040    -0.1259     1.9114     0.8375
[1] 29000.0000     0.0000     0.9541     0.3541     1.5324     0.8200
[1] 29100.0000     0.0000     0.9089    -0.5006     2.3642     0.8717
[1] 29200.0000     0.1472     0.9371     0.4158     1.4792     1.1436
[1] 29300.0000     0.4220     0.8846     0.6668     1.1831     0.9328
[1] 29400.0000     0.0720     0.9394     0.2896     1.5182     1.1754
[1] 29500.0000     0.0000     0.8510    -0.2403     2.1535     0.8942
[1] 29600.0000     0.0023     0.8035     0.2143     1.5987     1.0772
[1] 29700.0000     0.0001     0.8240     0.2522     1.6727     1.1041
[1] 29800.0000     0.0000     0.8503     0.6151     1.2076     0.9822
[1] 29900.0000     0.5848     0.9798     0.1729     1.7576     1.0014
[1] 30000.0000     0.0074     0.8841     0.5375     1.3112     1.0036
[1] 0.1301148
Time difference of 4.073712 hours
null device 
          1 
