[1] "El numero de nodos X particion es: 10"
[1] "Model = M1 / Data = sim_data/datasetSVIExponential18.Rdata"
[1] 100.0000   1.0000   0.8291   0.0303   1.9411   0.9331
[1] 200.0000   1.0000   0.9804  -0.0248   1.9342   1.0297
[1] 300.0000   0.8755   0.8776  -0.0228   1.9622   1.0665
[1] 400.0000   0.0420   0.9217  -0.4303   2.3980   0.9692
[1] 500.0000   0.0000   0.8350   0.2608   1.6437   0.9084
[1] 600.0000   0.0757   0.9748  -0.1238   1.9303   1.0386
[1] 700.0000   0.0086   0.9506   0.2561   1.7019   1.0413
[1] 800.0000   0.0001   0.9313   0.0462   1.7703   1.0430
[1] 900.0000   0.0000   0.9344  -0.2827   2.1137   1.0036
[1] 1000.0000    0.0000    0.8209   -0.6510    2.5790    0.9374
[1] 1100.0000    0.0000    0.9319    1.0247    0.9172    0.8930
[1] 1200.0000    0.3635    0.8603    0.5625    1.4508    0.9164
[1] 1300.0000    0.5533    0.8617   -0.1371    1.9315    1.0550
[1] 1400.0000    0.0000    0.9303   -1.2834    3.1189    1.1894
[1] 1500.0000    0.0000    0.8024   -0.0137    1.9552    1.1019
[1] 1600.0000    0.0000    0.8026   -1.1204    3.0576    1.1341
[1] 1700.0000    0.0000    0.9419    0.2273    1.7567    1.0966
[1] 1800.0000    0.0000    0.8314    0.1072    1.7785    0.9945
[1] 1900.0000    0.0000    0.8411   -0.8361    2.7791    1.0047
[1] 2000.0000    0.0000    0.9400    0.0667    1.8954    1.1109
[1] 2100.0000    0.0000    0.8151   -0.7313    2.6304    1.0021
[1] 2200.0000    0.0000    0.8668    0.3605    1.6222    1.0989
[1] 2300.0000    0.0000    0.9142    0.3443    1.5317    0.8527
[1] 2400.0000    0.0000    0.9355    0.2439    1.6405    1.1578
[1] 2500.0000    0.0438    0.8571   -0.2284    2.1135    1.0731
[1] 2600.0000    0.0000    0.9100   -0.1523    2.1296    1.1442
[1] 2700.0000    0.0000    0.8334   -0.8198    2.7253    0.9547
[1] 2800.0000    0.0652    0.8113   -0.1842    2.1706    0.9151
[1] 2900.0000    0.0000    0.9057   -0.7222    2.6146    0.9581
[1] 3000.0000    0.0000    0.8454   -0.3145    2.2718    0.9669
[1] 3100.0000    0.0000    0.9411   -0.0044    1.8330    0.9915
[1] 3200.0000    0.0000    0.9190    0.3025    1.6460    0.9575
[1] 3300.0000    0.0000    0.9312   -0.3886    2.3137    0.9302
[1] 3400.0000    0.4133    0.8983    0.7428    1.2779    1.1525
[1] 3500.0000    0.0000    0.8568    0.5068    1.3400    1.0820
[1] 3600.0000    0.0000    0.9027    0.3983    1.5361    1.1569
[1] 3700.0000    0.4880    0.8237   -0.3024    2.2552    0.8398
[1] 3800.0000    0.0000    0.9791    0.3886    1.5176    1.0179
[1] 3900.0000    0.0000    0.8349   -0.0624    1.9982    1.1538
[1] 4000.0000    0.0000    0.9782   -0.5245    2.4676    1.1817
[1] 4100.0000    0.0000    0.8388   -0.9828    2.9417    0.8864
[1] 4200.0000    0.0000    0.9756   -1.0409    2.9575    0.9752
[1] 4300.0000    0.1428    0.8028   -0.3477    2.2673    0.9927
[1] 4400.0000    0.0000    0.8310    0.0349    1.8486    1.1572
[1] 4500.0000    0.1900    0.8404    0.4086    1.5521    1.1577
[1] 4600.0000    0.0000    0.9581    0.5106    1.5205    0.8180
[1] 4700.0000    0.0000    0.8528   -0.5619    2.4834    0.8411
[1] 4800.0000    0.0000    0.8660   -0.9316    2.8752    1.0939
[1] 4900.0000    0.0000    0.8114   -0.9757    2.8789    0.8255
[1] 5000.0000    0.0140    0.9988   -1.7178    3.5190    0.9542
[1] 5100.0000    0.0000    0.9679   -1.2801    3.1375    1.1951
[1] 5200.0000    0.0000    0.8051   -0.3961    2.3283    0.8965
[1] 5300.0000    0.0000    0.8845   -0.1578    2.0532    1.0022
[1] 5400.0000    0.0000    0.8536    0.6467    1.2959    0.9337
[1] 5500.0000    0.0000    0.8913    0.7047    1.1757    1.1131
[1] 5600.0000    0.0000    0.8117   -0.0916    1.9934    0.9121
[1] 5700.0000    0.0000    0.9445   -0.4652    2.4346    1.0237
[1] 5800.0000    0.0000    0.8612   -1.1152    3.1373    1.0327
[1] 5900.0000    0.0000    0.8278    0.1299    1.8506    1.0767
[1] 6000.0000    0.0000    0.9870    0.3920    1.4919    1.0819
[1] 6100.0000    0.0000    0.9284   -0.1374    2.0921    0.9188
[1] 6200.0000    0.0000    0.9400    0.4447    1.4031    0.8404
[1] 6300.0000    0.0000    0.9569    0.2915    1.7585    0.8080
[1] 6400.0000    0.0000    0.9924   -0.0857    1.9267    1.0322
[1] 6500.0000    0.0010    0.9084    0.0704    1.9025    1.0918
[1] 6600.0000    0.0000    0.8710   -0.4507    2.2885    0.9001
[1] 6700.0000    0.0000    0.9231   -1.0344    3.0594    1.1521
[1] 6800.0000    0.2611    0.8794    0.0586    1.8925    0.9381
[1] 6900.0000    0.0000    0.9290   -1.1454    3.0604    1.0476
[1] 7000.0000    0.0000    0.8521   -0.0750    2.0322    1.0680
[1] 7100.0000    0.0000    0.9857    0.2685    1.6634    1.0571
[1] 7200.0000    0.0000    0.8247   -0.1559    2.1647    0.8913
[1] 7300.0000    0.0000    0.9346    0.2499    1.6979    1.1740
[1] 7400.0000    0.0000    0.8045   -0.6569    2.4916    0.8734
[1] 7500.0000    0.0000    0.8475   -2.6548    4.4619    1.0597
[1] 7600.0000    0.0000    0.8332   -0.6835    2.6889    1.0877
[1] 7700.0000    0.0000    0.8440   -0.8910    2.7865    0.8976
[1] 7800.0000    0.0000    0.8350    0.1939    1.8014    1.1361
[1] 7900.0000    0.0000    0.9168    0.4763    1.3768    1.1281
[1] 8000.0000    0.0000    0.9309    0.0485    1.8632    1.0835
[1] 8100.0000    0.0000    0.8483   -0.5977    2.4190    0.8203
[1] 8200.0000    0.0000    0.9110   -0.3483    2.2598    0.9989
[1] 8300.0000    0.0000    0.8222   -0.2590    2.2176    0.8438
[1] 8400.0000    0.0000    0.9658    0.0586    1.8061    0.9286
[1] 8500.0000    0.0000    0.8325    0.0360    1.9906    1.0750
[1] 8600.0000    0.0000    0.8843   -1.1723    3.0669    0.9290
[1] 8700.0000    0.0000    0.8940   -0.3173    2.2087    1.0236
[1] 8800.0000    0.0000    0.9735   -0.2170    2.0330    1.0381
[1] 8900.0000    0.0000    0.8248    0.2198    1.6821    1.0728
[1] 9000.0000    0.0000    0.8301    0.2660    1.6646    1.1387
[1] 9100.0000    0.0000    0.8755    0.2665    1.6668    0.8812
[1] 9200.0000    0.0000    0.8129   -0.2976    2.2457    1.1264
[1] 9300.0000    0.0000    0.9270   -0.1633    2.1062    1.1117
[1] 9400.0000    0.0000    0.8413    0.9626    0.9042    1.0761
[1] 9500.0000    0.0000    0.8817   -0.9280    2.8264    1.0875
[1] 9600.0000    0.0000    0.8149    0.0781    1.8491    0.9056
[1] 9700.0000    0.0000    0.9657    0.8145    1.1215    0.9166
[1] 9800.0000    0.0000    0.8646   -1.1012    2.9605    0.8456
[1] 9900.0000    0.0000    0.9369    0.3884    1.5908    1.1404
[1] 10000.0000     0.4394     0.9718    -0.2367     2.1590     0.8376
[1] 10100.0000     0.1836     0.9259    -0.6695     2.4975     1.1999
[1] 10200.0000     0.0001     0.8458     0.2603     1.6524     1.1044
[1] 10300.0000     0.2265     0.9549     1.0361     0.9285     0.8021
[1] 10400.0000     0.0000     0.9434     0.1132     1.7401     1.1753
[1] 10500.0000     0.0000     0.9035     0.5233     1.4137     0.9966
[1] 10600.0000     0.0000     0.8442    -0.0135     2.0124     0.9495
[1] 1.070e+04 0.000e+00 8.398e-01 1.082e+00 8.012e-01 1.059e+00
[1] 10800.0000     0.0195     0.8310     0.1052     1.8022     0.9940
[1] 10900.0000     0.0000     0.9660     0.4362     1.5096     1.1970
[1] 11000.0000     0.1831     0.8012     0.1785     1.8509     0.9407
[1] 11100.0000     0.0000     0.8214    -0.6173     2.4812     1.0422
[1] 11200.0000     0.0794     0.8258    -1.3390     3.2358     1.0628
[1] 11300.0000     0.0000     0.8936    -1.3383     3.2548     1.0961
[1] 11400.0000     0.0000     0.9548     0.1730     1.7497     1.0047
[1] 11500.0000     0.0000     0.9619    -0.0146     1.9121     0.9110
[1] 11600.0000     0.0000     0.9104    -0.7464     2.6448     0.8269
[1] 11700.0000     0.0000     0.8224    -0.2341     2.1785     0.8539
[1] 11800.0000     0.0000     0.8027    -0.5588     2.5357     0.8530
[1] 11900.0000     0.0000     0.8460    -0.5211     2.4254     0.8150
[1] 12000.0000     0.0000     0.8056    -1.0415     2.9991     1.1142
[1] 12100.0000     0.0000     0.8666    -0.7792     2.5354     0.9630
[1] 12200.0000     0.1788     0.9853     0.4065     1.5582     1.1443
[1] 1.230e+04 0.000e+00 8.010e-01 9.217e-01 9.880e-01 8.810e-01
[1] 12400.0000     0.2394     0.8019    -0.9970     2.9554     1.1971
[1] 12500.0000     0.0000     0.8059    -1.1163     3.0375     1.1427
[1] 12600.0000     0.0000     0.8126    -0.4091     2.3778     1.1805
[1] 12700.0000     0.0000     0.8779    -0.5351     2.3666     0.8170
[1] 12800.0000     0.0000     0.8257    -0.1759     2.1341     0.8904
[1] 12900.0000     0.1444     0.9204     0.6421     1.3338     0.8219
[1] 13000.0000     0.0000     0.8069     0.4580     1.4139     1.0997
[1] 13100.0000     0.0000     0.9404     0.5551     1.3718     0.9822
[1] 13200.0000     0.0000     0.8843     0.0529     1.9452     0.9997
[1] 13300.0000     0.0000     0.8427    -1.3371     3.2114     1.0281
[1] 13400.0000     0.0000     0.9882     0.3789     1.5267     1.1072
[1] 13500.0000     0.0000     0.8358    -0.3888     2.3729     1.1234
[1] 13600.0000     0.0000     0.8917     1.0898     0.8625     1.0301
[1] 13700.0000     0.0000     0.8421     0.3045     1.6551     0.9544
[1] 13800.0000     0.0000     0.8787    -0.9697     2.8948     1.0611
[1] 13900.0000     0.0000     0.8214    -0.1126     2.0494     1.1853
[1] 14000.0000     0.0000     0.9588     0.5014     1.3454     0.9662
[1] 14100.0000     0.0000     0.8411     0.7481     1.0688     1.1804
[1] 14200.0000     0.0000     0.8479     0.4301     1.4165     0.8739
[1] 14300.0000     0.0000     0.8548    -0.5564     2.4232     0.8231
[1] 14400.0000     0.0858     0.8623     0.7537     1.1907     0.8985
[1] 14500.0000     0.1824     0.8647     0.7009     1.2720     1.0877
[1] 14600.0000     0.0000     0.8570     0.2990     1.5314     1.1138
[1] 14700.0000     0.0000     0.8974     0.0623     1.7615     1.0871
[1] 14800.0000     0.0000     0.8093     0.6995     1.1201     1.1283
[1] 14900.0000     0.0007     0.8051     0.9742     1.0024     1.0614
[1] 15000.0000     0.0747     0.8279     0.5723     1.3867     1.0826
[1] 15100.0000     1.0000     0.8292     0.0142     1.9529     0.9249
[1] 15200.0000     0.0000     0.8242     0.6422     1.2895     1.0800
[1] 15300.0000     0.1777     0.8059     0.4698     1.4873     0.9091
[1] 15400.0000     0.0010     0.8072    -0.9125     2.8646     1.0717
[1] 15500.0000     0.0000     0.8727    -1.5122     3.4293     1.1104
[1] 15600.0000     0.0000     0.8878    -1.1001     3.0036     0.8550
[1] 15700.0000     0.0000     0.8475    -0.3102     2.1884     0.9690
[1] 15800.0000     0.0000     0.9108    -0.1149     1.9783     0.9068
[1] 15900.0000     0.0000     0.8841     0.2734     1.6139     0.8192
[1] 16000.0000     0.0001     0.8124    -0.2562     2.1623     1.1160
[1] 16100.0000     0.0000     0.8125     0.5240     1.3644     0.8885
[1] 1.620e+04 0.000e+00 8.331e-01 9.389e-01 9.887e-01 9.847e-01
[1] 16300.0000     0.0000     0.9158     0.1305     1.8055     0.9491
[1] 1.640e+04 0.000e+00 9.401e-01 6.200e-02 1.901e+00 9.237e-01
[1] 16500.0000     0.0273     0.9646    -0.6690     2.6079     1.1820
[1] 16600.0000     0.0000     0.8294    -0.9799     2.9567     0.8835
[1] 16700.0000     0.0000     0.9287     0.0088     1.7936     0.9633
[1] 16800.0000     0.0000     0.8621    -0.2321     2.1126     1.1596
[1] 16900.0000     0.0000     0.8583     0.3524     1.5476     0.9158
[1] 17000.0000     0.0000     0.9790    -0.3635     2.2521     0.8822
[1] 17100.0000     0.0000     0.9305     0.7915     1.2119     0.9283
[1] 17200.0000     0.0000     0.9497     0.7754     1.1092     0.8252
[1] 17300.0000     1.0000     0.8396     1.4863     0.4523     1.0131
[1] 17400.0000     0.0000     0.8593     0.7112     1.2072     1.1450
[1] 17500.0000     0.0000     0.8131     0.2020     1.7619     0.9127
[1] 17600.0000     0.0000     0.8280     0.5040     1.4053     1.1486
[1] 17700.0000     0.0000     0.8794     0.6806     1.3197     0.9707
[1] 17800.0000     0.0000     0.9383    -0.5092     2.4935     1.0084
[1] 17900.0000     0.0000     0.9083     0.0285     1.9228     0.9495
[1] 1.800e+04 1.000e+00 9.109e-01 3.797e-01 1.578e+00 8.712e-01
[1] 18100.0000     0.0000     0.8078    -1.2339     3.1785     0.9064
[1] 18200.0000     0.0035     0.8582     0.3927     1.4687     0.9652
[1] 18300.0000     0.0000     0.9012     0.4937     1.4245     1.0710
[1] 18400.0000     0.0000     0.9529    -0.3203     2.2523     0.8173
[1] 18500.0000     0.0000     0.8396     0.2912     1.6200     1.0532
[1] 18600.0000     0.0000     0.8420     0.8203     1.1486     0.8224
[1] 18700.0000     0.0000     0.8080    -0.2750     2.2218     0.9308
[1] 18800.0000     0.0000     0.8537     0.5511     1.4283     0.9005
[1] 18900.0000     0.0000     0.9024    -0.2008     2.1088     1.0613
[1] 19000.0000     0.0000     0.8366     0.1077     1.7708     0.8015
[1] 19100.0000     0.0000     0.8142     0.3742     1.4398     1.0716
[1] 19200.0000     0.0000     0.8001    -0.2656     2.1262     0.9641
[1] 19300.0000     0.0000     0.8035     0.0471     1.7805     1.0886
[1] 19400.0000     0.0000     0.8760    -0.5860     2.5341     0.9486
[1] 19500.0000     0.0000     0.8527     0.1224     1.7417     1.1208
[1] 19600.0000     0.7596     0.9162    -0.8065     2.7923     0.8038
[1] 19700.0000     0.0000     0.8982    -0.4817     2.3039     1.1826
[1] 19800.0000     0.0000     0.9408     0.1730     1.7954     0.9927
[1] 19900.0000     0.0000     0.9981    -0.5844     2.5278     1.0280
[1] 20000.0000     0.0000     0.8708    -0.4703     2.3687     1.0213
[1] 20100.0000     0.0000     0.9080     0.9497     1.0541     1.0402
[1] 20200.0000     0.3587     0.8367     0.0798     1.8078     0.9269
[1] 20300.0000     0.0000     0.8457     0.1516     1.8158     1.1010
[1] 2.040e+04 1.600e-03 9.072e-01 1.960e-01 1.690e+00 9.991e-01
[1] 20500.0000     0.0000     0.8964    -0.6072     2.5715     1.1285
[1] 20600.0000     0.7341     0.9169     0.0053     1.9464     1.1057
[1] 20700.0000     1.0000     0.8107    -0.0829     1.9944     1.0874
[1] 20800.0000     0.0000     0.9606    -0.7146     2.6781     1.0886
[1] 20900.0000     0.0000     0.9109     0.7409     1.2328     0.9980
[1] 21000.0000     0.0000     0.8369     0.7051     1.2567     1.0355
[1] 21100.0000     0.0000     0.9732    -0.1109     1.9731     0.8253
[1] 21200.0000     0.0080     0.8263     0.3566     1.5514     1.1324
[1] 21300.0000     0.0000     0.8399    -0.6252     2.4512     1.0171
[1] 21400.0000     0.0001     0.9719     0.0470     1.8488     0.9071
[1] 21500.0000     0.0000     0.8732    -0.4434     2.3051     1.0565
[1] 21600.0000     0.0000     0.8420     0.7198     1.2162     0.8926
[1] 21700.0000     0.0000     0.8258     0.2655     1.6942     1.1265
[1] 21800.0000     0.0001     0.8218    -0.9047     2.7763     1.1739
[1] 21900.0000     0.0000     0.9084     0.1378     1.7342     1.1067
[1] 22000.0000     0.0000     0.8850     0.8892     1.0411     0.9555
[1] 22100.0000     0.0000     0.8953    -0.1038     1.9546     0.9321
[1] 22200.0000     0.0000     0.9349     0.6743     1.1946     0.9881
[1] 2.230e+04 1.000e-04 8.584e-01 9.003e-01 1.039e+00 9.367e-01
[1] 22400.0000     0.0000     0.9494     0.0819     1.8474     0.9207
[1] 22500.0000     0.0017     0.9610     1.2065     0.7435     0.9963
[1] 22600.0000     0.0000     0.8858    -0.1535     2.1928     0.9064
[1] 22700.0000     0.0000     0.8271    -0.0564     1.8905     1.1968
[1] 22800.0000     0.0000     0.9028    -1.1035     3.0880     1.1243
[1] 22900.0000     0.0000     0.9207     0.6405     1.2433     0.8362
[1] 23000.0000     0.0000     0.9652     0.4119     1.4942     1.0264
[1] 23100.0000     0.0000     0.8611    -0.5516     2.4485     1.0907
[1] 23200.0000     0.0000     0.8288    -0.1509     2.0670     0.8616
[1] 23300.0000     0.0992     0.8966     0.0054     1.8987     1.0199
[1] 23400.0000     0.0000     0.9703     0.3632     1.5942     0.9326
[1] 23500.0000     0.0000     0.9561     0.2491     1.6762     1.0572
[1] 23600.0000     0.0000     0.8360     0.8784     1.0166     0.8406
[1] 23700.0000     0.0000     0.8580    -0.2529     2.1399     0.8494
[1] 23800.0000     0.0000     0.8954     0.3561     1.4652     1.1339
[1] 23900.0000     0.0000     0.8157    -0.1813     2.0855     0.8034
[1] 24000.0000     0.0000     0.8968    -1.1774     3.0356     0.8401
[1] 24100.0000     0.0000     0.8289    -1.6898     3.6024     0.9877
[1] 24200.0000     0.0000     0.8399     0.1043     1.7156     1.0287
[1] 24300.0000     0.0000     0.8207    -0.1575     2.1162     1.1509
[1] 24400.0000     0.4159     0.8950     0.5688     1.2992     0.9027
[1] 24500.0000     0.0000     0.9407     1.2214     0.6114     1.0416
[1] 24600.0000     0.0000     0.9062     0.0297     1.9293     0.8877
[1] 2.470e+04 0.000e+00 9.025e-01 1.760e-02 1.910e+00 8.040e-01
[1] 24800.0000     0.0000     0.8109    -0.1885     2.1335     1.1899
[1] 24900.0000     0.0000     0.9495    -0.7093     2.5821     0.8626
[1] 25000.0000     0.0003     0.9628    -0.2819     2.2091     0.9362
[1] 25100.0000     0.0000     0.8415     0.5301     1.3386     1.0265
[1] 25200.0000     0.0000     0.8184    -0.1022     2.0298     0.8574
[1] 25300.0000     0.7363     0.8151    -0.5336     2.4256     1.0748
[1] 25400.0000     1.0000     0.8988    -0.3147     2.2163     1.0888
[1] 25500.0000     0.0000     0.8147     0.8274     1.0429     1.1844
[1] 25600.0000     0.0000     0.8978     0.4889     1.5165     1.1142
[1] 25700.0000     0.0000     0.8350     0.3343     1.5717     0.8673
[1] 25800.0000     0.0000     0.8043    -0.5995     2.4827     0.8730
[1] 25900.0000     1.0000     0.8632    -0.4926     2.4495     1.1254
[1] 26000.0000     1.0000     0.9492    -1.0094     2.9931     1.0058
[1] 26100.0000     0.0000     0.9196    -0.7452     2.5126     1.1722
[1] 26200.0000     0.0000     0.9529    -1.1767     2.9796     1.0017
[1] 26300.0000     0.0000     0.8530    -1.4495     3.3873     1.0678
[1] 26400.0000     0.0000     0.8767     0.0915     1.7242     0.8041
[1] 26500.0000     0.0043     0.8556    -0.0492     1.9862     0.8038
[1] 26600.0000     0.0000     0.9293    -0.0281     2.0976     0.8497
[1] 26700.0000     0.0008     0.9890     0.1872     1.6319     0.9390
[1] 26800.0000     0.0000     0.8448    -1.2146     3.0847     0.8652
[1] 26900.0000     0.0000     0.9184    -0.2423     2.0932     1.1619
[1] 27000.0000     0.0000     0.8794    -0.4139     2.3208     0.8948
[1] 27100.0000     0.6761     0.8372     0.3264     1.5711     1.1930
[1] 27200.0000     0.0000     0.8628    -0.8220     2.7737     1.0265
[1] 27300.0000     0.0000     0.8153    -0.5108     2.3471     0.9452
[1] 27400.0000     0.0000     0.8453     0.1045     1.8018     0.8255
[1] 27500.0000     0.0000     0.8301    -0.0536     1.8887     0.9239
[1] 27600.0000     0.0000     0.9357     1.6129     0.2699     0.9330
[1] 27700.0000     0.0000     0.8317     0.4274     1.4292     1.1846
[1] 27800.0000     0.0000     0.8338    -0.1275     2.0663     0.9440
[1] 27900.0000     0.4953     0.9296     0.4597     1.5002     0.8843
[1] 28000.0000     0.0000     0.8025    -0.3527     2.3762     0.9240
[1] 28100.0000     0.0000     0.8313     0.6470     1.3254     0.8089
[1] 28200.0000     0.0000     0.9683     0.1288     1.7807     0.8917
[1] 28300.0000     0.0000     0.9886    -0.3915     2.2860     1.1843
[1] 28400.0000     1.0000     0.9594     0.0848     1.8236     0.8105
[1] 28500.0000     0.0000     0.8310    -0.2827     2.1799     0.9326
[1] 28600.0000     0.0000     0.9856    -0.5641     2.4130     1.1641
[1] 28700.0000     0.0000     0.8546    -0.9478     2.7949     0.9787
[1] 28800.0000     0.0000     0.8104     0.2947     1.5929     1.1940
[1] 28900.0000     0.0000     0.9137     0.8976     1.0583     0.8478
[1] 29000.0000     0.0000     0.9277     0.3074     1.6186     1.1735
[1] 29100.0000     0.0000     0.8445    -0.0581     2.0203     0.8871
[1] 29200.0000     0.0764     0.9367     0.7036     1.2076     1.1465
[1] 29300.0000     0.0008     0.8726     0.4415     1.4515     0.8176
[1] 29400.0000     0.0000     0.9394     0.5944     1.2264     1.1754
[1] 29500.0000     0.0000     0.8294    -0.1325     2.1524     1.1769
[1] 29600.0000     0.0000     0.8035     0.3144     1.5324     1.0772
[1] 29700.0000     0.0000     0.8049    -0.4089     2.2943     0.9958
[1] 29800.0000     0.0000     0.8030     0.0646     1.8866     0.9421
[1] 29900.0000     0.4313     0.9798     0.2020     1.7146     1.0014
[1] 30000.0000     0.0000     0.8841     1.0797     0.7719     1.0036
[1] 0.06963721
Time difference of 3.967099 hours
null device 
          1 
