[1] "El numero de nodos X particion es: 10"
[1] "Model = M2 / Data = sim_data/datasetSVCMatern5.Rdata"
[1] 100.0000   0.0000   0.9990   0.0155   1.9938   1.1440
[1] 200.0000   0.0000   0.9784   0.0191   1.9931   1.1949
[1] 300.0000   0.0000   0.9998   0.0173   1.9954   1.1555
[1] 400.0000   0.0000   0.9998   0.0173   1.9954   1.1555
[1] 500.0000   0.0000   0.9998   0.0173   1.9954   1.1555
[1] 600.0000   0.0000   0.9998   0.0173   1.9954   1.1555
[1] 700.0000   0.0000   0.9894   0.0171   1.9945   1.1984
[1] 800.0000   0.0000   0.9894   0.0171   1.9945   1.1984
[1] 900.0000   0.0000   0.9894   0.0171   1.9945   1.1984
[1] 1000.0000    0.0000    0.9894    0.0171    1.9945    1.1984
[1] 1100.0000    0.0000    0.9894    0.0171    1.9945    1.1984
[1] 1200.0000    0.0000    0.9984    0.0173    1.9942    1.1848
[1] 1300.0000    0.0000    0.9984    0.0173    1.9942    1.1848
[1] 1400.0000    0.0000    0.9984    0.0173    1.9942    1.1848
[1] 1500.0000    0.0000    0.9984    0.0173    1.9942    1.1848
[1] 1600.0000    0.0000    0.9917    0.0164    1.9942    1.1949
[1] 1700.0000    0.0000    0.9917    0.0164    1.9942    1.1949
[1] 1800.0000    0.0000    0.9917    0.0164    1.9942    1.1949
[1] 1900.0000    0.0000    0.9957    0.0162    1.9940    1.1822
[1] 2000.0000    0.0000    0.9957    0.0162    1.9940    1.1822
[1] 2100.0000    0.0000    0.9957    0.0162    1.9940    1.1822
[1] 2200.0000    0.0000    0.9957    0.0162    1.9940    1.1822
[1] 2300.0000    0.0003    0.9995    0.0143    1.9937    1.1987
[1] 2400.0000    0.0000    0.9995    0.0143    1.9937    1.1987
[1] 2500.0000    0.0000    0.9995    0.0143    1.9937    1.1987
[1] 2600.0000    0.0000    0.9995    0.0143    1.9937    1.1987
[1] 2700.0000    0.0000    0.9995    0.0143    1.9937    1.1987
[1] 2800.0000    0.0000    0.9976    0.0165    1.9931    1.1806
[1] 2900.0000    0.0000    0.9976    0.0165    1.9931    1.1806
[1] 3000.0000    0.0000    0.9976    0.0165    1.9931    1.1806
[1] 3100.0000    0.0000    0.9976    0.0165    1.9931    1.1806
[1] 3200.0000    0.0000    0.9976    0.0165    1.9931    1.1806
[1] 3300.0000    0.0000    0.9976    0.0165    1.9931    1.1806
[1] 3400.0000    0.0000    0.9912    0.0141    1.9934    1.1933
[1] 3500.0000    0.0000    0.9912    0.0141    1.9934    1.1933
[1] 3600.0000    0.0000    0.9879    0.0135    1.9935    1.1991
[1] 3700.0000    0.0000    0.9964    0.0125    1.9944    1.1764
[1] 3800.0000    0.0000    0.9964    0.0125    1.9944    1.1764
[1] 3900.0000    0.0000    0.9941    0.0117    1.9943    1.1866
[1] 4000.0000    0.0000    0.9941    0.0117    1.9943    1.1866
[1] 4100.0000    0.0000    0.9941    0.0117    1.9943    1.1866
[1] 4200.0000    0.0000    0.9941    0.0117    1.9943    1.1866
[1] 4300.0000    0.0000    0.9996    0.0112    1.9935    1.1990
[1] 4400.0000    0.0000    0.9996    0.0112    1.9935    1.1990
[1] 4500.0000    0.0000    0.9996    0.0112    1.9935    1.1990
[1] 4600.0000    0.0000    0.9978    0.0128    1.9930    1.1876
[1] 4700.0000    0.0000    0.9978    0.0128    1.9930    1.1876
[1] 4800.0000    0.0000    0.9978    0.0128    1.9930    1.1876
[1] 4900.0000    0.0000    0.9954    0.0125    1.9936    1.1934
[1] 5000.0000    0.0000    0.9954    0.0125    1.9936    1.1934
[1] 5100.0000    0.0000    0.9954    0.0125    1.9936    1.1934
[1] 5200.0000    0.0000    0.9954    0.0125    1.9936    1.1934
[1] 5300.0000    0.0000    0.9954    0.0125    1.9936    1.1934
[1] 5400.0000    0.0000    0.9954    0.0125    1.9936    1.1934
[1] 5500.0000    0.0000    0.9912    0.0150    1.9949    1.1931
[1] 5600.0000    0.0000    0.9912    0.0150    1.9949    1.1931
[1] 5700.0000    0.0000    0.9912    0.0150    1.9949    1.1931
[1] 5800.0000    0.0000    0.9912    0.0150    1.9949    1.1931
[1] 5900.0000    0.0000    0.9912    0.0150    1.9949    1.1931
[1] 6000.0000    0.0000    0.9912    0.0150    1.9949    1.1931
[1] 6100.0000    0.0000    0.9912    0.0150    1.9949    1.1931
[1] 6200.0000    0.0000    0.9912    0.0150    1.9949    1.1931
[1] 6300.0000    0.0000    0.9912    0.0150    1.9949    1.1931
[1] 6400.0000    0.0000    0.9918    0.0160    1.9949    1.1860
[1] 6500.0000    0.0000    0.9918    0.0160    1.9949    1.1860
[1] 6600.0000    0.0000    0.9946    0.0152    1.9951    1.1932
[1] 6700.0000    0.1669    0.9946    0.0152    1.9951    1.1932
[1] 6800.0000    0.0000    0.9946    0.0152    1.9951    1.1932
[1] 6900.0000    0.0000    0.9946    0.0152    1.9951    1.1932
[1] 7000.0000    0.0000    0.9946    0.0152    1.9951    1.1932
[1] 7100.0000    0.0000    0.9946    0.0152    1.9951    1.1932
[1] 7200.0000    0.0000    0.9946    0.0152    1.9951    1.1932
[1] 7300.0000    0.0000    0.9946    0.0152    1.9951    1.1932
[1] 7400.0000    0.0000    0.9894    0.0152    1.9960    1.1921
[1] 7500.0000    0.0000    0.9894    0.0152    1.9960    1.1921
[1] 7600.0000    0.0000    0.9894    0.0152    1.9960    1.1921
[1] 7700.0000    0.0000    0.9975    0.0156    1.9953    1.1871
[1] 7800.0000    0.0000    0.9975    0.0156    1.9953    1.1871
[1] 7900.0000    0.0000    0.9970    0.0145    1.9940    1.1948
[1] 8000.0000    0.0000    0.9970    0.0145    1.9940    1.1948
[1] 8100.0000    0.0000    0.9970    0.0145    1.9940    1.1948
[1] 8200.0000    0.0000    0.9970    0.0145    1.9940    1.1948
[1] 8300.0000    0.0000    0.9944    0.0160    1.9932    1.1760
[1] 8400.0000    0.0000    0.9944    0.0160    1.9932    1.1760
[1] 8500.0000    0.0000    0.9807    0.0161    1.9929    1.1870
[1] 8600.0000    0.0000    0.9807    0.0161    1.9929    1.1870
[1] 8700.0000    0.0000    0.9956    0.0152    1.9923    1.1637
[1] 8800.0000    0.0000    0.9956    0.0152    1.9923    1.1637
[1] 8900.0000    0.0000    0.9955    0.0157    1.9920    1.1580
[1] 9000.0000    0.0000    0.9955    0.0157    1.9920    1.1580
[1] 9100.0000    0.0000    0.9955    0.0157    1.9920    1.1580
[1] 9200.0000    0.0000    0.9980    0.0150    1.9926    1.1968
[1] 9300.0000    0.0000    0.9933    0.0147    1.9931    1.1954
[1] 9400.0000    0.0000    0.9933    0.0147    1.9931    1.1954
[1] 9500.0000    0.0000    0.9933    0.0147    1.9931    1.1954
[1] 9600.0000    0.0000    0.9933    0.0147    1.9931    1.1954
[1] 9700.0000    0.0000    0.9933    0.0147    1.9931    1.1954
[1] 9800.0000    0.0000    0.9835    0.0150    1.9944    1.1848
[1] 9900.0000    0.0000    0.9835    0.0150    1.9944    1.1848
[1] 10000.0000     0.0000     1.0000     0.0162     1.9948     1.1696
[1] 10100.0000     0.0000     1.0000     0.0162     1.9948     1.1696
[1] 10200.0000     0.0000     0.9985     0.0151     1.9945     1.1837
[1] 10300.0000     0.0000     0.9985     0.0151     1.9945     1.1837
[1] 10400.0000     0.0000     0.9985     0.0151     1.9945     1.1837
[1] 10500.0000     0.0000     0.9985     0.0151     1.9945     1.1837
[1] 10600.0000     0.0000     0.9985     0.0151     1.9945     1.1837
[1] 10700.0000     0.0000     0.9985     0.0151     1.9945     1.1837
[1] 10800.0000     0.0000     0.9985     0.0151     1.9945     1.1837
[1] 10900.0000     0.0000     0.9985     0.0151     1.9945     1.1837
[1] 11000.0000     0.0000     0.9985     0.0151     1.9945     1.1837
[1] 11100.0000     0.0000     0.9985     0.0151     1.9945     1.1837
[1] 11200.0000     0.0000     0.9988     0.0137     1.9936     1.1855
[1] 11300.0000     0.0000     0.9988     0.0137     1.9936     1.1855
[1] 11400.0000     0.0000     0.9988     0.0137     1.9936     1.1855
[1] 11500.0000     0.0000     0.9988     0.0137     1.9936     1.1855
[1] 11600.0000     0.0000     0.9988     0.0137     1.9936     1.1855
[1] 11700.0000     0.0000     0.9988     0.0137     1.9936     1.1855
[1] 11800.0000     0.0000     0.9988     0.0137     1.9936     1.1855
[1] 11900.0000     0.0000     0.9988     0.0137     1.9936     1.1855
[1] 12000.0000     0.0000     0.9988     0.0137     1.9936     1.1855
[1] 12100.0000     0.0000     0.9988     0.0137     1.9936     1.1855
[1] 12200.0000     0.0000     0.9988     0.0137     1.9936     1.1855
[1] 12300.0000     0.0000     0.9988     0.0137     1.9936     1.1855
[1] 12400.0000     0.0000     0.9978     0.0146     1.9948     1.1945
[1] 12500.0000     0.0000     0.9978     0.0146     1.9948     1.1945
[1] 12600.0000     0.0000     0.9978     0.0146     1.9948     1.1945
[1] 12700.0000     0.0000     0.9978     0.0146     1.9948     1.1945
[1] 12800.0000     0.0000     0.9978     0.0146     1.9948     1.1945
[1] 12900.0000     0.0000     0.9978     0.0146     1.9948     1.1945
[1] 13000.0000     0.0000     0.9978     0.0146     1.9948     1.1945
[1] 13100.0000     0.0000     0.9978     0.0146     1.9948     1.1945
[1] 13200.0000     0.0000     0.9978     0.0146     1.9948     1.1945
[1] 13300.0000     0.0000     0.9978     0.0146     1.9948     1.1945
[1] 13400.0000     0.0000     0.9978     0.0146     1.9948     1.1945
[1] 13500.0000     0.0000     0.9978     0.0146     1.9948     1.1945
[1] 13600.0000     0.0000     0.9978     0.0146     1.9948     1.1945
[1] 13700.0000     0.0000     0.9978     0.0146     1.9948     1.1945
[1] 13800.0000     0.0000     0.9978     0.0146     1.9948     1.1945
[1] 13900.0000     0.0000     0.9978     0.0146     1.9948     1.1945
[1] 14000.0000     0.0000     0.9978     0.0146     1.9948     1.1945
[1] 14100.0000     0.0000     0.9860     0.0150     1.9958     1.1958
[1] 14200.0000     0.0000     0.9934     0.0155     1.9951     1.1983
[1] 14300.0000     0.0000     0.9934     0.0155     1.9951     1.1983
[1] 14400.0000     0.0000     0.9934     0.0155     1.9951     1.1983
[1] 14500.0000     0.0046     0.9934     0.0155     1.9951     1.1983
[1] 14600.0000     0.0000     0.9934     0.0155     1.9951     1.1983
[1] 14700.0000     0.0000     0.9934     0.0155     1.9951     1.1983
[1] 14800.0000     0.0000     0.9934     0.0155     1.9951     1.1983
[1] 14900.0000     0.0000     0.9934     0.0155     1.9951     1.1983
[1] 15000.0000     0.0000     0.9934     0.0155     1.9951     1.1983
[1] 15100.0000     0.0000     0.9995     0.0151     1.9954     1.1724
[1] 15200.0000     0.0000     0.9995     0.0151     1.9954     1.1724
[1] 15300.0000     0.0000     0.9995     0.0151     1.9954     1.1724
[1] 15400.0000     0.0000     0.9966     0.0154     1.9938     1.1885
[1] 15500.0000     0.0000     0.9966     0.0154     1.9938     1.1885
[1] 15600.0000     0.0000     0.9966     0.0154     1.9938     1.1885
[1] 15700.0000     0.0000     0.9966     0.0154     1.9938     1.1885
[1] 15800.0000     0.0017     0.9966     0.0154     1.9938     1.1885
[1] 15900.0000     0.0000     0.9966     0.0154     1.9938     1.1885
[1] 16000.0000     0.0000     0.9966     0.0154     1.9938     1.1885
[1] 16100.0000     0.0000     0.9966     0.0154     1.9938     1.1885
[1] 16200.0000     0.0000     0.9991     0.0158     1.9920     1.1994
[1] 16300.0000     0.0000     0.9991     0.0158     1.9920     1.1994
[1] 16400.0000     0.0000     0.9991     0.0158     1.9920     1.1994
[1] 16500.0000     0.0000     0.9991     0.0158     1.9920     1.1994
[1] 16600.0000     0.0000     0.9935     0.0203     1.9910     1.1984
[1] 16700.0000     0.0000     0.9935     0.0203     1.9910     1.1984
[1] 16800.0000     0.0000     0.9971     0.0219     1.9907     1.1907
[1] 16900.0000     0.0000     0.9971     0.0219     1.9907     1.1907
[1] 17000.0000     0.0000     0.9971     0.0219     1.9907     1.1907
[1] 17100.0000     0.0000     0.9971     0.0219     1.9907     1.1907
[1] 17200.0000     0.0000     0.9971     0.0219     1.9907     1.1907
[1] 17300.0000     0.0000     0.9971     0.0219     1.9907     1.1907
[1] 17400.0000     0.0000     0.9950     0.0221     1.9917     1.1876
[1] 17500.0000     0.0000     0.9950     0.0221     1.9917     1.1876
[1] 17600.0000     0.0000     0.9950     0.0221     1.9917     1.1876
[1] 17700.0000     0.0000     0.9950     0.0221     1.9917     1.1876
[1] 17800.0000     0.0000     0.9950     0.0221     1.9917     1.1876
[1] 17900.0000     0.0000     0.9936     0.0196     1.9913     1.1726
[1] 18000.0000     0.0000     0.9936     0.0196     1.9913     1.1726
[1] 18100.0000     0.0000     0.9930     0.0148     1.9904     1.1741
[1] 18200.0000     0.0000     0.9930     0.0148     1.9904     1.1741
[1] 18300.0000     0.0000     0.9972     0.0156     1.9910     1.1965
[1] 18400.0000     0.0000     0.9972     0.0156     1.9910     1.1965
[1] 18500.0000     0.0000     0.9972     0.0156     1.9910     1.1965
[1] 18600.0000     0.0000     0.9972     0.0156     1.9910     1.1965
[1] 18700.0000     0.0000     0.9990     0.0150     1.9922     1.1863
[1] 18800.0000     0.0000     0.9990     0.0150     1.9922     1.1863
[1] 18900.0000     0.0000     0.9990     0.0150     1.9922     1.1863
[1] 19000.0000     0.0000     0.9990     0.0150     1.9922     1.1863
[1] 19100.0000     0.0000     0.9990     0.0150     1.9922     1.1863
[1] 19200.0000     0.0000     0.9990     0.0150     1.9922     1.1863
[1] 19300.0000     0.0000     0.9937     0.0155     1.9906     1.1956
[1] 19400.0000     0.0000     0.9937     0.0155     1.9906     1.1956
[1] 19500.0000     0.0000     0.9937     0.0155     1.9906     1.1956
[1] 19600.0000     0.0000     0.9937     0.0155     1.9906     1.1956
[1] 19700.0000     0.0000     0.9990     0.0173     1.9887     1.1982
[1] 19800.0000     0.0000     0.9990     0.0173     1.9887     1.1982
[1] 19900.0000     0.0000     0.9990     0.0173     1.9887     1.1982
[1] 20000.0000     0.0000     0.9990     0.0173     1.9887     1.1982
[1] 20100.0000     0.0000     0.9990     0.0173     1.9887     1.1982
[1] 20200.0000     0.0000     0.9988     0.0137     1.9866     1.1938
[1] 20300.0000     0.0000     0.9988     0.0137     1.9866     1.1938
[1] 20400.0000     0.0000     0.9988     0.0137     1.9866     1.1938
[1] 20500.0000     0.0000     0.9988     0.0137     1.9866     1.1938
[1] 20600.0000     0.0000     0.9994     0.0138     1.9883     1.1986
[1] 20700.0000     0.0000     0.9994     0.0138     1.9883     1.1986
[1] 20800.0000     0.0000     0.9994     0.0138     1.9883     1.1986
[1] 20900.0000     0.0000     0.9994     0.0138     1.9883     1.1986
[1] 21000.0000     0.0000     0.9994     0.0138     1.9883     1.1986
[1] 21100.0000     0.0000     0.9994     0.0138     1.9883     1.1986
[1] 21200.0000     0.0000     0.9994     0.0138     1.9883     1.1986
[1] 21300.0000     0.0000     0.9994     0.0138     1.9883     1.1986
[1] 21400.0000     0.0000     0.9994     0.0138     1.9883     1.1986
[1] 21500.0000     0.0000     0.9994     0.0138     1.9883     1.1986
[1] 21600.0000     0.0000     0.9994     0.0138     1.9883     1.1986
[1] 21700.0000     0.0000     0.9994     0.0138     1.9883     1.1986
[1] 21800.0000     0.0000     0.9994     0.0138     1.9883     1.1986
[1] 21900.0000     0.0000     0.9994     0.0138     1.9883     1.1986
[1] 22000.0000     0.0000     0.9994     0.0138     1.9883     1.1986
[1] 22100.0000     0.0000     0.9994     0.0138     1.9883     1.1986
[1] 22200.0000     0.0000     0.9936     0.0104     1.9845     1.1835
[1] 22300.0000     0.0000     0.9936     0.0104     1.9845     1.1835
[1] 22400.0000     0.0000     0.9936     0.0104     1.9845     1.1835
[1] 22500.0000     0.0000     0.9936     0.0104     1.9845     1.1835
[1] 22600.0000     0.0000     0.9936     0.0104     1.9845     1.1835
[1] 22700.0000     0.0000     0.9961     0.0142     1.9882     1.1808
[1] 22800.0000     0.0000     0.9961     0.0142     1.9882     1.1808
[1] 22900.0000     0.0000     0.9961     0.0142     1.9882     1.1808
[1] 23000.0000     0.0000     0.9961     0.0142     1.9882     1.1808
[1] 23100.0000     0.0000     0.9979     0.0090     1.9852     1.1695
[1] 23200.0000     0.0000     0.9984     0.0143     1.9867     1.1708
[1] 23300.0000     0.0000     0.9905     0.0136     1.9862     1.1869
[1] 23400.0000     0.0000     0.9905     0.0136     1.9862     1.1869
[1] 23500.0000     0.0014     0.9905     0.0136     1.9862     1.1869
[1] 23600.0000     0.0000     0.9905     0.0136     1.9862     1.1869
[1] 23700.0000     0.0000     0.9905     0.0136     1.9862     1.1869
[1] 23800.0000     0.0000     0.9905     0.0136     1.9862     1.1869
[1] 23900.0000     0.0000     0.9905     0.0136     1.9862     1.1869
[1] 24000.0000     0.0000     0.9905     0.0136     1.9862     1.1869
[1] 24100.0000     0.0000     0.9959     0.0172     1.9856     1.1980
[1] 24200.0000     0.0000     0.9959     0.0172     1.9856     1.1980
[1] 24300.0000     0.0000     0.9959     0.0172     1.9856     1.1980
[1] 24400.0000     0.0000     0.9959     0.0172     1.9856     1.1980
[1] 24500.0000     0.0000     0.9959     0.0172     1.9856     1.1980
[1] 24600.0000     0.0000     0.9973     0.0166     1.9899     1.1970
[1] 24700.0000     0.0000     0.9973     0.0166     1.9899     1.1970
[1] 24800.0000     0.0000     0.9973     0.0166     1.9899     1.1970
[1] 24900.0000     0.0000     0.9973     0.0166     1.9899     1.1970
[1] 25000.0000     0.0000     0.9973     0.0166     1.9899     1.1970
[1] 25100.0000     0.0000     0.9973     0.0166     1.9899     1.1970
[1] 25200.0000     0.0000     0.9973     0.0166     1.9899     1.1970
[1] 25300.0000     0.0000     0.9973     0.0166     1.9899     1.1970
[1] 25400.0000     0.0000     0.9973     0.0166     1.9899     1.1970
[1] 25500.0000     0.0000     0.9973     0.0166     1.9899     1.1970
[1] 25600.0000     0.0000     0.9973     0.0166     1.9899     1.1970
[1] 25700.0000     0.0000     0.9975     0.0211     1.9938     1.1809
[1] 25800.0000     0.0000     0.9952     0.0173     1.9903     1.1985
[1] 25900.0000     0.0000     0.9952     0.0173     1.9903     1.1985
[1] 26000.0000     0.0000     0.9952     0.0173     1.9903     1.1985
[1] 26100.0000     0.0000     0.9952     0.0173     1.9903     1.1985
[1] 26200.0000     0.0000     0.9921     0.0169     1.9927     1.1908
[1] 26300.0000     0.0000     0.9921     0.0169     1.9927     1.1908
[1] 26400.0000     0.0000     0.9921     0.0169     1.9927     1.1908
[1] 26500.0000     0.0000     0.9903     0.0172     1.9918     1.1966
[1] 26600.0000     0.0000     0.9877     0.0215     1.9927     1.1989
[1] 26700.0000     0.0000     0.9995     0.0203     1.9953     1.1991
[1] 26800.0000     0.0000     0.9995     0.0203     1.9953     1.1991
[1] 26900.0000     0.0000     0.9995     0.0203     1.9953     1.1991
[1] 27000.0000     0.0000     0.9995     0.0203     1.9953     1.1991
[1] 27100.0000     0.0000     0.9995     0.0203     1.9953     1.1991
[1] 27200.0000     0.0000     0.9995     0.0203     1.9953     1.1991
[1] 27300.0000     0.0000     0.9995     0.0203     1.9953     1.1991
[1] 27400.0000     0.0000     0.9995     0.0203     1.9953     1.1991
[1] 27500.0000     0.0000     0.9995     0.0203     1.9953     1.1991
[1] 27600.0000     0.0000     0.9995     0.0203     1.9953     1.1991
[1] 27700.0000     0.0000     0.9995     0.0203     1.9953     1.1991
[1] 27800.0000     0.0000     0.9995     0.0203     1.9953     1.1991
[1] 27900.0000     0.0000     0.9995     0.0203     1.9953     1.1991
[1] 28000.0000     0.0000     0.9995     0.0203     1.9953     1.1991
[1] 28100.0000     0.0000     0.9995     0.0203     1.9953     1.1991
[1] 28200.0000     0.0000     0.9995     0.0203     1.9953     1.1991
[1] 28300.0000     0.0000     0.9995     0.0203     1.9953     1.1991
[1] 28400.0000     0.0000     0.9995     0.0203     1.9953     1.1991
[1] 28500.0000     0.0000     0.9995     0.0203     1.9953     1.1991
[1] 28600.0000     0.0000     0.9995     0.0203     1.9953     1.1991
[1] 28700.0000     0.0000     0.9995     0.0203     1.9953     1.1991
[1] 28800.0000     0.0000     0.9995     0.0203     1.9953     1.1991
[1] 28900.0000     0.0000     0.9995     0.0203     1.9953     1.1991
[1] 29000.0000     0.0000     0.9995     0.0203     1.9953     1.1991
[1] 29100.0000     0.0001     0.9995     0.0203     1.9953     1.1991
[1] 29200.0000     0.0000     0.9995     0.0203     1.9953     1.1991
[1] 29300.0000     0.0000     0.9995     0.0203     1.9953     1.1991
[1] 29400.0000     0.0000     0.9995     0.0203     1.9953     1.1991
[1] 29500.0000     0.0000     0.9995     0.0203     1.9953     1.1991
[1] 29600.0000     0.0000     0.9995     0.0203     1.9953     1.1991
[1] 29700.0000     0.0000     0.9995     0.0203     1.9953     1.1991
[1] 29800.0000     0.0000     0.9995     0.0203     1.9953     1.1991
[1] 29900.0000     0.0000     0.9995     0.0203     1.9953     1.1991
[1] 30000.0000     0.0000     0.9902     0.0256     1.9928     1.1766
[1] 0.002279909
Time difference of 11.2837 hours
null device 
          1 
