[1] "El numero de nodos X particion es: 10"
[1] "Model = M1 / Data = sim_data/datasetSVCExponential19.Rdata"
[1] 100.0000   1.0000   0.8291   0.0374   2.0889   0.9331
[1] 200.0000   0.6841   0.9804  -0.1035   1.8891   1.0297
[1] 300.0000   0.9161   0.8776  -0.0932   1.9675   1.0665
[1] 400.0000   0.3887   0.9217  -0.0797   1.9151   0.9692
[1] 500.0000   0.8841   0.8902  -0.1487   1.8819   0.8863
[1] 600.0000   0.0002   0.8693  -0.0119   1.9026   1.0610
[1] 700.0000   1.0000   0.8087  -0.1503   1.8830   1.0605
[1] 800.0000   1.0000   0.8954  -0.0549   1.9764   1.1490
[1] 900.0000   0.6902   0.9357  -0.2635   1.8810   1.0743
[1] 1000.0000    0.4495    0.8568   -0.1234    1.9024    0.8983
[1] 1100.0000    0.5515    0.9726   -0.2407    1.8068    1.0201
[1] 1200.0000    0.0845    0.8467   -0.0538    1.9553    1.0747
[1] 1300.0000    0.5942    0.8617   -0.1927    1.8926    1.0550
[1] 1400.0000    0.0000    0.9303   -0.1585    1.9431    1.1894
[1] 1500.0000    0.0001    0.9672    0.0068    2.0614    1.1986
[1] 1600.0000    0.9084    0.9427   -0.0702    2.0581    1.0957
[1] 1700.0000    0.0000    0.9259   -0.1385    1.8655    1.0764
[1] 1800.0000    0.0000    0.9234   -0.0853    2.0117    1.1307
[1] 1900.0000    0.2371    0.9957    0.0579    2.0744    1.1822
[1] 2000.0000    0.1127    0.9978   -0.0767    1.9249    1.1535
[1] 2100.0000    0.7312    0.8081   -0.0252    2.0640    0.9300
[1] 2200.0000    0.9395    0.8897   -0.0410    1.9963    1.0133
[1] 2300.0000    0.0461    0.8377   -0.0558    2.0332    0.8487
[1] 2400.0000    0.0346    0.9764    0.0035    1.8647    1.0594
[1] 2500.0000    0.4496    0.8529   -0.0286    2.0871    0.9541
[1] 2600.0000    0.7674    0.9658   -0.1833    1.9254    1.0023
[1] 2700.0000    0.0672    0.8044   -0.1027    1.9971    1.0835
[1] 2800.0000    0.2771    0.8906   -0.2301    1.9025    0.8787
[1] 2900.0000    0.0053    0.8994   -0.2296    1.8409    1.0050
[1] 3000.0000    0.0124    0.9297   -0.0352    2.0045    1.1984
[1] 3100.0000    0.8499    0.8265   -0.0094    1.9691    1.1652
[1] 3200.0000    0.1435    0.9371   -0.0159    2.0112    1.1278
[1] 3300.0000    0.0000    0.9877   -0.0615    1.9494    0.9428
[1] 3400.0000    0.0043    0.9079   -0.2218    1.7810    0.8348
[1] 3500.0000    1.0000    0.9338   -0.0179    2.1142    0.8830
[1] 3600.0000    0.0640    0.9027   -0.0758    1.9760    1.1569
[1] 3700.0000    0.0003    0.9950    0.0761    2.0328    1.0085
[1] 3800.0000    0.0001    0.8653   -0.1253    1.8900    0.9884
[1] 3900.0000    0.0094    0.8553   -0.1817    1.8749    1.0542
[1] 4000.0000    0.3941    0.9388   -0.1432    1.8020    0.8131
[1] 4100.0000    0.5388    0.8096   -0.0328    2.0107    1.0244
[1] 4200.0000    1.0000    0.8436   -0.1455    1.9410    0.9733
[1] 4300.0000    0.0000    0.9986   -0.0439    2.0059    0.9026
[1] 4400.0000    0.1499    0.9571    0.0699    2.0795    0.9932
[1] 4500.0000    1.0000    0.8410   -0.0413    1.9436    1.1520
[1] 4600.0000    0.0318    0.8039   -0.1147    1.8582    1.1669
[1] 4700.0000    0.0001    0.9709   -0.0161    2.0233    1.0444
[1] 4800.0000    0.0888    0.8985   -0.1291    1.8730    0.9827
[1] 4900.0000    0.7203    0.8201    0.1351    2.1609    1.1747
[1] 5000.0000    1.0000    0.9273   -0.1210    1.8701    1.0348
[1] 5100.0000    0.6310    0.8496   -0.0786    2.0224    0.8317
[1] 5200.0000    0.0057    0.8350    0.0270    2.1763    1.0935
[1] 5300.0000    1.0000    0.8379   -0.0842    1.9162    1.0434
[1] 5400.0000    0.7420    0.8333   -0.0411    1.9938    0.9811
[1] 5500.0000    0.0013    0.8506   -0.0872    1.8763    1.1979
[1] 5600.0000    0.0220    0.9095   -0.4448    1.7357    0.9324
[1] 5700.0000    0.1531    0.9403   -0.1651    1.8028    0.9236
[1] 5800.0000    0.8824    0.8520    0.1218    2.1183    1.0482
[1] 5900.0000    0.1483    0.8706   -0.1786    1.8621    1.1672
[1] 6000.0000    0.5509    0.8325   -0.2416    1.8667    0.8825
[1] 6100.0000    0.0919    0.9517    0.0994    2.1036    0.9216
[1] 6200.0000    1.0000    0.8336   -0.2701    1.7427    0.9759
[1] 6300.0000    0.0040    0.8959   -0.1609    2.0181    1.1826
[1] 6400.0000    0.2803    0.9022   -0.0078    1.9105    0.8332
[1] 6500.0000    0.2690    0.8697   -0.0432    2.0534    0.9040
[1] 6600.0000    0.0267    0.8918   -0.2542    1.8090    1.0184
[1] 6700.0000    0.0000    0.8229   -0.1590    1.7921    1.0410
[1] 6800.0000    0.9859    0.8496   -0.1043    1.9561    0.9728
[1] 6900.0000    0.1771    0.9401   -0.1706    1.7797    0.9220
[1] 7000.0000    0.0029    0.8011   -0.0792    1.9384    1.0228
[1] 7100.0000    1.0000    0.8440   -0.1281    1.8513    0.9302
[1] 7200.0000    0.0054    0.9645   -0.0635    1.9690    0.9109
[1] 7300.0000    0.0013    0.8821   -0.0524    2.0281    0.9361
[1] 7400.0000    0.0000    0.8164   -0.1836    1.7812    0.8600
[1] 7500.0000    0.0926    0.9538    0.1187    2.1552    1.0728
[1] 7600.0000    0.0342    0.8332   -0.1353    1.8914    1.0877
[1] 7700.0000    0.0042    0.8552   -0.2160    1.8020    1.0850
[1] 7800.0000    0.0000    0.9829   -0.1082    1.8571    1.0003
[1] 7900.0000    0.5846    0.8881   -0.0920    1.9924    1.1887
[1] 8000.0000    0.7358    0.9186   -0.1973    1.7850    1.0026
[1] 8100.0000    0.0294    0.9084    0.0407    2.0529    1.0684
[1] 8200.0000    0.0000    0.9273    0.0435    2.0360    0.9041
[1] 8300.0000    0.0005    0.8397    0.1200    2.1188    1.0813
[1] 8400.0000    0.9129    0.9589   -0.1829    1.9897    1.0527
[1] 8500.0000    0.0135    0.8716   -0.0921    1.9709    1.1821
[1] 8600.0000    0.2723    0.9835   -0.0462    2.0276    0.9563
[1] 8700.0000    0.3346    0.8293   -0.1569    1.7899    0.8767
[1] 8800.0000    0.6635    0.9324   -0.0038    2.0790    0.8066
[1] 8900.0000    0.8178    0.9431   -0.1779    1.9142    1.1381
[1] 9000.0000    0.0802    0.9025   -0.0790    1.9454    0.9096
[1] 9100.0000    0.5464    0.9156    0.0311    2.0910    1.0916
[1] 9200.0000    0.4038    0.8777    0.0114    1.9823    1.1489
[1] 9300.0000    0.0155    0.9856   -0.1659    1.8694    1.1370
[1] 9400.0000    0.1989    0.8458    0.0779    2.0395    1.0091
[1] 9500.0000    0.0000    0.9329   -0.1429    1.9951    0.8817
[1] 9600.0000    0.7923    0.9566   -0.1604    1.8928    1.1182
[1] 9700.0000    0.1906    0.8614   -0.0572    1.9868    0.9692
[1] 9800.0000    0.1401    0.8196   -0.0513    1.9158    0.9680
[1] 9900.0000    0.0000    0.8466    0.0760    2.0442    0.8248
[1] 10000.0000     1.0000     0.8618    -0.0989     1.8835     0.8032
[1] 10100.0000     0.6529     0.9049     0.0213     2.0054     1.0751
[1] 10200.0000     0.0000     0.9084    -0.2147     1.8126     0.8386
[1] 1.030e+04 6.400e-03 8.120e-01 6.870e-02 1.982e+00 8.804e-01
[1] 10400.0000     0.5137     0.9337     0.0084     1.9621     1.0990
[1] 10500.0000     1.0000     0.8159     0.0739     2.0269     1.1284
[1] 10600.0000     0.0172     0.9579     0.0190     2.0985     1.1829
[1] 10700.0000     0.0001     0.8531     0.0280     2.0622     0.8181
[1] 10800.0000     0.7341     0.8541    -0.0672     2.0207     0.9792
[1] 10900.0000     0.0000     0.8264    -0.0481     2.0883     1.1140
[1] 11000.0000     0.4889     0.8012    -0.0797     2.0358     0.9407
[1] 11100.0000     0.0002     0.8902     0.1666     2.2472     0.9114
[1] 11200.0000     1.0000     0.9412    -0.0031     2.0373     0.8257
[1] 11300.0000     0.8652     0.9738    -0.1307     1.8907     1.1215
[1] 11400.0000     1.0000     0.9866    -0.1418     1.9008     0.8664
[1] 11500.0000     0.0000     0.9311    -0.2062     1.8682     0.8792
[1] 11600.0000     1.0000     0.9382    -0.2673     1.7937     0.8033
[1] 11700.0000     0.8688     0.9810    -0.2094     1.8636     0.9386
[1] 11800.0000     0.0141     0.8440    -0.1088     1.8392     0.8198
[1] 11900.0000     0.3370     0.8272     0.0555     2.0351     0.8962
[1] 12000.0000     0.0134     0.8543    -0.1328     1.9061     1.1591
[1] 12100.0000     0.0593     0.9452    -0.0349     2.0353     0.8400
[1] 12200.0000     1.0000     0.8496    -0.1981     1.8048     0.8460
[1] 12300.0000     0.0074     0.9623    -0.0796     1.8445     1.1420
[1] 12400.0000     1.0000     0.8046    -0.1987     1.8402     0.8797
[1] 12500.0000     0.1284     0.9120     0.0906     2.1350     1.1259
[1] 12600.0000     0.3596     0.9564     0.0469     1.9511     1.1675
[1] 12700.0000     0.0004     0.9486     0.1207     2.1032     0.8166
[1] 12800.0000     0.0054     0.9108    -0.1083     1.8954     1.0765
[1] 12900.0000     0.0299     0.8621    -0.3761     1.6972     0.8185
[1] 13000.0000     0.0139     0.8840    -0.1026     1.8751     1.1100
[1] 13100.0000     0.0027     0.9404    -0.0844     1.9445     0.9822
[1] 13200.0000     0.0018     0.9589    -0.2354     1.7453     1.1555
[1] 13300.0000     0.0537     0.9324     0.2122     2.2245     1.1427
[1] 13400.0000     0.0000     0.9485     0.0450     2.0238     1.0271
[1] 13500.0000     0.0002     0.8240    -0.0710     1.9860     1.0099
[1] 13600.0000     0.0035     0.8917    -0.1107     1.7902     1.0301
[1] 13700.0000     0.8289     0.8314    -0.1874     1.8679     0.8589
[1] 13800.0000     0.0000     0.9394    -0.0494     2.0250     0.9910
[1] 13900.0000     0.7016     0.8125    -0.1488     1.8581     1.1546
[1] 14000.0000     0.7693     0.9598    -0.0219     1.9613     0.8043
[1] 14100.0000     0.0002     0.9236     0.0512     2.0712     0.9106
[1] 14200.0000     0.0392     0.9171    -0.0545     1.9448     0.8964
[1] 14300.0000     0.0240     0.8359    -0.1876     1.8791     1.0907
[1] 14400.0000     1.0000     0.8984     0.0102     2.0127     1.1866
[1] 14500.0000     0.0444     0.8302    -0.1375     1.9780     1.1813
[1] 14600.0000     0.0000     0.8329    -0.1270     1.8882     0.9630
[1] 14700.0000     1.0000     0.8840     0.0203     2.0296     1.0394
[1] 14800.0000     0.0000     0.9533    -0.1440     1.8025     0.8106
[1] 14900.0000     0.4944     0.9850    -0.0498     2.0124     1.1438
[1] 15000.0000     0.0000     0.9486    -0.1285     1.8705     0.9418
[1] 15100.0000     0.0957     0.9112    -0.1897     1.8867     1.0503
[1] 15200.0000     0.2039     0.9896     0.0891     2.0432     1.1186
[1] 15300.0000     0.2104     0.8856     0.0296     2.0743     0.9730
[1] 15400.0000     0.6166     0.9829     0.0126     2.1290     1.0368
[1] 15500.0000     0.6049     0.9013     0.0214     1.9717     1.0728
[1] 15600.0000     0.7418     0.9912    -0.1587     1.8983     1.0551
[1] 1.570e+04 1.000e-04 9.705e-01 1.224e-01 2.119e+00 8.969e-01
[1] 15800.0000     0.2736     0.9774    -0.1711     1.7530     1.1822
[1] 15900.0000     0.0000     0.9524    -0.0682     2.0353     1.0855
[1] 16000.0000     0.7980     0.9761    -0.2051     1.8796     1.0600
[1] 16100.0000     0.3623     0.9477    -0.0922     2.1098     0.9420
[1] 16200.0000     1.0000     0.8455    -0.1289     1.8856     1.0509
[1] 16300.0000     0.3321     0.9029     0.0811     2.0161     1.0365
[1] 16400.0000     0.5101     0.8090    -0.0705     1.9882     0.8978
[1] 16500.0000     0.0970     0.9894    -0.1614     1.8906     0.9222
[1] 16600.0000     0.1381     0.9300    -0.2669     1.8061     1.1365
[1] 16700.0000     0.4023     0.9070    -0.1248     1.9904     1.1930
[1] 16800.0000     0.0589     0.8165    -0.2686     1.7631     1.0376
[1] 16900.0000     0.0738     0.8221    -0.1384     1.8487     1.1575
[1] 17000.0000     0.5014     0.9815     0.0329     2.0151     0.9010
[1] 17100.0000     0.0171     0.9483     0.2731     2.2565     0.9775
[1] 17200.0000     0.2417     0.9497    -0.1290     1.8778     0.8252
[1] 17300.0000     0.7281     0.8396    -0.3176     1.7871     1.0131
[1] 17400.0000     1.0000     0.9623     0.0061     2.1589     1.1696
[1] 17500.0000     1.0000     0.9645    -0.1532     1.8090     0.9956
[1] 17600.0000     0.0112     0.9193     0.0408     2.0379     0.8193
[1] 17700.0000     0.0362     0.8922    -0.1684     1.8544     1.0234
[1] 17800.0000     1.0000     0.9968    -0.1170     1.9155     0.8268
[1] 17900.0000     0.0233     0.8644    -0.1379     1.8736     1.0507
[1] 18000.0000     0.9085     0.9109     0.0333     2.0249     0.8712
[1] 18100.0000     0.0168     0.8667    -0.1450     1.8697     1.1867
[1] 18200.0000     1.0000     0.8073     0.0729     2.0865     0.9256
[1] 18300.0000     0.0066     0.9706    -0.1442     1.9334     1.1685
[1] 18400.0000     0.0008     0.9243    -0.3609     1.7976     1.1066
[1] 18500.0000     0.0798     0.8299    -0.1798     1.8845     1.0883
[1] 18600.0000     0.0167     0.8932     0.0155     2.1122     0.8460
[1] 18700.0000     0.0592     0.8557    -0.0175     2.0273     0.9105
[1] 18800.0000     0.0084     0.9415    -0.0111     2.1052     0.8205
[1] 18900.0000     0.0002     0.8387    -0.1379     1.9129     0.8037
[1] 19000.0000     1.0000     0.8087     0.0660     2.0687     1.1060
[1] 19100.0000     0.0249     0.8142    -0.2892     1.7866     1.0716
[1] 19200.0000     0.8718     0.8319    -0.1532     1.8210     1.0132
[1] 19300.0000     0.2661     0.8940    -0.0877     1.9462     1.1248
[1] 19400.0000     0.4789     0.8040    -0.0688     1.8931     1.1551
[1] 19500.0000     0.0014     0.8243     0.1101     2.1194     0.8751
[1] 19600.0000     0.2245     0.8098    -0.0767     1.9764     1.1951
[1] 1.970e+04 1.070e-02 8.143e-01 4.060e-02 2.027e+00 8.081e-01
[1] 19800.0000     0.1283     0.8317     0.1266     2.1644     1.0742
[1] 19900.0000     0.2124     0.9981     0.0849     2.1592     1.0280
[1] 20000.0000     0.0275     0.9729    -0.2142     1.8184     0.8904
[1] 20100.0000     0.0000     0.8622     0.1172     2.1482     0.8640
[1] 20200.0000     0.3025     0.9282     0.0612     2.0647     0.9678
[1] 20300.0000     0.0006     0.8028    -0.2697     1.8764     0.9708
[1] 20400.0000     1.0000     0.8446    -0.0645     1.9690     1.0333
[1] 20500.0000     0.0057     0.8964    -0.0778     1.9854     1.1285
[1] 20600.0000     0.1290     0.9219    -0.0877     1.9848     1.0848
[1] 20700.0000     0.7071     0.8107     0.1303     2.0902     1.0874
[1] 20800.0000     1.0000     0.9981    -0.0750     1.9524     1.0246
[1] 20900.0000     0.0000     0.8547    -0.1659     1.8886     0.9562
[1] 21000.0000     0.2980     0.8708    -0.1366     1.9372     1.1617
[1] 21100.0000     0.0286     0.9291    -0.0769     1.9918     1.1428
[1] 21200.0000     0.5384     0.9611     0.0006     2.1093     0.8029
[1] 21300.0000     0.0007     0.8214    -0.1251     1.7928     1.0391
[1] 21400.0000     1.0000     0.8276     0.0379     2.0595     0.8233
[1] 21500.0000     0.0306     0.8906    -0.0557     2.0195     0.8206
[1] 21600.0000     0.6812     0.8069    -0.1022     1.9021     0.8555
[1] 21700.0000     0.0164     0.9973    -0.1453     1.8127     0.9605
[1] 21800.0000     0.6345     0.8443     0.0373     2.1423     0.9811
[1] 21900.0000     0.5070     0.9598     0.0614     2.1001     0.8497
[1] 22000.0000     0.1573     0.8850    -0.0207     1.9496     0.9555
[1] 22100.0000     0.0206     0.8953     0.0381     2.1313     0.9321
[1] 22200.0000     0.7208     0.8579    -0.0882     2.0155     0.8534
[1] 22300.0000     0.0430     0.9726    -0.1936     1.9932     0.8521
[1] 22400.0000     0.6848     0.8145    -0.1707     1.8689     0.8604
[1] 22500.0000     0.0084     0.8239    -0.0703     2.0432     1.1368
[1] 22600.0000     0.0000     0.8433    -0.0240     2.1394     1.1055
[1] 22700.0000     0.0001     0.8271    -0.2107     1.8469     1.1968
[1] 22800.0000     0.2077     0.8972    -0.2272     1.7192     1.0231
[1] 22900.0000     0.0922     0.8804    -0.1719     1.9094     0.9211
[1] 23000.0000     0.0003     0.8188    -0.1403     1.8958     1.0070
[1] 23100.0000     0.3561     0.8119     0.0732     2.0337     1.0551
[1] 2.320e+04 1.016e-01 8.437e-01 3.710e-02 2.081e+00 8.877e-01
[1] 23300.0000     0.0003     0.9905     0.0232     2.0886     1.1869
[1] 23400.0000     0.4531     0.8888     0.0636     1.9935     1.0444
[1] 23500.0000     0.1808     0.8245     0.0009     2.0418     0.8555
[1] 23600.0000     0.0396     0.8176    -0.1164     1.9341     0.8266
[1] 23700.0000     0.1750     0.8580    -0.1742     1.8354     0.8494
[1] 23800.0000     0.7502     0.9299    -0.1614     1.8074     1.0580
[1] 23900.0000     0.8401     0.8722     0.0234     2.0137     0.8735
[1] 24000.0000     0.0667     0.9851    -0.0775     1.9637     1.0873
[1] 24100.0000     1.0000     0.9214    -0.2108     1.8864     0.8541
[1] 24200.0000     0.0979     0.8467    -0.1789     1.9016     0.8230
[1] 24300.0000     0.5278     0.8950    -0.0043     1.9850     0.9587
[1] 24400.0000     1.0000     0.9947    -0.0577     1.9357     0.9697
[1] 24500.0000     0.0083     0.8969     0.0426     2.0635     1.0480
[1] 24600.0000     0.0016     0.9237    -0.1413     1.8668     1.0127
[1] 24700.0000     0.6267     0.9195    -0.2251     1.7571     0.8781
[1] 24800.0000     0.0004     0.8460    -0.1096     1.9342     0.9489
[1] 24900.0000     0.0554     0.9802    -0.0220     2.0950     0.9496
[1] 25000.0000     1.0000     0.8801     0.0078     2.0694     0.8235
[1] 25100.0000     0.1417     0.8549    -0.0115     2.0414     0.9439
[1] 25200.0000     0.2778     0.9240    -0.0648     1.9904     1.1619
[1] 25300.0000     0.0007     0.9779    -0.1329     1.9465     0.8977
[1] 25400.0000     0.0836     0.9621    -0.2774     1.7752     0.9516
[1] 25500.0000     0.2906     0.8303    -0.0456     1.9836     1.1248
[1] 25600.0000     0.0649     0.9926     0.1296     2.0978     0.9855
[1] 25700.0000     0.3199     0.8976    -0.2320     1.9362     0.9408
[1] 25800.0000     0.0113     0.9689     0.0218     2.0717     1.1962
[1] 25900.0000     0.0004     0.8683     0.0965     2.0342     0.8098
[1] 26000.0000     0.4279     0.9492    -0.1478     1.8057     1.0058
[1] 26100.0000     0.0985     0.9326    -0.0774     2.0031     1.0189
[1] 26200.0000     1.0000     0.8601    -0.0426     2.0201     0.9041
[1] 26300.0000     0.8778     0.8623    -0.2403     1.8771     1.0835
[1] 26400.0000     0.0605     0.8855     0.1893     2.1070     1.0131
[1] 26500.0000     0.0108     0.8034    -0.2852     1.7359     1.1338
[1] 26600.0000     1.0000     0.8531    -0.1728     1.7777     1.1347
[1] 26700.0000     0.0709     0.9721    -0.1123     1.9394     0.8075
[1] 26800.0000     0.5745     0.9542    -0.1056     1.8552     1.1594
[1] 26900.0000     0.0001     0.9241     0.2072     2.2767     1.0646
[1] 27000.0000     0.6702     0.9266    -0.0675     1.9610     0.8932
[1] 27100.0000     0.0076     0.8095    -0.0439     1.9297     1.0497
[1] 27200.0000     0.0007     0.9713    -0.1964     1.9667     1.0324
[1] 27300.0000     0.0006     0.9608    -0.0849     1.8883     0.8492
[1] 27400.0000     0.1223     0.8725    -0.2308     1.8000     1.1899
[1] 27500.0000     1.0000     0.8366    -0.1372     1.8863     1.0805
[1] 27600.0000     0.0001     0.8069     0.1562     2.1212     0.9996
[1] 27700.0000     0.0196     0.8620     0.2125     2.2942     1.0941
[1] 27800.0000     0.0000     0.8358    -0.0071     2.0499     1.1051
[1] 27900.0000     0.4573     0.8774     0.0400     2.0283     1.0564
[1] 28000.0000     0.0044     0.9003    -0.1618     1.9509     0.9918
[1] 28100.0000     0.0000     0.9262    -0.1803     1.8872     1.0710
[1] 28200.0000     0.6904     0.9271     0.0569     2.0803     0.9591
[1] 28300.0000     0.0093     0.8937    -0.1559     1.8638     1.0178
[1] 28400.0000     1.0000     0.9594    -0.1054     1.9406     0.8105
[1] 28500.0000     1.0000     0.8206    -0.0303     2.0630     1.0447
[1] 28600.0000     0.0019     0.9775    -0.0779     1.9563     0.9079
[1] 28700.0000     0.1506     0.8497    -0.0912     1.9001     1.1155
[1] 28800.0000     1.0000     0.9743    -0.1064     1.9109     0.8723
[1] 28900.0000     0.7196     0.8662    -0.2049     1.8547     0.8550
[1] 29000.0000     0.3321     0.8251    -0.1469     1.8788     0.9007
[1] 29100.0000     0.0114     0.9156    -0.0804     1.9761     0.8172
[1] 29200.0000     0.0016     0.9889    -0.2435     1.8469     1.0979
[1] 29300.0000     0.1065     0.9373    -0.0177     1.9480     0.8252
[1] 29400.0000     0.0099     0.9512     0.0747     1.9818     1.1262
[1] 29500.0000     0.0001     0.9711    -0.2675     1.7888     0.9025
[1] 29600.0000     0.0043     0.8267    -0.0836     1.9851     1.0464
[1] 29700.0000     0.0102     0.9571    -0.1902     1.7909     0.9736
[1] 29800.0000     1.0000     0.8701    -0.1149     1.9579     0.8024
[1] 29900.0000     0.7016     0.9798    -0.0003     1.9845     1.0014
[1] 30000.0000     0.0375     0.8307    -0.0656     1.9191     1.0904
[1] 0.3596656
Time difference of 3.968992 hours
null device 
          1 
