[1] "El numero de nodos X particion es: 10"
[1] "Model = M1 / Data = sim_data/datasetSVCExponential1.Rdata"
[1] 100.0000   1.0000   0.8291   0.0560   2.1105   0.9331
[1] 200.0000   1.0000   0.9804   0.0935   2.1100   1.0297
[1] 300.0000   0.7287   0.8776  -0.0290   2.0783   1.0665
[1] 400.0000   1.0000   0.8233   0.1061   2.1853   1.0774
[1] 500.0000   0.6993   0.8902  -0.0107   2.0367   0.8863
[1] 600.0000   0.0154   0.8693   0.2513   2.2492   1.0610
[1] 700.0000   1.0000   0.8087  -0.0446   2.0540   1.0605
[1] 800.0000   1.0000   0.8954   0.1157   2.1362   1.1490
[1] 900.0000   0.4983   0.9357  -0.0238   2.1208   1.0743
[1] 1000.0000    0.5189    0.8568    0.0604    2.0920    0.8983
[1] 1100.0000    0.2880    0.9726   -0.1063    1.9311    1.0201
[1] 1200.0000    0.1629    0.8467    0.2646    2.2539    1.0747
[1] 1300.0000    0.0685    0.9151    0.0038    2.1635    0.9862
[1] 1400.0000    0.0000    0.9303    0.0061    2.1077    1.1894
[1] 1500.0000    0.0000    0.9672    0.2603    2.3099    1.1986
[1] 1600.0000    1.0000    0.9427    0.1305    2.2126    1.0957
[1] 1700.0000    0.0000    0.9259    0.1260    2.0888    1.0764
[1] 1800.0000    0.0000    0.9234    0.1639    2.2631    1.1307
[1] 1900.0000    0.2762    0.9957    0.2455    2.2966    1.1822
[1] 2000.0000    0.1024    0.9978    0.1106    2.1020    1.1535
[1] 2100.0000    0.5089    0.8081    0.2119    2.2966    0.9300
[1] 2200.0000    0.7185    0.8580    0.1602    2.1764    1.0161
[1] 2300.0000    0.0157    0.8377    0.1194    2.2020    0.8487
[1] 2400.0000    0.0249    0.9355    0.1612    2.1146    1.1578
[1] 2500.0000    0.0329    0.8529    0.1657    2.2394    0.9541
[1] 2600.0000    0.1980    0.8617    0.0396    2.1285    0.8044
[1] 2700.0000    0.1745    0.8044   -0.0121    2.0605    1.0835
[1] 2800.0000    0.0154    0.9204    0.1615    2.2166    1.0405
[1] 2900.0000    0.0004    0.8994   -0.0676    1.9847    1.0050
[1] 3000.0000    0.0110    0.9297    0.1764    2.2029    1.1984
[1] 3100.0000    0.6050    0.8265    0.2074    2.1817    1.1652
[1] 3200.0000    0.2580    0.9371    0.2072    2.2440    1.1278
[1] 3300.0000    0.0000    0.9877    0.1141    2.1106    0.9428
[1] 3400.0000    0.0018    0.9079    0.0524    2.0447    0.8348
[1] 3500.0000    0.8717    0.9338    0.1196    2.2251    0.8830
[1] 3600.0000    0.0529    0.9027    0.1368    2.1862    1.1569
[1] 3700.0000    0.0003    0.9950    0.3119    2.2634    1.0085
[1] 3800.0000    0.0001    0.8653   -0.0027    2.0164    0.9884
[1] 3900.0000    0.0098    0.9030    0.0449    2.1123    0.9530
[1] 4000.0000    0.3159    0.9388    0.0826    1.9997    0.8131
[1] 4100.0000    0.3122    0.8388    0.2986    2.2646    0.8864
[1] 4200.0000    1.0000    0.8436    0.0944    2.1600    0.9733
[1] 4300.0000    0.0000    0.9986    0.0839    2.1528    0.9026
[1] 4400.0000    0.1215    0.9571    0.2499    2.2266    0.9932
[1] 4500.0000    1.0000    0.8410    0.1761    2.1621    1.1520
[1] 4600.0000    0.0436    0.8009    0.1292    2.1196    0.9214
[1] 4700.0000    0.0003    0.8767    0.3111    2.3494    1.1619
[1] 4800.0000    0.0301    0.8985    0.0365    2.0863    0.9827
[1] 4900.0000    0.6072    0.8201    0.3867    2.3862    1.1747
[1] 5000.0000    0.9729    0.9273    0.1435    2.1394    1.0348
[1] 5100.0000    0.6120    0.8496    0.1435    2.2419    0.8317
[1] 5200.0000    0.0015    0.8350    0.2682    2.4351    1.0935
[1] 5300.0000    1.0000    0.8379    0.1238    2.1380    1.0434
[1] 5400.0000    0.9653    0.8515    0.1386    2.2033    1.1120
[1] 5500.0000    0.0005    0.8506    0.1546    2.1108    1.1979
[1] 5600.0000    0.0699    0.8407   -0.2121    1.9875    1.1085
[1] 5700.0000    0.7562    0.8052   -0.0376    2.0162    1.1157
[1] 5800.0000    0.0557    0.8612    0.1493    2.2862    1.0327
[1] 5900.0000    0.1822    0.8706    0.0270    2.0580    1.1672
[1] 6000.0000    0.5294    0.8325   -0.0627    2.0561    0.8825
[1] 6100.0000    0.0501    0.9517    0.4017    2.3600    0.9216
[1] 6200.0000    1.0000    0.8336   -0.1931    1.8134    0.9759
[1] 6300.0000    0.0130    0.8959    0.0520    2.1808    1.1826
[1] 6400.0000    0.4595    0.9022    0.1506    2.0906    0.8332
[1] 6500.0000    0.0284    0.8697    0.0729    2.1400    0.9040
[1] 6600.0000    0.0068    0.8918   -0.0232    2.1081    1.0184
[1] 6700.0000    0.0000    0.8229    0.0156    1.9617    1.0410
[1] 6800.0000    1.0000    0.8496    0.0764    2.1360    0.9728
[1] 6900.0000    0.0894    0.8556    0.0174    2.0728    1.1638
[1] 7000.0000    0.0002    0.8011    0.0860    2.1318    1.0228
[1] 7100.0000    1.0000    0.8440    0.0240    1.9944    0.9302
[1] 7200.0000    0.0041    0.8749    0.1587    2.1912    1.0509
[1] 7300.0000    0.0003    0.8821    0.0431    2.1521    0.9361
[1] 7400.0000    0.0000    0.8164   -0.0612    1.9738    0.8600
[1] 7500.0000    0.7131    0.8741    0.3994    2.4022    1.0979
[1] 7600.0000    0.0437    0.8332   -0.0255    2.0312    1.0877
[1] 7700.0000    0.0019    0.8552    0.0288    2.0467    1.0850
[1] 7800.0000    0.0003    0.8139    0.0716    2.1226    0.8702
[1] 7900.0000    0.3530    0.8037    0.0675    2.1085    1.1632
[1] 8000.0000    0.2226    0.9186   -0.1264    1.8882    1.0026
[1] 8100.0000    0.4627    0.8687    0.0802    2.1509    1.0506
[1] 8200.0000    0.0000    0.9273    0.2324    2.2105    0.9041
[1] 8300.0000    0.0004    0.8222    0.3101    2.2984    0.8438
[1] 8400.0000    0.8362    0.8563    0.0732    2.0337    1.0967
[1] 8500.0000    0.0012    0.8716    0.0842    2.1164    1.1821
[1] 8600.0000    0.2089    0.8834    0.1490    2.2226    0.9153
[1] 8700.0000    0.7225    0.8293    0.0946    2.0559    0.8767
[1] 8800.0000    0.5780    0.9324    0.2183    2.2865    0.8066
[1] 8900.0000    0.3762    0.9431    0.0299    2.1591    1.1381
[1] 9000.0000    0.0493    0.9025    0.1048    2.1292    0.9096
[1] 9100.0000    0.3719    0.9538    0.2266    2.2224    1.0939
[1] 9200.0000    1.0000    0.9069    0.2313    2.3190    1.1995
[1] 9300.0000    0.0016    0.9856    0.1037    2.1066    1.1370
[1] 9400.0000    0.1785    0.8458    0.2949    2.2337    1.0091
[1] 9500.0000    0.0000    0.9329    0.0522    2.1622    0.8817
[1] 9600.0000    0.4439    0.8149    0.0393    2.1022    0.9056
[1] 9700.0000    0.0409    0.8614    0.1425    2.1299    0.9692
[1] 9800.0000    0.2456    0.8196    0.0909    2.0690    0.9680
[1] 9900.0000    0.0000    0.8466    0.4094    2.3364    0.8248
[1] 10000.0000     0.8102     0.8618    -0.1816     1.9405     0.8032
[1] 10100.0000     1.0000     0.9049     0.1602     2.1686     1.0751
[1] 10200.0000     0.0009     0.9084     0.0751     2.0496     0.8386
[1] 10300.0000     0.0184     0.8120     0.3007     2.2464     0.8804
[1] 10400.0000     0.0902     0.9337     0.1680     2.1425     1.0990
[1] 10500.0000     1.0000     0.8159     0.2566     2.1922     1.1284
[1] 10600.0000     0.0111     0.9579     0.2494     2.3151     1.1829
[1] 10700.0000     0.0002     0.8531     0.1807     2.2265     0.8181
[1] 10800.0000     1.0000     0.8056    -0.0041     2.0616     0.8503
[1] 1.090e+04 0.000e+00 8.264e-01 9.740e-02 2.238e+00 1.114e+00
[1] 11000.0000     0.4936     0.8012     0.1110     2.2371     0.9407
[1] 11100.0000     0.0008     0.8902     0.1751     2.2319     0.9114
[1] 11200.0000     1.0000     0.9412     0.2057     2.2665     0.8257
[1] 11300.0000     0.6535     0.9738     0.0786     2.0488     1.1215
[1] 11400.0000     1.0000     0.9866     0.1811     2.1985     0.8664
[1] 11500.0000     0.0000     0.9311     0.0546     2.1358     0.8792
[1] 11600.0000     1.0000     0.9382    -0.1270     1.9243     0.8033
[1] 11700.0000     1.0000     0.8766    -0.1051     2.0083     0.9110
[1] 11800.0000     0.0255     0.8440     0.0370     1.9849     0.8198
[1] 1.190e+04 3.469e-01 8.272e-01 2.405e-01 2.218e+00 8.962e-01
[1] 12000.0000     0.0090     0.8543    -0.0033     2.0445     1.1591
[1] 1.210e+04 7.990e-02 9.452e-01 1.297e-01 2.188e+00 8.400e-01
[1] 12200.0000     0.0019     0.8279     0.1434     2.0522     0.8199
[1] 12300.0000     0.0054     0.9623     0.1648     2.0707     1.1420
[1] 12400.0000     1.0000     0.8046    -0.0066     2.0483     0.8797
[1] 12500.0000     0.1215     0.9120     0.3213     2.3541     1.1259
[1] 12600.0000     0.4351     0.9564     0.2733     2.1631     1.1675
[1] 12700.0000     0.0000     0.9486     0.3386     2.3784     0.8166
[1] 12800.0000     0.0026     0.9108    -0.0031     2.0233     1.0765
[1] 12900.0000     0.0378     0.8554    -0.2588     1.8169     0.9712
[1] 13000.0000     0.1012     0.8069     0.1356     2.1747     1.0997
[1] 13100.0000     0.0012     0.9404     0.1010     2.1344     0.9822
[1] 13200.0000     0.0008     0.9589    -0.0583     1.9157     1.1555
[1] 13300.0000     0.1887     0.8522     0.2039     2.1950     1.0074
[1] 13400.0000     0.0000     0.9801     0.2397     2.2119     1.0073
[1] 13500.0000     0.0000     0.8240     0.1385     2.2702     1.0099
[1] 13600.0000     0.0027     0.8917     0.0175     1.9350     1.0301
[1] 13700.0000     0.9121     0.8314     0.0143     2.0694     0.8589
[1] 13800.0000     0.0000     0.8418    -0.0722     1.9684     1.1127
[1] 13900.0000     0.2344     0.8125    -0.0295     2.0378     1.1546
[1] 14000.0000     0.4260     0.9598     0.2465     2.1714     0.8043
[1] 14100.0000     0.0002     0.9236     0.2801     2.2806     0.9106
[1] 14200.0000     0.0318     0.9171     0.1268     2.1238     0.8964
[1] 14300.0000     0.0250     0.8359    -0.0447     2.0142     1.0907
[1] 14400.0000     1.0000     0.8984     0.0933     2.0757     1.1866
[1] 14500.0000     0.0021     0.8302     0.1200     2.1949     1.1813
[1] 14600.0000     0.0000     0.8084    -0.0445     2.0824     0.8928
[1] 14700.0000     1.0000     0.8840     0.1335     2.2056     1.0394
[1] 14800.0000     0.0000     0.9533    -0.0006     1.9586     0.8106
[1] 14900.0000     0.7148     0.9485     0.1074     2.1912     1.1960
[1] 15000.0000     0.0000     0.9486     0.0148     2.0599     0.9418
[1] 15100.0000     0.3211     0.9112     0.0262     2.1278     1.0503
[1] 15200.0000     0.1465     0.9135     0.0586     2.0734     0.9942
[1] 15300.0000     0.0175     0.8296     0.3141     2.4336     1.1944
[1] 1.540e+04 4.607e-01 8.005e-01 2.477e-01 2.328e+00 8.812e-01
[1] 15500.0000     0.3192     0.9013     0.1726     2.0911     1.0728
[1] 15600.0000     0.6745     0.9912     0.0375     2.0861     1.0551
[1] 15700.0000     0.0029     0.8668     0.3754     2.4040     1.0399
[1] 15800.0000     1.0000     0.9774     0.2300     2.2098     1.1822
[1] 15900.0000     0.0000     0.9524     0.1123     2.2268     1.0855
[1] 16000.0000     0.2903     0.9761    -0.0213     2.0990     1.0600
[1] 16100.0000     1.0000     0.9477     0.1786     2.3089     0.9420
[1] 16200.0000     1.0000     0.8455     0.0218     2.0746     1.0509
[1] 16300.0000     1.0000     0.9029     0.2316     2.1839     1.0365
[1] 16400.0000     0.1337     0.8090     0.1598     2.1613     0.8978
[1] 16500.0000     0.1251     0.9894     0.0804     2.1203     0.9222
[1] 16600.0000     0.2662     0.8568     0.0436     2.0786     1.0645
[1] 16700.0000     0.5794     0.9070     0.0967     2.1968     1.1930
[1] 16800.0000     0.0657     0.8165    -0.0890     1.9379     1.0376
[1] 16900.0000     0.0331     0.8221     0.0234     1.9842     1.1575
[1] 17000.0000     0.5568     0.8355     0.2281     2.2791     0.9526
[1] 17100.0000     0.0019     0.9262     0.4028     2.2885     0.9696
[1] 17200.0000     0.5043     0.9497    -0.1216     1.9428     0.8252
[1] 17300.0000     0.0486     0.9564    -0.1319     1.9383     0.9524
[1] 17400.0000     0.7270     0.9623     0.2622     2.2992     1.1696
[1] 17500.0000     1.0000     0.9645     0.0222     2.0074     0.9956
[1] 17600.0000     0.0011     0.8018     0.0951     2.1114     1.0705
[1] 17700.0000     0.0119     0.8922     0.0409     2.0242     1.0234
[1] 17800.0000     1.0000     0.9968     0.1290     2.1577     0.8268
[1] 17900.0000     0.0047     0.8644     0.2003     2.2376     1.0507
[1] 1.800e+04 8.027e-01 9.109e-01 3.772e-01 2.409e+00 8.712e-01
[1] 18100.0000     0.2021     0.8667     0.2169     2.2001     1.1867
[1] 18200.0000     1.0000     0.8073     0.3162     2.3156     0.9256
[1] 18300.0000     0.0293     0.9706     0.0936     2.1340     1.1685
[1] 18400.0000     0.0009     0.9243    -0.1893     1.9748     1.1066
[1] 18500.0000     0.0151     0.8611    -0.0056     2.1295     0.9812
[1] 18600.0000     0.0053     0.8932    -0.0209     2.1409     0.8460
[1] 18700.0000     0.1463     0.9071     0.3150     2.3696     1.1143
[1] 18800.0000     0.0485     0.8643     0.0500     2.0933     0.9840
[1] 18900.0000     0.0001     0.8387    -0.0847     1.9962     0.8037
[1] 19000.0000     1.0000     0.8087     0.3124     2.2926     1.1060
[1] 19100.0000     0.0016     0.8142     0.0491     2.1501     1.0716
[1] 19200.0000     1.0000     0.8319     0.1579     2.0897     1.0132
[1] 19300.0000     0.2613     0.8940     0.0899     2.1352     1.1248
[1] 19400.0000     0.1221     0.8040     0.1078     2.0914     1.1551
[1] 19500.0000     0.0006     0.8243     0.3736     2.3643     0.8751
[1] 19600.0000     0.1991     0.8098     0.1692     2.2133     1.1951
[1] 19700.0000     0.0078     0.8143     0.2585     2.2289     0.8081
[1] 19800.0000     0.1423     0.8317     0.3308     2.3502     1.0742
[1] 19900.0000     0.4701     0.9981     0.4148     2.4561     1.0280
[1] 20000.0000     0.1633     0.8545    -0.0597     2.0194     0.8923
[1] 20100.0000     0.0000     0.8622     0.2611     2.3318     0.8640
[1] 20200.0000     1.0000     0.9840     0.1711     2.2384     1.1380
[1] 20300.0000     0.0005     0.8028    -0.1071     2.0515     0.9708
[1] 20400.0000     1.0000     0.8446     0.1326     2.1342     1.0333
[1] 20500.0000     0.0009     0.8964     0.1021     2.2011     1.1285
[1] 20600.0000     0.0958     0.8909     0.1057     2.1835     1.1489
[1] 20700.0000     0.8150     0.8107     0.3237     2.2934     1.0874
[1] 20800.0000     0.8829     0.9981    -0.0124     2.0830     1.0246
[1] 20900.0000     0.0000     0.8547     0.1460     2.1619     0.9562
[1] 21000.0000     0.1434     0.8708     0.0325     2.0819     1.1617
[1] 21100.0000     0.0816     0.9291     0.0857     2.0989     1.1428
[1] 21200.0000     0.1773     0.8263     0.1094     2.1398     1.1324
[1] 21300.0000     0.0001     0.8214     0.1924     2.0746     1.0391
[1] 21400.0000     1.0000     0.8276     0.2127     2.2242     0.8233
[1] 21500.0000     0.0045     0.8906     0.2183     2.2514     0.8206
[1] 21600.0000     0.9303     0.9634     0.0932     2.1685     0.9473
[1] 21700.0000     0.4785     0.9973     0.0292     2.1018     0.9605
[1] 21800.0000     0.5018     0.8778     0.3378     2.4581     1.0685
[1] 21900.0000     0.6381     0.9598     0.2012     2.2552     0.8497
[1] 22000.0000     0.2108     0.8850     0.3434     2.2659     0.9555
[1] 22100.0000     0.1250     0.8953     0.2194     2.2429     0.9321
[1] 22200.0000     0.2770     0.8918     0.0083     2.1116     1.1042
[1] 22300.0000     0.0336     0.9726    -0.0326     2.1633     0.8521
[1] 22400.0000     1.0000     0.9971     0.2137     2.2325     0.9354
[1] 22500.0000     0.0086     0.8239     0.0583     2.1815     1.1368
[1] 22600.0000     0.0029     0.9196     0.2567     2.2635     1.0596
[1] 22700.0000     0.0037     0.8271     0.1431     2.1356     1.1968
[1] 22800.0000     0.1208     0.8972     0.0561     1.9788     1.0231
[1] 22900.0000     0.0780     0.8804    -0.0034     2.0801     0.9211
[1] 2.300e+04 0.000e+00 8.997e-01 3.080e-01 2.211e+00 9.381e-01
[1] 23100.0000     0.4442     0.8119     0.2622     2.2130     1.0551
[1] 23200.0000     0.0245     0.8437     0.1742     2.2652     0.8877
[1] 23300.0000     0.0004     0.9905     0.2465     2.3107     1.1869
[1] 23400.0000     0.3686     0.8888     0.2124     2.1309     1.0444
[1] 23500.0000     0.1306     0.8245     0.2653     2.2848     0.8555
[1] 23600.0000     0.0191     0.9324     0.0578     2.1286     0.8634
[1] 23700.0000     0.1797     0.9328     0.0059     2.0796     1.0180
[1] 23800.0000     0.7377     0.9299     0.0420     2.0063     1.0580
[1] 23900.0000     0.7468     0.9920     0.2845     2.2432     1.0485
[1] 24000.0000     1.0000     0.9239     0.1909     2.2493     0.9362
[1] 24100.0000     1.0000     0.9214    -0.0008     2.0962     0.8541
[1] 24200.0000     0.0676     0.8467     0.0882     2.1802     0.8230
[1] 24300.0000     0.2400     0.9595     0.0437     2.0939     0.9607
[1] 2.440e+04 8.561e-01 9.947e-01 1.580e-01 2.128e+00 9.697e-01
[1] 24500.0000     0.0654     0.8969     0.2775     2.3427     1.0480
[1] 24600.0000     0.0000     0.8781     0.1745     2.2252     0.8812
[1] 24700.0000     1.0000     0.9195    -0.1273     1.8912     0.8781
[1] 24800.0000     0.0002     0.8460     0.0754     2.1144     0.9489
[1] 24900.0000     0.0048     0.9126    -0.1051     2.0923     1.0268
[1] 25000.0000     1.0000     0.8801     0.2541     2.2958     0.8235
[1] 25100.0000     0.9682     0.8419     0.0496     2.1364     0.8544
[1] 25200.0000     0.0620     0.8495     0.2049     2.2982     1.1739
[1] 25300.0000     0.0003     0.9779     0.0327     2.1214     0.8977
[1] 25400.0000     0.2676     0.9621    -0.0238     2.0596     0.9516
[1] 25500.0000     1.0000     0.8159     0.0185     1.9935     1.0385
[1] 25600.0000     0.0574     0.9926     0.3396     2.3028     0.9855
[1] 25700.0000     0.1459     0.8976    -0.1259     1.9505     0.9408
[1] 25800.0000     0.0186     0.9689     0.1523     2.2027     1.1962
[1] 25900.0000     0.0001     0.8683     0.2612     2.1738     0.8098
[1] 26000.0000     0.2510     0.9492     0.0608     1.9895     1.0058
[1] 26100.0000     0.0920     0.8951     0.1164     2.1977     0.8249
[1] 26200.0000     0.9621     0.8601     0.1197     2.2076     0.9041
[1] 26300.0000     0.4800     0.8704    -0.0061     1.9583     0.8472
[1] 26400.0000     0.0604     0.8855     0.2221     2.1069     1.0131
[1] 26500.0000     0.0071     0.8034    -0.1265     1.9023     1.1338
[1] 26600.0000     0.2470     0.8720    -0.0516     2.0024     0.9170
[1] 26700.0000     0.0703     0.9721     0.1279     2.1714     0.8075
[1] 26800.0000     0.1214     0.8173    -0.0067     2.0838     0.9752
[1] 26900.0000     0.0106     0.9241     0.2564     2.2543     1.0646
[1] 27000.0000     0.6006     0.9266     0.1257     2.1572     0.8932
[1] 27100.0000     0.0004     0.8095     0.0960     2.1011     1.0497
[1] 27200.0000     0.0117     0.8628     0.0327     2.1170     1.0265
[1] 27300.0000     0.0049     0.9608     0.0715     2.0981     0.8492
[1] 27400.0000     0.1032     0.8725    -0.0191     1.9926     1.1899
[1] 27500.0000     0.9304     0.8366     0.1998     2.1791     1.0805
[1] 27600.0000     0.0029     0.8069     0.1284     2.1225     0.9996
[1] 27700.0000     0.0055     0.8768     0.2860     2.3274     1.0202
[1] 27800.0000     0.0000     0.8358     0.1719     2.2334     1.1051
[1] 27900.0000     0.5584     0.8774     0.2038     2.2026     1.0564
[1] 28000.0000     0.0073     0.9003    -0.0361     2.0752     0.9918
[1] 28100.0000     0.0000     0.9262    -0.0171     2.0470     1.0710
[1] 28200.0000     0.7413     0.9271     0.2796     2.3019     0.9591
[1] 28300.0000     0.0015     0.8510     0.0432     2.0888     0.8048
[1] 28400.0000     1.0000     0.9594    -0.0097     2.0034     0.8105
[1] 28500.0000     1.0000     0.8206     0.2040     2.2950     1.0447
[1] 28600.0000     0.0215     0.9775    -0.0619     1.9542     0.9079
[1] 28700.0000     0.0517     0.8497     0.1323     2.0667     1.1155
[1] 28800.0000     1.0000     0.9743     0.1170     2.1269     0.8723
[1] 28900.0000     0.8174     0.8662     0.0055     2.0455     0.8550
[1] 29000.0000     1.0000     0.8095     0.1701     2.1650     1.0816
[1] 29100.0000     0.0112     0.9156     0.1828     2.2204     0.8172
[1] 29200.0000     0.0005     0.8505    -0.1144     1.9750     0.9156
[1] 29300.0000     0.0287     0.9373     0.0469     2.0286     0.8252
[1] 29400.0000     0.0161     0.9512     0.2591     2.1726     1.1262
[1] 29500.0000     0.0004     0.9711    -0.0661     1.9779     0.9025
[1] 29600.0000     0.0016     0.8267     0.1349     2.2111     1.0464
[1] 29700.0000     0.0045     0.8203     0.0574     2.0124     1.1249
[1] 29800.0000     1.0000     0.8701     0.0176     2.1506     0.8024
[1] 29900.0000     0.6507     0.9798     0.1366     2.1128     1.0014
[1] 30000.0000     0.2385     0.8307    -0.0004     2.0574     1.0904
[1] 0.3556258
Time difference of 3.540052 hours
null device 
          1 
