[1] "El numero de nodos X particion es: 10"
[1] "Model = M2 / Data = sim_data/datasetSVIMatern4.Rdata"
[1] 100.0000   1.0000   0.8291   0.0689   1.9302   0.9331
[1] 200.0000   0.3993   0.8487   0.0976   1.9077   0.8384
[1] 300.0000   1.0000   0.8776   0.0169   1.9358   1.0665
[1] 400.0000   0.0472   0.9217  -0.1828   2.1869   0.9692
[1] 500.0000   0.0000   0.8380   0.0468   1.9999   0.8203
[1] 600.0000   1.0000   0.9748   0.2192   1.7149   1.0386
[1] 700.0000   0.0338   0.8999   0.5006   1.5110   1.0702
[1] 800.0000   0.0000   0.9313   0.2762   1.6316   1.0430
[1] 900.0000   0.0000   0.8673  -0.0412   1.9686   0.8963
[1] 1000.0000    0.0000    0.8209   -0.2726    2.2342    0.9374
[1] 1100.0000    0.0000    0.9319    0.9719    0.9147    0.8930
[1] 1200.0000    0.4173    0.8603    1.1964    0.8745    0.9164
[1] 1300.0000    0.0000    0.9498   -0.2156    2.0992    1.1653
[1] 1400.0000    0.0000    0.9303   -1.0821    2.9573    1.1894
[1] 1500.0000    0.0000    0.9584    0.1066    1.9063    1.0940
[1] 1600.0000    0.0000    0.8026   -0.8330    2.7949    1.1341
[1] 1700.0000    0.0000    0.8745    0.4462    1.4910    0.9148
[1] 1800.0000    0.0000    0.8314    0.3302    1.6407    0.9945
[1] 1900.0000    0.0000    0.8411   -0.6333    2.5957    1.0047
[1] 2000.0000    0.0000    0.8550    0.5190    1.5216    1.0762
[1] 2100.0000    0.0000    0.8614   -0.7857    2.7522    0.9148
[1] 2200.0000    0.0000    0.8668    0.2602    1.7853    1.0989
[1] 2300.0000    0.0000    0.8951    0.0916    1.8104    0.9529
[1] 2400.0000    0.0000    0.9355   -0.1617    2.1263    1.1578
[1] 2500.0000    0.0133    0.9668    0.5151    1.3787    0.8029
[1] 2600.0000    0.0000    0.8617   -0.4488    2.3272    0.8044
[1] 2700.0000    0.0027    0.9469   -0.7593    2.5776    1.1386
[1] 2800.0000    0.0004    0.9386   -0.1129    2.0552    0.8695
[1] 2900.0000    0.0000    0.9057   -0.7730    2.6850    0.9581
[1] 3000.0000    0.0000    0.8318   -0.1806    2.1343    1.1464
[1] 3100.0000    0.0000    0.9411    0.4921    1.3665    0.9915
[1] 3200.0000    0.0000    0.9190    0.8111    1.1764    0.9575
[1] 3300.0000    0.0000    0.9312    0.6605    1.2923    0.9302
[1] 3400.0000    0.2950    0.8983    0.9300    1.0754    1.1525
[1] 3500.0000    0.0000    0.8568    0.7788    1.1941    1.0820
[1] 3600.0000    0.0000    0.9027   -0.3180    2.3113    1.1569
[1] 3700.0000    1.0000    0.9624    0.0938    1.8544    0.8094
[1] 3800.0000    0.0000    0.8306   -0.1497    2.1172    0.8349
[1] 3900.0000    0.0000    0.8319    0.0453    2.0313    0.8180
[1] 4000.0000    0.0000    0.9782   -0.7698    2.7726    1.1817
[1] 4100.0000    0.0000    0.8388   -0.8764    2.8590    0.8864
[1] 4200.0000    0.0000    0.9756   -0.9392    2.8759    0.9752
[1] 4300.0000    0.1347    0.8028   -0.2548    2.2223    0.9927
[1] 4400.0000    0.0000    0.8310    0.1581    1.7719    1.1572
[1] 4500.0000    0.1656    0.8404    0.5608    1.4536    1.1577
[1] 4600.0000    0.0000    0.9581    0.5030    1.5476    0.8180
[1] 4700.0000    0.0000    0.8528   -0.6653    2.6069    0.8411
[1] 4800.0000    0.0000    0.8660   -1.0623    3.0263    1.0939
[1] 4900.0000    0.0000    0.8046   -0.7429    2.7689    1.0396
[1] 5000.0000    0.0001    0.9762   -1.0781    2.9632    0.8665
[1] 5100.0000    0.0000    0.8192   -0.8755    2.8258    0.8134
[1] 5200.0000    0.0000    0.8051    0.0174    1.8989    0.8965
[1] 5300.0000    0.0000    0.8845    0.3002    1.6661    1.0022
[1] 5400.0000    0.0001    0.8536    1.1247    0.8905    0.9337
[1] 5500.0000    0.0000    0.8913    1.1862    0.7646    1.1131
[1] 5600.0000    0.0000    0.8117    0.7959    1.1084    0.9121
[1] 5700.0000    0.0000    0.8882    0.2956    1.7066    1.0651
[1] 5800.0000    0.0000    0.8612   -0.6511    2.6685    1.0327
[1] 5900.0000    0.0000    0.8072   -0.9931    2.9635    1.1666
[1] 6000.0000    0.0000    0.8887   -0.1897    2.0993    0.8335
[1] 6100.0000    0.0000    0.8793    0.1854    1.7181    0.8792
[1] 6200.0000    0.0000    0.8741    0.1050    1.8389    0.8043
[1] 6300.0000    0.0000    0.9569    0.4262    1.6903    0.8080
[1] 6400.0000    0.0000    0.9924   -0.1617    2.0637    1.0322
[1] 6500.0000    0.0088    0.9084   -0.0065    2.0384    1.0918
[1] 6600.0000    0.0000    0.8710    0.2061    1.6557    0.9001
[1] 6700.0000    0.0000    0.8204   -0.8217    2.7343    0.9264
[1] 6800.0000    0.2720    0.8794    0.2047    1.7899    0.9381
[1] 6900.0000    0.0000    0.9267   -0.4907    2.5463    1.0380
[1] 7000.0000    0.0000    0.8521   -0.2618    2.2323    1.0680
[1] 7100.0000    0.0000    0.8247   -0.5692    2.5713    1.0835
[1] 7200.0000    0.0000    0.8247   -0.4049    2.4758    0.8913
[1] 7300.0000    0.0000    0.9346    0.4422    1.5726    1.1740
[1] 7400.0000    0.0000    0.8045   -0.0372    1.9223    0.8734
[1] 7500.0000    0.0000    0.8918   -1.7518    3.6184    1.0101
[1] 7600.0000    0.0000    0.9493   -0.6981    2.6404    0.9281
[1] 7700.0000    0.0000    0.8440   -1.1984    3.1299    0.8976
[1] 7800.0000    0.0000    0.8350   -0.1836    2.2100    1.1361
[1] 7900.0000    0.0000    0.9654   -0.1540    2.0513    1.1831
[1] 8000.0000    0.0000    0.9309    0.2635    1.6180    1.0835
[1] 8100.0000    0.0000    0.8483   -0.3636    2.2658    0.8203
[1] 8200.0000    0.0000    0.9110   -0.5029    2.4513    0.9989
[1] 8300.0000    0.0000    0.8222   -0.2850    2.2432    0.8438
[1] 8400.0000    0.0000    0.9658    0.0971    1.7677    0.9286
[1] 8500.0000    0.0000    0.8325    0.1449    1.9029    1.0750
[1] 8600.0000    0.0016    0.9564   -0.9256    2.9374    0.9963
[1] 8700.0000    0.0000    0.8940   -0.7867    2.7339    1.0236
[1] 8800.0000    0.0000    0.9646    0.2854    1.5487    0.8293
[1] 8900.0000    0.0000    0.8248    0.8742    1.1381    1.0728
[1] 9000.0000    0.0000    0.8301    0.3240    1.5779    1.1387
[1] 9100.0000    0.0000    0.9178   -0.2290    2.1194    0.8722
[1] 9200.0000    0.0000    0.9501   -0.7119    2.7101    0.9744
[1] 9300.0000    0.0000    0.9734    0.3131    1.5529    1.1056
[1] 9400.0000    0.0000    0.8413    0.9948    0.9088    1.0761
[1] 9500.0000    0.0000    0.8817   -0.7968    2.7314    1.0875
[1] 9600.0000    0.0000    0.8149    0.1569    1.8044    0.9056
[1] 9700.0000    0.0000    0.8918    0.9975    0.9250    0.8845
[1] 9800.0000    0.0000    0.9450    0.0362    1.9679    1.0855
[1] 9900.0000    0.0000    0.9876    1.0805    0.8878    0.9739
[1] 10000.0000     1.0000     0.8618    -0.5068     2.5056     0.8032
[1] 10100.0000     1.0000     0.9049    -0.0845     2.1322     1.0751
[1] 10200.0000     0.0011     0.8458     0.5635     1.3969     1.1044
[1] 10300.0000     0.2077     0.9549     1.3054     0.6827     0.8021
[1] 10400.0000     0.0000     0.9109    -0.0698     1.9660     0.9653
[1] 10500.0000     0.0000     0.9828     0.2694     1.6434     0.8036
[1] 1.060e+04 0.000e+00 8.442e-01 1.447e-01 1.878e+00 9.495e-01
[1] 10700.0000     0.0000     0.8398     0.5166     1.4589     1.0590
[1] 10800.0000     0.7314     0.8071     0.4877     1.4026     1.1307
[1] 10900.0000     0.0000     0.8191     1.0281     0.9842     0.8008
[1] 11000.0000     0.0493     0.8555     0.7379     1.2620     1.1761
[1] 11100.0000     0.0000     0.8902     0.3144     1.6866     0.9114
[1] 11200.0000     0.1978     0.8258     0.0473     1.8995     1.0628
[1] 11300.0000     0.0000     0.8936     0.0479     1.9176     1.0961
[1] 11400.0000     0.0052     0.9548     0.6593     1.3873     1.0047
[1] 11500.0000     0.0000     0.8034     0.0829     1.8731     0.8501
[1] 11600.0000     0.0000     0.9104    -0.6061     2.5627     0.8269
[1] 11700.0000     0.0001     0.8224    -0.1234     2.1234     0.8539
[1] 11800.0000     0.0000     0.8440    -0.0467     1.8609     0.8198
[1] 11900.0000     0.0000     0.8460    -0.1806     2.1150     0.8150
[1] 12000.0000     0.0000     0.8014     0.1700     1.8102     1.0595
[1] 12100.0000     0.0000     0.8005    -0.2221     2.1615     0.8375
[1] 12200.0000     0.4279     0.8496     1.2241     0.7844     0.8460
[1] 12300.0000     0.0000     0.8010     0.5844     1.3989     0.8810
[1] 12400.0000     0.3413     0.8046    -0.0809     2.1406     0.8797
[1] 12500.0000     0.0000     0.9939     0.2755     1.7629     0.9707
[1] 12600.0000     0.0000     0.8126    -0.1066     2.1220     1.1805
[1] 12700.0000     0.0005     0.9614    -0.4128     2.2204     0.8958
[1] 12800.0000     0.0000     0.8810    -0.4930     2.5090     1.0848
[1] 12900.0000     0.1467     0.8545    -0.3416     2.3660     1.0312
[1] 13000.0000     0.0000     0.8069     0.8263     1.1419     1.0997
[1] 13100.0000     0.0000     0.9404     1.6878     0.3210     0.9822
[1] 13200.0000     0.0000     0.8843    -0.7863     2.8109     0.9997
[1] 13300.0000     0.0000     0.9222    -0.3373     2.3837     0.8801
[1] 13400.0000     0.0000     0.9676     0.0488     1.8661     1.1418
[1] 13500.0000     0.0000     0.8466    -0.7304     2.7328     0.8143
[1] 13600.0000     0.0000     0.8917     0.5907     1.4021     1.0301
[1] 13700.0000     0.0000     0.8528    -0.1371     2.1108     0.9017
[1] 13800.0000     0.0000     0.8787    -0.8604     2.8159     1.0611
[1] 13900.0000     0.0000     0.8573    -0.6530     2.6332     0.8372
[1] 14000.0000     0.0000     0.9588     0.0927     1.8853     0.9662
[1] 14100.0000     0.0000     0.8844     0.6579     1.1899     1.1867
[1] 14200.0000     0.0000     0.8479     0.1752     1.7582     0.8739
[1] 14300.0000     0.0000     0.9227    -0.5893     2.5184     1.0001
[1] 14400.0000     0.0151     0.8623     0.4449     1.4944     0.8985
[1] 14500.0000     0.1624     0.8647     0.6331     1.3806     1.0877
[1] 14600.0000     0.0000     0.8721     0.9291     1.0359     0.9912
[1] 14700.0000     0.0000     0.8974     0.0911     1.8209     1.0871
[1] 14800.0000     0.0000     0.9433     1.0145     0.8436     0.9182
[1] 14900.0000     0.0827     0.9582     0.5163     1.4338     1.0321
[1] 15000.0000     0.0061     0.9447     0.0701     1.8838     0.8911
[1] 15100.0000     1.0000     0.8292    -0.1828     2.1156     0.9249
[1] 15200.0000     0.0000     0.8242     0.5321     1.4489     1.0800
[1] 15300.0000     0.2893     0.8059     0.3726     1.6318     0.9091
[1] 15400.0000     0.0737     0.9636    -0.9160     2.9506     0.9462
[1] 15500.0000     0.0000     0.9734    -1.7976     3.7429     1.1714
[1] 15600.0000     0.0000     0.8520    -1.4713     3.4563     1.1912
[1] 15700.0000     0.0000     0.8475    -0.5540     2.4792     0.9690
[1] 15800.0000     0.0000     0.9108    -0.4329     2.3816     0.9068
[1] 15900.0000     0.0000     0.8876     0.0828     1.8261     0.9067
[1] 16000.0000     0.0036     0.8124    -0.3749     2.3663     1.1160
[1] 16100.0000     0.0000     0.8125     0.5908     1.3822     0.8885
[1] 16200.0000     0.0000     0.9466    -0.0739     1.9828     0.9477
[1] 16300.0000     0.0000     0.9158    -0.1707     2.1919     0.9491
[1] 16400.0000     0.0000     0.9401     0.0392     1.9011     0.9237
[1] 16500.0000     1.0000     0.9407    -0.0409     2.0804     0.9877
[1] 16600.0000     0.0000     0.8294    -0.2600     2.2931     0.8835
[1] 16700.0000     0.0000     0.8462     0.5012     1.4402     0.9538
[1] 16800.0000     0.0000     0.8621     0.6301     1.2814     1.1596
[1] 16900.0000     0.0000     0.8138     0.7877     1.0907     1.1004
[1] 17000.0000     0.0000     0.9790    -0.4499     2.3763     0.8822
[1] 17100.0000     0.0000     0.9305     0.6625     1.3883     0.9283
[1] 17200.0000     0.0000     0.9497     0.5177     1.4531     0.8252
[1] 17300.0000     1.0000     0.8396     1.9409     0.0149     1.0131
[1] 17400.0000     0.0000     0.8593     1.2861     0.7177     1.1450
[1] 17500.0000     0.0000     0.8131     0.8653     1.1223     0.9127
[1] 17600.0000     0.0000     0.8698     0.1811     1.8049     0.8781
[1] 17700.0000     0.0000     0.8794     0.4260     1.5748     0.9707
[1] 17800.0000     0.0286     0.9383    -0.2867     2.2261     1.0084
[1] 17900.0000     0.0000     0.9083    -0.0597     2.1033     0.9495
[1] 18000.0000     1.0000     0.9109    -0.2425     2.2304     0.8712
[1] 18100.0000     0.0000     0.8667    -0.3150     2.4067     1.1867
[1] 18200.0000     0.0350     0.8582     0.8023     1.0786     0.9652
[1] 1.830e+04 0.000e+00 8.480e-01 2.419e-01 1.745e+00 1.074e+00
[1] 18400.0000     0.0000     0.9529    -1.0756     3.0842     0.8173
[1] 18500.0000     0.0000     0.8451     0.0025     2.0069     0.9054
[1] 18600.0000     0.0000     0.8656    -0.6995     2.7080     0.8624
[1] 18700.0000     0.0000     0.8080    -0.0474     2.1361     0.9308
[1] 18800.0000     0.0000     0.8537     0.3209     1.6495     0.9005
[1] 18900.0000     0.0000     0.9024    -0.3268     2.2471     1.0613
[1] 19000.0000     0.0000     0.8366    -0.8188     2.7531     0.8015
[1] 19100.0000     0.0000     0.8878     0.1505     1.7052     1.0323
[1] 19200.0000     0.0000     0.8001    -0.4656     2.3653     0.9641
[1] 19300.0000     0.0000     0.8035     0.6914     1.2102     1.0886
[1] 19400.0000     0.0000     0.8040     0.8879     1.2320     1.1551
[1] 1.950e+04 0.000e+00 9.654e-01 9.810e-01 9.715e-01 9.669e-01
[1] 19600.0000     0.2739     0.9162    -0.6246     2.5827     0.8038
[1] 19700.0000     0.0000     0.8982    -0.0938     1.9561     1.1826
[1] 1.980e+04 0.000e+00 9.408e-01 5.421e-01 1.463e+00 9.927e-01
[1] 19900.0000     0.0000     0.9981    -0.1942     2.1740     1.0280
[1] 20000.0000     0.0000     0.8609    -0.0609     2.0068     1.1764
[1] 20100.0000     0.0000     0.9080     0.9027     1.1278     1.0402
[1] 20200.0000     0.3694     0.8367     0.1972     1.7716     0.9269
[1] 20300.0000     0.0000     0.8028    -0.5121     2.5769     0.9708
[1] 20400.0000     0.0009     0.9072    -0.4331     2.3437     0.9991
[1] 20500.0000     0.0000     0.8964    -0.9205     2.8518     1.1285
[1] 20600.0000     0.8540     0.9169    -0.2680     2.2500     1.1057
[1] 20700.0000     1.0000     0.8107     0.3509     1.5732     1.0874
[1] 20800.0000     0.0000     0.9606    -0.7753     2.7566     1.0886
[1] 20900.0000     0.0005     0.9109     0.6462     1.3476     0.9980
[1] 21000.0000     0.0000     0.9026     0.5464     1.4121     0.9886
[1] 21100.0000     0.0000     0.9732    -0.7643     2.6950     0.8253
[1] 21200.0000     0.0193     0.9704    -0.6079     2.5470     1.1667
[1] 21300.0000     0.0000     0.9596    -0.9207     2.8371     1.0815
[1] 21400.0000     0.0000     0.9719    -0.5059     2.3908     0.9071
[1] 21500.0000     0.0000     0.8732    -0.3887     2.2467     1.0565
[1] 21600.0000     0.0000     0.8420    -0.3796     2.4041     0.8926
[1] 21700.0000     0.0000     0.8416    -1.0476     3.0485     1.0860
[1] 21800.0000     0.0000     0.8218    -0.4477     2.5211     1.1739
[1] 21900.0000     0.0000     0.9408     0.8766     1.0039     0.9421
[1] 22000.0000     0.0000     0.8850     0.2492     1.7135     0.9555
[1] 22100.0000     0.0000     0.8953    -0.3107     2.2555     0.9321
[1] 22200.0000     0.0000     0.9349    -0.4838     2.3608     0.9881
[1] 22300.0000     0.0001     0.8584     0.0492     1.9444     0.9367
[1] 22400.0000     0.0000     0.9494     0.0674     1.9165     0.9207
[1] 22500.0000     0.0002     0.9610     1.1854     0.7446     0.9963
[1] 22600.0000     0.0000     0.8858     0.8236     1.2909     0.9064
[1] 22700.0000     0.0000     0.8271     0.3451     1.5520     1.1968
[1] 22800.0000     0.0001     0.9028    -0.1689     2.1904     1.1243
[1] 22900.0000     0.0000     0.9207     0.4095     1.4832     0.8362
[1] 23000.0000     0.0000     0.9491     0.2069     1.7126     0.8538
[1] 23100.0000     0.0000     0.8781    -0.6414     2.4970     0.9051
[1] 23200.0000     0.0000     0.8288    -0.0377     2.0560     0.8616
[1] 23300.0000     0.5589     0.8966     0.2592     1.7591     1.0199
[1] 23400.0000     0.0000     0.9418     0.4534     1.5246     0.8205
[1] 23500.0000     0.0000     0.8934    -0.3234     2.2489     1.1391
[1] 23600.0000     0.0000     0.8360     0.2562     1.7305     0.8406
[1] 23700.0000     0.0000     0.8580     0.4450     1.5664     0.8494
[1] 23800.0000     0.0000     0.9509     0.6415     1.2198     0.9516
[1] 23900.0000     0.0000     0.8157     0.4472     1.4988     0.8034
[1] 24000.0000     0.0000     0.9304    -0.1327     2.0454     0.8086
[1] 24100.0000     0.0000     0.8289    -1.3047     3.2650     0.9877
[1] 24200.0000     0.0000     0.8399     0.4088     1.4654     1.0287
[1] 24300.0000     0.0000     0.8207    -0.0084     1.9785     1.1509
[1] 24400.0000     0.0207     0.8137     0.3534     1.7326     1.1438
[1] 24500.0000     0.0000     0.9064     0.3933     1.5231     0.8345
[1] 24600.0000     0.0000     0.9062     0.4012     1.5703     0.8877
[1] 24700.0000     0.0000     0.9025    -0.1336     2.0861     0.8040
[1] 24800.0000     0.0000     0.8109     0.7518     1.2588     1.1899
[1] 24900.0000     0.0000     0.9495    -0.1395     2.0282     0.8626
[1] 25000.0000     0.0002     0.9628     0.4395     1.5121     0.9362
[1] 25100.0000     0.0000     0.9605     1.0600     0.8520     1.0743
[1] 25200.0000     0.0000     0.8184     0.0925     1.8885     0.8574
[1] 25300.0000     0.8750     0.8151    -0.3208     2.2672     1.0748
[1] 25400.0000     1.0000     0.8988    -0.6627     2.6583     1.0888
[1] 25500.0000     0.0000     0.8303     0.8011     1.1448     1.1248
[1] 25600.0000     0.0000     0.8978     0.3164     1.6442     1.1142
[1] 2.570e+04 0.000e+00 8.060e-01 9.017e-01 1.071e+00 8.422e-01
[1] 25800.0000     0.0000     0.8043     0.1081     1.8171     0.8730
[1] 25900.0000     0.6922     0.8632     0.4141     1.5335     1.1254
[1] 26000.0000     0.1252     0.9492    -0.1016     2.1851     1.0058
[1] 26100.0000     0.0000     0.9196     0.0905     1.7778     1.1722
[1] 26200.0000     0.0000     0.9529     0.1245     1.7180     1.0017
[1] 26300.0000     0.0000     0.8530     0.3509     1.5863     1.0678
[1] 26400.0000     0.0000     0.8767     0.4908     1.3912     0.8041
[1] 26500.0000     0.0138     0.9903     0.2255     1.7818     1.1966
[1] 26600.0000     0.0000     0.9293    -0.1254     2.2308     0.8497
[1] 26700.0000     0.0010     0.9890     0.8178     1.0681     0.9390
[1] 26800.0000     0.0000     0.8448    -0.8707     2.7827     0.8652
[1] 26900.0000     0.0000     0.9184     0.0441     1.8507     1.1619
[1] 27000.0000     0.0000     0.8794     0.2073     1.7299     0.8948
[1] 27100.0000     0.5787     0.8553     0.2487     1.7379     1.0993
[1] 27200.0000     0.0000     0.8628    -0.2659     2.2306     1.0265
[1] 27300.0000     0.0000     0.8270     0.6779     1.3283     1.1347
[1] 27400.0000     0.0000     0.8203    -0.1229     2.0679     0.8438
[1] 27500.0000     0.0000     0.8463     0.4873     1.5421     0.8762
[1] 27600.0000     0.0000     0.8732     1.0151     1.0090     0.9172
[1] 27700.0000     0.0000     0.8317     0.4761     1.4691     1.1846
[1] 2.780e+04 0.000e+00 8.396e-01 9.516e-01 9.584e-01 8.414e-01
[1] 27900.0000     1.0000     0.8904     0.4127     1.5299     0.9276
[1] 28000.0000     0.0000     0.8025    -0.3202     2.3652     0.9240
[1] 28100.0000     0.0000     0.9262     0.8555     1.2149     1.0710
[1] 28200.0000     0.0000     0.9683     0.4924     1.5392     0.8917
[1] 28300.0000     0.0000     0.9886    -0.0823     2.0538     1.1843
[1] 28400.0000     1.0000     0.9594    -0.5283     2.4433     0.8105
[1] 28500.0000     0.0000     0.8678     0.5590     1.3768     0.8688
[1] 28600.0000     0.0000     0.9775    -0.1018     2.0087     0.9079
[1] 28700.0000     0.0000     0.9675    -0.6872     2.6506     1.1579
[1] 28800.0000     0.0000     0.8104     0.5565     1.3852     1.1940
[1] 28900.0000     0.0000     0.9137     0.2079     1.8713     0.8478
[1] 29000.0000     0.0000     0.9277     0.2288     1.7514     1.1735
[1] 29100.0000     0.0000     0.8445    -0.1162     2.1301     0.8871
[1] 29200.0000     0.0800     0.9367     1.0216     0.9353     1.1465
[1] 29300.0000     0.0132     0.8726     0.8924     1.0678     0.8176
[1] 29400.0000     0.0000     0.8948     0.5567     1.4197     0.8239
[1] 29500.0000     0.0000     0.8094    -0.0021     1.9759     0.8253
[1] 29600.0000     0.0000     0.8335     0.1836     1.6848     1.1940
[1] 29700.0000     0.0000     0.9991    -0.4183     2.3716     0.9357
[1] 29800.0000     0.0000     0.8030    -1.0786     3.1046     0.9421
[1] 29900.0000     0.4865     0.9798     0.0040     2.0589     1.0014
[1] 30000.0000     0.0000     0.9561     1.3121     0.5882     1.0811
[1] 0.07631695
Time difference of 11.20844 hours
null device 
          1 
