[1] "El numero de nodos X particion es: 10"
[1] "Model = M1 / Data = sim_data/datasetSVCExponential29.Rdata"
[1] 100.0000   1.0000   0.8291   0.0544   2.1207   0.9331
[1] 200.0000   0.7532   0.9804  -0.1404   1.8934   1.0297
[1] 300.0000   0.7884   0.8776  -0.1319   1.9860   1.0665
[1] 400.0000   0.6149   0.8233  -0.1308   2.0286   1.0774
[1] 500.0000   0.3562   0.9813  -0.1477   1.8719   0.8492
[1] 600.0000   0.0002   0.8693  -0.0868   1.8743   1.0610
[1] 700.0000   1.0000   0.8087  -0.2418   1.8372   1.0605
[1] 800.0000   0.5047   0.8830  -0.0574   2.0357   0.9772
[1] 900.0000   0.5560   0.9357  -0.2908   1.9084   1.0743
[1] 1000.0000    0.6533    0.9692   -0.0220    2.0912    0.9576
[1] 1100.0000    0.3083    0.9726   -0.3037    1.7477    1.0201
[1] 1200.0000    0.3675    0.8603   -0.0281    2.1440    0.9164
[1] 1300.0000    0.0736    0.9151   -0.1250    2.0758    0.9862
[1] 1400.0000    0.0000    0.9546   -0.2550    1.8140    0.8056
[1] 1500.0000    0.0000    0.9672   -0.0168    2.0776    1.1986
[1] 1600.0000    1.0000    0.9427   -0.0863    2.0650    1.0957
[1] 1700.0000    0.0000    0.9259   -0.1721    1.8814    1.0764
[1] 1800.0000    0.0000    0.9234   -0.1764    2.0282    1.1307
[1] 1900.0000    0.3580    0.9957   -0.0399    2.0119    1.1822
[1] 2000.0000    0.8477    0.8107   -0.0910    1.9194    0.8113
[1] 2100.0000    0.4509    0.8081   -0.0975    2.0680    0.9300
[1] 2200.0000    0.7208    0.8580   -0.0974    1.9838    1.0161
[1] 2300.0000    0.0458    0.8377   -0.1136    2.0259    0.8487
[1] 2400.0000    0.0269    0.9355   -0.1599    1.8285    1.1578
[1] 2500.0000    0.3156    0.8529   -0.0480    2.1080    0.9541
[1] 2600.0000    0.5322    0.9658   -0.2262    1.9283    1.0023
[1] 2700.0000    0.0551    0.8044   -0.1906    1.9616    1.0835
[1] 2800.0000    0.1117    0.8906   -0.2110    1.9977    0.8787
[1] 2900.0000    0.0004    0.8994   -0.4501    1.6509    1.0050
[1] 3000.0000    0.0063    0.9297   -0.0785    2.0045    1.1984
[1] 3100.0000    0.1633    0.8708   -0.2080    1.8358    0.9667
[1] 3200.0000    0.4318    0.9371    0.0024    2.0824    1.1278
[1] 3300.0000    0.0000    0.9877   -0.0855    1.9822    0.9428
[1] 3400.0000    0.0003    0.9079   -0.1505    1.8421    0.8348
[1] 3500.0000    1.0000    0.9338   -0.0498    2.1214    0.8830
[1] 3600.0000    0.1983    0.9027   -0.1628    1.9614    1.1569
[1] 3700.0000    0.0001    0.9950   -0.0133    1.9715    1.0085
[1] 3800.0000    0.0000    0.8653   -0.2194    1.8376    0.9884
[1] 3900.0000    0.0018    0.9837   -0.2011    1.8833    1.1370
[1] 4000.0000    0.4658    0.9388   -0.1094    1.8527    0.8131
[1] 4100.0000    0.4571    0.9193    0.0943    2.1010    1.0337
[1] 4200.0000    0.5954    0.9756   -0.1645    1.9510    0.9752
[1] 4300.0000    0.0000    0.9986   -0.1278    1.9997    0.9026
[1] 4400.0000    0.1197    0.9571    0.0288    2.0622    0.9932
[1] 4500.0000    1.0000    0.8410   -0.0054    2.0275    1.1520
[1] 4600.0000    0.0171    0.8039   -0.1477    1.8478    1.1669
[1] 4700.0000    0.0000    0.9863    0.0963    2.0810    1.1102
[1] 4800.0000    0.0662    0.8985   -0.1339    1.9689    0.9827
[1] 4900.0000    0.0481    0.9222    0.2165    2.2200    0.9837
[1] 5000.0000    1.0000    0.9273   -0.1693    1.8586    1.0348
[1] 5100.0000    0.5114    0.8496   -0.1500    2.0087    0.8317
[1] 5200.0000    0.0016    0.8350    0.0510    2.2632    1.0935
[1] 5300.0000    1.0000    0.8379   -0.0647    1.9704    1.0434
[1] 5400.0000    1.0000    0.8515   -0.1208    1.9630    1.1120
[1] 5500.0000    0.4514    0.8940   -0.2491    1.8896    1.1671
[1] 5600.0000    0.0226    0.9095   -0.4698    1.7502    0.9324
[1] 5700.0000    0.1016    0.9403   -0.1897    1.8037    0.9236
[1] 5800.0000    0.0580    0.8612   -0.0665    2.1059    1.0327
[1] 5900.0000    0.4182    0.8759   -0.3353    1.7980    1.0113
[1] 6000.0000    0.1454    0.8924   -0.1218    1.8969    1.0716
[1] 6100.0000    0.1109    0.9025    0.0543    2.0822    0.9119
[1] 6200.0000    1.0000    0.8336   -0.3689    1.6807    0.9759
[1] 6300.0000    0.0044    0.8959   -0.2450    1.9830    1.1826
[1] 6400.0000    0.4862    0.9022   -0.0126    1.9473    0.8332
[1] 6500.0000    0.0325    0.8697   -0.1762    1.9334    0.9040
[1] 6600.0000    0.0068    0.8860   -0.3061    1.8681    1.0301
[1] 6700.0000    0.0003    0.9726   -0.3603    1.7254    1.0730
[1] 6800.0000    1.0000    0.8496   -0.1183    2.0207    0.9728
[1] 6900.0000    0.0634    0.8556   -0.2077    1.8712    1.1638
[1] 7000.0000    0.0035    0.8011   -0.0681    1.9837    1.0228
[1] 7100.0000    1.0000    0.8440   -0.1719    1.8344    0.9302
[1] 7200.0000    0.0036    0.9645   -0.0799    1.9924    0.9109
[1] 7300.0000    0.0006    0.8821   -0.1970    1.9525    0.9361
[1] 7400.0000    0.0000    0.8164   -0.2581    1.7441    0.8600
[1] 7500.0000    1.0000    0.8741    0.0729    2.1165    1.0979
[1] 7600.0000    0.1078    0.8332   -0.2334    1.8757    1.0877
[1] 7700.0000    0.0138    0.8552   -0.2192    1.8152    1.0850
[1] 7800.0000    0.0000    0.8812   -0.0743    1.8973    1.0536
[1] 7900.0000    0.4081    0.8037   -0.1748    1.9217    1.1632
[1] 8000.0000    0.3454    0.9186   -0.3199    1.7454    1.0026
[1] 8100.0000    0.4337    0.8687   -0.1110    2.0223    1.0506
[1] 8200.0000    0.0000    0.9636   -0.0565    1.9887    1.1811
[1] 8300.0000    0.0008    0.8222    0.0872    2.1303    0.8438
[1] 8400.0000    0.9267    0.9278   -0.0129    1.9689    0.8107
[1] 8500.0000    0.0160    0.8507   -0.1869    1.9307    1.0895
[1] 8600.0000    0.2743    0.9835   -0.1083    2.0033    0.9563
[1] 8700.0000    0.5162    0.8293   -0.2179    1.8198    0.8767
[1] 8800.0000    1.0000    0.9324   -0.1697    1.8882    0.8066
[1] 8900.0000    0.4595    0.9431   -0.2314    1.9440    1.1381
[1] 9000.0000    0.0406    0.9025   -0.1612    1.9065    0.9096
[1] 9100.0000    0.4763    0.9156    0.0148    2.1118    1.0916
[1] 9200.0000    1.0000    0.9069   -0.1281    2.0209    1.1995
[1] 9300.0000    0.0009    0.9856   -0.1247    1.9056    1.1370
[1] 9400.0000    0.2855    0.8458   -0.0136    1.9794    1.0091
[1] 9500.0000    0.0000    0.9329   -0.2232    1.9110    0.8817
[1] 9600.0000    1.0000    0.9566   -0.1535    1.9311    1.1182
[1] 9700.0000    0.1779    0.8614   -0.1219    1.9547    0.9692
[1] 9800.0000    0.1409    0.8323   -0.0682    1.9510    0.8368
[1] 9900.0000    0.0000    0.9529    0.0108    1.9753    0.9335
[1] 10000.0000     1.0000     0.8618    -0.3512     1.6619     0.8032
[1] 10100.0000     1.0000     0.9049    -0.0830     1.9842     1.0751
[1] 10200.0000     0.0027     0.9084    -0.1968     1.8124     0.8386
[1] 10300.0000     0.0066     0.8120     0.0048     1.9495     0.8804
[1] 10400.0000     0.3793     0.8932     0.0090     2.0209     0.9948
[1] 10500.0000     1.0000     0.8159     0.0196     1.9912     1.1284
[1] 10600.0000     0.4215     0.8330    -0.0133     2.1513     0.9483
[1] 10700.0000     0.0000     0.8531    -0.0919     1.9496     0.8181
[1] 10800.0000     0.6682     0.8541    -0.0611     2.0714     0.9792
[1] 10900.0000     0.0000     0.8264    -0.1448     2.0862     1.1140
[1] 11000.0000     0.4731     0.8012    -0.1282     2.0324     0.9407
[1] 11100.0000     0.0002     0.8902     0.1705     2.2843     0.9114
[1] 11200.0000     1.0000     0.9412    -0.0909     2.0559     0.8257
[1] 11300.0000     0.5904     0.9738    -0.2387     1.8039     1.1215
[1] 11400.0000     1.0000     0.9866    -0.1664     1.8969     0.8664
[1] 11500.0000     0.0000     0.9311    -0.1495     1.9697     0.8792
[1] 11600.0000     0.2559     0.9382    -0.4922     1.6766     0.8033
[1] 11700.0000     0.5043     0.9810    -0.3163     1.8819     0.9386
[1] 11800.0000     0.0237     0.8440    -0.1714     1.8252     0.8198
[1] 11900.0000     0.3738     0.8272     0.0110     2.0177     0.8962
[1] 12000.0000     0.0100     0.8543    -0.2051     1.8865     1.1591
[1] 12100.0000     0.0825     0.9452     0.0390     2.1177     0.8400
[1] 12200.0000     1.0000     0.8496    -0.0847     1.9439     0.8460
[1] 12300.0000     0.1353     0.9007    -0.0381     2.0073     1.0908
[1] 12400.0000     1.0000     0.8046    -0.2721     1.8237     0.8797
[1] 12500.0000     0.0932     0.9304     0.0212     2.0822     1.0160
[1] 12600.0000     0.0814     0.9359     0.0334     2.1476     1.1279
[1] 12700.0000     0.0000     0.9486     0.0686     2.1543     0.8166
[1] 12800.0000     0.0088     0.9108    -0.2385     1.8508     1.0765
[1] 12900.0000     0.3500     0.9378    -0.4286     1.6153     1.1252
[1] 13000.0000     0.0103     0.8840     0.0739     2.0957     1.1100
[1] 13100.0000     0.0130     0.9404    -0.1316     1.9100     0.9822
[1] 13200.0000     0.0076     0.9589    -0.2561     1.7991     1.1555
[1] 13300.0000     0.7065     0.8522     0.0585     2.0489     1.0074
[1] 13400.0000     0.0000     0.9801     0.0324     1.9544     1.0073
[1] 13500.0000     0.0004     0.8240    -0.1599     1.9405     1.0099
[1] 13600.0000     0.0060     0.8917    -0.2209     1.7567     1.0301
[1] 13700.0000     1.0000     0.8314    -0.1109     1.9835     0.8589
[1] 13800.0000     0.0000     0.8418    -0.2051     1.8439     1.1127
[1] 13900.0000     1.0000     0.8104    -0.1874     1.8819     0.8994
[1] 14000.0000     0.7408     0.9598    -0.0461     1.9844     0.8043
[1] 14100.0000     0.0001     0.9236     0.0738     2.1325     0.9106
[1] 14200.0000     0.0389     0.9171    -0.1075     1.9306     0.8964
[1] 14300.0000     0.0117     0.8359    -0.1930     1.9452     1.0907
[1] 14400.0000     0.9447     0.8984    -0.1104     1.9901     1.1866
[1] 14500.0000     0.0140     0.8302    -0.1650     1.9773     1.1813
[1] 14600.0000     0.0000     0.8329    -0.2184     1.8557     0.9630
[1] 14700.0000     0.9424     0.8840    -0.1567     1.9059     1.0394
[1] 14800.0000     0.0000     0.8106    -0.2798     1.8744     1.0978
[1] 14900.0000     0.6663     0.9485    -0.1379     1.9948     1.1960
[1] 15000.0000     0.0000     0.9486    -0.2857     1.8039     0.9418
[1] 15100.0000     0.0121     0.9112    -0.2180     1.8592     1.0503
[1] 15200.0000     0.3541     0.9896     0.0378     2.0367     1.1186
[1] 15300.0000     0.0600     0.8296     0.0421     2.1720     1.1944
[1] 15400.0000     0.5048     0.8005    -0.0826     2.0478     0.8812
[1] 15500.0000     0.2260     0.9013    -0.0798     1.8521     1.0728
[1] 15600.0000     0.9229     0.9912    -0.1698     1.9194     1.0551
[1] 15700.0000     0.0001     0.9705     0.1335     2.1554     0.8969
[1] 15800.0000     1.0000     0.9774    -0.0048     2.0171     1.1822
[1] 15900.0000     0.0000     0.9524    -0.1262     2.0296     1.0855
[1] 16000.0000     1.0000     0.9761    -0.2237     1.8696     1.0600
[1] 16100.0000     1.0000     0.9477    -0.1229     2.0202     0.9420
[1] 16200.0000     1.0000     0.8455    -0.2082     1.8986     1.0509
[1] 16300.0000     0.0337     0.9320    -0.0655     2.0336     1.0407
[1] 16400.0000     0.4573     0.8090    -0.1161     1.9785     0.8978
[1] 16500.0000     0.0169     0.9704    -0.1672     1.9806     0.9388
[1] 16600.0000     0.3277     0.8568    -0.1869     1.8870     1.0645
[1] 16700.0000     0.1473     0.8804    -0.1549     1.9492     1.1815
[1] 16800.0000     0.0993     0.8165    -0.3653     1.6938     1.0376
[1] 16900.0000     0.0657     0.8221    -0.1784     1.8184     1.1575
[1] 17000.0000     0.6749     0.8355     0.0507     2.0523     0.9526
[1] 17100.0000     0.0149     0.9483     0.2702     2.2726     0.9775
[1] 17200.0000     0.2344     0.9497    -0.1717     1.8721     0.8252
[1] 17300.0000     0.7394     0.8396    -0.3790     1.7763     1.0131
[1] 17400.0000     1.0000     0.9623    -0.0434     2.1401     1.1696
[1] 17500.0000     1.0000     0.9645    -0.1893     1.8270     0.9956
[1] 17600.0000     0.0057     0.9193    -0.0460     1.9954     0.8193
[1] 17700.0000     0.0211     0.8922    -0.2193     1.8273     1.0234
[1] 17800.0000     1.0000     0.9968    -0.1994     1.8627     0.8268
[1] 17900.0000     0.0461     0.8644    -0.1462     1.8924     1.0507
[1] 18000.0000     0.8927     0.9109     0.0669     2.1609     0.8712
[1] 18100.0000     0.2613     0.8667    -0.0176     2.0049     1.1867
[1] 18200.0000     1.0000     0.8073     0.0817     2.1067     0.9256
[1] 18300.0000     0.0349     0.9706    -0.1776     1.8998     1.1685
[1] 18400.0000     0.0037     0.9243    -0.3708     1.8847     1.1066
[1] 18500.0000     0.0705     0.8299    -0.2436     1.8687     1.0883
[1] 1.860e+04 3.060e-02 8.932e-01 2.590e-02 2.137e+00 8.460e-01
[1] 18700.0000     0.0487     0.8557    -0.0333     2.0396     0.9105
[1] 18800.0000     0.0091     0.9415    -0.0315     2.1260     0.8205
[1] 18900.0000     0.0000     0.8387    -0.2537     1.9149     0.8037
[1] 19000.0000     1.0000     0.8087    -0.1406     1.9596     1.1060
[1] 19100.0000     0.0258     0.8142    -0.1521     1.9278     1.0716
[1] 19200.0000     1.0000     0.8319    -0.1012     1.8771     1.0132
[1] 19300.0000     0.4694     0.8940    -0.0999     1.9166     1.1248
[1] 19400.0000     0.1300     0.8040    -0.0881     1.9313     1.1551
[1] 19500.0000     0.0007     0.8243     0.1203     2.1575     0.8751
[1] 19600.0000     0.2571     0.8098    -0.0870     2.0007     1.1951
[1] 1.970e+04 9.000e-03 8.143e-01 3.800e-03 2.017e+00 8.081e-01
[1] 19800.0000     0.7455     0.9324     0.1399     2.1660     1.1958
[1] 19900.0000     0.2351     0.9981     0.1478     2.2696     1.0280
[1] 20000.0000     0.4566     0.8545    -0.2293     1.9175     0.8923
[1] 20100.0000     0.0000     0.8622     0.0302     2.1455     0.8640
[1] 20200.0000     1.0000     0.9840    -0.0610     2.0485     1.1380
[1] 20300.0000     0.0008     0.8028    -0.3429     1.8544     0.9708
[1] 20400.0000     1.0000     0.8446    -0.1166     1.9304     1.0333
[1] 20500.0000     0.0027     0.8964    -0.1484     1.9768     1.1285
[1] 20600.0000     0.6530     0.9169    -0.1657     1.9760     1.1057
[1] 20700.0000     0.7724     0.8107     0.0713     2.0778     1.0874
[1] 20800.0000     1.0000     0.9981    -0.2051     1.9355     1.0246
[1] 20900.0000     0.0000     0.8285    -0.1828     1.9026     0.8493
[1] 21000.0000     0.4254     0.8708    -0.1513     1.9630     1.1617
[1] 21100.0000     0.1092     0.9291    -0.1097     1.9501     1.1428
[1] 21200.0000     1.0000     0.9611    -0.0270     2.0545     0.8029
[1] 21300.0000     0.0002     0.8214    -0.0383     1.8849     1.0391
[1] 21400.0000     1.0000     0.8276     0.1136     2.1621     0.8233
[1] 21500.0000     0.0006     0.8906    -0.0777     1.9714     0.8206
[1] 21600.0000     1.0000     0.9634    -0.1633     1.9614     0.9473
[1] 21700.0000     0.4381     0.9973    -0.3443     1.7981     0.9605
[1] 21800.0000     0.5455     0.8385     0.0706     2.2227     0.8059
[1] 21900.0000     0.1831     0.9598    -0.0597     2.1259     0.8497
[1] 22000.0000     0.1261     0.8850    -0.0896     1.9148     0.9555
[1] 22100.0000     0.5621     0.8953     0.0413     2.0733     0.9321
[1] 22200.0000     0.5969     0.8579    -0.1538     2.0065     0.8534
[1] 22300.0000     0.0436     0.9726    -0.2351     2.0042     0.8521
[1] 22400.0000     1.0000     0.9971    -0.0276     2.0473     0.9354
[1] 22500.0000     0.0003     0.8239    -0.1203     1.9998     1.1368
[1] 22600.0000     0.0023     0.9196    -0.0029     2.0550     1.0596
[1] 22700.0000     0.0001     0.8271    -0.3111     1.7860     1.1968
[1] 22800.0000     0.0945     0.8972    -0.1209     1.8209     1.0231
[1] 22900.0000     0.0766     0.8804    -0.3207     1.8045     0.9211
[1] 23000.0000     0.0000     0.8188    -0.0142     1.9379     1.0070
[1] 23100.0000     0.3629     0.8119     0.0430     2.0386     1.0551
[1] 23200.0000     0.0214     0.8437    -0.0466     2.0932     0.8877
[1] 23300.0000     0.0000     0.9727    -0.0125     2.0210     0.9482
[1] 23400.0000     0.3336     0.8888    -0.0912     1.8787     1.0444
[1] 23500.0000     1.0000     0.9916    -0.0852     1.9686     1.1297
[1] 23600.0000     0.0140     0.9324    -0.1938     1.9293     0.8634
[1] 23700.0000     0.2049     0.9328    -0.2274     1.9021     1.0180
[1] 23800.0000     0.9437     0.9299    -0.1688     1.8021     1.0580
[1] 23900.0000     0.7521     0.8722     0.0339     2.0318     0.8735
[1] 24000.0000     0.5149     0.9322    -0.1232     1.8968     0.9399
[1] 24100.0000     1.0000     0.9214    -0.1672     1.9840     0.8541
[1] 24200.0000     0.0810     0.8467    -0.1492     1.9916     0.8230
[1] 24300.0000     0.4321     0.9595    -0.1431     1.9114     0.9607
[1] 24400.0000     1.0000     0.9947    -0.0756     1.9413     0.9697
[1] 24500.0000     0.0132     0.8969    -0.0025     2.0666     1.0480
[1] 24600.0000     0.0002     0.8781    -0.0818     1.9801     0.8812
[1] 24700.0000     0.6588     0.9195    -0.2839     1.7410     0.8781
[1] 24800.0000     0.0003     0.8460    -0.1550     1.9319     0.9489
[1] 24900.0000     1.0000     0.8569    -0.1390     1.9330     1.1414
[1] 25000.0000     1.0000     0.8801    -0.0063     2.0945     0.8235
[1] 25100.0000     1.0000     0.8419    -0.1260     1.9889     0.8544
[1] 25200.0000     0.1263     0.9507    -0.1170     2.0235     0.9719
[1] 25300.0000     0.0007     0.9779    -0.1552     1.9626     0.8977
[1] 25400.0000     0.0497     0.8633    -0.4016     1.6896     1.0600
[1] 25500.0000     0.3045     0.8303    -0.1279     1.9376     1.1248
[1] 25600.0000     0.0414     0.9325    -0.0256     2.0544     0.8613
[1] 25700.0000     0.2347     0.8976    -0.3308     1.7857     0.9408
[1] 25800.0000     0.0216     0.9689    -0.0468     2.0314     1.1962
[1] 25900.0000     0.0001     0.9087     0.0967     2.0364     0.8861
[1] 26000.0000     0.4316     0.9492    -0.2014     1.7887     1.0058
[1] 26100.0000     0.0934     0.9326    -0.1232     2.0007     1.0189
[1] 26200.0000     1.0000     0.8601    -0.1303     1.9928     0.9041
[1] 26300.0000     0.6355     0.8623    -0.4113     1.7640     1.0835
[1] 26400.0000     0.0720     0.8855     0.1446     2.0869     1.0131
[1] 26500.0000     0.0720     0.8034    -0.3747     1.7346     1.1338
[1] 26600.0000     1.0000     0.8531    -0.2558     1.7316     1.1347
[1] 26700.0000     0.1836     0.8892    -0.0974     2.0863     0.9428
[1] 26800.0000     0.1587     0.8697    -0.1286     1.9734     1.1281
[1] 26900.0000     0.0002     0.8955    -0.1350     2.0744     1.0592
[1] 27000.0000     0.7993     0.8977    -0.1609     1.9693     0.8661
[1] 27100.0000     0.0004     0.8095    -0.2037     1.8511     1.0497
[1] 27200.0000     0.0204     0.8304    -0.0542     2.0666     0.8580
[1] 27300.0000     0.0010     0.9608    -0.2060     1.8402     0.8492
[1] 27400.0000     0.0949     0.8725    -0.2084     1.8133     1.1899
[1] 27500.0000     1.0000     0.8366    -0.0782     1.9508     1.0805
[1] 27600.0000     0.0009     0.8069    -0.0419     1.9724     0.9996
[1] 27700.0000     0.0331     0.8620     0.1557     2.2731     1.0941
[1] 27800.0000     0.0000     0.8358    -0.0720     2.0434     1.1051
[1] 27900.0000     0.5560     0.8774     0.0182     2.0568     1.0564
[1] 28000.0000     0.0009     0.9430    -0.1656     1.9842     0.9743
[1] 28100.0000     0.0000     0.9262    -0.0709     1.9717     1.0710
[1] 28200.0000     0.7175     0.9271     0.0303     2.1048     0.9591
[1] 28300.0000     0.0146     0.8510    -0.0970     1.9408     0.8048
[1] 28400.0000     1.0000     0.9594    -0.0884     1.9640     0.8105
[1] 28500.0000     1.0000     0.8206    -0.0737     2.0519     1.0447
[1] 28600.0000     0.0031     0.9775    -0.1585     1.9100     0.9079
[1] 28700.0000     0.1060     0.8497    -0.0669     1.9225     1.1155
[1] 28800.0000     1.0000     0.9743    -0.1079     1.9355     0.8723
[1] 28900.0000     0.6116     0.8662    -0.3631     1.7924     0.8550
[1] 29000.0000     0.2292     0.8251    -0.1439     1.9184     0.9007
[1] 29100.0000     0.0113     0.9156    -0.0707     2.0169     0.8172
[1] 29200.0000     0.0022     0.9889    -0.2946     1.8498     1.0979
[1] 29300.0000     0.0791     0.9373    -0.0444     1.9580     0.8252
[1] 29400.0000     0.0200     0.9512    -0.0842     1.8682     1.1262
[1] 29500.0000     0.0027     0.8346    -0.1850     1.8708     0.9665
[1] 29600.0000     0.0693     0.8135    -0.0418     1.9964     0.8030
[1] 29700.0000     0.0035     0.8808    -0.2239     1.7647     0.9901
[1] 29800.0000     1.0000     0.8701    -0.2364     1.9740     0.8024
[1] 29900.0000     1.0000     0.9798    -0.1502     1.9586     1.0014
[1] 30000.0000     0.0849     0.8172    -0.1486     1.9032     1.1626
[1] 0.3583857
Time difference of 3.786114 hours
null device 
          1 
