[1] "El numero de nodos X particion es: 10"
[1] "Model = M1 / Data = sim_data/datasetSVIMatern3.Rdata"
[1] 100.0000   1.0000   0.8291   0.0832   1.9586   0.9331
[1] 200.0000   0.0041   0.8487   0.3249   1.6883   0.8384
[1] 300.0000   0.5704   0.8776  -0.0502   2.1404   1.0665
[1] 400.0000   0.0338   0.9217  -0.1980   2.2271   0.9692
[1] 500.0000   0.0000   0.8380   0.4284   1.6492   0.8203
[1] 600.0000   0.3091   0.9748  -0.3169   2.2369   1.0386
[1] 700.0000   0.0431   0.9506  -0.4675   2.4744   1.0413
[1] 800.0000   0.0001   0.9313   0.2225   1.7015   1.0430
[1] 900.0000   0.0000   0.9344  -0.1334   2.0673   1.0036
[1] 1000.0000    0.0000    0.8209   -0.6253    2.6464    0.9374
[1] 1100.0000    0.0000    0.9319    0.5321    1.5064    0.8930
[1] 1200.0000    0.0924    0.8544    1.4423    0.6514    0.9984
[1] 1300.0000    0.0000    0.9498    0.1085    1.8351    1.1653
[1] 1400.0000    0.0000    0.8099   -0.3441    2.3511    1.1384
[1] 1500.0000    0.0000    0.9584    0.7164    1.3522    1.0940
[1] 1600.0000    0.0000    0.9658   -1.3186    3.3371    1.0950
[1] 1700.0000    0.0000    0.9419   -0.5943    2.7045    1.0966
[1] 1800.0000    0.0000    0.9376    0.0124    2.0280    0.8302
[1] 1900.0000    0.0000    0.8411   -0.2621    2.2775    1.0047
[1] 2000.0000    0.0209    0.8821   -0.2057    2.0778    0.8614
[1] 2100.0000    0.0000    0.8246   -0.5527    2.4579    1.1071
[1] 2200.0000    0.0000    0.8668   -0.0038    2.1192    1.0989
[1] 2300.0000    0.0000    0.8951   -0.1882    2.1441    0.9529
[1] 2400.0000    0.0000    0.9355    0.2762    1.7244    1.1578
[1] 2500.0000    0.0121    0.8909    0.9008    1.0739    1.1217
[1] 2600.0000    0.0000    0.9100    0.2903    1.7757    1.1442
[1] 2700.0000    0.0000    0.8492   -0.6551    2.7974    0.9140
[1] 2800.0000    0.0024    0.9382    0.1257    1.9111    1.1558
[1] 2900.0000    0.0000    0.9057   -0.7836    2.7545    0.9581
[1] 3000.0000    0.0000    0.8454   -0.3031    2.3409    0.9669
[1] 3100.0000    0.0000    0.9787    0.4774    1.5683    0.9283
[1] 3200.0000    0.0000    0.9190    0.6971    1.3327    0.9575
[1] 3300.0000    0.0000    0.9312    0.5528    1.4442    0.9302
[1] 3400.0000    0.5523    0.8983    0.8218    1.2258    1.1525
[1] 3500.0000    0.0000    0.9256   -0.2132    2.1546    1.1684
[1] 3600.0000    0.0000    0.9625   -0.0475    2.0635    0.8525
[1] 3700.0000    0.3543    0.8898    0.5457    1.5073    1.0833
[1] 3800.0000    0.0000    0.9791    1.2802    0.7177    1.0179
[1] 3900.0000    0.0000    0.8319   -0.3715    2.5068    0.8180
[1] 4000.0000    0.0000    0.9448   -0.5872    2.6456    1.0791
[1] 4100.0000    0.0000    0.8388   -1.3349    3.4092    0.8864
[1] 4200.0000    0.0000    0.9756   -0.8426    2.8156    0.9752
[1] 4300.0000    0.4408    0.8741   -1.1397    3.1649    1.1249
[1] 4400.0000    0.0000    0.8310    0.1743    1.8052    1.1572
[1] 4500.0000    0.1495    0.8404    0.3777    1.6956    1.1577
[1] 4600.0000    0.0000    0.9525    0.8499    1.2607    1.1110
[1] 4700.0000    0.0000    0.8528   -0.3861    2.3914    0.8411
[1] 4800.0000    0.0000    0.8660   -0.8021    2.8347    1.0939
[1] 4900.0000    0.0000    0.9924   -0.9033    2.9777    1.1836
[1] 5000.0000    0.0017    0.9988   -2.1175    4.0179    0.9542
[1] 5100.0000    0.0000    0.9679   -1.6882    3.6564    1.1951
[1] 5200.0000    0.0000    0.8051    0.1676    1.8080    0.8965
[1] 5300.0000    0.0000    0.9010    0.4030    1.5804    1.0910
[1] 5400.0000    0.0000    0.9713   -0.1739    2.0114    1.1011
[1] 5500.0000    0.0000    0.8506    0.8845    1.0934    1.1979
[1] 5600.0000    0.0000    0.9929   -0.3500    2.3139    1.1085
[1] 5700.0000    0.0000    0.9445    0.3994    1.6537    1.0237
[1] 5800.0000    0.0000    0.8612   -0.5983    2.7488    1.0327
[1] 5900.0000    0.0000    0.8278    0.7579    1.3393    1.0767
[1] 6000.0000    0.0000    0.9870    0.7989    1.2085    1.0819
[1] 6100.0000    0.0000    0.9284    0.2023    1.8855    0.9188
[1] 6200.0000    0.0000    0.9400    1.2035    0.7480    0.8404
[1] 6300.0000    0.0000    0.9569    0.5207    1.4848    0.8080
[1] 6400.0000    0.0000    0.9924    0.0342    1.8923    1.0322
[1] 6500.0000    0.0000    0.9084   -0.5229    2.5240    1.0918
[1] 6600.0000    0.0000    0.8710   -0.1255    2.1148    0.9001
[1] 6700.0000    0.0000    0.9231   -0.6537    2.8081    1.1521
[1] 6800.0000    0.1263    0.8794    0.1348    1.9219    0.9381
[1] 6900.0000    0.0000    0.8857   -0.9832    3.0825    0.9847
[1] 7000.0000    0.0000    0.8521   -0.3267    2.3839    1.0680
[1] 7100.0000    0.0000    0.9857    0.0636    1.9638    1.0571
[1] 7200.0000    0.0000    0.8247   -0.4097    2.5255    0.8913
[1] 7300.0000    0.0000    0.9346   -0.4987    2.5961    1.1740
[1] 7400.0000    0.0000    0.8045   -1.0518    3.0014    0.8734
[1] 7500.0000    0.0000    0.8918   -2.2747    4.2230    1.0101
[1] 7600.0000    0.0000    0.9974   -0.7992    2.7363    1.0017
[1] 7700.0000    0.0000    0.9030   -1.7077    3.7544    1.1500
[1] 7800.0000    0.0000    0.8367    0.8533    1.1503    0.9006
[1] 7900.0000    0.0000    0.9168    0.1889    1.7440    1.1281
[1] 8000.0000    0.0000    0.9309    0.1092    1.8606    1.0835
[1] 8100.0000    0.0000    0.8250    0.4077    1.5784    1.1136
[1] 8200.0000    0.0000    0.9207   -0.4112    2.4006    1.1282
[1] 8300.0000    0.0000    0.8222   -0.0211    2.0723    0.8438
[1] 8400.0000    0.0000    0.9658   -0.5513    2.4826    0.9286
[1] 8500.0000    0.0000    0.8325    0.0593    2.0949    1.0750
[1] 8600.0000    0.0000    0.9564   -1.4164    3.4889    0.9963
[1] 8700.0000    0.0000    0.8940   -0.2235    2.2261    1.0236
[1] 8800.0000    0.0000    0.9735   -0.4742    2.3978    1.0381
[1] 8900.0000    0.0000    0.8674    0.3047    1.7508    1.0474
[1] 9000.0000    0.0000    0.8301    0.5028    1.4826    1.1387
[1] 9100.0000    0.0000    0.8755    0.2549    1.7722    0.8812
[1] 9200.0000    0.0000    0.8129   -0.3768    2.4262    1.1264
[1] 9300.0000    0.0000    0.9270   -0.3832    2.4360    1.1117
[1] 9400.0000    0.0000    0.8413    0.8765    1.0793    1.0761
[1] 9500.0000    0.0000    0.8817   -0.2839    2.1792    1.0875
[1] 9600.0000    0.0000    0.8149    0.4950    1.5208    0.9056
[1] 9700.0000    0.0000    0.9657    1.3163    0.6719    0.9166
[1] 9800.0000    0.0000    0.8667    0.3035    1.7009    0.9410
[1] 9900.0000    0.0000    0.9369    1.9706    0.1558    1.1404
[1] 10000.0000     1.0000     0.8618    -0.8881     2.9540     0.8032
[1] 10100.0000     0.0000     0.9390    -0.3667     2.4248     1.0815
[1] 10200.0000     0.0000     0.8458     0.2889     1.7062     1.1044
[1] 10300.0000     0.0720     0.9549     1.6568     0.4426     0.8021
[1] 10400.0000     0.0000     0.9109    -0.0595     2.0728     0.9653
[1] 10500.0000     0.0000     0.9035     0.8745     1.1048     0.9966
[1] 10600.0000     0.0000     0.8442     0.7245     1.3893     0.9495
[1] 10700.0000     0.0000     0.8398     0.8527     1.2316     1.0590
[1] 10800.0000     1.0000     0.8056     0.1125     1.9937     0.8503
[1] 10900.0000     0.0000     0.9660     0.8421     1.2405     1.1970
[1] 11000.0000     0.0070     0.8555     0.4898     1.5799     1.1761
[1] 11100.0000     0.0000     0.8902     0.5201     1.5357     0.9114
[1] 11200.0000     0.1487     0.8258    -0.6570     2.6744     1.0628
[1] 11300.0000     0.0000     0.8936    -0.6562     2.6963     1.0961
[1] 11400.0000     0.0000     0.9548     1.0194     1.0795     1.0047
[1] 11500.0000     0.0000     0.9619     0.5446     1.4521     0.9110
[1] 11600.0000     0.0000     0.9104    -0.8850     2.9156     0.8269
[1] 11700.0000     0.0000     0.9616     0.4310     1.6409     1.1733
[1] 11800.0000     0.0000     0.8027    -0.9177     2.9694     0.8530
[1] 11900.0000     0.0000     0.8460    -0.7517     2.7674     0.8150
[1] 12000.0000     0.0000     0.8056    -1.0371     3.1195     1.1142
[1] 12100.0000     0.0000     0.8666    -0.5749     2.5499     0.9630
[1] 12200.0000     0.0984     0.9853     0.1589     1.9119     1.1443
[1] 12300.0000     0.0000     0.8010     0.7511     1.2527     0.8810
[1] 12400.0000     0.1859     0.8339    -0.2603     2.3095     0.9391
[1] 12500.0000     0.0000     0.8870    -0.3869     2.3404     1.1524
[1] 12600.0000     0.0000     0.8126    -0.4943     2.5572     1.1805
[1] 12700.0000     0.0000     0.8779    -0.1840     2.0995     0.8170
[1] 12800.0000     0.0000     0.9902    -1.2835     3.2376     0.9345
[1] 12900.0000     0.0165     0.9204     0.6239     1.4447     0.8219
[1] 13000.0000     0.0000     0.8069     0.3766     1.6033     1.0997
[1] 13100.0000     0.0000     0.9404     1.1907     0.8392     0.9822
[1] 13200.0000     0.0000     0.8843    -0.2838     2.3983     0.9997
[1] 13300.0000     0.0000     0.8427    -0.7975     2.8166     1.0281
[1] 13400.0000     0.0000     0.9882     0.1117     1.9105     1.1072
[1] 13500.0000     0.0000     0.8358    -0.0731     2.1655     1.1234
[1] 13600.0000     0.0000     0.8917     0.6893     1.3199     1.0301
[1] 13700.0000     0.0000     0.9094    -0.0373     2.0857     0.8623
[1] 13800.0000     0.0000     0.8787    -0.9317     2.9414     1.0611
[1] 13900.0000     0.0000     0.8214     0.0309     1.9870     1.1853
[1] 14000.0000     0.0000     0.9588     0.3539     1.6602     0.9662
[1] 14100.0000     0.0000     0.8411     0.6644     1.2645     1.1804
[1] 14200.0000     0.0000     0.8479     0.3125     1.6509     0.8739
[1] 14300.0000     0.0000     0.8548    -0.9516     2.9540     0.8231
[1] 14400.0000     0.0056     0.8623     0.3621     1.6314     0.8985
[1] 14500.0000     0.2702     0.8647     0.5873     1.4948     1.0877
[1] 14600.0000     0.0000     0.8570     0.3664     1.5645     1.1138
[1] 14700.0000     0.0000     0.8974     0.1053     1.8189     1.0871
[1] 14800.0000     0.0000     0.9433     1.1852     0.7313     0.9182
[1] 14900.0000     0.0034     0.9582     0.4451     1.6161     1.0321
[1] 15000.0000     0.0027     0.8279    -0.2101     2.2749     1.0826
[1] 15100.0000     0.8305     0.9118    -1.0385     3.0426     0.9692
[1] 15200.0000     0.0000     0.8242     0.3391     1.6956     1.0800
[1] 15300.0000     0.4423     0.8059     0.0340     2.0586     0.9091
[1] 15400.0000     0.0003     0.8072    -0.9912     3.0252     1.0717
[1] 15500.0000     0.0000     0.8701    -1.0264     3.0941     1.0212
[1] 15600.0000     0.0000     0.8878    -0.4805     2.5071     0.8550
[1] 15700.0000     0.0000     0.8475     0.2332     1.7571     0.9690
[1] 15800.0000     0.0000     0.9108    -0.1736     2.1460     0.9068
[1] 15900.0000     0.0000     0.8841     0.2469     1.7501     0.8192
[1] 16000.0000     0.0000     0.8124    -0.4404     2.4364     1.1160
[1] 16100.0000     0.0000     0.9566     1.2626     0.8280     1.0234
[1] 16200.0000     0.0000     0.9466     0.3147     1.6575     0.9477
[1] 16300.0000     0.0000     0.9158    -0.3582     2.4301     0.9491
[1] 16400.0000     0.0000     0.9648    -0.0031     2.0527     0.9493
[1] 16500.0000     0.5519     0.9646    -0.2619     2.2303     1.1820
[1] 16600.0000     0.0000     0.8294    -1.2082     3.2780     0.8835
[1] 16700.0000     0.0000     0.9635     0.6995     1.2345     0.8336
[1] 16800.0000     0.0000     0.9358     0.0169     2.0294     0.9778
[1] 16900.0000     0.0000     0.8138     0.1156     1.8408     1.1004
[1] 17000.0000     0.0000     0.9790    -0.0802     2.0894     0.8822
[1] 17100.0000     0.0000     0.9305     1.5648     0.5603     0.9283
[1] 17200.0000     0.0000     0.9497     0.5392     1.5111     0.8252
[1] 17300.0000     1.0000     0.8396    -0.0040     2.0046     1.0131
[1] 17400.0000     0.0000     0.8593     0.1375     1.9217     1.1450
[1] 17500.0000     0.0000     0.9677    -0.4903     2.5411     1.1479
[1] 17600.0000     0.0000     0.8280     0.1335     1.8423     1.1486
[1] 17700.0000     0.0000     0.8794     0.6726     1.3275     0.9707
[1] 17800.0000     0.0000     0.9383    -0.3247     2.4545     1.0084
[1] 17900.0000     0.0000     0.9083    -0.0207     2.1135     0.9495
[1] 18000.0000     0.7262     0.9109     0.5215     1.5687     0.8712
[1] 18100.0000     0.0000     0.8078    -0.2855     2.2782     0.9064
[1] 1.820e+04 1.000e-03 8.582e-01 9.832e-01 9.854e-01 9.652e-01
[1] 18300.0000     0.0000     0.8120     0.0294     2.0258     1.0717
[1] 18400.0000     0.0000     0.9529     0.6215     1.4163     0.8173
[1] 18500.0000     0.0000     0.8451     0.4662     1.6269     0.9054
[1] 18600.0000     0.0000     0.8656     0.0725     2.0048     0.8624
[1] 18700.0000     0.0000     0.8080    -0.4759     2.5313     0.9308
[1] 18800.0000     0.0000     0.8537     0.1515     1.8863     0.9005
[1] 18900.0000     0.0000     0.9024    -0.5687     2.5528     1.0613
[1] 19000.0000     0.0000     0.8770     0.1283     1.9586     1.0394
[1] 19100.0000     0.0000     0.8878     0.0897     1.8028     1.0323
[1] 19200.0000     0.0000     0.8001     0.6412     1.3611     0.9641
[1] 19300.0000     0.0000     0.8035     0.4066     1.5988     1.0886
[1] 19400.0000     0.0000     0.8040     0.0380     2.1094     1.1551
[1] 19500.0000     0.0000     0.9654     0.1895     1.8028     0.9669
[1] 19600.0000     0.4989     0.9162    -1.0494     3.0971     0.8038
[1] 19700.0000     0.0000     0.8982    -0.0274     1.9428     1.1826
[1] 19800.0000     0.0000     0.9408     0.6691     1.4009     0.9927
[1] 19900.0000     0.0000     0.9981    -0.1380     2.1826     1.0280
[1] 20000.0000     0.0000     0.8609    -0.7543     2.7783     1.1764
[1] 20100.0000     0.0000     0.9080     0.6910     1.3845     1.0402
[1] 20200.0000     0.7694     0.9840    -0.3298     2.3616     1.1380
[1] 20300.0000     0.0000     0.9533    -0.4037     2.4328     0.8784
[1] 20400.0000     0.0003     0.9072    -0.6588     2.6354     0.9991
[1] 20500.0000     0.0000     0.8964     0.6097     1.4181     1.1285
[1] 20600.0000     0.2439     0.8460     0.6348     1.4226     0.9872
[1] 20700.0000     1.0000     0.8107     0.9669     0.9920     1.0874
[1] 20800.0000     0.0000     0.9606    -0.7544     2.8397     1.0886
[1] 2.090e+04 0.000e+00 9.109e-01 1.808e-01 1.877e+00 9.980e-01
[1] 21000.0000     0.0000     0.8369     0.7379     1.3030     1.0355
[1] 21100.0000     0.0000     0.9732    -0.8131     2.7767     0.8253
[1] 21200.0000     0.0389     0.8263    -0.0669     2.1101     1.1324
[1] 21300.0000     0.0000     0.8399    -0.8968     2.8320     1.0171
[1] 21400.0000     0.0000     0.9719     0.5280     1.4795     0.9071
[1] 21500.0000     0.0000     0.9375     0.0655     1.8421     1.0777
[1] 21600.0000     0.0000     0.8010    -0.2909     2.2716     1.1966
[1] 21700.0000     0.0000     0.8416    -0.9232     2.9890     1.0860
[1] 21800.0000     0.0000     0.8218    -0.2701     2.4130     1.1739
[1] 2.190e+04 0.000e+00 9.408e-01 4.850e-01 1.494e+00 9.421e-01
[1] 22000.0000     0.0000     0.8850     1.0883     0.9107     0.9555
[1] 22100.0000     0.0000     0.9825    -0.1825     2.1900     1.1195
[1] 22200.0000     0.0000     0.9349    -0.0490     1.9965     0.9881
[1] 22300.0000     0.0003     0.8584     0.1897     1.8318     0.9367
[1] 22400.0000     0.0000     0.9494     0.2952     1.7023     0.9207
[1] 22500.0000     0.0011     0.9610     0.8907     1.1477     0.9963
[1] 22600.0000     0.0000     0.8858    -0.5327     2.6685     0.9064
[1] 22700.0000     0.0000     0.8271    -0.0522     1.9742     1.1968
[1] 22800.0000     0.0000     0.9630    -0.3649     2.4630     0.9437
[1] 22900.0000     0.0000     0.9207     0.7331     1.2015     0.8362
[1] 23000.0000     0.0000     0.9652     0.4035     1.5542     1.0264
[1] 23100.0000     0.0000     0.9231    -0.3379     2.3706     0.8179
[1] 23200.0000     0.0000     0.9741    -0.2350     2.3112     1.1699
[1] 23300.0000     0.0521     0.8966     0.1464     1.8308     1.0199
[1] 23400.0000     0.0000     0.8015     0.0398     2.0403     0.8904
[1] 23500.0000     0.0000     0.9561    -0.0778     2.1245     1.0572
[1] 23600.0000     0.0000     0.8360     0.9806     1.0453     0.8406
[1] 23700.0000     0.0000     0.9977     0.9149     1.1012     0.9083
[1] 23800.0000     0.0000     0.9509     0.1059     1.8225     0.9516
[1] 23900.0000     0.0000     0.8157     0.6965     1.3428     0.8034
[1] 24000.0000     0.0000     0.9801    -0.0530     2.0009     1.1551
[1] 24100.0000     0.0000     0.8289    -1.0593     3.1103     0.9877
[1] 24200.0000     0.0000     0.8399    -0.2487     2.1491     1.0287
[1] 24300.0000     0.0000     0.9146    -0.4313     2.5259     0.9364
[1] 24400.0000     0.1129     0.8950     0.7399     1.3109     0.9027
[1] 24500.0000     0.0000     0.9407     1.6573     0.2658     1.0416
[1] 24600.0000     0.0000     0.9062     0.3008     1.6531     0.8877
[1] 24700.0000     0.0000     0.9025    -0.3666     2.3631     0.8040
[1] 24800.0000     0.0000     0.8109     0.7009     1.3624     1.1899
[1] 24900.0000     0.0000     0.9495    -0.2562     2.2420     0.8626
[1] 25000.0000     0.0003     0.9628     0.1870     1.8546     0.9362
[1] 25100.0000     0.0000     0.9605     1.3629     0.6275     1.0743
[1] 25200.0000     0.0000     0.8184    -0.1926     2.1920     0.8574
[1] 25300.0000     1.0000     0.8151    -0.4016     2.4466     1.0748
[1] 25400.0000     1.0000     0.8988    -0.6290     2.5939     1.0888
[1] 25500.0000     0.0000     0.8147     0.1237     1.9291     1.1844
[1] 25600.0000     0.0000     0.8978     0.4988     1.6220     1.1142
[1] 25700.0000     0.0000     0.8060     0.6766     1.3838     0.8422
[1] 25800.0000     0.0000     0.8043     0.1953     1.8804     0.8730
[1] 25900.0000     1.0000     0.8632     0.0736     1.9500     1.1254
[1] 26000.0000     0.2063     0.9492    -0.1688     2.3106     1.0058
[1] 26100.0000     0.0000     0.9196     0.0402     1.8668     1.1722
[1] 26200.0000     0.0000     0.9768    -0.6128     2.5515     0.9801
[1] 26300.0000     0.0000     0.8530     0.1397     1.8694     1.0678
[1] 26400.0000     0.0000     0.8767     0.2919     1.6568     0.8041
[1] 26500.0000     0.0020     0.9903     0.0523     2.0385     1.1966
[1] 26600.0000     0.0000     0.9293    -1.0998     3.2856     0.8497
[1] 26700.0000     0.0000     0.8184    -0.0442     2.0512     0.9177
[1] 26800.0000     0.0000     0.8448    -1.0035     2.9488     0.8652
[1] 26900.0000     0.0000     0.9241     0.1513     1.9872     1.0646
[1] 27000.0000     0.0000     0.8794     0.2634     1.7252     0.8948
[1] 27100.0000     0.6635     0.8553     0.3086     1.7339     1.0993
[1] 27200.0000     0.0000     0.8628    -0.5597     2.5952     1.0265
[1] 27300.0000     0.0000     0.9326    -0.2070     2.2383     0.8298
[1] 27400.0000     0.0000     0.8182     1.2373     0.8274     1.1040
[1] 27500.0000     0.0000     0.8463     1.7397     0.3832     0.8762
[1] 27600.0000     0.0000     0.8732     1.3257     0.7180     0.9172
[1] 27700.0000     0.0000     0.8317     0.6013     1.4825     1.1846
[1] 27800.0000     0.0000     0.8338     0.6184     1.4356     0.9440
[1] 27900.0000     1.0000     0.8904     0.2837     1.6873     0.9276
[1] 28000.0000     0.0000     0.9328    -0.0994     2.1818     0.9314
[1] 2.810e+04 0.000e+00 9.262e-01 1.153e+00 9.473e-01 1.071e+00
[1] 28200.0000     0.0000     0.9683     0.6129     1.4223     0.8917
[1] 28300.0000     0.0000     0.9886    -0.2367     2.2316     1.1843
[1] 2.840e+04 1.000e+00 9.594e-01 7.070e-02 1.982e+00 8.105e-01
[1] 28500.0000     0.0000     0.8824     1.1168     0.8816     0.8003
[1] 28600.0000     0.0000     0.9856    -0.3641     2.3202     1.1641
[1] 28700.0000     0.0000     0.8546    -0.0217     1.9471     0.9787
[1] 2.880e+04 0.000e+00 8.104e-01 1.758e-01 1.818e+00 1.194e+00
[1] 28900.0000     0.0000     0.9040     0.1266     1.7147     0.8375
[1] 29000.0000     0.0000     0.9277    -0.3309     2.3179     1.1735
[1] 29100.0000     0.0000     0.8240     0.2627     1.8187     1.0266
[1] 29200.0000     0.0353     0.9367     1.0684     0.9432     1.1465
[1] 29300.0000     0.0030     0.9749     0.8844     1.1197     0.9782
[1] 29400.0000     0.0000     0.9394     0.8523     1.0619     1.1754
[1] 29500.0000     0.0000     0.8094     0.1094     1.9212     0.8253
[1] 29600.0000     0.0000     0.8335     0.2444     1.7591     1.1940
[1] 29700.0000     0.0000     0.9991    -0.1931     2.1792     0.9357
[1] 29800.0000     0.0000     0.8030    -0.6776     2.7763     0.9421
[1] 29900.0000     1.0000     0.9798    -0.8274     2.8264     1.0014
[1] 30000.0000     0.0000     0.9561     1.5582     0.4071     1.0811
[1] 0.07047718
Time difference of 4.472174 hours
null device 
          1 
