[1] "El numero de nodos X particion es: 10"
[1] "Model = M2 / Data = sim_data/datasetSVIExponential15.Rdata"
[1] 100.0000   0.5729   0.9429   0.1220   1.8729   1.1970
[1] 200.0000   0.0061   0.9592  -0.0713   2.0374   1.1736
[1] 300.0000   1.0000   0.8776   0.0552   1.9564   1.0665
[1] 400.0000   0.0309   0.9217  -0.1936   2.1982   0.9692
[1] 500.0000   0.0000   0.8350   0.3624   1.6394   0.9084
[1] 600.0000   0.2723   0.9748  -0.4614   2.3559   1.0386
[1] 700.0000   0.0239   0.9506  -0.6078   2.5907   1.0413
[1] 800.0000   0.0000   0.9313  -0.0453   1.9653   1.0430
[1] 900.0000   0.0000   0.8086   0.0029   1.9122   0.9130
[1] 1000.0000    0.0000    0.8209   -0.6181    2.6120    0.9374
[1] 1100.0000    0.0000    0.9319    0.4713    1.5348    0.8930
[1] 1200.0000    0.3449    0.8603    0.5876    1.5052    0.9164
[1] 1300.0000    0.0001    0.9498    0.3189    1.6069    1.1653
[1] 1400.0000    0.0000    0.9303   -0.6792    2.6352    1.1894
[1] 1500.0000    0.0000    0.9584    0.0870    1.9419    1.0940
[1] 1600.0000    0.0000    0.9658   -1.2144    3.2201    1.0950
[1] 1700.0000    0.0000    0.8745   -0.6369    2.5979    0.9148
[1] 1800.0000    0.0000    0.9376   -0.1575    2.1837    0.8302
[1] 1900.0000    0.0000    0.9875   -0.7984    2.8485    0.8532
[1] 2000.0000    0.0000    0.9400   -0.2801    2.3618    1.1109
[1] 2100.0000    0.0000    0.8123   -1.1324    3.0922    1.1618
[1] 2200.0000    0.0000    0.8668   -0.4255    2.4678    1.0989
[1] 2300.0000    0.0000    0.8951   -0.3544    2.3199    0.9529
[1] 2400.0000    0.0000    0.9355   -0.1969    2.1704    1.1578
[1] 2500.0000    0.0284    0.8909    0.7853    1.1763    1.1217
[1] 2600.0000    0.0000    0.9100    0.2377    1.8025    1.1442
[1] 2700.0000    0.0000    0.9115   -1.6117    3.6240    1.0018
[1] 2800.0000    0.0168    0.9382   -0.4020    2.4545    1.1558
[1] 2900.0000    0.0000    0.9057   -0.7212    2.6772    0.9581
[1] 3000.0000    0.0000    0.8454   -0.3849    2.3940    0.9669
[1] 3100.0000    0.0000    0.9787    0.3842    1.6350    0.9283
[1] 3200.0000    0.0000    0.9190    0.6012    1.4030    0.9575
[1] 3300.0000    0.0000    0.9312    0.4501    1.5211    0.9302
[1] 3400.0000    0.5522    0.8983    0.7195    1.3028    1.1525
[1] 3500.0000    0.0000    0.8568    0.5683    1.4224    1.0820
[1] 3600.0000    0.0000    0.9625    0.5587    1.4416    0.8525
[1] 3700.0000    0.1237    0.8237    1.1469    0.8708    0.8398
[1] 3800.0000    0.0000    0.8306    1.1541    0.9026    0.8349
[1] 3900.0000    0.0000    0.8349   -0.0795    2.1124    1.1538
[1] 4000.0000    0.0000    0.9448   -0.4225    2.4246    1.0791
[1] 4100.0000    0.0000    0.8388   -1.0616    3.1354    0.8864
[1] 4200.0000    0.0000    0.9756   -0.6431    2.5936    0.9752
[1] 4300.0000    0.6854    0.8741   -0.9404    2.9430    1.1249
[1] 4400.0000    0.0000    0.8310    0.3690    1.5887    1.1572
[1] 4500.0000    0.1847    0.8404    0.2398    1.7855    1.1577
[1] 4600.0000    0.0000    0.9581    0.4534    1.6708    0.8180
[1] 4700.0000    0.0000    0.9806   -0.5117    2.5516    1.0866
[1] 4800.0000    0.0000    0.8444   -0.4306    2.4100    1.1184
[1] 4900.0000    0.0000    0.8114   -0.9607    2.9305    0.8255
[1] 5000.0000    0.0001    0.8074   -0.3765    2.2699    1.0307
[1] 5100.0000    0.0000    0.9679   -0.8809    2.8049    1.1951
[1] 5200.0000    0.0000    0.8051    0.0302    1.9648    0.8965
[1] 5300.0000    0.0000    0.9010    0.2731    1.7055    1.0910
[1] 5400.0000    0.0000    0.8536    1.1035    0.9174    0.9337
[1] 5500.0000    0.0000    0.8506    0.5386    1.3652    1.1979
[1] 5600.0000    0.0000    0.9929   -0.0764    2.0161    1.1085
[1] 5700.0000    0.0000    0.9545    0.1694    1.7540    0.8805
[1] 5800.0000    0.0000    0.8612   -0.2171    2.2826    1.0327
[1] 5900.0000    0.0000    0.8278    1.1733    0.8706    1.0767
[1] 6000.0000    0.0000    0.9870    1.2089    0.7524    1.0819
[1] 6100.0000    0.0000    0.8793    0.4542    1.4820    0.8792
[1] 6200.0000    0.0000    0.8741    0.6479    1.3485    0.8043
[1] 6300.0000    0.0000    0.9569   -0.2454    2.2305    0.8080
[1] 6400.0000    0.0000    0.9924   -0.4621    2.3815    1.0322
[1] 6500.0000    0.0018    0.9084    0.7298    1.3493    1.0918
[1] 6600.0000    0.0000    0.8401   -0.5927    2.4951    1.0889
[1] 6700.0000    0.0000    0.8253   -0.5774    2.6881    0.9280
[1] 6800.0000    0.0909    0.8794    0.1372    1.8795    0.9381
[1] 6900.0000    0.0000    0.8857   -0.9037    2.9615    0.9847
[1] 7000.0000    0.0000    0.8521   -0.2925    2.3104    1.0680
[1] 7100.0000    0.0000    0.9857    0.0709    1.9188    1.0571
[1] 7200.0000    0.0000    0.9439    0.5617    1.5165    1.1769
[1] 7300.0000    0.0000    0.9604    0.7379    1.3325    0.9357
[1] 7400.0000    0.0000    0.8045    0.3090    1.6343    0.8734
[1] 7500.0000    0.0000    0.8475   -1.7617    3.7272    1.0597
[1] 7600.0000    0.0000    0.9493   -0.6659    2.6804    0.9281
[1] 7700.0000    0.0000    0.8440   -1.2306    3.2161    0.8976
[1] 7800.0000    0.0000    0.8350   -0.1436    2.2221    1.1361
[1] 7900.0000    0.0000    0.9654   -0.1709    2.1193    1.1831
[1] 8000.0000    0.0000    0.9309    0.4829    1.4293    1.0835
[1] 8100.0000    0.0000    0.8483   -0.1953    2.1346    0.8203
[1] 8200.0000    0.0000    0.9110   -0.3454    2.3359    0.9989
[1] 8300.0000    0.0000    0.8222   -0.2538    2.2920    0.8438
[1] 8400.0000    0.0000    0.9658   -0.4374    2.3403    0.9286
[1] 8500.0000    0.0000    0.8325   -0.1286    2.2028    1.0750
[1] 8600.0000    0.0000    0.8576   -0.7406    2.7276    1.0835
[1] 8700.0000    0.0000    0.8940   -0.3637    2.3369    1.0236
[1] 8800.0000    0.0000    0.9735   -0.2622    2.1591    1.0381
[1] 8900.0000    0.0000    0.8674   -0.1210    2.1494    1.0474
[1] 9000.0000    0.0000    0.8301    0.8431    1.1324    1.1387
[1] 9100.0000    0.0000    0.8755    0.6185    1.3933    0.8812
[1] 9200.0000    0.0000    0.8129    0.0481    1.9818    1.1264
[1] 9300.0000    0.0000    0.9734   -0.3650    2.2550    1.1056
[1] 9400.0000    0.0000    0.8413    0.3689    1.5575    1.0761
[1] 9500.0000    0.0000    0.8817   -0.1995    2.1791    1.0875
[1] 9600.0000    0.0000    0.8149    0.0339    1.9744    0.9056
[1] 9700.0000    0.0000    0.9657    0.7479    1.2558    0.9166
[1] 9800.0000    0.0000    0.8196    0.1813    1.7941    0.8766
[1] 9900.0000    0.0000    0.9876    1.7668    0.2153    0.9739
[1] 10000.0000     0.8536     0.8618    -0.3255     2.3769     0.8032
[1] 10100.0000     0.0001     0.9390    -0.2738     2.2712     1.0815
[1] 10200.0000     0.0000     0.8133    -0.1427     2.1238     1.1117
[1] 10300.0000     0.4114     0.9549     0.6438     1.3626     0.8021
[1] 10400.0000     0.0000     0.9109    -0.2423     2.2299     0.9653
[1] 10500.0000     0.0000     0.9035     0.5742     1.3847     0.9966
[1] 10600.0000     0.0000     0.8442     0.4431     1.6327     0.9495
[1] 10700.0000     0.0000     0.8398     0.5545     1.4958     1.0590
[1] 10800.0000     1.0000     0.8056    -0.0879     2.1563     0.8503
[1] 10900.0000     0.0000     0.9660     0.5488     1.5004     1.1970
[1] 11000.0000     0.0040     0.8176     0.4185     1.6564     0.9081
[1] 11100.0000     0.0000     0.9587    -0.5242     2.4775     0.9308
[1] 11200.0000     0.0075     0.9645    -0.2065     2.0826     0.8187
[1] 11300.0000     0.0000     0.9481    -0.3291     2.2449     1.1448
[1] 11400.0000     0.0000     0.9548     1.0773     0.9234     1.0047
[1] 11500.0000     0.0000     0.8034     0.2691     1.7145     0.8501
[1] 11600.0000     0.0000     0.9643    -0.3901     2.2862     1.1694
[1] 11700.0000     0.1930     0.8613     0.2877     1.6224     1.0253
[1] 11800.0000     0.0000     0.8027    -0.6718     2.6956     0.8530
[1] 11900.0000     0.0000     0.8460    -0.8931     2.9039     0.8150
[1] 12000.0000     0.0000     0.8056     0.4156     1.6613     1.1142
[1] 12100.0000     0.0000     0.8005    -0.5438     2.5094     0.8375
[1] 1.220e+04 1.000e+00 8.496e-01 8.290e-01 1.189e+00 8.460e-01
[1] 12300.0000     0.0000     0.8010     0.3571     1.6725     0.8810
[1] 12400.0000     0.0932     0.8019    -0.4993     2.5670     1.1971
[1] 12500.0000     0.0000     0.8059    -0.3555     2.3939     1.1427
[1] 12600.0000     0.0000     0.8126    -0.4859     2.6237     1.1805
[1] 12700.0000     0.0000     0.8779    -0.6251     2.5439     0.8170
[1] 12800.0000     0.0000     0.8257    -0.2687     2.3122     0.8904
[1] 12900.0000     0.0527     0.8545    -0.1068     2.1581     1.0312
[1] 13000.0000     0.0000     0.8069    -0.3214     2.2951     1.0997
[1] 13100.0000     0.0000     0.9404     1.0181     0.9911     0.9822
[1] 13200.0000     0.0000     0.8843    -0.2714     2.3540     0.9997
[1] 13300.0000     0.0000     0.9271    -0.4557     2.4047     0.8364
[1] 13400.0000     0.0000     0.8092     0.0191     2.0017     1.1676
[1] 13500.0000     0.0000     0.8358     0.0261     2.0373     1.1234
[1] 13600.0000     0.0000     0.8917     0.7063     1.2716     1.0301
[1] 13700.0000     0.0000     0.8421    -0.0494     2.0779     0.9544
[1] 13800.0000     0.0000     0.8787    -0.6783     2.6683     1.0611
[1] 13900.0000     0.0000     0.8573    -0.4614     2.4764     0.8372
[1] 14000.0000     0.0000     0.9588     0.3920     1.6014     0.9662
[1] 14100.0000     0.0000     0.8411     0.8050     1.0917     1.1804
[1] 14200.0000     0.0000     0.8479     0.4933     1.4343     0.8739
[1] 14300.0000     0.0000     0.9227    -0.8708     2.8333     1.0001
[1] 1.440e+04 7.000e-03 8.623e-01 2.225e-01 1.746e+00 8.985e-01
[1] 14500.0000     0.4539     0.9833     1.0809     0.9052     1.1771
[1] 14600.0000     0.0000     0.8570     0.6201     1.3023     1.1138
[1] 14700.0000     0.0000     0.8974     0.3859     1.5307     1.0871
[1] 14800.0000     0.0000     0.9988     1.1558     0.7947     0.9067
[1] 14900.0000     0.0019     0.9582     0.1473     1.8990     1.0321
[1] 15000.0000     0.0019     0.8279    -0.2068     2.2081     1.0826
[1] 15100.0000     0.4140     0.9118    -0.2075     2.1881     0.9692
[1] 15200.0000     0.0000     0.8242     0.5483     1.4795     1.0800
[1] 15300.0000     1.0000     0.8282    -0.0717     2.0024     1.1177
[1] 15400.0000     0.0134     0.8397    -0.3986     2.4503     1.1015
[1] 15500.0000     0.0000     0.9734    -1.8626     3.8973     1.1714
[1] 15600.0000     0.0000     0.8520    -1.0308     3.0269     1.1912
[1] 15700.0000     0.0000     0.8475    -0.0829     2.0121     0.9690
[1] 15800.0000     0.0000     0.9108     0.1684     1.7828     0.9068
[1] 15900.0000     0.0000     0.8841     0.5490     1.4239     0.8192
[1] 16000.0000     0.0068     0.8124    -0.0312     2.0715     1.1160
[1] 16100.0000     0.0000     0.8125     0.9660     1.0501     0.8885
[1] 16200.0000     0.0000     0.9466     0.2761     1.6763     0.9477
[1] 16300.0000     0.0000     0.9158    -0.3352     2.3794     0.9491
[1] 16400.0000     0.0000     0.9401    -0.1171     2.0759     0.9237
[1] 16500.0000     0.0201     0.9646    -0.5133     2.5379     1.1820
[1] 16600.0000     0.0000     0.8294    -0.5523     2.6094     0.8835
[1] 16700.0000     0.0000     0.9287     0.4148     1.4666     0.9633
[1] 16800.0000     0.0000     0.8621     0.1786     1.7807     1.1596
[1] 16900.0000     0.0000     0.8138     0.1847     1.7424     1.1004
[1] 17000.0000     0.0000     0.9790    -0.4968     2.4984     0.8822
[1] 17100.0000     0.0021     0.9305     1.1854     0.7099     0.9283
[1] 17200.0000     0.0000     0.9497     0.5689     1.4338     0.8252
[1] 17300.0000     1.0000     0.8396     0.0837     1.9150     1.0131
[1] 1.740e+04 0.000e+00 8.593e-01 2.115e-01 1.840e+00 1.145e+00
[1] 17500.0000     0.0000     0.9677    -0.0375     2.0311     1.1479
[1] 17600.0000     0.0000     0.8280     0.1832     1.7836     1.1486
[1] 17700.0000     0.0000     0.8794     0.5668     1.4058     0.9707
[1] 17800.0000     0.0000     0.9383    -0.1034     2.2391     1.0084
[1] 17900.0000     0.0000     0.9083     0.5235     1.5178     0.9495
[1] 18000.0000     1.0000     0.9109     0.2235     1.8072     0.8712
[1] 18100.0000     0.0000     0.9461     0.1673     1.7051     0.9222
[1] 18200.0000     0.0078     0.8582     1.1621     0.7651     0.9652
[1] 18300.0000     0.0000     0.9012     0.0039     1.9849     1.0710
[1] 18400.0000     0.0000     0.9121     0.0000     2.0663     0.9764
[1] 18500.0000     0.0000     0.9525     0.1202     1.8774     0.9333
[1] 18600.0000     0.0000     0.8656     0.0664     1.9949     0.8624
[1] 18700.0000     0.0000     0.8080    -0.4339     2.4761     0.9308
[1] 18800.0000     0.0000     0.8635     0.0521     1.9135     1.1693
[1] 18900.0000     0.0000     0.9024    -0.0645     2.0255     1.0613
[1] 19000.0000     0.0000     0.8366    -0.5646     2.5424     0.8015
[1] 19100.0000     0.0000     0.8878     0.4145     1.4780     1.0323
[1] 19200.0000     0.0000     0.8001    -0.1140     2.0498     0.9641
[1] 19300.0000     0.0000     0.8035    -0.1562     2.1180     1.0886
[1] 19400.0000     0.0000     0.9330    -0.0433     2.0268     1.0363
[1] 19500.0000     0.0000     0.9654     0.5035     1.5204     0.9669
[1] 19600.0000     1.0000     0.9648    -0.8722     2.9243     1.1447
[1] 19700.0000     0.0000     0.8982    -0.3132     2.2295     1.1826
[1] 19800.0000     0.0000     0.9408     0.3220     1.7341     0.9927
[1] 19900.0000     0.0000     0.9981    -0.4129     2.4477     1.0280
[1] 20000.0000     0.0000     0.8708    -0.7926     2.7945     1.0213
[1] 20100.0000     0.0000     0.9080     0.3939     1.6680     1.0402
[1] 20200.0000     0.7599     0.9840    -0.2181     2.1822     1.1380
[1] 20300.0000     0.0000     0.8028     0.1432     1.9174     0.9708
[1] 2.040e+04 3.700e-03 9.072e-01 1.862e-01 1.795e+00 9.991e-01
[1] 20500.0000     0.0000     0.9083    -0.8291     2.8737     0.8030
[1] 20600.0000     1.0000     0.9169     0.2164     1.8125     1.1057
[1] 20700.0000     1.0000     0.8107     0.0879     1.9344     1.0874
[1] 20800.0000     0.0000     0.9606    -0.7531     2.7011     1.0886
[1] 20900.0000     0.0000     0.9109    -1.3727     3.3802     0.9980
[1] 21000.0000     0.0000     0.9912    -0.0113     1.9831     1.0875
[1] 21100.0000     0.0000     0.8005    -0.7076     2.7750     0.9291
[1] 21200.0000     0.0303     0.8263    -0.0158     2.0194     1.1324
[1] 21300.0000     0.0000     0.8399    -0.7791     2.6851     1.0171
[1] 21400.0000     0.0000     0.9719    -0.1254     2.0966     0.9071
[1] 21500.0000     0.0000     0.9375     0.0534     1.8974     1.0777
[1] 21600.0000     0.0000     0.8420    -0.2305     2.2105     0.8926
[1] 21700.0000     0.0000     0.8258    -0.6689     2.6739     1.1265
[1] 21800.0000     0.0000     0.8218    -1.4007     3.3668     1.1739
[1] 21900.0000     0.0000     0.8416    -0.6747     2.7440     1.1370
[1] 22000.0000     0.0000     0.8850     0.4202     1.5642     0.9555
[1] 22100.0000     0.0000     0.8953    -0.1406     2.1099     0.9321
[1] 22200.0000     0.0000     0.8403    -0.3229     2.3424     1.1277
[1] 22300.0000     0.0000     0.8584     0.5112     1.5332     0.9367
[1] 22400.0000     0.0000     0.9494     0.3922     1.5904     0.9207
[1] 22500.0000     0.0022     0.9610     0.9398     1.0793     0.9963
[1] 22600.0000     0.0000     0.8858     1.5522     0.5660     0.9064
[1] 22700.0000     0.0000     0.8271     0.4848     1.4277     1.1968
[1] 22800.0000     0.0001     0.9630     0.1922     1.8851     0.9437
[1] 2.290e+04 0.000e+00 9.207e-01 9.372e-01 9.759e-01 8.362e-01
[1] 23000.0000     0.0000     0.8448     0.4772     1.4863     1.1964
[1] 23100.0000     0.0000     0.8611    -0.3042     2.2809     1.0907
[1] 23200.0000     0.0000     0.9741    -0.4875     2.5432     1.1699
[1] 23300.0000     0.1499     0.8966    -0.3474     2.3091     1.0199
[1] 23400.0000     0.0000     0.9418    -0.0874     2.1624     0.8205
[1] 23500.0000     0.0000     0.8934    -0.2975     2.2971     1.1391
[1] 23600.0000     0.0000     0.8360     0.6961     1.2831     0.8406
[1] 23700.0000     0.0000     0.8580     0.7571     1.2872     0.8494
[1] 2.380e+04 0.000e+00 9.509e-01 9.563e-01 9.340e-01 9.516e-01
[1] 23900.0000     0.0000     0.8157     0.4303     1.5426     0.8034
[1] 24000.0000     0.0000     0.9653     0.0307     1.9147     0.9324
[1] 24100.0000     0.0000     0.8643    -1.6756     3.6618     0.9462
[1] 24200.0000     0.0000     0.8399     0.0727     1.8178     1.0287
[1] 24300.0000     0.0000     0.8805    -0.8665     2.8506     1.0014
[1] 24400.0000     0.0102     0.9020     0.8160     1.3049     1.0534
[1] 24500.0000     0.0000     0.9064     0.8553     1.0905     0.8345
[1] 24600.0000     0.0000     0.9062     0.3597     1.5876     0.8877
[1] 24700.0000     0.0000     0.9025    -0.5119     2.5118     0.8040
[1] 24800.0000     0.0000     0.8109     0.0778     1.9341     1.1899
[1] 24900.0000     0.0000     0.9495    -0.1930     2.1100     0.8626
[1] 25000.0000     0.0000     0.9628     0.4014     1.5782     0.9362
[1] 25100.0000     0.0000     0.9605     0.8112     1.1230     1.0743
[1] 25200.0000     0.0000     0.8184    -0.1816     2.1906     0.8574
[1] 25300.0000     0.5794     0.8584     0.1548     1.8067     0.9552
[1] 25400.0000     1.0000     0.8988    -0.2824     2.2633     1.0888
[1] 25500.0000     0.0000     0.8147     0.4279     1.5426     1.1844
[1] 25600.0000     0.0000     0.8978    -0.0686     2.0560     1.1142
[1] 25700.0000     0.0000     0.8060     0.7518     1.2852     0.8422
[1] 25800.0000     0.0000     0.8043     0.2972     1.7551     0.8730
[1] 25900.0000     1.0000     0.8632     0.1448     1.8837     1.1254
[1] 26000.0000     1.0000     0.9492    -0.3652     2.4210     1.0058
[1] 26100.0000     0.0000     0.9196    -0.1067     1.9498     1.1722
[1] 26200.0000     0.0000     0.9529    -0.5294     2.4086     1.0017
[1] 26300.0000     0.0000     0.8530    -0.7939     2.8052     1.0678
[1] 26400.0000     0.0000     0.8767     0.2852     1.6293     0.8041
[1] 26500.0000     0.0037     0.8556     0.1492     1.8832     0.8038
[1] 26600.0000     0.0000     0.9293    -0.8109     2.9053     0.8497
[1] 26700.0000     0.0000     0.8184     0.0120     1.9724     0.9177
[1] 26800.0000     0.0000     0.8448    -0.8927     2.8203     0.8652
[1] 26900.0000     0.0000     0.9241     0.1959     1.9124     1.0646
[1] 27000.0000     0.0000     0.8280     0.3642     1.5825     0.9596
[1] 27100.0000     0.8943     0.9280    -0.2995     2.3232     1.0348
[1] 27200.0000     0.0000     0.8628    -0.6179     2.6520     1.0265
[1] 27300.0000     0.0000     0.9185    -0.5700     2.5154     0.9822
[1] 27400.0000     0.0000     0.9843     0.1700     1.8230     1.1629
[1] 27500.0000     0.0000     0.8677     0.4418     1.5465     0.9516
[1] 27600.0000     0.0000     0.8732     1.4313     0.5837     0.9172
[1] 27700.0000     0.0000     0.8317     0.7546     1.2989     1.1846
[1] 27800.0000     0.0000     0.8338    -0.0263     1.9694     0.9440
[1] 27900.0000     1.0000     0.8904     0.3091     1.6406     0.9276
[1] 28000.0000     0.0000     0.8025     0.0840     2.0059     0.9240
[1] 28100.0000     0.0000     0.8313     0.1152     1.9573     0.8089
[1] 28200.0000     0.0000     0.9683    -0.3882     2.4006     0.8917
[1] 28300.0000     0.0000     0.9886    -0.3496     2.3207     1.1843
[1] 28400.0000     1.0000     0.9594    -0.8112     2.7368     0.8105
[1] 2.850e+04 0.000e+00 8.678e-01 8.900e-01 1.090e+00 8.688e-01
[1] 28600.0000     0.0000     0.9856    -0.4876     2.4299     1.1641
[1] 28700.0000     0.0000     0.8546    -0.1689     2.0822     0.9787
[1] 28800.0000     0.0000     0.8104     0.0154     1.9613     1.1940
[1] 28900.0000     0.0000     0.9040    -0.4481     2.2943     0.8375
[1] 29000.0000     0.0000     0.9277     0.3059     1.7023     1.1735
[1] 29100.0000     0.0000     0.8445    -0.0490     2.0932     0.8871
[1] 29200.0000     0.0846     0.9367     0.6910     1.3020     1.1465
[1] 29300.0000     0.0003     0.9749     0.5311     1.4133     0.9782
[1] 29400.0000     0.0000     0.9394     1.0357     1.0058     1.1754
[1] 29500.0000     0.0000     0.8094    -0.4446     2.4206     0.8253
[1] 29600.0000     0.0000     0.8335     0.6191     1.3699     1.1940
[1] 29700.0000     0.0000     0.9991     0.2116     1.7615     0.9357
[1] 29800.0000     0.0000     0.8030    -1.1407     3.2048     0.9421
[1] 29900.0000     0.7724     0.9798     0.3744     1.6549     1.0014
[1] 30000.0000     0.0000     0.9561     1.4075     0.5328     1.0811
[1] 0.0725571
Time difference of 10.96911 hours
null device 
          1 
