[1] "El numero de nodos X particion es: 10"
[1] "Model = M1 / Data = sim_data/datasetSVIMatern19.Rdata"
[1] 100.0000   1.0000   0.8291   0.1227   1.8823   0.9331
[1] 200.0000   0.1617   0.8487  -0.0543   2.0019   0.8384
[1] 300.0000   0.6055   0.8776   0.0715   1.9510   1.0665
[1] 400.0000   0.0983   0.9217  -0.2006   2.1573   0.9692
[1] 500.0000   0.0000   0.8380  -0.0308   2.0716   0.8203
[1] 600.0000   0.6960   0.9748  -0.1592   2.0465   1.0386
[1] 700.0000   0.2430   0.9506  -0.0783   2.0102   1.0413
[1] 800.0000   0.0000   0.9840   0.3668   1.5986   0.9131
[1] 900.0000   0.0000   0.9606   0.3492   1.5723   1.0158
[1] 1000.0000    0.0000    0.8209   -0.2044    2.1713    0.9374
[1] 1100.0000    0.0000    0.9319    0.8737    1.0394    0.8930
[1] 1200.0000    0.1273    0.8544    0.5702    1.4608    0.9984
[1] 1300.0000    0.5896    0.8617   -0.3819    2.2483    1.0550
[1] 1400.0000    0.0000    0.9303   -0.7917    2.6387    1.1894
[1] 1500.0000    0.0000    0.9584    0.0780    1.9110    1.0940
[1] 1600.0000    0.0000    0.9658   -1.0210    2.9525    1.0950
[1] 1700.0000    0.0000    0.9419   -0.0597    2.0713    1.0966
[1] 1800.0000    0.0000    0.9376    0.4035    1.5681    0.8302
[1] 1900.0000    0.0000    0.9875   -0.5833    2.5319    0.8532
[1] 2000.0000    0.0343    0.8821   -0.1141    1.9572    0.8614
[1] 2100.0000    0.0000    0.8123   -0.9661    2.8933    1.1618
[1] 2200.0000    0.0000    0.8668   -0.0437    2.0637    1.0989
[1] 2300.0000    0.0002    0.8951    0.2300    1.6984    0.9529
[1] 2400.0000    0.0000    0.9355    0.5830    1.4046    1.1578
[1] 2500.0000    0.0974    0.8571    0.2655    1.6627    1.0731
[1] 2600.0000    0.0000    0.9483    0.1272    1.8046    1.1376
[1] 2700.0000    0.0000    0.8492    0.0111    2.0208    0.9140
[1] 2800.0000    0.0001    0.9386    0.2184    1.6509    0.8695
[1] 2900.0000    0.0050    0.9982   -1.0405    3.0304    0.9626
[1] 3000.0000    0.0000    0.8454   -0.7693    2.7558    0.9669
[1] 3100.0000    0.0000    0.9411   -0.4658    2.3367    0.9915
[1] 3200.0000    0.0000    0.9190   -0.1829    2.1621    0.9575
[1] 3300.0000    0.0000    0.9312    0.6536    1.2843    0.9302
[1] 3400.0000    0.3372    0.8983    0.9860    1.0531    1.1525
[1] 3500.0000    0.0000    0.8568    0.6161    1.2804    1.0820
[1] 3600.0000    0.0000    0.9027    0.2269    1.7332    1.1569
[1] 3700.0000    0.5433    0.8237    0.5728    1.4207    0.8398
[1] 3800.0000    0.0000    0.9791    1.2079    0.7444    1.0179
[1] 3900.0000    0.0000    0.8319   -0.0376    2.0702    0.8180
[1] 4000.0000    0.0000    0.9448   -0.4672    2.4940    1.0791
[1] 4100.0000    0.0000    0.8388   -0.9564    2.9501    0.8864
[1] 4200.0000    0.0000    0.9756   -0.5407    2.4519    0.9752
[1] 4300.0000    0.2217    0.8741   -1.3885    3.3308    1.1249
[1] 4400.0000    0.0000    0.8310    0.6517    1.3083    1.1572
[1] 4500.0000    0.2241    0.8410    0.1823    1.8903    1.1520
[1] 4600.0000    0.0000    0.9581    0.4480    1.5720    0.8180
[1] 4700.0000    0.0000    0.8528   -0.5621    2.4960    0.8411
[1] 4800.0000    0.0000    0.8660   -0.9130    2.8678    1.0939
[1] 4900.0000    0.0000    0.8114   -0.7527    2.6732    0.8255
[1] 5000.0000    0.0086    0.8074   -0.2549    2.1152    1.0307
[1] 5100.0000    0.0000    0.9679   -1.7361    3.6029    1.1951
[1] 5200.0000    0.0000    0.8051   -0.8061    2.7762    0.8965
[1] 5300.0000    0.0000    0.8845   -0.5829    2.5189    1.0022
[1] 5400.0000    0.0000    0.9713   -0.0669    1.8925    1.1011
[1] 5500.0000    0.0000    0.8506    0.7870    1.1545    1.1979
[1] 5600.0000    0.0000    0.8117    0.4447    1.4569    0.9121
[1] 5700.0000    0.0000    0.8882    0.3621    1.6496    1.0651
[1] 5800.0000    0.0000    0.8612   -0.2665    2.2698    1.0327
[1] 5900.0000    0.0000    0.9311   -0.0844    2.0608    0.8983
[1] 6000.0000    0.0000    0.9870    0.7747    1.1419    1.0819
[1] 6100.0000    0.0000    0.8498    0.0163    1.9812    1.1242
[1] 6200.0000    0.0000    0.9400    0.8494    1.0479    0.8404
[1] 6300.0000    0.0000    0.9569    0.7417    1.3456    0.8080
[1] 6400.0000    0.0000    0.9924    0.1965    1.6946    1.0322
[1] 6500.0000    0.0002    0.9084   -0.2558    2.2056    1.0918
[1] 6600.0000    0.0000    0.8710    0.1738    1.7351    0.9001
[1] 6700.0000    0.0000    0.8204   -0.7237    2.6396    0.9264
[1] 6800.0000    0.6137    0.8794    0.4093    1.5971    0.9381
[1] 6900.0000    0.0000    0.9290   -0.8990    2.8636    1.0476
[1] 7000.0000    0.0000    0.8521    0.1039    1.9029    1.0680
[1] 7100.0000    0.0000    0.9857    0.3709    1.6347    1.0571
[1] 7200.0000    0.0000    0.8247   -0.3209    2.3193    0.8913
[1] 7300.0000    0.0000    0.9346    0.6326    1.3840    1.1740
[1] 7400.0000    0.0000    0.8045    0.1774    1.7164    0.8734
[1] 7500.0000    0.0000    0.8918   -1.8005    3.6417    1.0101
[1] 7600.0000    0.0000    0.9493   -1.0558    2.9803    0.9281
[1] 7700.0000    0.0000    0.8552   -1.4571    3.3596    1.0850
[1] 7800.0000    0.0001    0.8694    0.5625    1.5510    1.1175
[1] 7900.0000    0.0000    0.8304    0.4179    1.4287    0.9653
[1] 8000.0000    0.0000    0.9309    0.6315    1.2669    1.0835
[1] 8100.0000    0.0000    0.8483   -0.2340    2.1391    0.8203
[1] 8200.0000    0.0000    0.9110   -0.3728    2.3241    0.9989
[1] 8300.0000    0.0000    0.8222   -0.2879    2.2836    0.8438
[1] 8400.0000    0.0000    0.9658   -0.4578    2.3279    0.9286
[1] 8500.0000    0.0000    0.8325   -0.0840    2.1215    1.0750
[1] 8600.0000    0.0000    0.9564   -1.4459    3.3975    0.9963
[1] 8700.0000    0.0000    0.8940   -0.4637    2.4028    1.0236
[1] 8800.0000    0.0000    0.9735   -0.3683    2.2367    1.0381
[1] 8900.0000    0.0000    0.8248    0.4093    1.5476    1.0728
[1] 9000.0000    0.0000    0.8301    1.1176    0.8225    1.1387
[1] 9100.0000    0.0000    0.8755   -0.0129    1.9769    0.8812
[1] 9200.0000    0.0000    0.8777   -0.1483    2.2090    1.1489
[1] 9300.0000    0.0000    0.8689   -0.1767    2.2166    0.9976
[1] 9400.0000    0.0000    0.8413    1.1591    0.7202    1.0761
[1] 9500.0000    0.0000    0.8817   -0.3471    2.2469    1.0875
[1] 9600.0000    0.0000    0.8149   -0.2486    2.2308    0.9056
[1] 9700.0000    0.0000    0.9657    0.5059    1.4403    0.9166
[1] 9800.0000    0.0000    0.8196   -0.0330    1.9510    0.8766
[1] 9900.0000    0.0000    0.9876    1.4734    0.4553    0.9739
[1] 10000.0000     1.0000     0.8618    -0.5209     2.5106     0.8032
[1] 10100.0000     0.3169     0.9049    -0.6192     2.7173     1.0751
[1] 10200.0000     0.0001     0.8458     0.4447     1.4764     1.1044
[1] 10300.0000     0.0611     0.9549     2.1504    -0.1033     0.8021
[1] 10400.0000     0.0000     0.9109     0.5260     1.4072     0.9653
[1] 1.050e+04 0.000e+00 9.828e-01 1.390e+00 5.753e-01 8.036e-01
[1] 10600.0000     0.0000     0.8442     0.2733     1.7744     0.9495
[1] 1.070e+04 0.000e+00 8.398e-01 2.815e-01 1.699e+00 1.059e+00
[1] 10800.0000     0.0362     0.8310    -0.0742     2.0109     0.9940
[1] 10900.0000     0.0000     0.9660     0.5360     1.4949     1.1970
[1] 11000.0000     0.0072     0.8555     0.9957     1.0399     1.1761
[1] 11100.0000     0.0000     0.9587     0.0497     1.8623     0.9308
[1] 11200.0000     0.0112     0.9645    -0.1431     1.9789     0.8187
[1] 11300.0000     0.0000     0.9481    -0.2655     2.1405     1.1448
[1] 11400.0000     0.0037     0.9548     0.4585     1.5876     1.0047
[1] 11500.0000     0.0000     0.8034    -0.1429     2.0958     0.8501
[1] 11600.0000     0.0000     0.9643    -0.4712     2.3398     1.1694
[1] 11700.0000     0.7963     0.8613    -0.0137     1.8654     1.0253
[1] 11800.0000     0.0000     0.8027    -0.0609     2.0871     0.8530
[1] 11900.0000     0.0000     0.8460    -0.3047     2.2481     0.8150
[1] 12000.0000     0.0000     0.8056    -0.5509     2.5507     1.1142
[1] 12100.0000     0.0000     0.8005    -0.9862     2.9762     0.8375
[1] 1.220e+04 2.146e-01 8.496e-01 3.487e-01 1.737e+00 8.460e-01
[1] 12300.0000     0.0000     0.8010     0.7084     1.3038     0.8810
[1] 12400.0000     0.5773     0.8046    -0.2561     2.2875     0.8797
[1] 12500.0000     0.0000     0.9939     0.2326     1.8006     0.9707
[1] 12600.0000     0.0000     0.8126    -0.1700     2.1800     1.1805
[1] 12700.0000     0.0002     0.9614    -0.4927     2.2839     0.8958
[1] 12800.0000     0.0000     0.8257    -0.4747     2.4033     0.8904
[1] 12900.0000     0.0983     0.9204     0.2399     1.7729     0.8219
[1] 13000.0000     0.0000     0.8069     0.0613     1.8501     1.0997
[1] 13100.0000     0.0000     0.9404     0.6801     1.2903     0.9822
[1] 13200.0000     0.0000     0.8843    -0.5864     2.6233     0.9997
[1] 13300.0000     0.0000     0.8427    -0.9601     2.8853     1.0281
[1] 13400.0000     0.0000     0.8092    -0.3107     2.2796     1.1676
[1] 13500.0000     0.0000     0.8466    -0.3334     2.3564     0.8143
[1] 13600.0000     0.0000     0.8917     0.3795     1.5191     1.0301
[1] 13700.0000     0.0000     0.8561     0.1229     1.8388     0.9281
[1] 13800.0000     0.0000     0.8787    -0.7754     2.7219     1.0611
[1] 13900.0000     0.0000     0.8573    -0.5624     2.5343     0.8372
[1] 14000.0000     0.0000     0.9588     0.3369     1.6247     0.9662
[1] 14100.0000     0.0000     0.8411     0.7427     1.1261     1.1804
[1] 14200.0000     0.0000     0.8479     0.4373     1.4603     0.8739
[1] 14300.0000     0.0000     0.8548    -0.5110     2.4279     0.8231
[1] 14400.0000     0.0140     0.8623     0.5579     1.3696     0.8985
[1] 14500.0000     0.0941     0.8647     0.7328     1.2347     1.0877
[1] 14600.0000     0.0000     0.8721     0.7812     1.2034     0.9912
[1] 14700.0000     0.0000     0.8974     0.1063     1.7623     1.0871
[1] 14800.0000     0.0000     0.9988     0.8716     1.0396     0.9067
[1] 14900.0000     0.0570     0.8051     0.1027     1.8412     1.0614
[1] 1.500e+04 9.000e-04 9.447e-01 3.245e-01 1.567e+00 8.911e-01
[1] 15100.0000     1.0000     0.8292    -0.0636     2.0542     0.9249
[1] 15200.0000     0.0000     0.8242     0.5335     1.4234     1.0800
[1] 15300.0000     1.0000     0.8282    -0.3595     2.2602     1.1177
[1] 15400.0000     0.0368     0.8397    -0.1575     2.1735     1.1015
[1] 15500.0000     0.0000     0.9734    -1.5777     3.5703     1.1714
[1] 15600.0000     0.0000     0.8520    -0.9413     2.9466     1.1912
[1] 15700.0000     0.0000     0.8475    -0.1504     2.0894     0.9690
[1] 15800.0000     0.0000     0.9108     0.4520     1.4768     0.9068
[1] 15900.0000     0.0000     0.8876     0.4738     1.4279     0.9067
[1] 16000.0000     0.0064     0.8124     0.0134     1.9717     1.1160
[1] 1.610e+04 0.000e+00 8.125e-01 9.809e-01 9.847e-01 8.885e-01
[1] 16200.0000     0.0000     0.9466     0.3113     1.5902     0.9477
[1] 16300.0000     0.0000     0.9158    -0.2822     2.2702     0.9491
[1] 16400.0000     0.0000     0.9648     0.0310     1.9381     0.9493
[1] 16500.0000     0.0313     0.9646    -0.4264     2.4333     1.1820
[1] 16600.0000     0.0000     0.8294    -0.6462     2.6471     0.8835
[1] 16700.0000     0.0000     0.9287     0.2914     1.5438     0.9633
[1] 16800.0000     0.0000     0.9378    -0.0141     1.9418     1.0931
[1] 16900.0000     0.0000     0.9254     0.6578     1.3127     0.9648
[1] 17000.0000     0.0000     0.9790    -0.3254     2.2856     0.8822
[1] 17100.0000     0.0021     0.9305     1.3076     0.5571     0.9283
[1] 17200.0000     0.0000     0.9497     0.7068     1.2593     0.8252
[1] 17300.0000     1.0000     0.8396     0.8680     1.0884     1.0131
[1] 17400.0000     0.0000     0.8593     0.4497     1.6015     1.1450
[1] 17500.0000     0.0000     0.8131     0.0915     1.9368     0.9127
[1] 17600.0000     0.0000     0.8280     0.7932     1.1851     1.1486
[1] 17700.0000     0.0000     0.8794     1.0352     0.9576     0.9707
[1] 17800.0000     0.0001     0.9383    -0.6139     2.6663     1.0084
[1] 17900.0000     0.0000     0.9083     0.2041     1.8186     0.9495
[1] 18000.0000     1.0000     0.9109    -0.5726     2.5421     0.8712
[1] 18100.0000     0.0000     0.8802    -0.7260     2.7090     0.9893
[1] 18200.0000     0.0501     0.8582     0.3065     1.5707     0.9652
[1] 18300.0000     0.0000     0.9012     0.3976     1.5786     1.0710
[1] 18400.0000     0.0000     0.9529    -0.0585     2.0569     0.8173
[1] 18500.0000     0.0000     0.9525     0.0585     1.8736     0.9333
[1] 18600.0000     0.0000     0.8656     0.1477     1.8494     0.8624
[1] 18700.0000     0.0000     0.8080    -0.4369     2.5284     0.9308
[1] 18800.0000     0.0000     0.8537    -0.0722     2.0458     0.9005
[1] 18900.0000     0.0000     0.9024    -0.7134     2.6383     1.0613
[1] 19000.0000     0.0000     0.8770    -0.0910     2.1084     1.0394
[1] 19100.0000     0.0000     0.8878     0.5284     1.3351     1.0323
[1] 19200.0000     0.0000     0.8001     0.2627     1.6703     0.9641
[1] 19300.0000     0.0000     0.9918    -0.3325     2.2453     0.8386
[1] 19400.0000     0.0000     0.8040    -0.1382     2.2655     1.1551
[1] 19500.0000     0.0000     0.8527     0.3701     1.5822     1.1208
[1] 19600.0000     0.5129     0.9162    -0.7352     2.7358     0.8038
[1] 19700.0000     0.0000     0.8982     0.1745     1.7090     1.1826
[1] 1.980e+04 0.000e+00 9.408e-01 7.944e-01 1.227e+00 9.927e-01
[1] 19900.0000     0.0000     0.9981     0.0746     1.9234     1.0280
[1] 20000.0000     0.0000     0.8708     0.1824     1.7728     1.0213
[1] 20100.0000     0.0000     0.9080     1.0560     0.9475     1.0402
[1] 20200.0000     0.5049     0.9840    -0.2212     2.1550     1.1380
[1] 20300.0000     0.0000     0.8028    -0.3047     2.3386     0.9708
[1] 20400.0000     0.0004     0.9596     0.1773     1.6989     1.0259
[1] 20500.0000     0.0000     0.9083    -1.0872     3.1070     0.8030
[1] 20600.0000     0.5151     0.9169    -0.5904     2.5964     1.1057
[1] 20700.0000     1.0000     0.8107     0.0552     1.8474     1.0874
[1] 20800.0000     0.0000     0.9606    -0.6883     2.6112     1.0886
[1] 20900.0000     0.0001     0.9109     0.2763     1.7266     0.9980
[1] 21000.0000     0.0000     0.9912     0.8095     1.1491     1.0875
[1] 21100.0000     0.0000     0.9732    -0.4784     2.4118     0.8253
[1] 21200.0000     0.0378     0.8263     0.1912     1.7640     1.1324
[1] 21300.0000     0.0000     0.8399    -0.5582     2.4149     1.0171
[1] 21400.0000     0.0001     0.9719     0.0822     1.8409     0.9071
[1] 21500.0000     0.0000     0.9375    -0.3278     2.2081     1.0777
[1] 21600.0000     0.0000     0.8010    -0.6476     2.5930     1.1966
[1] 21700.0000     0.0000     0.8258    -1.0810     3.0492     1.1265
[1] 21800.0000     0.0000     0.8709    -0.5969     2.5903     1.0601
[1] 21900.0000     0.0000     0.8416    -0.5211     2.5486     1.1370
[1] 22000.0000     0.0000     0.8850     1.4736     0.4472     0.9555
[1] 22100.0000     0.0000     0.8953     0.1403     1.7727     0.9321
[1] 22200.0000     0.0000     0.9349    -0.5393     2.4168     0.9881
[1] 22300.0000     0.0000     0.8584    -0.1980     2.2355     0.9367
[1] 22400.0000     0.0000     0.9494    -0.1560     2.0739     0.9207
[1] 22500.0000     0.0001     0.9610     1.5463     0.3638     0.9963
[1] 22600.0000     0.0000     0.8858     1.0592     0.8954     0.9064
[1] 22700.0000     0.0000     0.8271     0.1717     1.7174     1.1968
[1] 22800.0000     0.0001     0.9028    -0.3451     2.3611     1.1243
[1] 22900.0000     0.0000     0.9207     0.5133     1.3816     0.8362
[1] 23000.0000     0.0000     0.9491     0.3092     1.6133     0.8538
[1] 23100.0000     0.0000     0.9231    -0.5458     2.5132     0.8179
[1] 23200.0000     0.0000     0.8449    -0.0283     2.0413     0.9864
[1] 23300.0000     0.0945     0.8966     0.1097     1.8108     1.0199
[1] 23400.0000     0.0000     0.9418     0.1082     1.8641     0.8205
[1] 23500.0000     0.0000     0.8934    -1.6386     3.5942     1.1391
[1] 23600.0000     0.0000     0.8360    -0.3337     2.3309     0.8406
[1] 23700.0000     0.0000     0.8580     0.5439     1.4678     0.8494
[1] 23800.0000     0.0000     0.9509     0.5997     1.1855     0.9516
[1] 23900.0000     0.0000     0.8157     0.4573     1.5031     0.8034
[1] 24000.0000     0.0000     0.9304    -0.1287     2.0572     0.8086
[1] 24100.0000     0.0000     0.8643    -1.6713     3.6489     0.9462
[1] 24200.0000     0.0000     0.8399     0.3154     1.6218     1.0287
[1] 24300.0000     0.0000     0.8207    -1.0559     3.0331     1.1509
[1] 24400.0000     0.8862     0.9947     0.4987     1.4809     0.9697
[1] 24500.0000     0.0000     0.9064     0.7970     1.1043     0.8345
[1] 24600.0000     0.0000     0.9062     0.3054     1.5974     0.8877
[1] 24700.0000     0.0001     0.9025    -0.5584     2.5133     0.8040
[1] 24800.0000     0.0002     0.8109     0.0264     1.9404     1.1899
[1] 24900.0000     0.3143     0.9126    -0.8201     2.9051     1.0268
[1] 25000.0000     0.0006     0.9628    -0.2251     2.1935     0.9362
[1] 25100.0000     0.0000     0.9605     1.1935     0.7449     1.0743
[1] 25200.0000     0.0000     0.8184     0.3594     1.6007     0.8574
[1] 25300.0000     0.9970     0.8151     0.1527     1.7318     1.0748
[1] 25400.0000     1.0000     0.8988    -0.8445     2.7990     1.0888
[1] 25500.0000     0.0000     0.8147     0.7324     1.2190     1.1844
[1] 25600.0000     0.0000     0.8978     0.2367     1.7317     1.1142
[1] 2.570e+04 0.000e+00 8.060e-01 8.354e-01 1.143e+00 8.422e-01
[1] 25800.0000     0.0000     0.8043    -0.3012     2.3124     0.8730
[1] 25900.0000     1.0000     0.8632     0.3200     1.6406     1.1254
[1] 26000.0000     0.1508     0.9492     0.2686     1.8053     1.0058
[1] 26100.0000     0.0000     0.9196     0.4652     1.3870     1.1722
[1] 26200.0000     0.0000     0.9768    -0.1519     2.0349     0.9801
[1] 26300.0000     0.0000     0.8530    -0.3519     2.3325     1.0678
[1] 2.640e+04 0.000e+00 8.767e-01 4.824e-01 1.491e+00 8.041e-01
[1] 2.650e+04 3.782e-01 9.678e-01 4.978e-01 1.550e+00 9.418e-01
[1] 26600.0000     0.0000     0.9293    -0.1160     2.2126     0.8497
[1] 26700.0000     0.0001     0.8184     0.3148     1.5777     0.9177
[1] 26800.0000     0.0000     0.8448    -1.5709     3.4746     0.8652
[1] 26900.0000     0.0000     0.9184    -0.6300     2.5123     1.1619
[1] 27000.0000     0.0000     0.8794    -0.4617     2.3872     0.8948
[1] 27100.0000     0.4554     0.8553    -0.1316     2.0774     1.0993
[1] 27200.0000     0.0000     0.8802     0.4632     1.5019     0.8416
[1] 27300.0000     0.0000     0.8270    -1.1190     3.0387     1.1347
[1] 27400.0000     0.0000     0.8453    -0.1183     2.0556     0.8255
[1] 27500.0000     0.0000     0.8301     0.1041     1.8318     0.9239
[1] 27600.0000     0.0000     0.8732     1.0938     0.8691     0.9172
[1] 27700.0000     0.0000     0.8317     0.9908     1.0006     1.1846
[1] 27800.0000     0.0000     0.8338     0.4740     1.4499     0.9440
[1] 27900.0000     1.0000     0.8904     0.8090     1.1215     0.9276
[1] 28000.0000     0.0000     0.8025    -0.3673     2.3263     0.9240
[1] 28100.0000     0.0000     0.9306    -0.4720     2.6442     0.8823
[1] 28200.0000     0.0000     0.9683    -0.8242     2.8141     0.8917
[1] 28300.0000     0.0000     0.8845    -0.1865     2.1188     0.9758
[1] 28400.0000     1.0000     0.9594    -1.2937     3.2641     0.8105
[1] 28500.0000     0.0000     0.8678     0.2921     1.6416     0.8688
[1] 28600.0000     0.0000     0.9775    -0.3899     2.2961     0.9079
[1] 28700.0000     0.0000     0.9675    -0.7008     2.6521     1.1579
[1] 2.880e+04 0.000e+00 8.104e-01 5.831e-01 1.341e+00 1.194e+00
[1] 28900.0000     0.0000     0.9040     0.3654     1.4349     0.8375
[1] 29000.0000     0.0000     0.9277     0.2480     1.7171     1.1735
[1] 29100.0000     0.0000     0.8445    -0.1099     2.1113     0.8871
[1] 29200.0000     0.0874     0.9371     0.9370     1.0272     1.1436
[1] 29300.0000     0.0767     0.8726     0.8761     1.1133     0.8176
[1] 29400.0000     0.0000     0.9394     1.0833     0.9346     1.1754
[1] 29500.0000     0.0000     0.8094    -0.4120     2.3639     0.8253
[1] 29600.0000     0.0000     0.8335     0.7940     1.1735     1.1940
[1] 29700.0000     0.0000     0.9991     0.3823     1.5691     0.9357
[1] 29800.0000     0.0000     0.9203    -0.1015     2.0432     0.9519
[1] 29900.0000     0.8296     0.9798     0.0289     1.9352     1.0014
[1] 30000.0000     0.0000     0.8841     0.8904     1.0085     1.0036
[1] 0.07715691
Time difference of 4.449025 hours
null device 
          1 
