[1] "El numero de nodos X particion es: 10"
[1] "Model = M2 / Data = sim_data/datasetSVCMatern13.Rdata"
[1] 100.0000   0.0115   0.9429   0.2399   1.9952   1.1970
[1] 200.0000   0.3338   0.9645   0.0879   1.9983   1.1745
[1] 300.0000   1.0000   0.8776   0.1413   2.0212   1.0665
[1] 400.0000   1.0000   0.8233   0.1967   2.0641   1.0774
[1] 500.0000   0.3847   0.8902   0.1464   2.1131   0.8863
[1] 600.0000   1.0000   0.9748   0.3293   2.1754   1.0386
[1] 700.0000   0.0947   0.8999   0.2133   2.2001   1.0702
[1] 800.0000   1.0000   0.8954   0.1010   2.1812   1.1490
[1] 900.0000   1.0000   0.9357   0.0528   2.1610   1.0743
[1] 1000.0000    1.0000    0.9692    0.1614    2.1934    0.9576
[1] 1100.0000    0.1195    0.9031    0.1140    2.1074    1.0781
[1] 1200.0000    0.2648    0.8603    0.2375    2.2209    0.9164
[1] 1300.0000    1.0000    0.8617    0.1891    2.1090    1.0550
[1] 1400.0000    0.0511    0.9303    0.1086    2.2074    1.1894
[1] 1500.0000    0.0010    0.9672    0.1474    2.1392    1.1986
[1] 1600.0000    0.0738    0.9998    0.1300    2.1837    1.1214
[1] 1700.0000    0.3074    0.8185    0.1283    2.0578    1.1630
[1] 1800.0000    0.0141    0.9234    0.2236    2.1725    1.1307
[1] 1900.0000    0.3043    0.9957    0.1961    2.1398    1.1822
[1] 2000.0000    0.0003    0.9978    0.2300    2.1183    1.1535
[1] 2100.0000    0.0004    0.8660    0.1753    2.1892    1.0019
[1] 2200.0000    0.3297    0.9805    0.1436    2.1267    1.0470
[1] 2300.0000    1.0000    0.9707    0.1937    2.0733    1.1994
[1] 2400.0000    0.5622    0.9764    0.2231    2.0736    1.0594
[1] 2500.0000    1.0000    0.9002    0.2132    2.1127    1.1531
[1] 2600.0000    0.0215    0.9658    0.1194    2.1572    1.0023
[1] 2700.0000    0.0034    0.9335    0.1932    2.1969    0.9591
[1] 2800.0000    0.0122    0.9098    0.0792    2.0470    1.1572
[1] 2900.0000    0.0092    0.9982    0.1386    2.0798    0.9626
[1] 3000.0000    1.0000    0.9623    0.1561    2.2116    1.1476
[1] 3100.0000    0.1897    0.8855    0.1952    2.0664    1.1174
[1] 3200.0000    0.2842    0.9371    0.1915    2.1659    1.1278
[1] 3300.0000    0.0210    0.9877    0.1687    2.1066    0.9428
[1] 3400.0000    0.6142    0.8983    0.1149    2.0315    1.1525
[1] 3500.0000    0.1397    0.9339    0.2290    2.1360    1.1722
[1] 3600.0000    0.2440    0.8553    0.2199    2.0638    1.1349
[1] 3700.0000    0.0150    0.9950    0.1997    2.1175    1.0085
[1] 3800.0000    0.0310    0.9380    0.1508    2.0630    1.1005
[1] 3900.0000    0.0741    0.9837    0.1530    2.1447    1.1370
[1] 4000.0000    0.4835    0.9388    0.2089    2.0853    0.8131
[1] 4100.0000    1.0000    0.9426    0.1952    2.1571    0.8764
[1] 4200.0000    0.1029    0.9756    0.1289    2.2246    0.9752
[1] 4300.0000    0.0178    0.9305    0.1697    2.1402    1.1545
[1] 4400.0000    0.1046    0.9571    0.2228    2.1859    0.9932
[1] 4500.0000    0.4699    0.8410    0.1172    2.2535    1.1520
[1] 4600.0000    0.0372    0.9525    0.2365    2.1466    1.1110
[1] 4700.0000    0.0171    0.9516    0.1756    2.1653    1.1937
[1] 4800.0000    0.5291    0.8536    0.1072    2.1070    1.1437
[1] 4900.0000    0.3497    0.9222    0.2512    2.2297    0.9837
[1] 5000.0000    1.0000    0.9273    0.1974    2.1212    1.0348
[1] 5100.0000    0.0047    0.9679    0.1532    2.1312    1.1951
[1] 5200.0000    0.0142    0.8440    0.1022    2.2105    1.1937
[1] 5300.0000    1.0000    0.8379    0.1525    2.2279    1.0434
[1] 5400.0000    0.6352    0.9974    0.2235    2.1648    1.1725
[1] 5500.0000    0.3147    0.8506    0.1906    2.1828    1.1979
[1] 5600.0000    0.0001    0.9328    0.0731    2.1302    1.1365
[1] 5700.0000    1.0000    0.9639    0.1798    2.1011    1.0846
[1] 5800.0000    0.3654    0.8520    0.2221    2.1923    1.0482
[1] 5900.0000    0.0150    0.9936    0.0967    2.0578    1.1548
[1] 6000.0000    0.0522    0.8924    0.2589    2.1304    1.0716
[1] 6100.0000    0.0265    0.9546    0.2187    2.1525    1.1594
[1] 6200.0000    0.0312    0.9787    0.2359    2.1058    1.1364
[1] 6300.0000    0.0012    0.8959    0.2017    2.2192    1.1826
[1] 6400.0000    0.4622    0.9022    0.2582    2.1240    0.8332
[1] 6500.0000    1.0000    0.9478    0.2009    2.1200    1.0656
[1] 6600.0000    1.0000    0.9735    0.1089    2.1700    1.1163
[1] 6700.0000    0.0101    0.9726    0.1357    1.9887    1.0730
[1] 6800.0000    0.0870    0.9525    0.1171    2.0867    0.9997
[1] 6900.0000    0.0866    0.8556    0.1594    2.1248    1.1638
[1] 7000.0000    0.3162    0.9977    0.1947    2.1207    1.0944
[1] 7100.0000    0.0305    0.9857    0.1775    2.0655    1.0571
[1] 7200.0000    0.0001    0.8749    0.2233    2.1771    1.0509
[1] 7300.0000    0.0611    0.9346    0.2095    2.1610    1.1740
[1] 7400.0000    0.1847    0.9154    0.1139    2.1487    1.1958
[1] 7500.0000    0.0893    0.8906    0.2193    2.2041    1.1782
[1] 7600.0000    0.0482    0.9974    0.1805    2.0815    1.0017
[1] 7700.0000    0.0185    0.9975    0.1685    2.0389    1.1871
[1] 7800.0000    0.1289    0.8812    0.2233    2.1413    1.0536
[1] 7900.0000    0.0357    0.9654    0.0491    2.1439    1.1831
[1] 8000.0000    0.1492    0.9505    0.2028    2.1200    1.0962
[1] 8100.0000    0.8583    0.9280    0.2050    2.2643    1.0020
[1] 8200.0000    0.0569    0.9207    0.1580    2.1917    1.1282
[1] 8300.0000    0.0640    0.8896    0.2303    2.1703    1.1748
[1] 8400.0000    0.0362    0.8563    0.1268    2.1796    1.0967
[1] 8500.0000    0.0032    0.9939    0.0994    2.0462    1.0648
[1] 8600.0000    0.2586    0.9564    0.0863    2.1833    0.9963
[1] 8700.0000    0.0031    0.8788    0.2268    2.0764    1.1009
[1] 8800.0000    0.1183    0.9324    0.2425    2.1233    0.8066
[1] 8900.0000    1.0000    0.9431    0.1886    2.0870    1.1381
[1] 9000.0000    0.0181    0.9878    0.2083    2.0185    1.0272
[1] 9100.0000    0.2335    0.9538    0.1956    2.1633    1.0939
[1] 9200.0000    1.0000    0.9069    0.0576    2.1536    1.1995
[1] 9300.0000    0.0145    0.9270    0.2052    2.1794    1.1117
[1] 9400.0000    0.0565    0.8458    0.2287    2.0906    1.0091
[1] 9500.0000    0.2146    0.8817    0.1472    2.1018    1.0875
[1] 9600.0000    1.0000    0.9566    0.1558    2.0532    1.1182
[1] 9700.0000    0.1245    0.9472    0.2543    2.0968    1.0361
[1] 9800.0000    0.0006    0.9462    0.1995    2.1304    1.1275
[1] 9900.0000    0.0037    0.9529    0.2148    2.1237    0.9335
[1] 10000.0000     0.0052     0.9167     0.1015     2.1216     1.1877
[1] 10100.0000     0.7898     0.9049     0.1419     2.1515     1.0751
[1] 10200.0000     0.0621     0.9106     0.1677     2.1071     1.0967
[1] 10300.0000     0.1129     0.9315     0.2109     2.0818     1.1768
[1] 10400.0000     0.0030     0.9777     0.1902     2.1318     1.1669
[1] 10500.0000     0.1864     0.8159     0.2574     2.0890     1.1284
[1] 10600.0000     1.0000     0.8189     0.2848     2.1093     1.1530
[1] 10700.0000     0.0901     0.8554     0.1788     2.1751     1.1144
[1] 10800.0000     0.0025     0.9785     0.0893     2.1763     1.1554
[1] 10900.0000     0.0009     0.8264     0.1641     2.2318     1.1140
[1] 11000.0000     0.0190     0.9998     0.2496     2.1215     0.9957
[1] 11100.0000     0.2118     0.8742     0.2584     2.1888     1.1927
[1] 11200.0000     0.1022     0.9000     0.2578     2.0866     1.0977
[1] 11300.0000     0.8499     0.9738     0.1560     2.1049     1.1215
[1] 11400.0000     0.2192     0.9830     0.1743     2.1326     1.0526
[1] 11500.0000     0.0002     0.8735     0.0776     2.0901     1.1067
[1] 11600.0000     0.0753     0.9382     0.1387     2.0233     0.8033
[1] 11700.0000     0.1297     0.9810     0.1659     2.1342     0.9386
[1] 11800.0000     0.0001     0.9246     0.2071     2.1239     1.1837
[1] 11900.0000     0.6457     0.9675     0.2003     2.1455     0.9621
[1] 12000.0000     1.0000     0.9595     0.2137     2.1626     1.1960
[1] 12100.0000     0.1635     0.9940     0.2212     2.1812     1.0808
[1] 12200.0000     0.0084     0.9853     0.0498     2.0905     1.1443
[1] 12300.0000     0.5080     0.9337     0.1772     2.1022     1.0573
[1] 12400.0000     0.0099     0.8626     0.2109     2.2396     1.1478
[1] 12500.0000     0.0506     0.9120     0.2836     2.1705     1.1259
[1] 12600.0000     0.3556     0.9564     0.1646     2.0431     1.1675
[1] 12700.0000     0.0003     0.9614     0.1452     2.1734     0.8958
[1] 12800.0000     0.0010     0.9087     0.1455     2.0981     1.0631
[1] 12900.0000     0.0368     0.9378     0.0937     2.0774     1.1252
[1] 13000.0000     0.6980     0.8840     0.1633     2.1228     1.1100
[1] 13100.0000     0.0693     0.9404     0.0736     2.1747     0.9822
[1] 13200.0000     0.0909     0.9589     0.1244     2.0589     1.1555
[1] 13300.0000     0.1119     0.9324     0.3097     2.2470     1.1427
[1] 13400.0000     0.2727     0.9485     0.1561     2.0624     1.0271
[1] 13500.0000     0.0158     0.9671     0.1355     2.1364     0.9422
[1] 13600.0000     0.0043     0.9811     0.1926     2.0834     1.0983
[1] 13700.0000     0.0065     0.9578     0.2245     2.1459     1.1070
[1] 13800.0000     0.0998     0.9685     0.1146     2.1948     0.9435
[1] 13900.0000     0.0137     0.9575     0.2356     2.1346     1.0672
[1] 14000.0000     0.0476     0.9598     0.2504     2.1207     0.8043
[1] 14100.0000     0.0029     0.9236     0.2276     2.2621     0.9106
[1] 14200.0000     1.0000     0.9100     0.2246     2.1088     1.1948
[1] 14300.0000     0.0739     0.9874     0.0523     2.1785     0.9095
[1] 14400.0000     1.0000     0.8984     0.1264     2.1273     1.1866
[1] 14500.0000     1.0000     0.9833     0.2292     2.1683     1.1771
[1] 14600.0000     0.0006     0.8624     0.1091     2.0920     1.1285
[1] 14700.0000     0.1855     0.8815     0.1766     2.0986     1.1920
[1] 14800.0000     0.0109     0.8106     0.1392     2.0745     1.0978
[1] 14900.0000     1.0000     0.9485     0.1623     2.2188     1.1960
[1] 15000.0000     0.0001     0.9316     0.1329     2.1046     1.1724
[1] 15100.0000     0.0169     0.9112     0.1544     2.1175     1.0503
[1] 15200.0000     0.3188     0.9896     0.2827     2.1814     1.1186
[1] 15300.0000     0.7753     0.8296     0.2164     2.1052     1.1944
[1] 15400.0000     1.0000     0.9829     0.2399     2.1493     1.0368
[1] 15500.0000     0.0647     0.9013     0.2219     2.0685     1.0728
[1] 15600.0000     1.0000     0.9912     0.1809     2.1726     1.0551
[1] 15700.0000     0.7529     0.9225     0.2176     2.1089     0.9294
[1] 15800.0000     0.2304     0.9774     0.2855     2.0773     1.1822
[1] 15900.0000     0.0001     0.9619     0.1579     2.1788     1.1569
[1] 16000.0000     0.7378     0.9761     0.1321     2.1634     1.0600
[1] 16100.0000     0.0014     0.8350     0.1251     2.0854     1.1328
[1] 16200.0000     0.1645     0.9395     0.1609     2.2032     1.1789
[1] 16300.0000     1.0000     0.9029     0.1657     2.1548     1.0365
[1] 16400.0000     0.4323     0.9797     0.2004     2.1327     1.0271
[1] 1.650e+04 1.000e+00 9.407e-01 3.317e-01 2.284e+00 9.877e-01
[1] 16600.0000     0.9741     0.9300     0.1045     2.0439     1.1365
[1] 16700.0000     0.4040     0.9070     0.0732     2.1876     1.1930
[1] 16800.0000     0.0481     0.9378     0.1378     2.0203     1.0931
[1] 16900.0000     1.0000     0.9847     0.1103     2.0737     1.0676
[1] 1.700e+04 1.215e-01 9.815e-01 1.516e-01 2.129e+00 9.010e-01
[1] 17100.0000     0.0024     0.9215     0.2705     2.0774     1.0634
[1] 17200.0000     0.0814     0.9518     0.1297     2.1165     0.9495
[1] 1.730e+04 1.880e-02 9.491e-01 2.650e-02 2.011e+00 1.187e+00
[1] 17400.0000     1.0000     0.9623     0.1615     2.2375     1.1696
[1] 17500.0000     0.6380     0.9677     0.1438     2.1165     1.1479
[1] 17600.0000     0.4492     0.8678     0.2010     2.1014     1.1651
[1] 17700.0000     0.0011     0.9944     0.1766     1.9572     0.9167
[1] 17800.0000     0.5517     0.9383     0.0998     2.1276     1.0084
[1] 17900.0000     0.2751     0.9291     0.1046     2.1959     0.9192
[1] 18000.0000     0.0723     0.8889     0.2447     2.1607     1.1728
[1] 18100.0000     0.0760     0.8667     0.2265     2.0861     1.1867
[1] 18200.0000     0.0232     0.9180     0.2814     2.2504     0.9221
[1] 18300.0000     0.2152     0.9706     0.1981     2.1921     1.1685
[1] 18400.0000     0.0000     0.9243     0.1445     2.1883     1.1066
[1] 18500.0000     0.6418     0.8751     0.1764     2.1529     0.8892
[1] 18600.0000     1.0000     0.8933     0.2272     2.2278     0.9588
[1] 18700.0000     0.0141     0.8998     0.1740     2.2044     1.1001
[1] 18800.0000     0.1096     0.9134     0.2121     2.1328     1.0933
[1] 18900.0000     0.0014     0.9734     0.2413     2.2331     1.0104
[1] 19000.0000     0.4418     0.8087     0.1021     2.1189     1.1060
[1] 19100.0000     0.0614     0.9272     0.1627     2.2245     0.8583
[1] 19200.0000     0.0249     0.9220     0.1874     2.0281     1.1567
[1] 19300.0000     0.0045     0.8940     0.2510     2.2063     1.1248
[1] 19400.0000     0.5180     0.9097     0.2515     2.0791     1.0433
[1] 19500.0000     0.0082     0.9633     0.2302     2.1292     1.1823
[1] 19600.0000     0.5881     0.9711     0.1836     2.2329     1.0171
[1] 19700.0000     0.0514     0.8665     0.1741     2.0658     1.1248
[1] 19800.0000     1.0000     0.9324     0.2001     2.1899     1.1958
[1] 19900.0000     0.2046     0.9981     0.1803     2.2719     1.0280
[1] 20000.0000     0.0224     0.9132     0.1919     2.1395     1.1473
[1] 20100.0000     1.0000     0.9273     0.2174     2.2316     1.0799
[1] 20200.0000     0.2437     0.9443     0.0964     2.1518     1.1874
[1] 20300.0000     1.0000     0.9019     0.0881     2.1363     1.0263
[1] 20400.0000     0.1845     0.9596     0.1761     2.1248     1.0259
[1] 20500.0000     0.0082     0.8964     0.1607     2.1958     1.1285
[1] 20600.0000     0.4169     0.9169     0.0963     2.1655     1.1057
[1] 20700.0000     0.1014     0.9923     0.2560     2.1154     1.0695
[1] 20800.0000     1.0000     0.9981     0.1424     2.1662     1.0246
[1] 20900.0000     1.0000     0.9455     0.0900     2.1359     1.1141
[1] 21000.0000     0.1490     0.8708     0.1885     2.1424     1.1617
[1] 21100.0000     0.0083     0.9291     0.1140     2.0636     1.1428
[1] 21200.0000     0.1432     0.9132     0.2600     2.1863     1.0896
[1] 21300.0000     0.6925     0.8214     0.1113     2.0720     1.0391
[1] 21400.0000     0.0032     0.9065     0.1801     2.1408     1.1616
[1] 21500.0000     0.0277     0.9091     0.2571     2.1709     1.1988
[1] 21600.0000     0.4110     0.9524     0.1762     2.1451     1.0493
[1] 21700.0000     0.6801     0.9973     0.1934     2.1269     0.9605
[1] 21800.0000     1.0000     0.8733     0.2544     2.1705     1.1912
[1] 21900.0000     0.0516     0.9084     0.2580     2.1000     1.1067
[1] 22000.0000     1.0000     0.8874     0.2065     2.1044     1.0182
[1] 22100.0000     0.1301     0.9862     0.2141     2.1022     0.9706
[1] 22200.0000     0.0112     0.8918     0.1298     2.1307     1.1042
[1] 22300.0000     0.0809     0.9726     0.0880     2.1749     0.8521
[1] 22400.0000     0.4648     0.9556     0.1488     2.1037     1.0506
[1] 22500.0000     0.0689     0.8933     0.2623     2.1996     1.0721
[1] 22600.0000     0.1084     0.8433     0.1450     2.1921     1.1055
[1] 22700.0000     0.0640     0.8271     0.1288     2.0754     1.1968
[1] 22800.0000     0.3797     0.8972     0.1656     2.1209     1.0231
[1] 22900.0000     1.0000     0.8956     0.1562     2.0255     1.1446
[1] 2.300e+04 4.597e-01 9.955e-01 2.885e-01 2.185e+00 9.113e-01
[1] 23100.0000     0.1733     0.8119     0.1539     2.1930     1.0551
[1] 23200.0000     0.0267     0.9832     0.1888     2.1262     0.9881
[1] 23300.0000     0.0117     0.9904     0.2780     2.1962     1.1810
[1] 23400.0000     0.7075     0.8888     0.1369     2.1456     1.0444
[1] 23500.0000     0.6356     0.8934     0.1469     2.1170     1.1391
[1] 23600.0000     0.0866     0.9485     0.1251     2.1355     0.9403
[1] 2.370e+04 4.450e-02 9.328e-01 2.079e-01 2.034e+00 1.018e+00
[1] 23800.0000     0.4455     0.9299     0.1332     2.1035     1.0580
[1] 23900.0000     0.0269     0.9920     0.2281     2.1713     1.0485
[1] 24000.0000     0.1661     0.8060     0.1873     2.1462     1.1215
[1] 24100.0000     0.1002     0.8747     0.1646     2.1823     1.0767
[1] 24200.0000     0.1027     0.9331     0.0197     2.1439     1.1419
[1] 24300.0000     0.0530     0.9762     0.0921     2.1795     1.0932
[1] 24400.0000     1.0000     0.9947     0.2164     2.1612     0.9697
[1] 24500.0000     0.0043     0.9726     0.2041     2.2315     1.0605
[1] 24600.0000     0.0003     0.8838     0.1125     2.1931     1.1552
[1] 24700.0000     0.0675     0.9730     0.1176     2.1339     1.1829
[1] 24800.0000     0.1085     0.9497     0.2212     2.1453     1.0764
[1] 24900.0000     0.3483     0.9802     0.1189     2.2022     0.9496
[1] 25000.0000     0.0126     0.9713     0.2584     2.0946     1.1151
[1] 25100.0000     0.0033     0.9249     0.0852     2.0686     1.0516
[1] 25200.0000     0.2162     0.9507     0.2070     2.1395     0.9719
[1] 25300.0000     0.1228     0.9787     0.1821     2.0784     1.1404
[1] 25400.0000     0.3121     0.9183     0.2246     2.1361     1.0450
[1] 25500.0000     0.3164     0.8147     0.1246     2.1120     1.1844
[1] 25600.0000     0.0016     0.9926     0.1684     2.2203     0.9855
[1] 25700.0000     0.0010     0.9326     0.1260     2.1147     1.1000
[1] 25800.0000     0.0905     0.9689     0.0722     2.1642     1.1962
[1] 25900.0000     0.3448     0.9618     0.1147     2.1220     1.1247
[1] 26000.0000     0.3675     0.9492     0.2198     2.0823     1.0058
[1] 26100.0000     0.0331     0.9097     0.1461     2.1580     1.1652
[1] 26200.0000     0.2069     0.8496     0.2601     2.1257     1.1269
[1] 26300.0000     0.1218     0.9342     0.1925     2.0403     1.1434
[1] 26400.0000     0.0174     0.9386     0.2319     2.0341     1.1662
[1] 26500.0000     0.1237     0.9710     0.1267     2.0195     1.0027
[1] 26600.0000     0.3245     0.9993     0.2165     2.1062     1.0988
[1] 2.670e+04 1.827e-01 8.892e-01 1.916e-01 2.136e+00 9.428e-01
[1] 26800.0000     0.4539     0.9542     0.1723     2.0245     1.1594
[1] 26900.0000     0.0051     0.8955     0.1386     2.1704     1.0592
[1] 27000.0000     0.0324     0.8959     0.1803     2.1443     1.1917
[1] 27100.0000     0.0655     0.9559     0.1446     2.1446     1.0717
[1] 27200.0000     0.0036     0.9713     0.1270     2.1245     1.0324
[1] 2.730e+04 8.150e-02 9.754e-01 5.440e-02 2.133e+00 9.688e-01
[1] 27400.0000     0.2683     0.8806     0.1495     2.1000     1.0468
[1] 27500.0000     0.0528     0.9665     0.2154     2.1698     1.1723
[1] 27600.0000     0.1046     0.9952     0.1850     2.1553     1.1217
[1] 27700.0000     0.0076     0.9491     0.2580     2.1420     1.1275
[1] 27800.0000     0.0555     0.9045     0.2009     2.1881     1.1803
[1] 27900.0000     0.2740     0.8774     0.2068     2.1654     1.0564
[1] 28000.0000     0.0000     0.9430     0.2642     2.1677     0.9743
[1] 28100.0000     0.0213     0.9857     0.1744     2.1888     0.9345
[1] 28200.0000     0.0769     0.9920     0.3429     2.1982     1.1206
[1] 28300.0000     0.0027     0.8793     0.2020     2.2371     0.9942
[1] 28400.0000     0.0980     0.9594     0.1824     2.1099     0.8105
[1] 28500.0000     1.0000     0.8206     0.2456     2.1171     1.0447
[1] 28600.0000     1.0000     0.9044     0.0645     2.1163     0.9892
[1] 28700.0000     0.0925     0.8497     0.1230     2.1963     1.1155
[1] 28800.0000     0.1787     0.9766     0.1643     2.0779     1.0494
[1] 28900.0000     1.0000     0.9689     0.1830     2.1756     1.0738
[1] 29000.0000     0.0168     0.9401     0.2483     2.0928     1.1755
[1] 29100.0000     1.0000     0.9799     0.1475     2.1805     1.1704
[1] 29200.0000     1.0000     0.9160     0.1990     2.0760     1.0663
[1] 29300.0000     0.5002     0.9631     0.2683     2.1903     1.1728
[1] 29400.0000     0.0324     0.9512     0.1689     2.0461     1.1262
[1] 29500.0000     0.0013     0.9688     0.2196     2.1479     1.1567
[1] 29600.0000     0.2744     0.9770     0.2739     2.2707     1.1651
[1] 29700.0000     0.0055     0.9571     0.1651     2.0856     0.9736
[1] 29800.0000     0.0113     0.8980     0.1705     2.0724     1.1905
[1] 29900.0000     0.7433     0.9798     0.1175     2.1274     1.0014
[1] 30000.0000     0.1629     0.9561     0.2029     2.1570     1.0811
[1] 0.3360666
Time difference of 11.77837 hours
null device 
          1 
