[1] "El numero de nodos X particion es: 10"
[1] "Model = M1 / Data = sim_data/datasetSVIMatern20.Rdata"
[1] 100.0000   0.4276   0.9429   0.1116   1.8792   1.1970
[1] 200.0000   0.0014   0.9592   0.1605   1.7478   1.1736
[1] 300.0000   1.0000   0.8776  -0.1680   2.1573   1.0665
[1] 400.0000   0.0273   0.9217  -0.0258   2.0482   0.9692
[1] 500.0000   0.0001   0.8380   0.1175   1.9387   0.8203
[1] 600.0000   1.0000   0.9748  -0.0233   2.0052   1.0386
[1] 700.0000   0.0004   0.9396  -0.2699   2.4324   1.0960
[1] 800.0000   0.0010   0.9381  -0.2058   2.1780   1.1219
[1] 900.0000   0.2991   0.9357  -0.1515   2.2999   1.0743
[1] 1000.0000    0.0000    0.8568   -0.1006    2.0962    0.8983
[1] 1100.0000    0.0000    0.9319    0.6037    1.3292    0.8930
[1] 1200.0000    0.7139    0.8603    0.2643    1.7901    0.9164
[1] 1300.0000    0.3031    0.8617    0.1053    1.7774    1.0550
[1] 1400.0000    0.0000    0.9303   -0.6839    2.6537    1.1894
[1] 1500.0000    0.0004    0.9584    0.0112    2.0007    1.0940
[1] 1600.0000    0.0000    0.9098   -0.3466    2.3825    0.9715
[1] 1700.0000    0.0000    0.8745   -0.4462    2.4899    0.9148
[1] 1800.0000    0.0000    0.9376   -0.0953    2.0778    0.8302
[1] 1900.0000    0.0000    0.9875   -0.1896    2.2015    0.8532
[1] 2000.0000    0.3141    0.8821   -0.4357    2.3152    0.8614
[1] 2100.0000    0.0000    0.9372   -0.1543    2.0926    0.8634
[1] 2200.0000    0.0000    0.8668    0.5689    1.4708    1.0989
[1] 2300.0000    0.0000    0.8951    1.3447    0.5521    0.9529
[1] 2400.0000    0.0000    0.9355    0.4098    1.6219    1.1578
[1] 2500.0000    0.0601    0.8571    0.1143    1.8253    1.0731
[1] 2600.0000    0.0000    0.9483    0.2396    1.7228    1.1376
[1] 2700.0000    0.0000    0.8492    0.3270    1.6929    0.9140
[1] 2800.0000    0.0016    0.9386    0.3419    1.5644    0.8695
[1] 2900.0000    0.0004    0.9982   -0.4841    2.4342    0.9626
[1] 3000.0000    0.0000    0.8318   -0.1666    2.1521    1.1464
[1] 3100.0000    0.0000    0.8265    0.2586    1.7963    1.1652
[1] 3200.0000    0.0000    0.9190    0.2040    1.7737    0.9575
[1] 3300.0000    0.0000    0.9312    0.1646    1.8292    0.9302
[1] 3400.0000    0.4034    0.8983    0.5616    1.4309    1.1525
[1] 3500.0000    0.0000    0.9256    0.0970    1.7977    1.1684
[1] 3600.0000    0.0000    0.8846   -0.5655    2.5755    1.0977
[1] 3700.0000    0.4509    0.9950    0.5032    1.5593    1.0085
[1] 3800.0000    0.0000    0.9791    0.4978    1.4917    1.0179
[1] 3900.0000    0.0000    0.9991   -0.1849    2.1910    0.8391
[1] 4000.0000    0.0000    0.9448   -0.3026    2.3137    1.0791
[1] 4100.0000    0.0000    0.8388   -0.0522    2.0784    0.8864
[1] 4200.0000    0.0000    0.9756   -0.6472    2.5594    0.9752
[1] 4300.0000    0.0310    0.8028   -0.4783    2.4734    0.9927
[1] 4400.0000    0.0000    0.9459    0.2402    1.7307    1.1887
[1] 4500.0000    1.0000    0.8410    0.0355    1.9281    1.1520
[1] 4600.0000    0.0001    0.9525   -0.0246    2.0782    1.1110
[1] 4700.0000    0.0000    0.8536   -0.5188    2.5181    0.9410
[1] 4800.0000    0.0000    0.8444   -0.4683    2.4299    1.1184
[1] 4900.0000    0.0000    0.9924   -0.5562    2.5770    1.1836
[1] 5000.0000    0.3699    0.9273   -0.1423    2.2557    1.0348
[1] 5100.0000    0.0000    0.9679   -0.0772    2.0660    1.1951
[1] 5200.0000    0.0000    0.8350    0.0274    2.1607    1.0935
[1] 5300.0000    0.0000    0.8845    0.0412    1.9125    1.0022
[1] 5400.0000    0.0000    0.9713    0.2724    1.5611    1.1011
[1] 5500.0000    0.0000    0.8913    0.4350    1.5518    1.1131
[1] 5600.0000    0.0000    0.9328   -0.5545    2.5675    1.1365
[1] 5700.0000    0.0000    0.9445   -0.4504    2.3944    1.0237
[1] 5800.0000    0.0000    0.8612   -0.3775    2.3798    1.0327
[1] 5900.0000    0.0000    0.8278    0.5386    1.4372    1.0767
[1] 6000.0000    0.0000    0.8887    0.0362    1.9049    0.8335
[1] 6100.0000    0.0000    0.8198   -0.3612    2.3036    1.1772
[1] 6200.0000    0.0000    0.8235    0.6076    1.3041    1.1329
[1] 6300.0000    0.0000    0.9569   -0.3238    2.3070    0.8080
[1] 6400.0000    0.0000    0.9885   -0.1871    2.2626    0.8165
[1] 6500.0000    0.0805    0.9084   -0.4055    2.3983    1.0918
[1] 6600.0000    0.0000    0.8401    0.0176    1.9496    1.0889
[1] 6700.0000    0.0000    0.8204   -0.3730    2.2959    0.9264
[1] 6800.0000    0.0242    0.8794    0.1880    1.6841    0.9381
[1] 6900.0000    0.0000    0.8556   -0.4332    2.4561    1.1638
[1] 7000.0000    0.0000    0.9736    0.1297    1.8829    1.0588
[1] 7100.0000    0.0000    0.9857   -0.0300    1.9972    1.0571
[1] 7200.0000    0.0000    0.9439   -0.0593    2.0908    1.1769
[1] 7300.0000    0.0000    0.9346    0.4418    1.5586    1.1740
[1] 7400.0000    0.0000    0.9512   -0.1664    2.0827    0.8676
[1] 7500.0000    0.0001    0.9989   -0.9206    2.7088    1.1081
[1] 7600.0000    0.0000    0.9493   -0.0837    2.1107    0.9281
[1] 7700.0000    0.0000    0.8348   -0.6274    2.5299    1.0869
[1] 7800.0000    0.0000    0.9477   -0.0650    2.0119    0.8206
[1] 7900.0000    0.0000    0.8037   -0.0933    2.0044    1.1632
[1] 8000.0000    0.0000    0.9309   -0.1326    2.0168    1.0835
[1] 8100.0000    0.0000    0.8250   -0.0240    1.9566    1.1136
[1] 8200.0000    0.0000    0.9207   -0.3632    2.4381    1.1282
[1] 8300.0000    0.0000    0.8896   -0.2687    2.3368    1.1748
[1] 8400.0000    0.0000    0.9658   -0.1513    2.1067    0.9286
[1] 8500.0000    0.0000    0.8325    0.0000    2.0124    1.0750
[1] 8600.0000    1.0000    0.9214   -0.6648    2.5768    1.0135
[1] 8700.0000    0.0000    0.8940   -0.1760    2.1827    1.0236
[1] 8800.0000    0.0000    0.8601    0.4141    1.5487    0.8170
[1] 8900.0000    0.0054    0.8674    0.5241    1.4216    1.0474
[1] 9000.0000    0.0000    0.8638    0.3661    1.5357    1.1683
[1] 9100.0000    0.0000    0.8060    0.0341    1.8325    0.8104
[1] 9200.0000    0.0000    0.8777    0.1490    1.8724    1.1489
[1] 9300.0000    0.0000    0.8689    0.2097    1.8023    0.9976
[1] 9400.0000    0.0000    0.8351    0.6535    1.3019    0.8546
[1] 9500.0000    0.0000    0.8295   -0.0320    1.9508    0.9364
[1] 9600.0000    0.0014    0.8149   -0.0095    2.0200    0.9056
[1] 9700.0000    0.0000    0.9657    0.5234    1.4864    0.9166
[1] 9800.0000    0.0000    0.9462   -0.1033    2.0810    1.1275
[1] 9900.0000    0.0000    0.9876    0.9491    1.0591    0.9739
[1] 10000.0000     0.7463     0.8618    -0.3102     2.3140     0.8032
[1] 10100.0000     1.0000     0.9049    -0.0705     2.1103     1.0751
[1] 10200.0000     1.0000     0.9808    -0.3981     2.3480     0.8342
[1] 10300.0000     0.2537     0.9549     0.7828     1.2087     0.8021
[1] 10400.0000     0.0000     0.9434     0.0234     1.9101     1.1753
[1] 10500.0000     0.0000     0.8532     0.5873     1.3352     1.1002
[1] 1.060e+04 0.000e+00 8.442e-01 9.340e-02 1.954e+00 9.495e-01
[1] 10700.0000     0.0000     0.8398     0.3927     1.6283     1.0590
[1] 10800.0000     1.0000     0.8056    -0.3384     2.3387     0.8503
[1] 10900.0000     0.0000     0.9660     0.3663     1.7209     1.1970
[1] 11000.0000     0.2615     0.8012     0.5086     1.5699     0.9407
[1] 11100.0000     0.0000     0.8902     0.0937     1.9087     0.9114
[1] 11200.0000     1.0000     0.9412    -0.4147     2.4604     0.8257
[1] 11300.0000     0.0000     0.9481    -0.1112     2.0804     1.1448
[1] 11400.0000     0.0036     0.9548     0.6274     1.3418     1.0047
[1] 11500.0000     0.0000     0.8061     0.1474     1.8445     1.1646
[1] 11600.0000     0.0025     0.8744     0.1778     1.7528     0.9019
[1] 11700.0000     0.9484     0.8613     0.0021     1.9121     1.0253
[1] 11800.0000     0.0000     0.8027     0.1017     1.8165     0.8530
[1] 11900.0000     0.0000     0.8934    -0.6208     2.4936     1.0759
[1] 12000.0000     0.0000     0.8056    -0.0546     2.0575     1.1142
[1] 12100.0000     0.0000     0.8930     0.0275     1.9056     0.8604
[1] 12200.0000     0.1130     0.9853     0.4668     1.5709     1.1443
[1] 12300.0000     0.0036     0.8010     0.0976     1.8814     0.8810
[1] 12400.0000     0.6591     0.8046     0.3437     1.6455     0.8797
[1] 12500.0000     0.0000     0.8870     0.1374     1.8123     1.1524
[1] 12600.0000     0.0000     0.9359    -0.3212     2.3869     1.1279
[1] 12700.0000     0.0000     0.9614    -0.1760     2.2387     0.8958
[1] 12800.0000     0.0000     0.9108    -0.4482     2.5185     1.0765
[1] 12900.0000     0.1282     0.9204     0.1193     1.8564     0.8219
[1] 13000.0000     0.0000     0.8069     0.1084     1.8516     1.0997
[1] 13100.0000     0.0000     0.9339     0.7448     1.2514     1.1193
[1] 13200.0000     0.0224     0.8843    -0.3281     2.2943     0.9997
[1] 13300.0000     0.0000     0.8590    -0.2964     2.2428     1.0479
[1] 13400.0000     0.0000     0.9676     0.3308     1.6451     1.1418
[1] 13500.0000     0.0000     0.8466    -0.6496     2.5861     0.8143
[1] 13600.0000     0.0000     0.8917     0.0651     2.0314     1.0301
[1] 13700.0000     0.0000     0.8951     0.1397     1.7976     1.0363
[1] 13800.0000     0.0000     0.8787    -0.3707     2.3599     1.0611
[1] 13900.0000     0.0006     0.8573     0.0539     1.9483     0.8372
[1] 14000.0000     0.0000     0.9588     0.2097     1.7881     0.9662
[1] 14100.0000     0.0000     0.8844    -0.0622     1.9158     1.1867
[1] 14200.0000     0.0008     0.8479     0.5893     1.3156     0.8739
[1] 14300.0000     0.0001     0.8548    -0.8083     2.7995     0.8231
[1] 14400.0000     0.4463     0.8171    -0.2318     2.2227     1.1588
[1] 14500.0000     1.0000     0.9833     0.3055     1.7208     1.1771
[1] 14600.0000     0.0000     0.8912     0.0042     1.9572     0.8958
[1] 14700.0000     0.0000     0.8974    -0.2959     2.1640     1.0871
[1] 14800.0000     0.0000     0.9473     0.1535     1.7451     0.8982
[1] 14900.0000     0.2307     0.9582    -0.2081     2.1975     1.0321
[1] 15000.0000     0.0009     0.9447    -0.2642     2.1980     0.8911
[1] 15100.0000     0.3828     0.8384    -0.2877     2.3228     0.8510
[1] 15200.0000     0.0000     0.8734    -0.0896     2.1006     0.8767
[1] 15300.0000     1.0000     0.8282    -0.0154     1.9641     1.1177
[1] 15400.0000     1.0000     0.9829     0.1296     1.8413     1.0368
[1] 15500.0000     0.0000     0.8279    -1.0280     2.9478     0.8509
[1] 15600.0000     0.0000     0.9955    -0.5344     2.5771     0.8299
[1] 15700.0000     0.0000     0.8668    -0.0018     2.0646     1.0399
[1] 15800.0000     0.0100     0.8834    -0.3519     2.3358     0.9061
[1] 15900.0000     0.0000     0.9431    -0.0507     1.9833     0.8611
[1] 16000.0000     1.0000     0.9761    -0.2690     2.2151     1.0600
[1] 16100.0000     0.0000     0.8125     0.1730     1.8386     0.8885
[1] 16200.0000     0.0011     0.9466    -0.0582     1.9708     0.9477
[1] 16300.0000     0.0000     0.9327     0.1894     1.8466     0.9714
[1] 16400.0000     0.0000     0.9401     0.1870     1.8198     0.9237
[1] 16500.0000     0.3118     0.9646     0.2437     1.7761     1.1820
[1] 16600.0000     0.0058     0.8568    -0.4351     2.4629     1.0645
[1] 16700.0000     0.0001     0.9287     0.0830     1.8627     0.9633
[1] 16800.0000     0.0000     0.9378    -0.1121     2.0306     1.0931
[1] 16900.0000     0.0000     0.8138     0.1832     1.7524     1.1004
[1] 17000.0000     0.0000     0.9790    -0.4172     2.3539     0.8822
[1] 17100.0000     0.0000     0.9262     0.7944     1.2622     0.9696
[1] 17200.0000     0.0251     0.9497    -0.0068     1.9990     0.8252
[1] 17300.0000     0.7191     0.8396    -0.2693     2.3074     1.0131
[1] 17400.0000     0.0000     0.8593     0.0119     2.0024     1.1450
[1] 17500.0000     0.0000     0.9677     0.1293     1.8476     1.1479
[1] 17600.0000     0.0000     0.8242     0.2924     1.6168     0.9225
[1] 17700.0000     0.0000     0.8794     0.1368     1.8491     0.9707
[1] 17800.0000     0.0578     0.9571    -0.6498     2.6884     0.9258
[1] 17900.0000     0.0000     0.9083    -0.0158     1.9615     0.9495
[1] 18000.0000     0.3792     0.9109    -0.1206     2.1885     0.8712
[1] 18100.0000     0.0000     0.9461    -0.0731     2.0369     0.9222
[1] 1.820e+04 6.860e-02 8.582e-01 9.887e-01 9.350e-01 9.652e-01
[1] 18300.0000     0.0000     0.9012     0.1286     1.8804     1.0710
[1] 18400.0000     0.0000     0.9121    -0.2391     2.2794     0.9764
[1] 18500.0000     0.0000     0.8451     0.0974     1.9191     0.9054
[1] 18600.0000     0.0000     0.8121    -0.1867     2.1936     0.9608
[1] 18700.0000     0.0000     0.8690    -0.3531     2.2367     0.9055
[1] 18800.0000     0.0000     0.8537    -0.2371     2.2320     0.9005
[1] 18900.0000     0.0000     0.9024    -0.1752     2.1454     1.0613
[1] 19000.0000     0.0005     0.8366    -0.1072     2.0998     0.8015
[1] 19100.0000     0.0000     0.8142     0.0026     1.9130     1.0716
[1] 19200.0000     0.0000     0.8001     0.2744     1.7083     0.9641
[1] 19300.0000     0.0000     0.9918     0.1829     1.7744     0.8386
[1] 19400.0000     0.0000     0.8040    -0.0064     2.0398     1.1551
[1] 19500.0000     0.0000     0.9654     0.0198     1.9526     0.9669
[1] 19600.0000     0.5012     0.9162    -0.4826     2.3604     0.8038
[1] 19700.0000     0.0221     0.9629    -0.1998     2.0721     0.8437
[1] 19800.0000     0.0000     0.9911     0.5007     1.4971     0.9546
[1] 19900.0000     0.0000     0.9981    -0.1822     2.2326     1.0280
[1] 20000.0000     0.0000     0.9250    -0.1626     2.2025     0.8216
[1] 20100.0000     0.0000     0.9794     0.3518     1.6175     1.1721
[1] 20200.0000     0.9436     0.9840    -0.2099     2.1706     1.1380
[1] 20300.0000     0.0000     0.8028    -0.2211     2.2766     0.9708
[1] 20400.0000     0.0381     0.9596     0.2010     1.7146     1.0259
[1] 20500.0000     0.0000     0.8964    -0.0931     2.0559     1.1285
[1] 20600.0000     0.7920     0.9169     0.2073     1.8390     1.1057
[1] 20700.0000     0.9559     0.8107    -0.0587     2.1313     1.0874
[1] 20800.0000     0.0000     0.9606    -0.2509     2.2896     1.0886
[1] 20900.0000     1.0000     0.9455    -0.2616     2.2122     1.1141
[1] 21000.0000     0.0000     0.9912     0.4838     1.4600     1.0875
[1] 21100.0000     0.0000     0.9732    -0.2279     2.1175     0.8253
[1] 21200.0000     1.0000     0.9611     0.2409     1.6779     0.8029
[1] 21300.0000     1.0000     0.9067     0.0606     2.0626     0.8492
[1] 21400.0000     0.0082     0.9719    -0.4200     2.3505     0.9071
[1] 21500.0000     0.0000     0.9375    -0.5620     2.4954     1.0777
[1] 21600.0000     0.0191     0.8420     0.0034     1.9841     0.8926
[1] 21700.0000     0.0000     0.8449    -0.2687     2.2087     0.9351
[1] 21800.0000     0.0133     0.8660    -0.0925     2.0886     1.1387
[1] 21900.0000     0.0000     0.8416    -0.0530     2.0102     1.1370
[1] 22000.0000     0.0000     0.9116     0.0079     2.1085     1.1988
[1] 22100.0000     0.0000     0.9825    -0.1190     2.0568     1.1195
[1] 22200.0000     0.0000     0.8403    -0.2787     2.2141     1.1277
[1] 22300.0000     1.0000     0.9726     0.0580     1.9415     0.8521
[1] 22400.0000     0.0034     0.8145    -0.1821     2.1701     0.8604
[1] 22500.0000     0.2504     0.8623     0.3039     1.7327     0.8008
[1] 22600.0000     0.0000     0.8858    -0.3583     2.3253     0.9064
[1] 22700.0000     0.0000     0.8271     0.3017     1.6573     1.1968
[1] 22800.0000     0.0700     0.8972     0.0824     1.7562     1.0231
[1] 22900.0000     0.0001     0.9287     0.1523     1.7562     0.9003
[1] 23000.0000     0.0000     0.9652    -0.0784     2.0818     1.0264
[1] 23100.0000     0.0000     0.9231    -0.1786     2.1312     0.8179
[1] 23200.0000     0.0012     0.9483     0.0831     1.8122     1.0848
[1] 23300.0000     0.1890     0.8966     0.1426     1.8267     1.0199
[1] 23400.0000     0.0001     0.8223    -0.2875     2.2830     1.0249
[1] 23500.0000     0.0000     0.8934    -0.7593     2.7143     1.1391
[1] 23600.0000     0.0000     0.8360     0.2021     1.7664     0.8406
[1] 23700.0000     0.0000     0.8580     0.3167     1.6722     0.8494
[1] 23800.0000     0.0000     0.9509    -0.0480     1.9707     0.9516
[1] 23900.0000     0.2166     0.8157     0.2883     1.6386     0.8034
[1] 24000.0000     0.0000     0.9801    -0.1078     2.0352     1.1551
[1] 24100.0000     0.0000     0.8747    -0.7272     2.6155     1.0767
[1] 24200.0000     0.0000     0.8562     0.0744     1.8288     0.9310
[1] 24300.0000     0.0000     0.8894    -0.6613     2.6188     0.9198
[1] 24400.0000     0.1782     0.9020     0.4843     1.5597     1.0534
[1] 24500.0000     0.0000     0.9407     0.5386     1.4404     1.0416
[1] 24600.0000     0.0000     0.9062    -0.2150     2.2284     0.8877
[1] 24700.0000     0.0061     0.9574    -0.2905     2.2146     1.0919
[1] 24800.0000     0.7949     0.8109    -0.1608     2.0775     1.1899
[1] 2.490e+04 1.067e-01 9.495e-01 9.400e-03 1.996e+00 8.626e-01
[1] 25000.0000     0.0388     0.9628     0.3177     1.6507     0.9362
[1] 25100.0000     0.6154     0.8419     0.1856     1.6764     0.8544
[1] 25200.0000     0.0000     0.9920    -0.3829     2.4087     0.8420
[1] 25300.0000     1.0000     0.8151    -0.0477     2.0192     1.0748
[1] 25400.0000     1.0000     0.8988    -0.0451     2.0077     1.0888
[1] 25500.0000     0.0000     0.8147     0.3386     1.6351     1.1844
[1] 25600.0000     0.0000     0.9526    -0.1211     2.0663     1.1706
[1] 25700.0000     0.0000     0.8060     0.4205     1.5864     0.8422
[1] 25800.0000     0.0000     0.8043    -0.6766     2.4983     0.8730
[1] 25900.0000     1.0000     0.8632    -0.0054     2.0132     1.1254
[1] 26000.0000     1.0000     0.9492    -0.1370     2.1605     1.0058
[1] 26100.0000     0.0000     0.9196    -0.0075     1.9389     1.1722
[1] 26200.0000     0.0001     0.9529    -0.0725     1.9750     1.0017
[1] 26300.0000     0.0000     0.9342     0.2642     1.6087     1.1434
[1] 2.640e+04 0.000e+00 8.767e-01 2.509e-01 1.641e+00 8.041e-01
[1] 26500.0000     0.0841     0.8136     0.2385     1.7868     0.8843
[1] 2.660e+04 0.000e+00 9.293e-01 1.770e-01 1.857e+00 8.497e-01
[1] 26700.0000     0.1776     0.8892     0.2772     1.8342     0.9428
[1] 26800.0000     0.0000     0.8448    -0.6420     2.6228     0.8652
[1] 26900.0000     0.0000     0.9586     0.2781     1.7811     1.0279
[1] 27000.0000     0.0000     0.9862     0.0393     2.0102     0.8958
[1] 27100.0000     0.4303     0.8752    -0.0919     2.0866     0.8424
[1] 27200.0000     0.0007     0.8628    -0.2176     2.1868     1.0265
[1] 27300.0000     0.0000     0.9754    -0.1522     2.1706     0.9688
[1] 27400.0000     0.0000     0.9269     0.2541     1.7614     1.0000
[1] 27500.0000     0.0000     0.8463     0.1592     1.8294     0.8762
[1] 27600.0000     0.0000     0.8732     0.3141     1.6926     0.9172
[1] 27700.0000     0.0000     0.8219     0.3845     1.6285     0.8500
[1] 27800.0000     0.0000     0.8358     0.5692     1.4063     1.1051
[1] 27900.0000     0.8609     0.8904     0.0841     1.9292     0.9276
[1] 28000.0000     0.0000     0.8025    -0.2687     2.2233     0.9240
[1] 28100.0000     0.0000     0.9262    -0.5445     2.4885     1.0710
[1] 28200.0000     0.0000     0.9693     0.5172     1.5117     0.8876
[1] 28300.0000     0.0000     0.9886    -0.5216     2.4880     1.1843
[1] 28400.0000     0.5780     0.9594    -0.0445     2.1027     0.8105
[1] 28500.0000     0.0000     0.9130     0.2539     1.6843     1.1129
[1] 28600.0000     0.0007     0.9856     0.2530     1.5762     1.1641
[1] 28700.0000     0.0000     0.8546    -0.4384     2.3597     0.9787
[1] 28800.0000     0.0002     0.8104     0.3370     1.6121     1.1940
[1] 28900.0000     0.0000     0.9040    -0.4432     2.3353     0.8375
[1] 29000.0000     0.0000     0.9692    -0.0771     1.9648     0.9910
[1] 29100.0000     0.0000     0.9089    -0.4097     2.3620     0.8717
[1] 29200.0000     0.0326     0.9889     0.4174     1.4773     1.0979
[1] 29300.0000     0.1999     0.9749     0.3817     1.5737     0.9782
[1] 29400.0000     0.0000     0.8711     0.8983     1.2324     1.1935
[1] 29500.0000     0.0000     0.8510    -0.2480     2.2700     0.8942
[1] 29600.0000     0.0011     0.8335     0.1509     1.7838     1.1940
[1] 29700.0000     0.0000     0.9991     0.1089     1.8284     0.9357
[1] 29800.0000     0.0000     0.8503     0.2856     1.6497     0.9822
[1] 29900.0000     0.9679     0.9798     0.0211     1.9861     1.0014
[1] 30000.0000     0.1345     0.9561     0.6644     1.3639     1.0811
[1] 0.1304748
Time difference of 4.521629 hours
null device 
          1 
