[1] "El numero de nodos X particion es: 10"
[1] "Model = M1 / Data = sim_data/datasetSVIExponential1.Rdata"
[1] 100.0000   0.3831   0.9429   0.2316   1.8066   1.1970
[1] 200.0000   0.0000   0.9645   0.7367   1.2720   1.1745
[1] 300.0000   1.0000   0.8776  -0.0683   2.1420   1.0665
[1] 400.0000   0.0000   0.8775  -1.2531   3.3352   1.0971
[1] 500.0000   0.0000   0.8673   0.5674   1.5143   1.1452
[1] 600.0000   0.0312   0.8988  -0.2367   2.3978   1.1191
[1] 700.0000   0.0000   0.9977   0.1584   1.7952   0.9763
[1] 800.0000   0.0000   0.8728   0.1521   1.9608   0.9084
[1] 900.0000   0.0000   0.9606   0.0321   1.9930   1.0158
[1] 1000.0000    0.0000    0.8209   -0.4301    2.4566    0.9374
[1] 1100.0000    0.0000    0.9319    0.5206    1.5091    0.8930
[1] 1200.0000    0.2900    0.8603    0.3858    1.7373    0.9164
[1] 1300.0000    0.0000    0.9498   -0.3544    2.3249    1.1653
[1] 1400.0000    0.0000    0.9303   -1.8014    3.7356    1.1894
[1] 1500.0000    0.0000    0.9584   -0.7379    2.7845    1.0940
[1] 1600.0000    0.0000    0.9658   -0.9721    2.9602    1.0950
[1] 1700.0000    0.0000    0.8163   -0.2732    2.2698    0.8247
[1] 1800.0000    0.0000    0.8314   -0.4095    2.4435    0.9945
[1] 1900.0000    0.0000    0.9005   -0.7605    2.8118    0.9368
[1] 2000.0000    0.0000    0.8550    0.7013    1.4227    1.0762
[1] 2100.0000    0.0000    0.8676   -0.6801    2.6919    0.9194
[1] 2200.0000    0.0000    0.8668    0.5093    1.6128    1.0989
[1] 2300.0000    0.0000    0.8330    0.2924    1.7463    0.8660
[1] 2400.0000    0.0000    0.9355    0.0851    1.9043    1.1578
[1] 2500.0000    0.0407    0.8909    0.2870    1.7105    1.1217
[1] 2600.0000    0.0000    0.9100    0.3690    1.7283    1.1442
[1] 2700.0000    0.0000    0.9115   -0.8842    2.9435    1.0018
[1] 2800.0000    0.0515    0.9382    0.1574    1.9363    1.1558
[1] 2900.0000    0.0000    0.9057   -0.7266    2.7460    0.9581
[1] 3000.0000    0.0000    0.8454   -0.2718    2.3141    0.9669
[1] 3100.0000    0.0000    0.9787    0.5131    1.5518    0.9283
[1] 3200.0000    0.0000    0.9190    0.4858    1.5551    0.9575
[1] 3300.0000    0.0000    0.9312    0.2455    1.8256    0.9302
[1] 3400.0000    0.2634    0.8983    1.1607    0.9511    1.1525
[1] 3500.0000    0.0000    0.8208    0.1387    1.9105    0.8172
[1] 3600.0000    0.0000    0.9625   -0.5656    2.5792    0.8525
[1] 3700.0000    0.6895    0.9624    0.4775    1.5065    0.8094
[1] 3800.0000    0.0000    0.9791    1.2956    0.7015    1.0179
[1] 3900.0000    0.0000    0.8349    0.5510    1.5055    1.1538
[1] 4000.0000    0.0000    0.9448    0.2139    1.8097    1.0791
[1] 4100.0000    0.0000    0.8388   -0.8278    2.8985    0.8864
[1] 4200.0000    0.0000    0.9756   -0.7530    2.7215    0.9752
[1] 4300.0000    0.5069    0.8741   -1.0416    3.0567    1.1249
[1] 4400.0000    0.0000    0.8310   -0.1906    2.1745    1.1572
[1] 4500.0000    0.2619    0.8410   -0.1371    2.2528    1.1520
[1] 4600.0000    0.0000    0.9581    0.9019    1.2106    0.8180
[1] 4700.0000    0.0000    0.8536    0.8302    1.2201    0.9410
[1] 4800.0000    0.0000    0.8006    0.0211    1.9922    0.9390
[1] 4900.0000    0.0000    0.8114   -0.5070    2.5047    0.8255
[1] 5000.0000    0.0001    0.8074    0.0613    1.8686    1.0307
[1] 5100.0000    0.0000    0.9679   -0.2810    2.2235    1.1951
[1] 5200.0000    0.0000    0.8051    0.6002    1.4194    0.8965
[1] 5300.0000    0.0000    0.9010    0.8374    1.1686    1.0910
[1] 5400.0000    0.0000    0.9713    0.4010    1.4700    1.1011
[1] 5500.0000    0.0000    0.8913    0.8032    1.2158    1.1131
[1] 5600.0000    0.0000    0.9929   -0.2281    2.2185    1.1085
[1] 5700.0000    0.0000    0.9445    0.2872    1.8107    1.0237
[1] 5800.0000    0.0000    0.8612   -0.7360    2.8124    1.0327
[1] 5900.0000    0.0000    0.8072   -1.0713    3.1023    1.1666
[1] 6000.0000    0.0000    0.9870   -0.1127    2.0867    1.0819
[1] 6100.0000    0.0000    0.9284   -0.1508    2.1939    0.9188
[1] 6200.0000    0.0000    0.8678    0.5463    1.4479    0.9252
[1] 6300.0000    0.0000    0.9569    0.8537    1.3123    0.8080
[1] 6400.0000    0.0000    0.9924    0.2637    1.6890    1.0322
[1] 6500.0000    0.0000    0.9084   -0.2249    2.2403    1.0918
[1] 6600.0000    0.0000    0.8710    0.0151    1.9473    0.9001
[1] 6700.0000    0.0000    0.8204   -1.1189    3.0664    0.9264
[1] 6800.0000    0.1277    0.8794    0.0329    2.0080    0.9381
[1] 6900.0000    0.0000    0.9290   -1.4746    3.4992    1.0476
[1] 7000.0000    0.0000    0.8521   -0.3767    2.4504    1.0680
[1] 7100.0000    0.0000    0.9857    0.1646    1.9372    1.0571
[1] 7200.0000    0.0000    0.8247   -0.2356    2.3767    0.8913
[1] 7300.0000    0.0000    0.9346    0.6341    1.4490    1.1740
[1] 7400.0000    0.0000    0.8045    0.1397    1.8096    0.8734
[1] 7500.0000    0.0000    0.8475   -1.8439    3.8044    1.0597
[1] 7600.0000    0.0000    0.9493   -0.7386    2.7713    0.9281
[1] 7700.0000    0.0000    0.8440   -1.2857    3.2869    0.8976
[1] 7800.0000    0.0000    0.8350   -0.2308    2.3285    1.1361
[1] 7900.0000    0.0000    0.9654   -0.2557    2.2278    1.1831
[1] 8000.0000    0.0000    0.9309    0.3783    1.5628    1.0835
[1] 8100.0000    0.0000    0.8483   -0.2758    2.2393    0.8203
[1] 8200.0000    0.0000    0.9207   -0.3267    2.3445    1.1282
[1] 8300.0000    0.0000    0.8222   -0.2378    2.3021    0.8438
[1] 8400.0000    0.0000    0.9658   -0.4160    2.3486    0.9286
[1] 8500.0000    0.0000    0.8325   -0.4502    2.5646    1.0750
[1] 8600.0000    0.0000    0.9564   -1.8851    3.9099    0.9963
[1] 8700.0000    0.0000    0.8940   -0.4707    2.4805    1.0236
[1] 8800.0000    0.0000    0.9735   -0.3688    2.3030    1.0381
[1] 8900.0000    0.0000    0.8248    0.3659    1.6523    1.0728
[1] 9000.0000    0.0000    0.8301    0.4122    1.6348    1.1387
[1] 9100.0000    0.0000    0.8755    0.2344    1.8042    0.8812
[1] 9200.0000    0.0000    0.8129   -0.3292    2.3829    1.1264
[1] 9300.0000    0.0000    0.9270   -0.3348    2.3915    1.1117
[1] 9400.0000    0.0000    0.8413    0.7897    1.1901    1.0761
[1] 9500.0000    0.0000    0.8817    0.4027    1.5036    1.0875
[1] 9600.0000    0.0000    0.8149    0.5988    1.4091    0.9056
[1] 9700.0000    0.0000    0.9657    1.3353    0.6534    0.9166
[1] 9800.0000    0.0000    0.9462    0.5632    1.4241    1.1275
[1] 9900.0000    0.0000    0.9876    1.3188    0.7062    0.9739
[1] 10000.0000     0.7350     0.9984    -0.3560     2.3503     0.9987
[1] 10100.0000     0.0003     0.9390    -1.0017     3.0147     1.0815
[1] 10200.0000     0.0000     0.8458    -0.1687     2.1619     1.1044
[1] 10300.0000     0.2478     0.9549     1.5031     0.5268     0.8021
[1] 10400.0000     0.0000     0.9109     0.5044     1.5043     0.9653
[1] 10500.0000     0.0000     0.9828     0.6251     1.3486     0.8036
[1] 10600.0000     0.0000     0.8442     0.4898     1.6031     0.9495
[1] 10700.0000     0.0000     0.8398     0.8941     1.1474     1.0590
[1] 10800.0000     1.0000     0.8056     0.4290     1.6701     0.8503
[1] 10900.0000     0.0000     0.9660     0.5941     1.5272     1.1970
[1] 11000.0000     0.3905     0.8012     0.6743     1.4412     0.9407
[1] 11100.0000     0.0000     0.9587    -0.3061     2.2910     0.9308
[1] 11200.0000     0.0077     0.9645     0.0224     1.8844     0.8187
[1] 11300.0000     0.0000     0.9481    -0.1049     2.0522     1.1448
[1] 11400.0000     0.0000     0.9548     0.4031     1.6405     1.0047
[1] 1.150e+04 0.000e+00 8.034e-01 4.887e-01 1.531e+00 8.501e-01
[1] 11600.0000     0.0000     0.9104    -0.9236     2.9588     0.8269
[1] 11700.0000     0.0003     0.9616     0.3197     1.7038     1.1733
[1] 11800.0000     0.0000     0.8027    -0.1208     2.2221     0.8530
[1] 11900.0000     0.0000     0.8460    -1.0433     3.0728     0.8150
[1] 12000.0000     0.0000     0.8056     0.3125     1.7901     1.1142
[1] 12100.0000     0.0000     0.8005    -1.3873     3.3973     0.8375
[1] 12200.0000     0.3326     0.8496     0.4517     1.6477     0.8460
[1] 12300.0000     0.0000     0.8010    -0.0211     2.0740     0.8810
[1] 12400.0000     0.2635     0.8046    -0.8425     2.9853     0.8797
[1] 12500.0000     0.0000     0.8059    -0.3245     2.3567     1.1427
[1] 12600.0000     0.0000     0.8126    -0.8100     2.9200     1.1805
[1] 12700.0000     0.0000     0.9741    -0.7545     2.6936     0.9415
[1] 12800.0000     0.0000     0.8257    -0.3793     2.4505     0.8904
[1] 12900.0000     0.0369     0.8545    -0.2087     2.2889     1.0312
[1] 13000.0000     0.0000     0.8069     0.2324     1.7632     1.0997
[1] 13100.0000     0.0000     0.9404     1.6435     0.3940     0.9822
[1] 13200.0000     0.0000     0.8843     0.2756     1.8359     0.9997
[1] 13300.0000     0.0000     0.8427    -1.1902     3.1734     1.0281
[1] 13400.0000     0.0000     0.8092    -0.4028     2.4363     1.1676
[1] 13500.0000     0.0000     0.8466    -0.3689     2.4151     0.8143
[1] 13600.0000     0.0000     0.8917     0.6517     1.4103     1.0301
[1] 13700.0000     0.0000     0.8421    -0.1983     2.2466     0.9544
[1] 13800.0000     0.0000     0.8787    -0.8662     2.8714     1.0611
[1] 13900.0000     0.0000     0.8573    -0.6354     2.6679     0.8372
[1] 14000.0000     0.0000     0.9588     0.0782     1.8662     0.9662
[1] 14100.0000     0.0000     0.8411     0.3381     1.5748     1.1804
[1] 14200.0000     0.0000     0.8479     0.5007     1.4802     0.8739
[1] 14300.0000     0.0000     0.8548    -0.5087     2.4648     0.8231
[1] 14400.0000     0.0411     0.8623     0.8418     1.1938     0.8985
[1] 14500.0000     1.0000     0.9833     0.4391     1.5775     1.1771
[1] 14600.0000     0.0000     0.8570    -0.0413     1.9899     1.1138
[1] 14700.0000     0.0000     0.8974    -0.2812     2.2234     1.0871
[1] 14800.0000     0.0000     0.9988     1.0801     0.9936     0.9067
[1] 14900.0000     0.0197     0.8051    -0.0850     2.1020     1.0614
[1] 15000.0000     0.0002     0.9447     0.1524     1.8089     0.8911
[1] 15100.0000     0.8521     0.8384     0.1657     1.7989     0.8510
[1] 15200.0000     0.0000     0.8242     0.9428     1.0739     1.0800
[1] 15300.0000     1.0000     0.8282    -0.0081     1.9651     1.1177
[1] 15400.0000     0.0102     0.8397    -0.3453     2.4249     1.1015
[1] 15500.0000     0.0000     0.8727    -0.9485     2.9928     1.1104
[1] 15600.0000     0.0000     0.8520    -0.3498     2.4453     1.1912
[1] 15700.0000     0.0000     0.8475     0.0916     1.8808     0.9690
[1] 15800.0000     0.0000     0.9108     0.2171     1.7797     0.9068
[1] 15900.0000     0.0000     0.8876     0.2411     1.7275     0.9067
[1] 16000.0000     0.0023     0.8124    -0.2357     2.2905     1.1160
[1] 16100.0000     0.0000     0.8125     0.7686     1.2666     0.8885
[1] 16200.0000     0.0000     0.9466     0.0759     1.8927     0.9477
[1] 16300.0000     0.0000     0.9158    -0.5375     2.5952     0.9491
[1] 16400.0000     0.0000     0.9648     0.1985     1.8386     0.9493
[1] 16500.0000     0.9039     0.9407    -0.3041     2.3891     0.9877
[1] 16600.0000     0.0000     0.8294    -0.5317     2.6103     0.8835
[1] 16700.0000     0.0000     0.9287     0.4374     1.4707     0.9633
[1] 16800.0000     0.0000     0.8621     0.2007     1.7840     1.1596
[1] 16900.0000     0.0000     0.8138     0.2068     1.7458     1.1004
[1] 17000.0000     0.0000     0.9790    -0.0758     2.0794     0.8822
[1] 17100.0000     0.0000     0.9305     1.4183     0.6946     0.9283
[1] 17200.0000     0.0000     0.9497     0.4871     1.5555     0.8252
[1] 17300.0000     1.0000     0.8396     0.2879     1.6841     1.0131
[1] 1.740e+04 0.000e+00 8.593e-01 4.145e-01 1.611e+00 1.145e+00
[1] 17500.0000     0.0000     0.8131    -0.0762     2.1466     0.9127
[1] 17600.0000     0.0000     0.8280     0.2186     1.7984     1.1486
[1] 17700.0000     0.0000     0.8794     0.9867     1.0119     0.9707
[1] 17800.0000     0.0000     0.9383     0.0736     2.0409     1.0084
[1] 17900.0000     0.0000     0.9083     0.3513     1.7303     0.9495
[1] 18000.0000     1.0000     0.9109     0.0619     1.9867     0.8712
[1] 18100.0000     0.0000     0.8667    -0.0124     2.1674     1.1867
[1] 18200.0000     0.0125     0.8582     0.9257     1.0225     0.9652
[1] 18300.0000     0.0000     0.9928    -0.2365     2.2891     1.1096
[1] 18400.0000     0.0000     0.9529    -0.0169     2.0462     0.8173
[1] 18500.0000     0.0000     0.8451    -0.1589     2.2384     0.9054
[1] 18600.0000     0.0000     0.8656     0.2992     1.7613     0.8624
[1] 18700.0000     0.0000     0.8080    -0.3037     2.4605     0.9308
[1] 18800.0000     0.0000     0.8537     0.0716     1.9643     0.9005
[1] 18900.0000     0.0000     0.9024    -0.5881     2.5734     1.0613
[1] 19000.0000     0.0000     0.8366    -1.0886     3.0887     0.8015
[1] 19100.0000     0.0000     0.9728    -0.5689     2.5128     0.8217
[1] 19200.0000     0.0000     0.8001    -0.3945     2.3563     0.9641
[1] 19300.0000     0.0000     0.8035    -0.4373     2.4251     1.0886
[1] 19400.0000     0.0000     0.9330     0.0877     1.9232     1.0363
[1] 19500.0000     0.0000     0.8527     0.1196     1.9233     1.1208
[1] 19600.0000     0.8110     0.9162    -1.0324     3.1233     0.8038
[1] 19700.0000     0.0000     0.8982    -0.7094     2.6334     1.1826
[1] 19800.0000     0.0000     0.9408    -0.0570     2.1276     0.9927
[1] 19900.0000     0.0000     0.9981    -0.8117     2.8565     1.0280
[1] 20000.0000     0.0000     0.8708     0.4193     1.5651     1.0213
[1] 20100.0000     0.0000     0.9080     0.5938     1.4889     1.0402
[1] 20200.0000     0.7231     0.9840    -0.0370     2.0166     1.1380
[1] 20300.0000     0.0000     0.8028    -0.0510     2.1749     0.9708
[1] 20400.0000     0.0000     0.9845    -0.9411     2.8508     1.1049
[1] 20500.0000     0.0000     0.9505    -1.0352     3.0959     0.9891
[1] 20600.0000     0.9954     0.9169     0.2747     1.7885     1.1057
[1] 20700.0000     1.0000     0.8107     0.1422     1.9134     1.0874
[1] 20800.0000     0.0000     0.9606    -0.7415     2.7838     1.0886
[1] 20900.0000     0.0001     0.9109     0.7172     1.3364     0.9980
[1] 21000.0000     0.0000     0.9912     1.3107     0.7403     1.0875
[1] 21100.0000     0.0000     0.9732    -0.1570     2.1310     0.8253
[1] 21200.0000     0.0169     0.8263     0.3125     1.7078     1.1324
[1] 21300.0000     0.0000     0.8399    -0.4764     2.3923     1.0171
[1] 21400.0000     0.0000     0.9719     0.1967     1.7895     0.9071
[1] 21500.0000     0.0000     0.9375    -0.2353     2.1762     1.0777
[1] 21600.0000     0.0000     0.8010    -0.5723     2.5814     1.1966
[1] 21700.0000     0.0000     0.8258    -1.0279     3.0605     1.1265
[1] 21800.0000     0.0000     0.8709    -0.5194     2.5790     1.0601
[1] 21900.0000     0.0000     0.9408     0.2710     1.6813     0.9421
[1] 22000.0000     0.0000     0.8850     0.8483     1.2235     0.9555
[1] 22100.0000     0.0000     0.8953    -0.1496     2.1414     0.9321
[1] 22200.0000     0.0000     0.8403    -0.3381     2.3807     1.1277
[1] 22300.0000     0.0000     0.8584     0.5242     1.5479     0.9367
[1] 22400.0000     0.0000     0.9494     0.4012     1.6068     0.9207
[1] 2.250e+04 2.200e-03 9.610e-01 9.673e-01 1.081e+00 9.963e-01
[1] 22600.0000     0.0000     0.8858    -0.3880     2.5248     0.9064
[1] 22700.0000     0.0000     0.8271     0.0693     1.8660     1.1968
[1] 22800.0000     0.0018     0.8616    -0.4481     2.5785     1.1425
[1] 22900.0000     0.0000     0.9207     0.2984     1.6965     0.8362
[1] 23000.0000     0.0000     0.9652     0.2430     1.7515     1.0264
[1] 23100.0000     0.0000     0.9231    -0.2127     2.1518     0.8179
[1] 23200.0000     0.0000     0.8288    -0.6688     2.6991     0.8616
[1] 23300.0000     0.4098     0.8966    -0.5132     2.5314     1.0199
[1] 23400.0000     0.0000     0.9703    -0.1099     2.1527     0.9326
[1] 23500.0000     0.0000     0.9561     0.4603     1.5684     1.0572
[1] 23600.0000     0.0000     0.8176     0.6058     1.3793     0.8266
[1] 23700.0000     0.0000     0.8580     0.4133     1.6005     0.8494
[1] 23800.0000     0.0000     0.9509     0.3223     1.5876     0.9516
[1] 23900.0000     0.0000     0.8157     0.0542     2.0036     0.8034
[1] 24000.0000     0.0000     0.9653    -0.2359     2.2249     0.9324
[1] 24100.0000     0.0000     0.8289    -0.8112     2.8611     0.9877
[1] 24200.0000     0.0000     0.8399    -0.2071     2.1406     1.0287
[1] 24300.0000     0.0000     0.8207    -0.6370     2.6698     1.1509
[1] 24400.0000     0.8869     0.9947     0.9389     1.1003     0.9697
[1] 24500.0000     0.0000     0.9064     1.5605     0.5149     0.8345
[1] 24600.0000     0.0000     0.8611     0.0719     1.9293     1.0816
[1] 24700.0000     0.0000     0.9574     0.2154     1.7109     1.0919
[1] 24800.0000     0.0000     0.8109     0.0316     2.0056     1.1899
[1] 24900.0000     0.0000     0.9495    -0.4991     2.4545     0.8626
[1] 25000.0000     0.0001     0.9628     0.1037     1.9168     0.9362
[1] 25100.0000     0.0000     0.9605     0.5189     1.4569     1.0743
[1] 25200.0000     0.0000     0.8184    -0.1101     2.1442     0.8574
[1] 25300.0000     1.0000     0.8151     0.9469     1.0160     1.0748
[1] 25400.0000     1.0000     0.8988    -0.0709     2.1016     1.0888
[1] 25500.0000     0.0000     0.8147     0.4049     1.5978     1.1844
[1] 25600.0000     0.0000     0.8978    -0.0974     2.1155     1.1142
[1] 2.570e+04 0.000e+00 8.060e-01 7.329e-01 1.338e+00 8.422e-01
[1] 25800.0000     0.0000     0.8043    -0.4437     2.3507     0.8730
[1] 25900.0000     1.0000     0.8632    -0.1184     2.1725     1.1254
[1] 26000.0000     1.0000     0.9492    -0.6350     2.7152     1.0058
[1] 26100.0000     0.0000     0.9196    -0.3722     2.2378     1.1722
[1] 26200.0000     0.0000     0.9529    -0.8015     2.7023     1.0017
[1] 26300.0000     0.0000     0.8530    -1.0712     3.1053     1.0678
[1] 26400.0000     0.0000     0.8767     0.0307     1.9084     0.8041
[1] 26500.0000     0.0023     0.9903    -0.2015     2.2774     1.1966
[1] 26600.0000     0.0000     0.9293     0.1677     2.0082     0.8497
[1] 26700.0000     0.0000     0.8184    -0.2165     2.2111     0.9177
[1] 26800.0000     0.0000     0.8180    -0.9371     2.9919     0.8719
[1] 26900.0000     0.0000     0.9586     0.3587     1.5994     1.0279
[1] 27000.0000     0.0000     0.8102     0.3926     1.5960     1.1325
[1] 27100.0000     0.7665     0.9280    -0.2849     2.3496     1.0348
[1] 27200.0000     0.0000     0.8802     0.6202     1.4052     0.8416
[1] 27300.0000     0.0000     0.9326    -0.0677     2.0897     0.8298
[1] 27400.0000     0.0000     0.9843     0.1376     1.9008     1.1629
[1] 27500.0000     0.0000     0.8301     0.5156     1.4821     0.9239
[1] 27600.0000     0.0000     0.8732     1.5403     0.5475     0.9172
[1] 27700.0000     0.0000     0.8317     0.9727     1.0321     1.1846
[1] 27800.0000     0.0000     0.8338     0.4059     1.5914     0.9440
[1] 2.790e+04 1.000e+00 8.904e-01 7.491e-01 1.256e+00 9.276e-01
[1] 28000.0000     0.0000     0.8025    -0.0242     2.1371     0.9240
[1] 28100.0000     0.0000     0.8313     0.0079     2.0874     0.8089
[1] 28200.0000     0.0000     0.9683    -0.5082     2.5401     0.8917
[1] 28300.0000     0.0000     0.9886    -0.4686     2.4585     1.1843
[1] 28400.0000     1.0000     0.9594     0.2293     1.7997     0.8105
[1] 2.850e+04 0.000e+00 8.678e-01 1.141e+00 8.742e-01 8.688e-01
[1] 28600.0000     0.0000     0.9775    -0.5456     2.5150     0.9079
[1] 28700.0000     0.0000     0.8546    -0.2184     2.1594     0.9787
[1] 28800.0000     0.0000     0.8104    -0.0290     2.0356     1.1940
[1] 28900.0000     0.0000     0.9137    -0.2217     2.2973     0.8478
[1] 29000.0000     0.0000     0.9277    -0.5238     2.5469     1.1735
[1] 29100.0000     0.0000     0.8872    -0.7894     2.8807     1.0232
[1] 29200.0000     0.0900     0.9371     0.5753     1.4382     1.1436
[1] 29300.0000     0.0036     0.9749     1.3778     0.6218     0.9782
[1] 29400.0000     0.0000     0.9394     1.0148     0.9219     1.1754
[1] 29500.0000     0.0000     0.8094    -0.6302     2.6080     0.8253
[1] 29600.0000     0.0000     0.8335     0.4672     1.5272     1.1940
[1] 29700.0000     0.0000     0.9991     0.0470     1.9298     0.9357
[1] 29800.0000     0.0000     0.8030    -1.5607     3.6518     0.9421
[1] 29900.0000     0.8058     0.9798     0.0066     2.0526     1.0014
[1] 30000.0000     0.0000     0.8841     0.8929     1.1015     1.0036
[1] 0.07047718
Time difference of 3.805447 hours
null device 
          1 
