[1] "El numero de nodos X particion es: 10"
[1] "Model = M1 / Data = sim_data/datasetSVCExponential24.Rdata"
[1] 100.0000   1.0000   0.8291   0.0084   2.0235   0.9331
[1] 200.0000   1.0000   0.9804  -0.2026   1.8224   1.0297
[1] 300.0000   0.5019   0.8776  -0.2006   1.9288   1.0665
[1] 400.0000   0.0003   0.8477  -0.2604   1.8728   0.9308
[1] 500.0000   1.0000   0.8902  -0.2882   1.7360   0.8863
[1] 600.0000   0.0001   0.8891  -0.2314   1.7968   0.8464
[1] 700.0000   0.2275   0.8009  -0.3768   1.6748   0.8720
[1] 800.0000   1.0000   0.8954  -0.1890   1.8539   1.1490
[1] 900.0000   0.0432   0.9543  -0.4195   1.7381   0.9829
[1] 1000.0000    0.5784    0.9864   -0.3515    1.7192    0.9137
[1] 1100.0000    0.1464    0.9379   -0.3781    1.7047    1.0062
[1] 1200.0000    0.0224    0.8467   -0.2273    1.8195    1.0747
[1] 1300.0000    0.5984    0.8617   -0.2282    1.9112    1.0550
[1] 1400.0000    0.0000    0.9546   -0.3632    1.7427    0.8056
[1] 1500.0000    0.0000    0.9672   -0.0759    1.9412    1.1986
[1] 1600.0000    0.5678    0.8673   -0.1072    1.9572    0.9237
[1] 1700.0000    0.0000    0.8520   -0.2704    1.7975    1.0478
[1] 1800.0000    0.0000    0.9234   -0.2850    1.8872    1.1307
[1] 1900.0000    0.2439    0.9957   -0.1689    1.9338    1.1822
[1] 2000.0000    0.0611    0.9978   -0.2780    1.7536    1.1535
[1] 2100.0000    1.0000    0.8081   -0.1903    1.9201    0.9300
[1] 2200.0000    0.6843    0.8580   -0.2321    1.8440    1.0161
[1] 2300.0000    0.0300    0.8377   -0.3025    1.8337    0.8487
[1] 2400.0000    0.2055    0.9764   -0.1918    1.7716    1.0594
[1] 2500.0000    0.1239    0.9103   -0.2303    1.9089    0.8545
[1] 2600.0000    0.0288    0.9658   -0.2444    1.8619    1.0023
[1] 2700.0000    0.1556    0.8044   -0.3815    1.7318    1.0835
[1] 2800.0000    0.0131    0.9204   -0.2126    1.8823    1.0405
[1] 2900.0000    0.0193    0.8994   -0.3617    1.7720    1.0050
[1] 3000.0000    0.0112    0.9297   -0.0249    2.0567    1.1984
[1] 3100.0000    0.1305    0.8708   -0.3226    1.7180    0.9667
[1] 3200.0000    0.2421    0.9371   -0.1391    1.9212    1.1278
[1] 3300.0000    0.0000    0.9877   -0.2158    1.8126    0.9428
[1] 3400.0000    0.4312    0.8983   -0.3209    1.6464    1.1525
[1] 3500.0000    1.0000    0.9338   -0.1677    1.9929    0.8830
[1] 3600.0000    0.1417    0.9027   -0.2735    1.8429    1.1569
[1] 3700.0000    0.0002    0.9950   -0.2065    1.7916    1.0085
[1] 3800.0000    0.0000    0.8653   -0.2648    1.7776    0.9884
[1] 3900.0000    0.0090    0.9837   -0.3254    1.7809    1.1370
[1] 4000.0000    0.4456    0.9388   -0.2412    1.7158    0.8131
[1] 4100.0000    0.7557    0.9193   -0.0401    1.9741    1.0337
[1] 4200.0000    1.0000    0.8436   -0.3132    1.7932    0.9733
[1] 4300.0000    0.0000    0.9986   -0.2514    1.8411    0.9026
[1] 4400.0000    0.0851    0.9571   -0.0299    2.0263    0.9932
[1] 4500.0000    0.6939    0.8410   -0.1195    1.9888    1.1520
[1] 4600.0000    0.0219    0.8039   -0.3029    1.7021    1.1669
[1] 4700.0000    0.0001    0.9709   -0.2083    1.8864    1.0444
[1] 4800.0000    0.0175    0.8985   -0.3304    1.7484    0.9827
[1] 4900.0000    0.4913    0.8201   -0.0217    2.0296    1.1747
[1] 5000.0000    0.6827    0.9273   -0.1192    1.9231    1.0348
[1] 5100.0000    0.5179    0.8496   -0.2387    1.8994    0.8317
[1] 5200.0000    0.0100    0.8350   -0.1877    1.9740    1.0935
[1] 5300.0000    1.0000    0.8379   -0.2401    1.8098    1.0434
[1] 5400.0000    1.0000    0.8515   -0.2036    1.9044    1.1120
[1] 5500.0000    0.0010    0.8506   -0.2165    1.7968    1.1979
[1] 5600.0000    0.0090    0.9095   -0.6245    1.5997    0.9324
[1] 5700.0000    0.1699    0.9403   -0.3002    1.7210    0.9236
[1] 5800.0000    0.4230    0.8520   -0.1637    1.9476    1.0482
[1] 5900.0000    0.3458    0.8759   -0.4481    1.6755    1.0113
[1] 6000.0000    0.1148    0.8924   -0.2551    1.7663    1.0716
[1] 6100.0000    0.0477    0.9517   -0.0538    1.9785    0.9216
[1] 6200.0000    1.0000    0.8336   -0.4298    1.6177    0.9759
[1] 6300.0000    0.0225    0.8959   -0.2974    1.8484    1.1826
[1] 6400.0000    0.3618    0.9022   -0.2083    1.7642    0.8332
[1] 6500.0000    0.0054    0.8697   -0.2225    1.8392    0.9040
[1] 6600.0000    0.0096    0.8918   -0.4128    1.7231    1.0184
[1] 6700.0000    0.0008    0.9726   -0.4068    1.6755    1.0730
[1] 6800.0000    0.9875    0.8496   -0.2595    1.8615    0.9728
[1] 6900.0000    0.0947    0.8556   -0.3431    1.7431    1.1638
[1] 7000.0000    0.0007    0.8011   -0.2652    1.8057    1.0228
[1] 7100.0000    1.0000    0.8440   -0.3374    1.6919    0.9302
[1] 7200.0000    0.0012    0.9645   -0.2276    1.8192    0.9109
[1] 7300.0000    0.0005    0.8821   -0.2706    1.8659    0.9361
[1] 7400.0000    0.0000    0.8164   -0.3257    1.6748    0.8600
[1] 7500.0000    0.0922    0.9538   -0.1346    1.9520    1.0728
[1] 7600.0000    0.1093    0.8332   -0.2660    1.8169    1.0877
[1] 7700.0000    0.0075    0.8552   -0.3868    1.6587    1.0850
[1] 7800.0000    0.0002    0.8139   -0.2929    1.7860    0.8702
[1] 7900.0000    0.3568    0.8037   -0.3030    1.7772    1.1632
[1] 8000.0000    0.7306    0.9186   -0.3653    1.6523    1.0026
[1] 8100.0000    0.0137    0.9605   -0.1750    1.8278    0.9407
[1] 8200.0000    0.0000    0.9273   -0.1063    1.9256    0.9041
[1] 8300.0000    0.0005    0.8222   -0.0905    1.9469    0.8438
[1] 8400.0000    1.0000    0.9278   -0.1615    1.8305    0.8107
[1] 8500.0000    0.0002    0.9939   -0.2958    1.7415    1.0648
[1] 8600.0000    0.2119    0.9835   -0.2261    1.8931    0.9563
[1] 8700.0000    0.4373    0.8293   -0.2975    1.6838    0.8767
[1] 8800.0000    0.8069    0.9324   -0.2025    1.8954    0.8066
[1] 8900.0000    0.5289    0.9431   -0.3699    1.7892    1.1381
[1] 9000.0000    0.3913    0.9025   -0.1995    1.8140    0.9096
[1] 9100.0000    0.3833    0.8799   -0.2099    1.8465    0.8591
[1] 9200.0000    0.0782    0.8777   -0.2313    1.8175    1.1489
[1] 9300.0000    0.0016    0.9856   -0.2841    1.7534    1.1370
[1] 9400.0000    0.0937    0.8458   -0.0751    1.7725    1.0091
[1] 9500.0000    0.0000    0.9329   -0.3162    1.8323    0.8817
[1] 9600.0000    0.7372    0.9566   -0.3343    1.7647    1.1182
[1] 9700.0000    0.0309    0.8614   -0.2057    1.8137    0.9692
[1] 9800.0000    0.1583    0.8196   -0.2299    1.7876    0.9680
[1] 9900.0000    0.0000    0.8466   -0.0180    2.0326    0.8248
[1] 10000.0000     0.7293     0.9167    -0.5444     1.5896     1.1877
[1] 10100.0000     1.0000     0.9049    -0.2201     1.8187     1.0751
[1] 10200.0000     0.0017     0.9106    -0.2969     1.7179     1.0967
[1] 10300.0000     0.0152     0.8120    -0.1583     1.8208     0.8804
[1] 10400.0000     0.0543     0.9337    -0.2279     1.7856     1.0990
[1] 10500.0000     1.0000     0.8159    -0.1576     1.8453     1.1284
[1] 10600.0000     0.0753     0.8330    -0.1400     1.9884     0.9483
[1] 10700.0000     0.0000     0.8531    -0.0245     1.9892     0.8181
[1] 10800.0000     0.6807     0.8541    -0.2065     1.9161     0.9792
[1] 10900.0000     0.0000     0.8264    -0.3081     1.8674     1.1140
[1] 11000.0000     0.3958     0.8012    -0.2648     1.8976     0.9407
[1] 11100.0000     0.0002     0.9709    -0.0914     2.0297     0.9321
[1] 11200.0000     1.0000     0.9412    -0.2573     1.8819     0.8257
[1] 11300.0000     1.0000     0.9738    -0.2163     1.8842     1.1215
[1] 11400.0000     1.0000     0.9866    -0.2236     1.8265     0.8664
[1] 11500.0000     0.0000     0.9311    -0.2620     1.8508     0.8792
[1] 11600.0000     0.8122     0.9382    -0.4069     1.7017     0.8033
[1] 11700.0000     0.8672     0.9810    -0.3880     1.7214     0.9386
[1] 11800.0000     0.0139     0.8440    -0.2885     1.6977     0.8198
[1] 11900.0000     0.3224     0.8272    -0.1258     1.8886     0.8962
[1] 12000.0000     0.0053     0.8543    -0.2353     1.8505     1.1591
[1] 12100.0000     0.1157     0.9452    -0.2636     1.8301     0.8400
[1] 12200.0000     1.0000     0.8496    -0.2369     1.8092     0.8460
[1] 12300.0000     0.0398     0.8229    -0.1090     1.8869     0.9137
[1] 12400.0000     1.0000     0.8046    -0.3676     1.6977     0.8797
[1] 12500.0000     0.3359     0.9120    -0.1336     1.9763     1.1259
[1] 12600.0000     1.0000     0.9564    -0.1830     1.7977     1.1675
[1] 12700.0000     0.0001     0.9486    -0.1120     1.9288     0.8166
[1] 12800.0000     0.0030     0.9108    -0.3509     1.7071     1.0765
[1] 12900.0000     0.3578     0.9378    -0.5320     1.5002     1.1252
[1] 13000.0000     0.1109     0.8069    -0.2655     1.8072     1.0997
[1] 13100.0000     0.0024     0.9404    -0.2331     1.8335     0.9822
[1] 13200.0000     0.0067     0.9589    -0.3940     1.6473     1.1555
[1] 13300.0000     1.0000     0.9675    -0.1653     1.9466     1.1190
[1] 13400.0000     0.0000     0.9485    -0.1198     1.7790     1.0271
[1] 13500.0000     0.0005     0.8240    -0.2680     1.8193     1.0099
[1] 13600.0000     0.0064     0.8917    -0.3222     1.6523     1.0301
[1] 13700.0000     1.0000     0.8314    -0.2477     1.8327     0.8589
[1] 13800.0000     0.0000     0.8418    -0.3311     1.7060     1.1127
[1] 13900.0000     0.6451     0.8125    -0.2611     1.8008     1.1546
[1] 14000.0000     1.0000     0.9598    -0.2520     1.7893     0.8043
[1] 14100.0000     0.0002     0.9236    -0.1777     1.8917     0.9106
[1] 14200.0000     0.0976     0.9171    -0.2329     1.7896     0.8964
[1] 14300.0000     0.0125     0.8359    -0.3101     1.8181     1.0907
[1] 14400.0000     0.9547     0.8984    -0.2368     1.8588     1.1866
[1] 14500.0000     0.0191     0.8302    -0.2853     1.8473     1.1813
[1] 14600.0000     0.0000     0.8329    -0.3327     1.7369     0.9630
[1] 14700.0000     1.0000     0.8840    -0.2519     1.7939     1.0394
[1] 14800.0000     0.0000     0.8106    -0.4503     1.6471     1.0978
[1] 14900.0000     0.7771     0.9485    -0.2804     1.8328     1.1960
[1] 15000.0000     0.0000     0.9486    -0.3303     1.7527     0.9418
[1] 15100.0000     0.0145     0.9112    -0.3163     1.7547     1.0503
[1] 15200.0000     0.4011     0.9896    -0.1008     1.9183     1.1186
[1] 15300.0000     0.1069     0.8296    -0.0907     2.0187     1.1944
[1] 15400.0000     0.6624     0.9829    -0.2026     1.9432     1.0368
[1] 15500.0000     0.2706     0.9013    -0.1971     1.7447     1.0728
[1] 15600.0000     0.7894     0.9912    -0.3216     1.7515     1.0551
[1] 15700.0000     0.0001     0.9705    -0.0136     2.0093     0.8969
[1] 15800.0000     1.0000     0.9774    -0.1363     1.8842     1.1822
[1] 15900.0000     0.0000     0.9524    -0.2610     1.8818     1.0855
[1] 16000.0000     1.0000     0.9761    -0.3111     1.7710     1.0600
[1] 16100.0000     0.0129     0.8888    -0.0955     2.0340     0.9906
[1] 16200.0000     1.0000     0.8455    -0.3018     1.7859     1.0509
[1] 16300.0000     0.2127     0.9320    -0.3186     1.8003     1.0407
[1] 16400.0000     0.8898     0.8844    -0.2363     1.7756     1.1913
[1] 16500.0000     0.0171     0.9704    -0.2811     1.8581     0.9388
[1] 16600.0000     0.5668     0.9300    -0.4064     1.6534     1.1365
[1] 16700.0000     0.5149     0.9070    -0.3132     1.8243     1.1930
[1] 16800.0000     0.0710     0.8165    -0.4152     1.6504     1.0376
[1] 16900.0000     0.0965     0.8221    -0.2725     1.7265     1.1575
[1] 17000.0000     0.7161     0.8355    -0.1860     1.9008     0.9526
[1] 17100.0000     0.0989     0.9262    -0.1233     1.9340     0.9696
[1] 17200.0000     0.4609     0.9497    -0.4307     1.6599     0.8252
[1] 17300.0000     0.8512     0.8396    -0.4619     1.6714     1.0131
[1] 17400.0000     1.0000     0.9623    -0.1670     1.9992     1.1696
[1] 17500.0000     1.0000     0.9645    -0.4470     1.6486     0.9956
[1] 17600.0000     0.0585     0.9193    -0.1800     1.8290     0.8193
[1] 17700.0000     0.0461     0.8922    -0.3132     1.7428     1.0234
[1] 17800.0000     0.2883     0.9877    -0.2442     1.7869     1.0638
[1] 17900.0000     0.0000     0.9291    -0.3043     1.9298     0.9192
[1] 18000.0000     0.8769     0.9109     0.0151     2.0687     0.8712
[1] 18100.0000     0.0037     0.9137    -0.2142     1.9067     0.9014
[1] 18200.0000     1.0000     0.8073    -0.0645     1.9577     0.9256
[1] 18300.0000     0.0354     0.9706    -0.2964     1.7773     1.1685
[1] 18400.0000     0.0031     0.9243    -0.4669     1.7637     1.1066
[1] 18500.0000     0.0182     0.8611    -0.3976     1.7562     0.9812
[1] 18600.0000     0.0183     0.8932    -0.1244     2.0019     0.8460
[1] 18700.0000     0.3541     0.9071    -0.1176     1.9681     1.1143
[1] 18800.0000     0.0130     0.9415    -0.1962     1.9445     0.8205
[1] 18900.0000     0.0023     0.9734    -0.2987     1.7547     1.0104
[1] 19000.0000     1.0000     0.8087    -0.1026     2.0471     1.1060
[1] 19100.0000     0.0433     0.8142    -0.3052     1.7681     1.0716
[1] 19200.0000     1.0000     0.8319    -0.2601     1.7226     1.0132
[1] 19300.0000     0.2523     0.8940    -0.2695     1.8091     1.1248
[1] 19400.0000     0.1920     0.8040    -0.2956     1.7293     1.1551
[1] 19500.0000     0.0008     0.8243    -0.0581     1.9850     0.8751
[1] 19600.0000     0.0216     0.8948    -0.2914     1.8997     1.0740
[1] 19700.0000     0.0577     0.8143    -0.1925     1.8690     0.8081
[1] 19800.0000     0.0825     0.8317    -0.0344     2.0537     1.0742
[1] 19900.0000     0.3500     0.9981     0.0005     2.1142     1.0280
[1] 20000.0000     0.0382     0.9729    -0.3824     1.6884     0.8904
[1] 20100.0000     0.0000     0.8622    -0.2058     1.8651     0.8640
[1] 20200.0000     0.3602     0.9282    -0.1539     1.8839     0.9678
[1] 20300.0000     0.0131     0.8028    -0.5201     1.6172     0.9708
[1] 20400.0000     1.0000     0.8446    -0.2304     1.8184     1.0333
[1] 20500.0000     0.0028     0.8964    -0.2584     1.8601     1.1285
[1] 20600.0000     0.0844     0.9219    -0.3356     1.7946     1.0848
[1] 20700.0000     0.6981     0.8107    -0.0548     1.9392     1.0874
[1] 20800.0000     1.0000     0.9981    -0.1295     2.0064     1.0246
[1] 20900.0000     0.0000     0.8547    -0.2124     1.8291     0.9562
[1] 21000.0000     0.2363     0.8708    -0.3091     1.7920     1.1617
[1] 21100.0000     0.1138     0.9291    -0.2336     1.8273     1.1428
[1] 21200.0000     1.0000     0.9611    -0.1611     1.9211     0.8029
[1] 21300.0000     0.0006     0.8214    -0.1530     1.8048     1.0391
[1] 21400.0000     1.0000     0.8276    -0.2255     1.8280     0.8233
[1] 21500.0000     0.0246     0.8906    -0.2526     1.8520     0.8206
[1] 21600.0000     1.0000     0.9634    -0.2844     1.8295     0.9473
[1] 21700.0000     0.4255     0.9973    -0.4425     1.6832     0.9605
[1] 21800.0000     0.5380     0.8385    -0.0801     2.0636     0.8059
[1] 21900.0000     0.2757     0.9598    -0.0848     1.9971     0.8497
[1] 22000.0000     0.1762     0.8850    -0.1612     1.8349     0.9555
[1] 22100.0000     0.0017     0.8953    -0.2991     1.8770     0.9321
[1] 22200.0000     0.3967     0.8579    -0.4164     1.7120     0.8534
[1] 22300.0000     0.0081     0.8289    -0.4113     1.7490     0.9998
[1] 22400.0000     1.0000     0.9971    -0.1762     1.8976     0.9354
[1] 22500.0000     0.0006     0.8239    -0.2570     1.8552     1.1368
[1] 22600.0000     0.0020     0.8006    -0.2365     1.8208     0.8902
[1] 22700.0000     0.0001     0.8271    -0.3874     1.7067     1.1968
[1] 22800.0000     0.2182     0.8972    -0.4034     1.5838     1.0231
[1] 22900.0000     0.1563     0.8804    -0.3237     1.7733     0.9211
[1] 23000.0000     0.0000     0.8997    -0.2318     1.7181     0.9381
[1] 23100.0000     0.5888     0.8119    -0.1549     1.8782     1.0551
[1] 23200.0000     0.0411     0.9832    -0.1812     1.9344     0.9881
[1] 23300.0000     0.0001     0.9727    -0.1754     1.9101     0.9482
[1] 23400.0000     0.5215     0.8888    -0.1730     1.8133     1.0444
[1] 23500.0000     1.0000     0.9916    -0.1673     1.8762     1.1297
[1] 23600.0000     0.0244     0.9324    -0.2964     1.8049     0.8634
[1] 23700.0000     0.2043     0.9328    -0.3386     1.7710     1.0180
[1] 23800.0000     0.6675     0.9299    -0.3486     1.6647     1.0580
[1] 23900.0000     0.8091     0.8722    -0.1600     1.8837     0.8735
[1] 24000.0000     0.0335     0.9851    -0.2301     1.8568     1.0873
[1] 24100.0000     1.0000     0.9214    -0.2943     1.9028     0.8541
[1] 24200.0000     0.0115     0.9331    -0.3933     1.8184     1.1419
[1] 24300.0000     0.4143     0.9595    -0.2568     1.7944     0.9607
[1] 24400.0000     1.0000     0.9947    -0.2484     1.7706     0.9697
[1] 24500.0000     0.0149     0.8969    -0.1862     1.8754     1.0480
[1] 24600.0000     0.0001     0.9237    -0.2912     1.7878     1.0127
[1] 24700.0000     0.4994     0.9195    -0.3822     1.6297     0.8781
[1] 24800.0000     0.0003     0.8460    -0.2386     1.8323     0.9489
[1] 24900.0000     0.3018     0.8023    -0.1569     1.9290     1.0260
[1] 25000.0000     1.0000     0.8801    -0.0920     1.9802     0.8235
[1] 25100.0000     1.0000     0.8419    -0.2354     1.8722     0.8544
[1] 25200.0000     0.1809     0.8495    -0.2442     1.8693     1.1739
[1] 25300.0000     0.0005     0.9779    -0.3603     1.7644     0.8977
[1] 25400.0000     0.2448     0.9621    -0.3617     1.7471     0.9516
[1] 25500.0000     0.9845     0.8159    -0.3246     1.6862     1.0385
[1] 25600.0000     0.0368     0.9926    -0.0414     1.9686     0.9855
[1] 25700.0000     0.1153     0.9659    -0.2755     1.8089     0.9398
[1] 25800.0000     0.0353     0.9689    -0.2293     1.8501     1.1962
[1] 25900.0000     0.0009     0.8683    -0.1211     1.8661     0.8098
[1] 26000.0000     0.3327     0.9492    -0.2975     1.6785     1.0058
[1] 26100.0000     0.0892     0.8951    -0.2152     1.8887     0.8249
[1] 26200.0000     0.7205     0.8601    -0.2169     1.9205     0.9041
[1] 26300.0000     0.8564     0.8623    -0.4025     1.7438     1.0835
[1] 26400.0000     0.2397     0.8855    -0.0438     1.9416     1.0131
[1] 26500.0000     0.0353     0.8034    -0.5064     1.5682     1.1338
[1] 26600.0000     1.0000     0.8531    -0.2863     1.7096     1.1347
[1] 26700.0000     0.1463     0.9721    -0.3156     1.7574     0.8075
[1] 26800.0000     0.0929     0.8173    -0.3460     1.7589     0.9752
[1] 26900.0000     0.0022     0.8396    -0.1728     1.9297     0.9391
[1] 27000.0000     0.7232     0.9266    -0.2287     1.8360     0.8932
[1] 27100.0000     0.0032     0.8095    -0.2410     1.7880     1.0497
[1] 27200.0000     0.0250     0.8628    -0.3418     1.7631     1.0265
[1] 27300.0000     0.0010     0.9608    -0.3239     1.7118     0.8492
[1] 27400.0000     0.1944     0.8806    -0.4441     1.5949     1.0468
[1] 27500.0000     1.0000     0.8366    -0.1836     1.8613     1.0805
[1] 27600.0000     0.0011     0.8069    -0.1255     1.9087     0.9996
[1] 27700.0000     0.0299     0.8620    -0.0064     2.1069     1.0941
[1] 27800.0000     0.0000     0.8358    -0.1382     1.9510     1.1051
[1] 27900.0000     0.5383     0.8774    -0.1377     1.8977     1.0564
[1] 28000.0000     0.0039     0.9430    -0.2787     1.8807     0.9743
[1] 28100.0000     0.0000     0.8536    -0.2586     1.8697     0.8286
[1] 28200.0000     0.5348     0.9342    -0.1218     1.9505     1.1245
[1] 28300.0000     0.0670     0.8510    -0.2091     1.8073     0.8048
[1] 28400.0000     1.0000     0.9594    -0.2339     1.8153     0.8105
[1] 28500.0000     1.0000     0.8206    -0.1823     1.9152     1.0447
[1] 28600.0000     0.0006     0.9775    -0.2592     1.8370     0.9079
[1] 28700.0000     0.2656     0.9045    -0.2629     1.7866     1.0095
[1] 28800.0000     1.0000     0.9743    -0.2633     1.7950     0.8723
[1] 28900.0000     0.4767     0.8662    -0.3852     1.7410     0.8550
[1] 29000.0000     1.0000     0.8095    -0.1733     1.8821     1.0816
[1] 29100.0000     0.0061     0.9156    -0.2416     1.8668     0.8172
[1] 29200.0000     0.0073     0.9889    -0.3989     1.7395     1.0979
[1] 29300.0000     0.0489     0.9749    -0.2531     1.7652     0.9782
[1] 29400.0000     0.0108     0.9512    -0.2149     1.7118     1.1262
[1] 29500.0000     0.0002     0.9711    -0.4485     1.6369     0.9025
[1] 29600.0000     0.0063     0.8267    -0.2425     1.8578     1.0464
[1] 29700.0000     0.0325     0.9571    -0.3153     1.7245     0.9736
[1] 29800.0000     0.7505     0.8701    -0.2614     1.8994     0.8024
[1] 29900.0000     0.7575     0.9798    -0.2755     1.7517     1.0014
[1] 30000.0000     0.2547     0.8307    -0.3144     1.7672     1.0904
[1] 0.3625055
Time difference of 3.961743 hours
null device 
          1 
