[1] "El numero de nodos X particion es: 10"
[1] "Model = M1 / Data = sim_data/datasetSVCExponential12.Rdata"
[1] 100.0000   1.0000   0.8291   0.1925   2.1380   0.9331
[1] 200.0000   0.4587   0.8487   0.0573   2.0181   0.8384
[1] 300.0000   0.8035   0.8776  -0.0163   2.0034   1.0665
[1] 400.0000   0.3588   0.9217  -0.0382   1.8884   0.9692
[1] 500.0000   0.1277   0.9813  -0.1515   1.8041   0.8492
[1] 600.0000   0.0028   0.8693   0.1158   2.0663   1.0610
[1] 700.0000   0.7600   0.8087  -0.2169   1.6733   1.0605
[1] 800.0000   0.9642   0.8954   0.0068   1.9979   1.1490
[1] 900.0000   0.1289   0.9543  -0.2091   1.8289   0.9829
[1] 1000.0000    1.0000    0.9692    0.0341    2.0264    0.9576
[1] 1100.0000    0.3458    0.9726   -0.2182    1.7350    1.0201
[1] 1200.0000    0.2020    0.8603    0.0635    2.1697    0.9164
[1] 1300.0000    0.3033    0.8617   -0.1604    1.9108    1.0550
[1] 1400.0000    0.0000    0.8624   -0.1917    1.7896    0.9686
[1] 1500.0000    0.0000    0.8549    0.0933    2.1224    0.9819
[1] 1600.0000    1.0000    0.9427   -0.0050    2.0518    1.0957
[1] 1700.0000    0.0000    0.9259   -0.0523    1.8503    1.0764
[1] 1800.0000    0.0000    0.9234   -0.0781    1.9866    1.1307
[1] 1900.0000    0.2110    0.9957    0.0956    2.1076    1.1822
[1] 2000.0000    0.0640    0.9978   -0.0263    1.9247    1.1535
[1] 2100.0000    0.3923    0.8081    0.1300    2.1557    0.9300
[1] 2200.0000    0.8059    0.8580   -0.0049    1.9553    1.0161
[1] 2300.0000    0.0279    0.8377   -0.0989    1.9610    0.8487
[1] 2400.0000    0.0084    0.9355   -0.0287    1.8442    1.1578
[1] 2500.0000    0.0192    0.8529    0.0410    2.0767    0.9541
[1] 2600.0000    0.0838    0.9658   -0.0737    1.9699    1.0023
[1] 2700.0000    0.0411    0.8044   -0.0786    1.9721    1.0835
[1] 2800.0000    0.0056    0.9204    0.0334    2.0525    1.0405
[1] 2900.0000    0.0005    0.8994   -0.2860    1.7263    1.0050
[1] 3000.0000    0.0036    0.9297    0.0519    2.0412    1.1984
[1] 3100.0000    0.4952    0.8708    0.0836    2.0156    0.9667
[1] 3200.0000    0.3286    0.9371    0.1244    2.1110    1.1278
[1] 3300.0000    0.0000    0.9877    0.0365    1.9779    0.9428
[1] 3400.0000    0.1648    0.8189   -0.2922    1.7481    0.9632
[1] 3500.0000    0.7525    0.9338   -0.0464    2.0853    0.8830
[1] 3600.0000    0.0066    0.9027   -0.0364    1.9364    1.1569
[1] 3700.0000    0.0000    0.9950    0.1385    2.0374    1.0085
[1] 3800.0000    0.0000    0.8653   -0.1291    1.8021    0.9884
[1] 3900.0000    0.0061    0.9837   -0.1194    1.9100    1.1370
[1] 4000.0000    0.4374    0.9388   -0.0224    1.8311    0.8131
[1] 4100.0000    0.6552    0.8096    0.0118    2.0192    1.0244
[1] 4200.0000    0.4185    0.9756   -0.0861    1.9053    0.9752
[1] 4300.0000    0.0000    0.9986   -0.0938    1.9163    0.9026
[1] 4400.0000    0.0784    0.9571    0.1620    2.1131    0.9932
[1] 4500.0000    1.0000    0.8410    0.0537    2.0015    1.1520
[1] 4600.0000    0.1094    0.8009   -0.0872    1.8809    0.9214
[1] 4700.0000    0.0242    0.9516    0.0669    2.1520    1.1937
[1] 4800.0000    0.0244    0.8985   -0.1143    1.8701    0.9827
[1] 4900.0000    0.5245    0.8201    0.2304    2.1967    1.1747
[1] 5000.0000    0.9387    0.9273   -0.0151    1.9233    1.0348
[1] 5100.0000    0.2345    0.9679   -0.1518    1.8309    1.1951
[1] 5200.0000    0.0087    0.8350    0.0333    2.1224    1.0935
[1] 5300.0000    1.0000    0.8379   -0.0253    1.9183    1.0434
[1] 5400.0000    0.5267    0.8333   -0.0430    1.9519    0.9811
[1] 5500.0000    0.0008    0.8506   -0.0331    1.8804    1.1979
[1] 5600.0000    0.0256    0.8407   -0.4006    1.7210    1.1085
[1] 5700.0000    0.1338    0.9403   -0.0617    1.8600    0.9236
[1] 5800.0000    0.3913    0.8520    0.0884    2.1202    1.0482
[1] 5900.0000    0.1184    0.8706   -0.1500    1.8358    1.1672
[1] 6000.0000    0.2297    0.8924   -0.0093    1.9050    1.0716
[1] 6100.0000    0.0663    0.9517    0.1810    2.1348    0.9216
[1] 6200.0000    1.0000    0.8336   -0.2428    1.7065    0.9759
[1] 6300.0000    0.0177    0.8959   -0.0958    1.9732    1.1826
[1] 6400.0000    0.2019    0.9022   -0.0351    1.8318    0.8332
[1] 6500.0000    0.0979    0.8697   -0.1663    1.8732    0.9040
[1] 6600.0000    0.0037    0.8860   -0.2922    1.7803    1.0301
[1] 6700.0000    0.0002    0.9726   -0.3106    1.6702    1.0730
[1] 6800.0000    0.9084    0.8496   -0.0668    1.9813    0.9728
[1] 6900.0000    0.4442    0.9401   -0.2391    1.6913    0.9220
[1] 7000.0000    0.0016    0.9977   -0.0373    1.9235    1.0944
[1] 7100.0000    1.0000    0.8440   -0.0646    1.9368    0.9302
[1] 7200.0000    0.0004    0.9645    0.0143    1.9593    0.9109
[1] 7300.0000    0.0006    0.8821   -0.0290    2.0114    0.9361
[1] 7400.0000    0.0000    0.8164   -0.1856    1.8054    0.8600
[1] 7500.0000    0.0592    0.8682    0.0171    2.0633    0.9160
[1] 7600.0000    0.0503    0.8332   -0.1223    1.8674    1.0877
[1] 7700.0000    0.0032    0.8552   -0.1512    1.8014    1.0850
[1] 7800.0000    0.0002    0.8139   -0.1226    1.8710    0.8702
[1] 7900.0000    0.2720    0.8037   -0.1503    1.8793    1.1632
[1] 8000.0000    0.1969    0.9186   -0.3002    1.6530    1.0026
[1] 8100.0000    0.4170    0.8687   -0.0300    2.0044    1.0506
[1] 8200.0000    0.0000    0.9803    0.0621    2.0434    0.8647
[1] 8300.0000    0.0018    0.8222    0.0524    2.0261    0.8438
[1] 8400.0000    0.6852    0.8563   -0.0714    1.8982    1.0967
[1] 8500.0000    0.0103    0.9939   -0.1413    1.8855    1.0648
[1] 8600.0000    0.2018    0.9835   -0.0631    1.9629    0.9563
[1] 8700.0000    0.2154    0.8293   -0.1415    1.7222    0.8767
[1] 8800.0000    1.0000    0.9324   -0.0768    1.8944    0.8066
[1] 8900.0000    0.5892    0.9431   -0.2060    1.8717    1.1381
[1] 9000.0000    0.0949    0.9025   -0.0565    1.8861    0.9096
[1] 9100.0000    0.5454    0.9156    0.0485    2.0775    1.0916
[1] 9200.0000    0.0834    0.8777    0.0671    2.0135    1.1489
[1] 9300.0000    0.0003    0.9856    0.0169    1.9491    1.1370
[1] 9400.0000    0.2362    0.8458    0.0832    1.9413    1.0091
[1] 9500.0000    0.0000    0.9329   -0.0917    1.9278    0.8817
[1] 9600.0000    0.6152    0.9566   -0.2509    1.7401    1.1182
[1] 9700.0000    0.2148    0.8614   -0.0552    1.9334    0.9692
[1] 9800.0000    0.1070    0.8196   -0.0075    1.8854    0.9680
[1] 9900.0000    0.0000    0.8466    0.1347    2.0473    0.8248
[1] 10000.0000     0.6835     0.9167    -0.3565     1.6806     1.1877
[1] 10100.0000     1.0000     0.9049     0.0468     2.0023     1.0751
[1] 10200.0000     0.0029     0.9084    -0.0711     1.8305     0.8386
[1] 10300.0000     0.0102     0.8120     0.1655     2.0451     0.8804
[1] 10400.0000     0.0060     0.8213    -0.0091     1.9841     1.0055
[1] 10500.0000     1.0000     0.8159     0.1773     2.0709     1.1284
[1] 10600.0000     0.1482     0.9579     0.2725     2.3207     1.1829
[1] 10700.0000     0.0000     0.8531     0.1382     2.1212     0.8181
[1] 10800.0000     0.9048     0.8056    -0.0962     1.9327     0.8503
[1] 10900.0000     0.0000     0.8264    -0.0167     2.0811     1.1140
[1] 11000.0000     0.3124     0.8012    -0.0825     2.0116     0.9407
[1] 11100.0000     0.0001     0.8902     0.3065     2.3429     0.9114
[1] 11200.0000     1.0000     0.9412    -0.0067     2.0987     0.8257
[1] 11300.0000     1.0000     0.9738     0.0120     1.9604     1.1215
[1] 11400.0000     0.8094     0.9055     0.0561     2.0357     0.9856
[1] 11500.0000     0.0000     0.9311    -0.1072     1.9279     0.8792
[1] 11600.0000     1.0000     0.9382    -0.2743     1.7201     0.8033
[1] 11700.0000     0.8035     0.9810    -0.1391     1.8675     0.9386
[1] 11800.0000     0.0117     0.8440    -0.0885     1.7918     0.8198
[1] 11900.0000     0.4839     0.8272     0.0461     2.0035     0.8962
[1] 12000.0000     0.0119     0.8543    -0.0985     1.8802     1.1591
[1] 12100.0000     0.3880     0.9452     0.0506     1.9969     0.8400
[1] 12200.0000     1.0000     0.8496     0.0262     1.9801     0.8460
[1] 12300.0000     0.0036     0.9623     0.0419     1.8844     1.1420
[1] 12400.0000     0.9922     0.8046    -0.1461     1.7663     0.8797
[1] 12500.0000     0.0564     0.8185     0.1810     2.1569     0.9052
[1] 12600.0000     0.0793     0.9931     0.0443     2.0912     1.0638
[1] 12700.0000     0.0000     0.9486     0.2038     2.2053     0.8166
[1] 12800.0000     0.0042     0.9108    -0.0629     1.8808     1.0765
[1] 12900.0000     0.0066     0.8554    -0.3741     1.6787     0.9712
[1] 13000.0000     0.0055     0.8840    -0.0287     1.8777     1.1100
[1] 13100.0000     0.0009     0.9404    -0.0625     1.9210     0.9822
[1] 13200.0000     0.0005     0.9589    -0.2019     1.6984     1.1555
[1] 13300.0000     0.4019     0.8522     0.1036     2.0272     1.0074
[1] 13400.0000     0.0000     0.9801     0.0974     1.9245     1.0073
[1] 13500.0000     0.0000     0.8240    -0.0332     2.0554     1.0099
[1] 13600.0000     0.0034     0.8917    -0.0552     1.7838     1.0301
[1] 13700.0000     1.0000     0.8314    -0.0950     1.8982     0.8589
[1] 13800.0000     0.0000     0.9275    -0.0887     1.9298     1.0955
[1] 13900.0000     0.6622     0.8125    -0.0583     1.9046     1.1546
[1] 14000.0000     0.9557     0.9598    -0.0039     1.9170     0.8043
[1] 14100.0000     0.0000     0.9236     0.1753     2.1495     0.9106
[1] 14200.0000     0.0488     0.9171    -0.0010     1.9298     0.8964
[1] 14300.0000     0.0047     0.8359    -0.0943     1.9684     1.0907
[1] 14400.0000     0.8471     0.8984    -0.0631     1.9564     1.1866
[1] 14500.0000     0.0006     0.8302     0.0078     2.0211     1.1813
[1] 14600.0000     0.0000     0.8329    -0.0335     1.9829     0.9630
[1] 14700.0000     1.0000     0.8840     0.1254     2.0789     1.0394
[1] 14800.0000     0.0000     0.9533    -0.1090     1.7689     0.8106
[1] 14900.0000     0.4497     0.9850    -0.0042     2.0096     1.1438
[1] 15000.0000     0.0000     0.9486    -0.2796     1.7061     0.9418
[1] 15100.0000     0.0335     0.9112    -0.0724     1.9414     1.0503
[1] 15200.0000     1.0000     0.9896     0.0640     1.9794     1.1186
[1] 15300.0000     0.1592     0.8856     0.2455     2.2547     0.9730
[1] 15400.0000     0.6495     0.9829     0.0538     2.1283     1.0368
[1] 15500.0000     1.0000     0.8761    -0.0110     1.9704     0.9901
[1] 15600.0000     0.8993     0.9912    -0.1120     1.8750     1.0551
[1] 15700.0000     0.0000     0.9705     0.2294     2.1396     0.8969
[1] 15800.0000     0.5751     0.9774    -0.1037     1.7719     1.1822
[1] 15900.0000     0.0000     0.9524    -0.0177     2.0489     1.0855
[1] 16000.0000     1.0000     0.9761    -0.1560     1.8367     1.0600
[1] 16100.0000     1.0000     0.9477     0.0558     2.1353     0.9420
[1] 16200.0000     1.0000     0.8455    -0.1115     1.9014     1.0509
[1] 16300.0000     0.1897     0.9320    -0.0869     1.9574     1.0407
[1] 16400.0000     0.6236     0.8844     0.0211     1.9138     1.1913
[1] 16500.0000     0.0464     0.9894    -0.0328     1.9777     0.9222
[1] 16600.0000     1.0000     0.9292    -0.1658     1.8331     1.0485
[1] 16700.0000     0.1976     0.8804     0.0333     2.0377     1.1815
[1] 16800.0000     0.0563     0.8165    -0.3125     1.6488     1.0376
[1] 16900.0000     0.0823     0.9014    -0.1572     1.8551     0.8459
[1] 17000.0000     0.4682     0.8119     0.0773     2.0244     0.9369
[1] 17100.0000     0.0014     0.9262     0.2702     2.1241     0.9696
[1] 17200.0000     0.2568     0.9497    -0.1599     1.8109     0.8252
[1] 17300.0000     0.0949     0.9116    -0.1412     1.8360     0.8190
[1] 17400.0000     0.9179     0.9623     0.0948     2.1653     1.1696
[1] 17500.0000     1.0000     0.9645    -0.1767     1.7758     0.9956
[1] 17600.0000     0.0473     0.9193     0.0615     1.9695     0.8193
[1] 17700.0000     0.0077     0.8922    -0.1032     1.8157     1.0234
[1] 17800.0000     1.0000     0.9968    -0.0650     1.8990     0.8268
[1] 17900.0000     0.0013     0.8644    -0.0018     2.0135     1.0507
[1] 18000.0000     0.9361     0.9109     0.0165     1.9938     0.8712
[1] 18100.0000     0.0337     0.8667    -0.0241     1.9294     1.1867
[1] 18200.0000     1.0000     0.8073     0.1391     2.1173     0.9256
[1] 18300.0000     0.0129     0.9706    -0.0780     1.9218     1.1685
[1] 18400.0000     0.0079     0.8112    -0.1739     1.8510     0.9765
[1] 18500.0000     0.0295     0.8064    -0.1657     1.8802     1.1050
[1] 18600.0000     0.0157     0.8932     0.1366     2.1782     0.8460
[1] 18700.0000     0.2828     0.9071     0.1206     2.1473     1.1143
[1] 18800.0000     0.0049     0.9415     0.0231     2.0988     0.8205
[1] 18900.0000     0.0000     0.8387    -0.2395     1.8002     0.8037
[1] 19000.0000     1.0000     0.8087     0.1409     2.2214     1.1060
[1] 19100.0000     0.0332     0.8142    -0.2732     1.7368     1.0716
[1] 19200.0000     0.7876     0.8319    -0.1261     1.7737     1.0132
[1] 19300.0000     0.1156     0.8940     0.1546     2.0414     1.1248
[1] 19400.0000     0.4758     0.8040     0.0255     1.9203     1.1551
[1] 19500.0000     0.0008     0.8243     0.1882     2.1433     0.8751
[1] 19600.0000     0.2296     0.8098    -0.0211     1.9797     1.1951
[1] 19700.0000     0.0020     0.8143     0.0985     1.9915     0.8081
[1] 19800.0000     0.3182     0.8357     0.2278     2.1567     1.1647
[1] 19900.0000     0.5098     0.9981     0.1881     2.1811     1.0280
[1] 20000.0000     0.2505     0.8545    -0.2308     1.7938     0.8923
[1] 20100.0000     0.0000     0.8622     0.0226     1.9804     0.8640
[1] 20200.0000     0.8715     0.9840     0.0296     2.0862     1.1380
[1] 20300.0000     0.0046     0.8028    -0.3623     1.6963     0.9708
[1] 20400.0000     1.0000     0.8446    -0.0120     1.9284     1.0333
[1] 20500.0000     0.0015     0.8964    -0.0503     1.9851     1.1285
[1] 20600.0000     0.5584     0.9169    -0.0679     1.9842     1.1057
[1] 20700.0000     0.6469     0.8107     0.2363     2.1317     1.0874
[1] 20800.0000     0.9196     0.9981    -0.1573     1.8754     1.0246
[1] 20900.0000     0.0000     0.8285    -0.1080     1.8940     0.8493
[1] 21000.0000     0.1045     0.8708    -0.0159     1.9010     1.1617
[1] 21100.0000     1.0000     0.8682    -0.1433     1.8867     1.1577
[1] 21200.0000     1.0000     0.9611     0.0009     1.9786     0.8029
[1] 21300.0000     0.0002     0.8214     0.1170     1.9638     1.0391
[1] 21400.0000     1.0000     0.8276     0.1015     2.0735     0.8233
[1] 21500.0000     0.0008     0.8906    -0.0103     1.9635     0.8206
[1] 21600.0000     0.8608     0.9634     0.0290     2.0659     0.9473
[1] 21700.0000     0.2985     0.9973    -0.2487     1.7777     0.9605
[1] 21800.0000     0.4321     0.8778     0.2366     2.3456     1.0685
[1] 21900.0000     0.2822     0.9598     0.0943     2.1345     0.8497
[1] 22000.0000     0.1425     0.8850     0.0231     1.9389     0.9555
[1] 22100.0000     0.0713     0.8953     0.0509     2.0416     0.9321
[1] 22200.0000     0.4362     0.8579    -0.1800     1.8652     0.8534
[1] 22300.0000     0.0387     0.9726    -0.1223     2.0256     0.8521
[1] 22400.0000     1.0000     0.9971     0.0457     2.0361     0.9354
[1] 22500.0000     0.1141     0.8239     0.0152     2.1262     1.1368
[1] 22600.0000     0.0002     0.8006    -0.0775     1.9028     0.8902
[1] 22700.0000     0.0006     0.8271    -0.0279     1.9374     1.1968
[1] 22800.0000     0.0763     0.8972    -0.0987     1.7428     1.0231
[1] 22900.0000     0.1317     0.8804    -0.0734     1.9404     0.9211
[1] 23000.0000     0.0000     0.8188     0.1129     1.9908     1.0070
[1] 23100.0000     0.2788     0.8119     0.1499     2.0498     1.0551
[1] 23200.0000     0.0735     0.8437     0.0660     2.0697     0.8877
[1] 23300.0000     0.0000     0.9727     0.0839     2.0894     0.9482
[1] 23400.0000     0.4968     0.8888     0.1373     2.0147     1.0444
[1] 23500.0000     1.0000     0.9916     0.0847     1.9991     1.1297
[1] 23600.0000     0.0099     0.9324    -0.1033     1.9260     0.8634
[1] 23700.0000     0.1725     0.8580    -0.1475     1.8044     0.8494
[1] 23800.0000     1.0000     0.9299    -0.0488     1.8094     1.0580
[1] 23900.0000     0.6784     0.9920     0.0918     2.0459     1.0485
[1] 24000.0000     0.0325     0.9851     0.0124     1.9997     1.0873
[1] 24100.0000     1.0000     0.9214    -0.1879     1.8911     0.8541
[1] 24200.0000     0.0069     0.9331    -0.2307     1.9059     1.1419
[1] 24300.0000     0.8246     0.8163    -0.0565     1.9893     1.0906
[1] 24400.0000     1.0000     0.9947     0.0260     1.9564     0.9697
[1] 24500.0000     0.0118     0.9852     0.0823     2.0713     1.0548
[1] 24600.0000     0.0000     0.8781    -0.0040     2.0042     0.8812
[1] 24700.0000     0.3505     0.9195    -0.2084     1.6910     0.8781
[1] 24800.0000     0.0000     0.8460    -0.0699     1.8903     0.9489
[1] 24900.0000     0.8126     0.8569    -0.1038     1.9279     1.1414
[1] 25000.0000     1.0000     0.8801     0.1992     2.1786     0.8235
[1] 25100.0000     0.0761     0.8549    -0.0272     1.9824     0.9439
[1] 25200.0000     0.1521     0.9507    -0.0624     1.9846     0.9719
[1] 25300.0000     0.0001     0.9779    -0.1213     1.9210     0.8977
[1] 25400.0000     0.0047     0.9183    -0.1399     1.7953     1.0450
[1] 25500.0000     0.3729     0.8303    -0.1268     1.8440     1.1248
[1] 25600.0000     0.0427     0.9926     0.2181     2.1323     0.9855
[1] 25700.0000     0.3005     0.8976    -0.2210     1.8018     0.9408
[1] 25800.0000     0.0473     0.9689    -0.0424     1.9409     1.1962
[1] 25900.0000     0.0002     0.8683     0.1303     2.0048     0.8098
[1] 26000.0000     0.5380     0.9492    -0.0798     1.8253     1.0058
[1] 26100.0000     0.0477     0.8951    -0.0548     2.0099     0.8249
[1] 26200.0000     1.0000     0.8601    -0.0002     2.0383     0.9041
[1] 26300.0000     0.9168     0.8623    -0.2444     1.8564     1.0835
[1] 26400.0000     0.2665     0.8855     0.2218     2.1164     1.0131
[1] 26500.0000     0.0192     0.8034    -0.3249     1.6487     1.1338
[1] 26600.0000     0.2356     0.8720    -0.2050     1.7849     0.9170
[1] 26700.0000     0.0555     0.9721    -0.0225     1.9724     0.8075
[1] 26800.0000     0.1262     0.8173    -0.1220     1.9014     0.9752
[1] 26900.0000     0.0052     0.9241     0.0891     2.0669     1.0646
[1] 27000.0000     0.9086     0.8977    -0.0598     1.9687     0.8661
[1] 27100.0000     0.0002     0.8095    -0.0568     1.8996     1.0497
[1] 27200.0000     0.0118     0.8304    -0.0007     2.0392     0.8580
[1] 27300.0000     0.0021     0.9608    -0.1158     1.8502     0.8492
[1] 27400.0000     0.0996     0.8725    -0.1082     1.8143     1.1899
[1] 27500.0000     1.0000     0.8366    -0.0874     1.8746     1.0805
[1] 27600.0000     0.0001     0.8069     0.2358     2.1512     0.9996
[1] 27700.0000     0.0257     0.8620     0.2747     2.3144     1.0941
[1] 27800.0000     0.0000     0.8358     0.1107     2.1230     1.1051
[1] 27900.0000     0.6335     0.8913     0.0585     2.0247     0.8389
[1] 28000.0000     0.0000     0.9003    -0.0356     1.9607     0.9918
[1] 28100.0000     0.0000     0.9262    -0.1704     1.8530     1.0710
[1] 28200.0000     0.7766     0.9271     0.0554     2.0132     0.9591
[1] 28300.0000     0.0269     0.8510    -0.0640     1.8690     0.8048
[1] 28400.0000     0.6416     0.9594     0.0191     1.9405     0.8105
[1] 28500.0000     1.0000     0.8206     0.0185     2.0518     1.0447
[1] 28600.0000     0.0028     0.9775    -0.0664     1.9007     0.9079
[1] 28700.0000     0.0558     0.8497    -0.0236     1.8570     1.1155
[1] 28800.0000     1.0000     0.9743    -0.0698     1.8878     0.8723
[1] 28900.0000     0.8184     0.8662    -0.1790     1.8235     0.8550
[1] 29000.0000     0.4444     0.9401    -0.0193     1.9968     1.1755
[1] 29100.0000     0.1174     0.9836    -0.0543     1.8934     1.0211
[1] 29200.0000     0.0021     0.9889    -0.2324     1.8191     1.0979
[1] 29300.0000     0.1323     0.9749    -0.1374     1.7523     0.9782
[1] 29400.0000     0.0203     0.9512     0.0515     1.9299     1.1262
[1] 29500.0000     0.0168     0.9255     0.1509     2.0993     1.1556
[1] 29600.0000     0.0028     0.8267    -0.0139     2.0055     1.0464
[1] 29700.0000     0.0073     0.9571    -0.0317     1.8768     0.9736
[1] 29800.0000     0.9180     0.8701    -0.1252     1.9995     0.8024
[1] 29900.0000     0.9284     0.9798    -0.0652     1.8836     1.0014
[1] 30000.0000     0.0335     0.8307    -0.0331     1.8949     1.0904
[1] 0.3468661
Time difference of 3.781677 hours
null device 
          1 
