[1] "El numero de nodos X particion es: 10"
[1] "Model = M2 / Data = sim_data/datasetSVIMatern24.Rdata"
[1] 100.0000   0.9613   0.8291   0.0303   1.9079   0.9331
[1] 200.0000   1.0000   0.9804   0.0281   1.8528   1.0297
[1] 300.0000   0.9603   0.8776  -0.0389   1.9284   1.0665
[1] 400.0000   0.0053   0.9217  -0.2721   2.2468   0.9692
[1] 500.0000   0.0000   0.8380  -0.0391   1.9328   0.8203
[1] 600.0000   0.6687   0.9748  -0.0657   1.8909   1.0386
[1] 700.0000   0.1063   0.8009   0.1366   1.7587   0.8720
[1] 800.0000   0.0006   0.9381  -0.4563   2.3308   1.1219
[1] 900.0000   0.0000   0.9344  -0.5563   2.3640   1.0036
[1] 1000.0000    0.0000    0.8209   -0.3501    2.2394    0.9374
[1] 1100.0000    0.0000    0.9319    0.7807    1.0542    0.8930
[1] 1200.0000    0.6169    0.8603    0.1336    1.8126    0.9164
[1] 1300.0000    0.0188    0.9805    0.0092    1.8273    0.8049
[1] 1400.0000    0.0000    0.9303   -0.3444    2.2151    1.1894
[1] 1500.0000    0.0001    0.9584    0.5534    1.3434    1.0940
[1] 1600.0000    0.0000    0.8718   -0.6955    2.5195    1.0625
[1] 1700.0000    0.0000    0.8745   -0.2662    2.1461    0.9148
[1] 1800.0000    0.0000    0.8881   -0.0304    1.8847    0.9781
[1] 1900.0000    0.0000    0.9875   -0.3591    2.2544    0.8532
[1] 2000.0000    0.2480    0.8821   -0.1888    1.9558    0.8614
[1] 2100.0000    0.0000    0.9372   -0.0146    1.8541    0.8634
[1] 2200.0000    0.0000    0.8668    0.2036    1.6791    1.0989
[1] 2300.0000    0.0002    0.9906    0.1442    1.6410    0.8768
[1] 2400.0000    0.0000    0.9355    0.0691    1.8461    1.1578
[1] 2500.0000    0.1327    0.9668   -0.0367    1.8683    0.8029
[1] 2600.0000    0.0000    0.8617   -0.4610    2.3096    0.8044
[1] 2700.0000    0.0001    0.8492   -0.4132    2.2695    0.9140
[1] 2800.0000    0.0166    0.9386    0.3070    1.5008    0.8695
[1] 2900.0000    0.0022    0.9982   -0.6395    2.4490    0.9626
[1] 3000.0000    0.0000    0.8454    0.0046    1.8943    0.9669
[1] 3100.0000    0.0010    0.8265    0.1331    1.8150    1.1652
[1] 3200.0000    0.0000    0.8205    0.5227    1.3346    0.8873
[1] 3300.0000    0.0000    0.9797   -0.1625    1.8438    1.0744
[1] 3400.0000    0.3487    0.8983    0.3910    1.4548    1.1525
[1] 3500.0000    0.0000    0.8568    0.3501    1.4834    1.0820
[1] 3600.0000    0.0000    0.8756   -0.4742    2.3660    0.9795
[1] 3700.0000    0.8647    0.9624    0.2502    1.5746    0.8094
[1] 3800.0000    0.0000    0.9791    0.5213    1.3587    1.0179
[1] 3900.0000    0.0000    0.8319   -0.1996    2.1095    0.8180
[1] 4000.0000    0.0046    0.8393    0.0699    1.8881    0.9996
[1] 4100.0000    0.0000    0.8388   -0.4044    2.3183    0.8864
[1] 4200.0000    0.0000    0.9756   -0.8093    2.6325    0.9752
[1] 4300.0000    0.0645    0.8028   -0.4209    2.3392    0.9927
[1] 4400.0000    0.0000    0.8077    0.0732    1.8995    1.0029
[1] 4500.0000    1.0000    0.8410   -0.1095    1.9721    1.1520
[1] 4600.0000    0.0012    0.9581    0.1256    1.7718    0.8180
[1] 4700.0000    0.0000    0.9806   -0.4704    2.3223    1.0866
[1] 4800.0000    0.0000    0.8616   -0.4671    2.3571    0.9384
[1] 4900.0000    0.0000    0.8114   -0.5100    2.3899    0.8255
[1] 5000.0000    1.0000    0.9273   -0.5439    2.4249    1.0348
[1] 5100.0000    0.0000    0.9679   -0.1173    1.9819    1.1951
[1] 5200.0000    0.0000    0.8350   -0.2448    2.3109    1.0935
[1] 5300.0000    0.0000    0.8845    0.1766    1.6964    1.0022
[1] 5400.0000    0.0000    0.8536   -0.1158    1.8100    0.9337
[1] 5500.0000    0.0000    0.8506    0.1931    1.6064    1.1979
[1] 5600.0000    0.0000    0.9328    0.1098    1.7742    1.1365
[1] 5700.0000    0.0000    0.8882   -0.2865    2.1598    1.0651
[1] 5800.0000    0.0000    0.8612   -0.1844    2.0990    1.0327
[1] 5900.0000    0.0000    0.9433   -0.0409    1.8655    0.8670
[1] 6000.0000    0.0000    0.8790    0.4033    1.5461    1.0590
[1] 6100.0000    0.0000    0.8793   -0.0440    1.8582    0.8792
[1] 6200.0000    0.0000    0.9400    0.2020    1.6090    0.8404
[1] 6300.0000    0.0000    0.9569   -0.1781    2.1632    0.8080
[1] 6400.0000    0.0000    0.9885    0.4323    1.5080    0.8165
[1] 6500.0000    0.0008    0.9145   -0.5356    2.3096    0.8046
[1] 6600.0000    0.0000    0.8710   -0.0922    1.9529    0.9001
[1] 6700.0000    0.0000    0.8204   -0.3587    2.1897    0.9264
[1] 6800.0000    0.0636    0.8794    0.1613    1.6199    0.9381
[1] 6900.0000    0.0000    0.9267   -0.3085    2.2443    1.0380
[1] 7000.0000    0.0000    0.8543    0.3808    1.4778    0.8271
[1] 7100.0000    0.0000    0.8694   -0.0020    1.8603    0.8792
[1] 7200.0000    0.0000    0.8247   -0.1602    2.0951    0.8913
[1] 7300.0000    0.0002    0.8356    0.7613    1.0368    1.1395
[1] 7400.0000    0.0000    0.8045   -0.1733    2.0115    0.8734
[1] 7500.0000    0.0000    0.9989   -0.5333    2.2422    1.1081
[1] 7600.0000    0.0000    0.9493   -0.2724    2.0746    0.9281
[1] 7700.0000    0.0000    0.8552   -0.5586    2.3761    1.0850
[1] 7800.0000    0.0037    0.9281   -0.1203    2.0522    0.8883
[1] 7900.0000    0.0000    0.8037    0.1548    1.6563    1.1632
[1] 8000.0000    0.0000    0.9309   -0.0634    1.9189    1.0835
[1] 8100.0000    0.0000    0.9446   -0.2432    2.0576    0.9329
[1] 8200.0000    0.0170    0.8808    0.0332    1.7261    1.1030
[1] 8300.0000    0.0000    0.8896   -0.2834    2.2436    1.1748
[1] 8400.0000    0.0000    0.9658   -0.1669    2.0493    0.9286
[1] 8500.0000    0.0000    0.8325   -0.0987    1.9965    1.0750
[1] 8600.0000    0.0464    0.8716   -0.7008    2.5875    1.0089
[1] 8700.0000    0.0000    0.8940    0.0331    1.8613    1.0236
[1] 8800.0000    0.0000    0.8601    0.0146    1.8317    0.8170
[1] 8900.0000    0.0048    0.8674    0.4708    1.3646    1.0474
[1] 9000.0000    0.0000    0.8638    0.3222    1.4727    1.1683
[1] 9100.0000    0.0000    0.8060    0.2167    1.5823    0.8104
[1] 9200.0000    0.0000    0.8777   -0.5392    2.4285    1.1489
[1] 9300.0000    0.0000    0.8689    0.4252    1.4398    0.9976
[1] 9400.0000    0.0000    0.8413    0.4858    1.3435    1.0761
[1] 9500.0000    0.0000    0.8817   -0.2255    2.0854    1.0875
[1] 9600.0000    0.0010    0.8149   -0.0346    1.9322    0.9056
[1] 9700.0000    0.0000    0.9657    0.4401    1.4878    0.9166
[1] 9800.0000    0.0000    0.8646   -0.4999    2.3302    0.8456
[1] 9900.0000    0.0000    0.8192    0.3111    1.4764    0.8099
[1] 10000.0000     1.0000     0.8618    -0.2860     2.1203     0.8032
[1] 10100.0000     1.0000     0.9049    -0.4117     2.3467     1.0751
[1] 10200.0000     1.0000     0.9808    -0.4058     2.2351     0.8342
[1] 10300.0000     0.3660     0.9549     0.4940     1.3509     0.8021
[1] 10400.0000     0.0000     0.9337     0.1059     1.7266     1.0990
[1] 10500.0000     1.0000     0.8159     0.1876     1.5645     1.1284
[1] 10600.0000     0.0000     0.8442    -0.0242     1.8809     0.9495
[1] 10700.0000     0.0000     0.9346     0.3425     1.5753     1.0990
[1] 10800.0000     1.0000     0.8056     0.0184     1.8884     0.8503
[1] 1.090e+04 0.000e+00 9.660e-01 6.655e-01 1.213e+00 1.197e+00
[1] 11000.0000     0.1331     0.8012     0.0066     1.9855     0.9407
[1] 11100.0000     0.0000     0.8902    -0.3458     2.2023     0.9114
[1] 11200.0000     0.1802     0.8258    -0.2645     2.0387     1.0628
[1] 11300.0000     0.0000     0.9481    -0.9256     2.7038     1.1448
[1] 11400.0000     0.0001     0.9548     0.0742     1.6875     1.0047
[1] 11500.0000     0.0000     0.8061    -0.0916     1.9644     1.1646
[1] 11600.0000     0.2042     0.9382    -0.1979     1.9376     0.8033
[1] 11700.0000     1.0000     0.8766    -0.1906     2.0995     0.9110
[1] 11800.0000     0.0000     0.8027     0.0787     1.7213     0.8530
[1] 11900.0000     0.0000     0.8460    -0.6446     2.4106     0.8150
[1] 12000.0000     0.0000     0.8056    -0.0044     1.8361     1.1142
[1] 12100.0000     0.0000     0.8666    -0.5882     2.4395     0.9630
[1] 12200.0000     0.6005     0.8496     0.4721     1.4708     0.8460
[1] 12300.0000     0.0016     0.8010     0.2443     1.6185     0.8810
[1] 12400.0000     1.0000     0.8046    -0.1560     2.0682     0.8797
[1] 12500.0000     0.0000     0.8593    -0.1381     2.1107     1.1828
[1] 12600.0000     0.0000     0.8126    -0.2956     2.2336     1.1805
[1] 12700.0000     0.5615     0.9614    -0.0288     1.7660     0.8958
[1] 12800.0000     0.0000     0.9108    -0.3423     2.3087     1.0765
[1] 12900.0000     0.2794     0.9204     0.0414     1.8383     0.8219
[1] 13000.0000     0.0000     0.8069     0.2070     1.6581     1.0997
[1] 13100.0000     0.0001     0.9339     0.6331     1.2066     1.1193
[1] 13200.0000     0.0060     0.8843    -0.7097     2.6027     0.9997
[1] 13300.0000     0.0000     0.9222    -0.4262     2.3266     0.8801
[1] 13400.0000     0.0000     0.9676     0.3422     1.5881     1.1418
[1] 13500.0000     0.0000     0.8466    -0.2842     2.1392     0.8143
[1] 13600.0000     0.0000     0.8917     0.1158     1.7885     1.0301
[1] 13700.0000     0.0000     0.8951    -0.0086     1.8464     1.0363
[1] 13800.0000     0.0000     0.8787    -0.5095     2.3852     1.0611
[1] 13900.0000     0.0011     0.8573    -0.0982     1.9850     0.8372
[1] 14000.0000     0.0000     0.9588    -0.1065     1.9487     0.9662
[1] 14100.0000     0.0000     0.8844    -0.1821     1.9239     1.1867
[1] 14200.0000     0.0001     0.8479     0.3568     1.4522     0.8739
[1] 14300.0000     0.0000     0.8548    -0.9976     2.8034     0.8231
[1] 14400.0000     0.3700     0.8171    -0.6081     2.4995     1.1588
[1] 14500.0000     0.3603     0.8647    -0.2743     2.1397     1.0877
[1] 14600.0000     0.0000     0.8570    -0.1700     2.0038     1.1138
[1] 14700.0000     0.0000     0.8974    -0.3766     2.1827     1.0871
[1] 14800.0000     0.0000     0.8106     0.1615     1.6298     1.0978
[1] 14900.0000     0.0208     0.8051    -0.4961     2.4534     1.0614
[1] 15000.0000     0.0193     0.9447     0.0245     1.8061     0.8911
[1] 15100.0000     0.1674     0.8384    -0.1135     2.0508     0.8510
[1] 15200.0000     0.0000     0.8734     0.2598     1.6188     0.8767
[1] 15300.0000     1.0000     0.8282     0.0972     1.7406     1.1177
[1] 15400.0000     1.0000     0.9829    -0.3560     2.1984     1.0368
[1] 15500.0000     0.0000     0.9973    -0.5462     2.4977     0.8711
[1] 15600.0000     0.0000     0.8520    -0.7304     2.6227     1.1912
[1] 15700.0000     0.0000     0.8475    -0.3150     2.1567     0.9690
[1] 15800.0000     0.0555     0.8834    -0.0772     1.8845     0.9061
[1] 15900.0000     0.0000     0.9431    -0.0362     1.8418     0.8611
[1] 16000.0000     0.2978     0.9761    -0.2339     2.0208     1.0600
[1] 16100.0000     0.0000     0.8125     0.2746     1.6038     0.8885
[1] 16200.0000     0.0001     0.9466     0.3431     1.4845     0.9477
[1] 16300.0000     0.0000     0.9327    -0.1624     2.0712     0.9714
[1] 16400.0000     0.0000     0.8699    -0.0955     1.9196     0.9170
[1] 16500.0000     1.0000     0.9407    -0.3039     2.1756     0.9877
[1] 16600.0000     0.0098     0.8568     0.1604     1.7550     1.0645
[1] 16700.0000     0.0002     0.9635    -0.0710     1.9194     0.8336
[1] 16800.0000     0.0002     0.8165    -0.3623     2.3037     1.0376
[1] 16900.0000     0.0000     0.8583    -0.2148     2.0798     0.9158
[1] 17000.0000     0.0000     0.9790    -0.5010     2.2918     0.8822
[1] 17100.0000     0.0825     0.9305     0.2247     1.5901     0.9283
[1] 1.720e+04 1.020e-02 9.497e-01 3.700e-01 1.489e+00 8.252e-01
[1] 17300.0000     1.0000     0.8396     0.0174     1.9023     1.0131
[1] 17400.0000     0.0000     0.8593     0.0200     1.9094     1.1450
[1] 17500.0000     0.0000     0.9983     0.5849     1.4299     0.9809
[1] 17600.0000     0.0000     0.8242     0.2157     1.5847     0.9225
[1] 17700.0000     0.0000     0.8794     0.0612     1.8154     0.9707
[1] 17800.0000     0.0476     0.9571    -0.7355     2.6657     0.9258
[1] 17900.0000     0.0000     0.9083    -0.1237     1.9359     0.9495
[1] 18000.0000     0.2823     0.9109    -0.1821     2.1514     0.8712
[1] 18100.0000     0.0000     0.9461    -0.5779     2.4028     0.9222
[1] 18200.0000     0.0029     0.8142     0.6871     1.2118     0.8298
[1] 18300.0000     0.0000     0.8120     0.1155     1.7561     1.0717
[1] 18400.0000     0.0000     0.9529     0.0891     1.8053     0.8173
[1] 18500.0000     0.0000     0.8451     0.0144     1.8569     0.9054
[1] 18600.0000     0.0000     0.8656    -0.2489     2.1553     0.8624
[1] 18700.0000     0.0000     0.8080    -0.3550     2.2855     0.9308
[1] 18800.0000     0.0000     0.8537    -0.1687     2.0078     0.9005
[1] 18900.0000     0.0000     0.9024    -0.4145     2.2005     1.0613
[1] 19000.0000     0.0017     0.8366    -0.1945     2.0900     0.8015
[1] 19100.0000     0.0000     0.8142    -0.0558     1.8344     1.0716
[1] 19200.0000     0.0000     0.8001     0.1263     1.7314     0.9641
[1] 19300.0000     0.0000     0.9918     0.2816     1.5888     0.8386
[1] 19400.0000     0.0000     0.8040     0.1902     1.7850     1.1551
[1] 19500.0000     0.0000     0.8527    -0.0008     1.8740     1.1208
[1] 19600.0000     0.2667     0.9162    -0.1951     1.9801     0.8038
[1] 19700.0000     0.0000     0.8143     0.0787     1.7433     0.8081
[1] 19800.0000     0.0000     0.9869     0.1292     1.6652     0.9076
[1] 19900.0000     0.0000     0.9981    -0.3085     2.2414     1.0280
[1] 20000.0000     0.0000     0.8708    -0.1766     2.0268     1.0213
[1] 20100.0000     0.0000     0.9794     0.2761     1.5655     1.1721
[1] 20200.0000     0.1553     0.8367    -0.4996     2.3313     0.9269
[1] 20300.0000     0.0000     0.8028    -0.2514     2.0936     0.9708
[1] 20400.0000     0.2039     0.9845     0.0158     1.8141     1.1049
[1] 20500.0000     0.0000     0.8964     0.2738     1.5820     1.1285
[1] 20600.0000     0.8412     0.9169     0.2306     1.6724     1.1057
[1] 20700.0000     0.9296     0.8107    -0.0804     2.0088     1.0874
[1] 20800.0000     0.0000     0.9606    -0.2848     2.1016     1.0886
[1] 20900.0000     0.0326     0.9109    -0.0679     1.9293     0.9980
[1] 21000.0000     0.0000     0.8369     0.1325     1.7713     1.0355
[1] 21100.0000     0.0000     0.9732    -0.2889     2.0782     0.8253
[1] 21200.0000     1.0000     0.9611    -0.1047     1.9294     0.8029
[1] 21300.0000     0.0000     0.8399    -0.2472     2.0801     1.0171
[1] 21400.0000     0.0459     0.8276    -0.3351     2.0446     0.8233
[1] 21500.0000     0.0012     0.9322    -0.3643     2.2835     1.1668
[1] 21600.0000     0.0272     0.8420     0.1232     1.7358     0.8926
[1] 21700.0000     0.0000     0.8449    -0.6072     2.4620     0.9351
[1] 21800.0000     0.0049     0.8218    -0.5344     2.4350     1.1739
[1] 21900.0000     0.0000     0.8416    -0.2482     2.1244     1.1370
[1] 22000.0000     0.0000     0.8850     0.2638     1.5487     0.9555
[1] 22100.0000     0.0000     0.8953    -0.1427     1.9311     0.9321
[1] 22200.0000     0.0000     0.9218    -0.1368     1.9330     0.8208
[1] 22300.0000     0.0441     0.9726     0.1533     1.8669     0.8521
[1] 22400.0000     0.0003     0.8145    -0.3229     2.1723     0.8604
[1] 22500.0000     0.1362     0.8623    -0.0436     1.9302     0.8008
[1] 22600.0000     0.0000     0.8858     0.1793     1.6831     0.9064
[1] 22700.0000     0.0000     0.8271    -0.2181     2.1083     1.1968
[1] 22800.0000     0.2186     0.8972    -0.3623     2.0953     1.0231
[1] 22900.0000     0.0000     0.9207     0.2342     1.5559     0.8362
[1] 23000.0000     0.0000     0.9652    -0.0284     1.8613     1.0264
[1] 23100.0000     0.0000     0.9231    -0.4119     2.2118     0.8179
[1] 23200.0000     0.0002     0.8859     0.1095     1.6918     0.8935
[1] 23300.0000     0.2850     0.8966     0.1359     1.7582     1.0199
[1] 23400.0000     0.0001     0.8015    -0.2342     2.1110     0.8904
[1] 23500.0000     0.0000     0.8934    -0.8610     2.6294     1.1391
[1] 23600.0000     0.0000     0.8176    -0.0634     1.8967     0.8266
[1] 23700.0000     0.0000     0.8580     0.3415     1.5006     0.8494
[1] 23800.0000     0.0000     0.9509    -0.1237     1.9215     0.9516
[1] 23900.0000     0.0068     0.8157     0.2619     1.6116     0.8034
[1] 24000.0000     0.0000     0.9801    -0.1345     1.9353     1.1551
[1] 24100.0000     0.0000     0.8747    -0.8188     2.6429     1.0767
[1] 24200.0000     0.0000     0.8399    -0.1119     1.8799     1.0287
[1] 24300.0000     0.0000     0.8822    -0.3403     2.2476     1.1634
[1] 24400.0000     0.3080     0.8950     0.2134     1.6495     0.9027
[1] 24500.0000     0.0000     0.9407     0.5388     1.2760     1.0416
[1] 24600.0000     0.0000     0.9062    -0.1367     2.0491     0.8877
[1] 24700.0000     0.0329     0.8664    -0.3980     2.2369     1.1316
[1] 24800.0000     0.0228     0.8109    -0.1094     1.9906     1.1899
[1] 24900.0000     0.0622     0.9802    -0.2734     2.1518     0.9496
[1] 25000.0000     1.0000     0.8801     0.1232     1.6767     0.8235
[1] 25100.0000     0.0345     0.9102     0.7580     1.1427     0.9221
[1] 25200.0000     0.0000     0.9920    -0.3404     2.2388     0.8420
[1] 25300.0000     1.0000     0.8151     0.2989     1.5557     1.0748
[1] 25400.0000     1.0000     0.8988    -0.1772     2.0546     1.0888
[1] 25500.0000     0.0002     0.8147     0.0803     1.7671     1.1844
[1] 25600.0000     0.0000     0.8112     0.2682     1.5914     0.8916
[1] 2.570e+04 0.000e+00 8.060e-01 2.611e-01 1.605e+00 8.422e-01
[1] 25800.0000     0.0000     0.8043    -0.1536     2.0114     0.8730
[1] 25900.0000     1.0000     0.8632    -0.0649     2.0011     1.1254
[1] 26000.0000     1.0000     0.9492    -0.0879     1.9736     1.0058
[1] 26100.0000     0.0000     0.9196    -0.0881     1.8480     1.1722
[1] 26200.0000     0.0139     0.9529    -0.3518     2.2270     1.0017
[1] 26300.0000     0.0000     0.8989    -0.1637     1.9487     0.9807
[1] 26400.0000     0.0000     0.8767     0.1037     1.6754     0.8041
[1] 26500.0000     0.1335     0.8136    -0.2320     2.1339     0.8843
[1] 26600.0000     0.0000     0.9293     0.1308     1.7747     0.8497
[1] 26700.0000     0.1599     0.8184     0.0737     1.7333     0.9177
[1] 26800.0000     0.0000     0.8448    -0.8158     2.6711     0.8652
[1] 26900.0000     0.0000     0.9586     0.4695     1.4934     1.0279
[1] 27000.0000     0.0000     0.9862    -0.4145     2.3081     0.8958
[1] 27100.0000     0.2313     0.8095    -0.1472     2.0842     1.0497
[1] 27200.0000     0.0098     0.8628     0.1413     1.7355     1.0265
[1] 27300.0000     0.0000     0.9754    -0.2362     2.1141     0.9688
[1] 27400.0000     0.0000     0.9269     0.0439     1.8441     1.0000
[1] 27500.0000     0.0000     0.9661     0.4832     1.3696     1.0391
[1] 2.760e+04 0.000e+00 8.732e-01 3.842e-01 1.532e+00 9.172e-01
[1] 27700.0000     0.0000     0.8317     0.0732     1.7794     1.1846
[1] 27800.0000     0.0000     0.8338     0.1337     1.6898     0.9440
[1] 27900.0000     0.9577     0.8904    -0.1968     2.0890     0.9276
[1] 28000.0000     0.0000     0.8025    -0.2492     2.1610     0.9240
[1] 28100.0000     0.0000     0.9262    -0.0787     1.9491     1.0710
[1] 28200.0000     0.0000     0.9693     0.2290     1.7227     0.8876
[1] 28300.0000     0.0000     0.8845    -0.1441     2.0443     0.9758
[1] 28400.0000     0.4760     0.9594     0.0250     1.9328     0.8105
[1] 28500.0000     0.0000     0.8469     0.0926     1.7024     0.8971
[1] 28600.0000     0.0072     0.9775    -0.0467     1.7432     0.9079
[1] 28700.0000     0.0000     0.8546    -0.2939     2.1534     0.9787
[1] 28800.0000     0.0018     0.8104     0.3874     1.4787     1.1940
[1] 28900.0000     0.0000     0.9040    -0.0961     1.8596     0.8375
[1] 29000.0000     0.0000     0.9541     0.3885     1.4783     0.8200
[1] 29100.0000     0.0000     0.8434    -0.4748     2.2949     1.0969
[1] 29200.0000     0.0578     0.9367     0.3959     1.4117     1.1465
[1] 29300.0000     1.0000     0.9064     0.0907     1.7242     1.0368
[1] 29400.0000     0.0024     0.8948     0.2677     1.5642     0.8239
[1] 29500.0000     0.0000     0.8510    -0.3006     2.1723     0.8942
[1] 29600.0000     0.0012     0.8047     0.1538     1.6585     0.8897
[1] 29700.0000     0.0003     0.8240     0.2726     1.6557     1.1041
[1] 29800.0000     0.0000     0.8030    -0.0909     1.9705     0.9421
[1] 29900.0000     0.6567     0.9798     0.1804     1.7297     1.0014
[1] 30000.0000     0.0180     0.8841     0.7611     1.1052     1.0036
[1] 0.1281549
Time difference of 11.13965 hours
null device 
          1 
