[1] "El numero de nodos X particion es: 10"
[1] "Model = M1 / Data = sim_data/datasetSVIExponential14.Rdata"
[1] 100.0000   0.8062   0.9429   0.1034   1.8714   1.1970
[1] 200.0000   0.0010   0.8487   0.1448   1.8093   0.8384
[1] 300.0000   0.1859   0.8776   0.1714   1.9071   1.0665
[1] 400.0000   0.0113   0.9217  -0.1851   2.1475   0.9692
[1] 500.0000   0.0000   0.8350   0.6625   1.3066   0.9084
[1] 600.0000   0.1577   0.9748   0.1887   1.6660   1.0386
[1] 700.0000   0.0020   0.8999   0.4355   1.5720   1.0702
[1] 800.0000   0.0000   0.9999   0.4862   1.4761   1.0968
[1] 900.0000   0.0000   0.9606  -0.4346   2.3836   1.0158
[1] 1000.0000    0.0000    0.8209    0.0307    1.9365    0.9374
[1] 1100.0000    0.0000    0.8924    0.6623    1.2587    0.9545
[1] 1200.0000    0.0808    0.8544    1.1280    0.8978    0.9984
[1] 1300.0000    0.0001    0.9498   -0.0626    1.9654    1.1653
[1] 1400.0000    0.0000    0.9303   -0.8524    2.7624    1.1894
[1] 1500.0000    0.0000    0.9584   -0.0210    1.9962    1.0940
[1] 1600.0000    0.0000    0.9998   -1.3166    3.3556    1.1214
[1] 1700.0000    0.0000    0.9419    0.4531    1.6006    1.0966
[1] 1800.0000    0.0000    0.8314    0.3348    1.6226    0.9945
[1] 1900.0000    0.0000    0.8411   -0.6605    2.6130    1.0047
[1] 2000.0000    0.0291    0.8821   -0.2858    2.1044    0.8614
[1] 2100.0000    0.0000    0.8151   -1.2040    3.1975    1.0021
[1] 2200.0000    0.0000    0.8668   -0.0130    2.0519    1.0989
[1] 2300.0000    0.0000    0.9142    0.0398    1.8584    0.8527
[1] 2400.0000    0.0000    0.9355    0.5153    1.4274    1.1578
[1] 2500.0000    0.0034    0.8909    1.1609    0.7527    1.1217
[1] 2600.0000    0.0000    0.9100    0.2588    1.7455    1.1442
[1] 2700.0000    0.0000    0.8492   -0.7165    2.8016    0.9140
[1] 2800.0000    0.0007    0.9382    0.1001    1.8750    1.1558
[1] 2900.0000    0.0000    0.9057   -0.5771    2.4960    0.9581
[1] 3000.0000    0.0000    0.8454   -0.2240    2.1977    0.9669
[1] 3100.0000    0.0000    0.9787    0.5848    1.3967    0.9283
[1] 3200.0000    0.0000    0.9190   -0.0579    2.0168    0.9575
[1] 3300.0000    0.0000    0.9312    0.3608    1.6100    0.9302
[1] 3400.0000    0.2503    0.8983    1.2845    0.7795    1.1525
[1] 3500.0000    0.0000    0.9035    0.2299    1.7646    0.9507
[1] 3600.0000    0.0000    0.9625   -0.4670    2.4345    0.8525
[1] 3700.0000    0.6617    0.9624    0.5671    1.3574    0.8094
[1] 3800.0000    0.0000    0.9791    1.2805    0.6456    1.0179
[1] 3900.0000    0.0000    0.8349    0.5466    1.4480    1.1538
[1] 4000.0000    0.0000    0.9782   -0.5106    2.5253    1.1817
[1] 4100.0000    0.0000    0.8388   -1.2667    3.2970    0.8864
[1] 4200.0000    0.0000    0.9756   -1.1924    3.1152    0.9752
[1] 4300.0000    0.2633    0.8741   -1.5005    3.4772    1.1249
[1] 4400.0000    0.0000    0.8310   -0.1431    2.0714    1.1572
[1] 4500.0000    0.1976    0.8404   -0.0508    2.0388    1.1577
[1] 4600.0000    0.0000    0.9525    0.4310    1.5941    1.1110
[1] 4700.0000    0.0000    0.8528   -0.7771    2.7089    0.8411
[1] 4800.0000    0.0000    0.8660   -1.1987    3.1593    1.0939
[1] 4900.0000    0.0000    0.9924   -0.9382    2.9582    1.1836
[1] 5000.0000    0.0000    0.9762   -1.6031    3.5135    0.8665
[1] 5100.0000    0.0000    0.9679   -1.2822    3.1311    1.1951
[1] 5200.0000    0.0000    0.8051   -0.0851    2.0605    0.8965
[1] 5300.0000    0.0000    0.8845    0.6310    1.3320    1.0022
[1] 5400.0000    0.0000    0.8536    0.3883    1.5940    0.9337
[1] 5500.0000    0.0000    0.8913    0.4550    1.4534    1.1131
[1] 5600.0000    0.0000    0.9742    0.0237    1.9655    0.9313
[1] 5700.0000    0.0000    0.9445    0.1301    1.8919    1.0237
[1] 5800.0000    0.0000    0.8612   -0.9132    2.9617    1.0327
[1] 5900.0000    0.0000    0.9311   -0.8577    2.8147    0.8983
[1] 6000.0000    0.0000    0.8887    1.0142    0.8603    0.8335
[1] 6100.0000    0.0000    0.9572   -0.6487    2.5348    0.9060
[1] 6200.0000    0.0000    0.9400    0.4568    1.4533    0.8404
[1] 6300.0000    0.0000    0.9569    0.4112    1.6977    0.8080
[1] 6400.0000    0.0000    0.9599    0.0312    2.0007    0.9947
[1] 6500.0000    0.0036    0.9084    0.5915    1.4814    1.0918
[1] 6600.0000    0.0000    0.8710   -0.1389    1.9979    0.9001
[1] 6700.0000    0.0000    0.8126   -1.1947    3.2328    1.1740
[1] 6800.0000    0.0962    0.8642    0.6141    1.3830    1.0905
[1] 6900.0000    0.0000    0.8857   -0.5321    2.5785    0.9847
[1] 7000.0000    0.0000    0.8521    0.1376    1.8628    1.0680
[1] 7100.0000    0.0000    0.9857    0.5349    1.4335    1.0571
[1] 7200.0000    0.0000    0.9439    0.1103    1.9025    1.1769
[1] 7300.0000    0.0000    0.9725    0.2645    1.6938    0.8784
[1] 7400.0000    0.0000    0.8045   -0.6579    2.5672    0.8734
[1] 7500.0000    0.0000    0.8918   -1.8814    3.7936    1.0101
[1] 7600.0000    0.0000    0.9493   -1.2099    3.1179    0.9281
[1] 7700.0000    0.0000    0.9030   -2.1387    4.1356    1.1500
[1] 7800.0000    0.0000    0.8350   -0.8367    2.8864    1.1361
[1] 7900.0000    0.0000    0.9168    0.2117    1.7216    1.1281
[1] 8000.0000    0.0000    0.9309    0.4626    1.4072    1.0835
[1] 8100.0000    0.0000    0.8483   -0.3060    2.2088    0.8203
[1] 8200.0000    0.0000    0.9110   -0.3420    2.2890    0.9989
[1] 8300.0000    0.0000    0.8222   -0.0784    2.0347    0.8438
[1] 8400.0000    0.0000    0.9658    0.6373    1.2893    0.9286
[1] 8500.0000    0.0000    0.8325   -0.1465    2.2025    1.0750
[1] 8600.0000    0.0000    0.8576   -0.8433    2.8022    1.0835
[1] 8700.0000    0.0000    0.8940   -1.1862    3.1034    1.0236
[1] 8800.0000    0.0000    0.8335    0.6067    1.3992    0.9256
[1] 8900.0000    0.0000    0.8674    0.4161    1.6117    1.0474
[1] 9000.0000    0.0000    0.8301    1.1497    0.8078    1.1387
[1] 9100.0000    0.0000    0.8755    0.8613    1.0890    0.8812
[1] 9200.0000    0.0000    0.8129    0.2068    1.7676    1.1264
[1] 9300.0000    0.0000    0.9270    0.1359    1.8976    1.1117
[1] 9400.0000    0.0000    0.8413    0.9570    0.9879    1.0761
[1] 9500.0000    0.0000    0.8817   -0.2458    2.1284    1.0875
[1] 9600.0000    0.0000    0.8149   -0.1056    2.0783    0.9056
[1] 9700.0000    0.0000    0.9657    0.8966    1.0878    0.9166
[1] 9800.0000    0.0000    0.8170    0.4878    1.4272    0.9712
[1] 9900.0000    0.0000    0.8766    1.8378    0.1434    0.8125
[1] 10000.0000     0.5670     0.9984    -1.0315     2.9606     0.9987
[1] 10100.0000     0.0000     0.9832    -0.6175     2.6072     0.9199
[1] 10200.0000     0.0000     0.8458     0.0509     1.8735     1.1044
[1] 1.030e+04 3.597e-01 9.549e-01 6.046e-01 1.368e+00 8.021e-01
[1] 10400.0000     0.0000     0.9109    -0.4137     2.3675     0.9653
[1] 10500.0000     0.0000     0.9035     0.5253     1.3926     0.9966
[1] 10600.0000     0.0000     0.8442     0.3746     1.6786     0.9495
[1] 10700.0000     0.0000     0.8398     0.5025     1.5208     1.0590
[1] 10800.0000     0.0169     0.8310     0.3312     1.6013     0.9940
[1] 10900.0000     0.0000     0.9660     0.3465     1.6557     1.1970
[1] 11000.0000     0.0543     0.8555     0.1187     1.8403     1.1761
[1] 11100.0000     0.0000     0.8902     0.2804     1.7328     0.9114
[1] 11200.0000     0.3253     0.8258     0.2990     1.6888     1.0628
[1] 11300.0000     0.0000     0.8936    -0.3093     2.3005     1.0961
[1] 11400.0000     0.0000     0.9548     0.3317     1.6973     1.0047
[1] 11500.0000     0.0000     0.8034     0.5683     1.3854     0.8501
[1] 11600.0000     0.0000     0.9104    -0.9805     2.9652     0.8269
[1] 11700.0000     0.0000     0.9616     0.3098     1.7117     1.1733
[1] 11800.0000     0.0000     0.8027    -0.8851     2.8717     0.8530
[1] 11900.0000     0.0000     0.8460    -1.1350     3.1081     0.8150
[1] 12000.0000     0.0000     0.8056     0.3458     1.6957     1.1142
[1] 12100.0000     0.0000     0.8005    -0.7389     2.6591     0.8375
[1] 12200.0000     0.0970     0.9853    -0.0179     2.0301     1.1443
[1] 12300.0000     0.0000     0.8010    -0.0005     2.0042     0.8810
[1] 12400.0000     0.1569     0.8019    -1.1904     3.2110     1.1971
[1] 12500.0000     0.0000     0.8059    -0.1551     2.1415     1.1427
[1] 12600.0000     0.0000     0.8126    -0.3036     2.4028     1.1805
[1] 12700.0000     0.0000     0.8779    -0.5593     2.4609     0.8170
[1] 12800.0000     0.0000     0.9902    -1.0989     2.9853     0.9345
[1] 12900.0000     0.0078     0.9204    -0.1986     2.2078     0.8219
[1] 13000.0000     0.0000     0.9313     0.0305     1.9154     1.1678
[1] 13100.0000     0.0000     0.9404     1.5438     0.4376     0.9822
[1] 13200.0000     0.0000     0.8843     0.3527     1.6497     0.9997
[1] 13300.0000     0.0000     0.9057    -0.5543     2.4770     0.9177
[1] 13400.0000     0.0000     0.9882     0.0519     1.9034     1.1072
[1] 13500.0000     0.0000     0.8358    -0.1317     2.1574     1.1234
[1] 13600.0000     0.0000     0.8917     0.6261     1.3147     1.0301
[1] 13700.0000     0.0000     0.8421     0.1389     1.8587     0.9544
[1] 13800.0000     0.0000     0.8787    -0.7226     2.7039     1.0611
[1] 13900.0000     0.0000     0.8573     0.1446     1.8228     0.8372
[1] 14000.0000     0.0000     0.9588     0.3789     1.5176     0.9662
[1] 14100.0000     0.0000     0.8411     0.4953     1.3908     1.1804
[1] 14200.0000     0.0000     0.8479     0.1462     1.7752     0.8739
[1] 14300.0000     0.0000     0.9227    -0.6139     2.5557     1.0001
[1] 14400.0000     0.0031     0.8623     0.4686     1.4709     0.8985
[1] 14500.0000     1.0000     0.9833    -0.1013     2.0627     1.1771
[1] 14600.0000     0.0000     0.8177     0.1005     1.8167     1.0920
[1] 14700.0000     0.0000     0.8974     0.1121     1.7563     1.0871
[1] 14800.0000     0.0000     0.9996     1.5630     0.3912     1.1359
[1] 14900.0000     0.0077     0.9582    -0.3085     2.2775     1.0321
[1] 15000.0000     0.0001     0.9447    -0.0532     1.9610     0.8911
[1] 15100.0000     0.1694     0.9118     0.1714     1.7835     0.9692
[1] 15200.0000     0.0000     0.8734     0.4921     1.4415     0.8767
[1] 15300.0000     0.2113     0.8059     0.5178     1.4958     0.9091
[1] 15400.0000     0.0017     0.8397    -0.7561     2.7659     1.1015
[1] 15500.0000     0.0000     0.8727    -1.3986     3.3738     1.1104
[1] 15600.0000     0.0000     0.8878    -0.9581     2.9166     0.8550
[1] 15700.0000     0.0000     0.8475    -0.1150     2.0424     0.9690
[1] 1.580e+04 0.000e+00 9.108e-01 2.010e-02 1.933e+00 9.068e-01
[1] 15900.0000     0.0000     0.8876     0.0468     1.8758     0.9067
[1] 16000.0000     0.0000     0.8124    -0.5159     2.4612     1.1160
[1] 16100.0000     0.0000     0.9566     1.1633     0.8727     1.0234
[1] 1.620e+04 0.000e+00 9.466e-01 8.826e-01 9.933e-01 9.477e-01
[1] 16300.0000     0.0000     0.9158     0.1698     1.8295     0.9491
[1] 16400.0000     0.0000     0.8807     0.0893     1.8979     0.8691
[1] 16500.0000     0.5859     0.9646    -0.1672     2.0741     1.1820
[1] 16600.0000     0.0000     0.8294    -1.1046     3.1129     0.8835
[1] 16700.0000     0.0000     0.9635     0.7832     1.0889     0.8336
[1] 1.680e+04 0.000e+00 9.358e-01 1.072e-01 1.877e+00 9.778e-01
[1] 16900.0000     0.0000     0.9326     0.6161     1.3059     1.0891
[1] 17000.0000     0.0000     0.9790    -0.1299     2.1326     0.8822
[1] 17100.0000     0.0000     0.9305     1.0628     0.9730     0.9283
[1] 1.720e+04 0.000e+00 9.497e-01 9.318e-01 9.877e-01 8.252e-01
[1] 17300.0000     1.0000     0.8396     1.2138     0.7609     1.0131
[1] 17400.0000     0.0000     0.8593     0.4869     1.5442     1.1450
[1] 17500.0000     0.0000     0.9677     0.0629     1.9292     1.1479
[1] 17600.0000     0.0000     0.8698     0.1455     1.8501     0.8781
[1] 17700.0000     0.0000     0.8794     0.4159     1.5949     0.9707
[1] 17800.0000     0.0000     0.9383    -0.7714     2.8709     1.0084
[1] 17900.0000     0.0000     0.9083     0.3170     1.6711     0.9495
[1] 18000.0000     1.0000     0.9109     0.2671     1.7256     0.8712
[1] 18100.0000     0.0000     0.8078    -0.2662     2.2818     0.9064
[1] 18200.0000     0.0001     0.9199     0.7240     1.2172     1.1845
[1] 18300.0000     0.0000     0.9012     0.3299     1.6734     1.0710
[1] 18400.0000     0.0000     0.9529     0.4681     1.5289     0.8173
[1] 18500.0000     0.0000     0.8045     0.4347     1.5496     1.0038
[1] 18600.0000     0.0000     0.8420     0.5409     1.4772     0.8224
[1] 18700.0000     0.0000     0.8080    -0.6126     2.6111     0.9308
[1] 1.880e+04 0.000e+00 8.537e-01 7.500e-03 1.973e+00 9.005e-01
[1] 18900.0000     0.0000     0.9024    -0.7044     2.6324     1.0613
[1] 19000.0000     0.0000     0.8770    -0.0143     2.0436     1.0394
[1] 19100.0000     0.0000     0.8878    -0.0524     1.8891     1.0323
[1] 19200.0000     0.0000     0.8001     0.4935     1.4515     0.9641
[1] 19300.0000     0.0000     0.8035     0.2615     1.6869     1.0886
[1] 19400.0000     0.0000     0.8500    -0.3433     2.3225     0.9313
[1] 19500.0000     0.0000     0.9654     0.2021     1.7922     0.9669
[1] 19600.0000     0.4279     0.8529    -0.7233     2.6658     0.8752
[1] 19700.0000     0.0000     0.8982    -0.3759     2.2393     1.1826
[1] 19800.0000     0.0000     0.9408     0.3125     1.7034     0.9927
[1] 19900.0000     0.0000     0.9981    -0.4839     2.4754     1.0280
[1] 20000.0000     0.0000     0.8708    -0.8953     2.8506     1.0213
[1] 20100.0000     0.0000     0.9080     0.8946     1.1352     1.0402
[1] 20200.0000     1.0000     0.9840     0.4968     1.4971     1.1380
[1] 20300.0000     0.0000     0.8028     0.1632     1.8951     0.9708
[1] 20400.0000     0.0060     0.9072     0.2100     1.7619     0.9991
[1] 20500.0000     0.0000     0.8964     0.0640     1.8925     1.1285
[1] 2.060e+04 1.145e-01 8.137e-01 1.792e-01 1.829e+00 9.497e-01
[1] 20700.0000     0.9752     0.8107     0.0402     1.9606     1.0874
[1] 20800.0000     0.0000     0.9606    -0.3354     2.3396     1.0886
[1] 20900.0000     0.0003     0.9198     0.3966     1.5602     1.1653
[1] 21000.0000     0.0000     0.9912     0.9383     1.0175     1.0875
[1] 21100.0000     0.0000     0.9732     0.2781     1.7834     0.8253
[1] 21200.0000     0.0421     0.8263     0.4134     1.5705     1.1324
[1] 21300.0000     0.0000     0.9596    -0.4499     2.3518     1.0815
[1] 21400.0000     0.0001     0.9719     0.1986     1.7691     0.9071
[1] 21500.0000     0.0000     0.9375    -0.2573     2.1267     1.0777
[1] 21600.0000     0.0000     0.8010    -0.6084     2.5504     1.1966
[1] 21700.0000     0.0000     0.8258    -1.0831     3.0515     1.1265
[1] 21800.0000     0.0000     0.8709    -0.5532     2.5479     1.0601
[1] 21900.0000     0.0000     0.9408     0.6525     1.2226     0.9421
[1] 22000.0000     0.0000     0.8850    -0.0240     1.9910     0.9555
[1] 22100.0000     0.0000     0.9825    -0.5485     2.5069     1.1195
[1] 22200.0000     0.0000     0.9349    -0.4156     2.3143     0.9881
[1] 22300.0000     0.0001     0.8584    -0.1787     2.1508     0.9367
[1] 22400.0000     0.0000     0.9494     0.5850     1.3538     0.9207
[1] 22500.0000     0.0003     0.9610     1.1764     0.8026     0.9963
[1] 22600.0000     0.0000     0.8858    -0.2427     2.3198     0.9064
[1] 22700.0000     0.0000     0.8271     0.2359     1.6279     1.1968
[1] 22800.0000     0.0000     0.9630    -0.0761     2.1156     0.9437
[1] 22900.0000     0.0000     0.9207     1.0339     0.8631     0.8362
[1] 2.300e+04 0.000e+00 9.491e-01 8.151e-01 1.112e+00 8.538e-01
[1] 23100.0000     0.0000     0.8611    -0.0171     1.9582     1.0907
[1] 23200.0000     0.0000     0.9741    -0.2129     2.2380     1.1699
[1] 23300.0000     0.0450     0.8966     0.1678     1.7581     1.0199
[1] 23400.0000     0.0000     0.9703     0.1025     1.8665     0.9326
[1] 23500.0000     0.0000     0.9561    -0.1101     2.1156     1.0572
[1] 23600.0000     0.0000     0.8360    -0.2765     2.2720     0.8406
[1] 23700.0000     0.0000     0.8580     0.6618     1.3483     0.8494
[1] 2.380e+04 0.000e+00 9.509e-01 8.738e-01 9.728e-01 9.516e-01
[1] 23900.0000     0.0000     0.8157     0.3155     1.6189     0.8034
[1] 24000.0000     0.0000     0.9653    -0.1086     2.0137     0.9324
[1] 24100.0000     0.0000     0.8643    -1.9194     3.8675     0.9462
[1] 24200.0000     0.0000     0.8399    -0.0611     1.9079     1.0287
[1] 2.430e+04 0.000e+00 8.894e-01 2.340e-02 1.875e+00 9.198e-01
[1] 24400.0000     0.0823     0.8950     0.2416     1.7674     0.9027
[1] 24500.0000     0.0000     0.9407     0.6410     1.2288     1.0416
[1] 24600.0000     0.0000     0.9062     0.4757     1.5178     0.8877
[1] 24700.0000     0.0000     0.9025    -0.4138     2.3895     0.8040
[1] 24800.0000     0.0000     0.8109     0.5449     1.4902     1.1899
[1] 24900.0000     0.0000     0.9495    -0.4864     2.3803     0.8626
[1] 25000.0000     0.0000     0.9628     0.1396     1.8201     0.9362
[1] 25100.0000     0.0000     0.9605     0.5709     1.3411     1.0743
[1] 25200.0000     0.0000     0.9435     0.0149     1.9572     1.0372
[1] 25300.0000     0.6716     0.8151    -0.2032     2.0952     1.0748
[1] 25400.0000     1.0000     0.8988    -0.3792     2.3291     1.0888
[1] 25500.0000     0.0000     0.8147     0.3664     1.5728     1.1844
[1] 25600.0000     0.0000     0.8978    -0.1548     2.1115     1.1142
[1] 25700.0000     0.0000     0.8060     0.7069     1.3022     0.8422
[1] 25800.0000     0.0000     0.8043     0.2298     1.7952     0.8730
[1] 25900.0000     0.5993     0.8632     0.1566     1.7354     1.1254
[1] 26000.0000     0.2648     0.9492    -0.5372     2.6113     1.0058
[1] 26100.0000     0.0000     0.9196     0.0227     1.8351     1.1722
[1] 26200.0000     0.0000     0.9768    -0.0652     1.9686     0.9801
[1] 26300.0000     0.0000     0.8530    -0.2757     2.2817     1.0678
[1] 26400.0000     0.0000     0.8767     0.6022     1.3967     0.8041
[1] 26500.0000     0.0125     0.8611     0.0733     1.8965     1.1675
[1] 26600.0000     0.0000     0.9293    -0.9473     3.0687     0.8497
[1] 26700.0000     0.0001     0.9890     0.0723     1.8075     0.9390
[1] 26800.0000     0.0000     0.8544    -0.9432     2.9482     0.9528
[1] 26900.0000     0.0000     0.9586     0.3860     1.5141     1.0279
[1] 27000.0000     0.0000     0.8102     0.4208     1.5107     1.1325
[1] 27100.0000     0.8109     0.9280    -0.2742     2.2868     1.0348
[1] 2.720e+04 0.000e+00 8.802e-01 1.129e-01 1.850e+00 8.416e-01
[1] 27300.0000     0.0000     0.8270    -0.7448     2.7249     1.1347
[1] 27400.0000     0.0000     0.9843     0.1979     1.7946     1.1629
[1] 27500.0000     0.0000     0.8301     0.5855     1.3634     0.9239
[1] 2.760e+04 0.000e+00 8.732e-01 1.637e+00 4.009e-01 9.172e-01
[1] 27700.0000     0.0000     0.8317     1.0542     0.9002     1.1846
[1] 2.780e+04 0.000e+00 8.338e-01 9.698e-01 9.949e-01 9.440e-01
[1] 2.790e+04 1.000e+00 8.904e-01 2.829e-01 1.672e+00 9.276e-01
[1] 28000.0000     0.0000     0.8025    -0.3701     2.3369     0.9240
[1] 28100.0000     0.0000     0.9262     1.0115     1.0136     1.0710
[1] 28200.0000     0.0000     0.9683     0.4790     1.4826     0.8917
[1] 28300.0000     0.0000     0.9886    -0.0567     2.0040     1.1843
[1] 28400.0000     1.0000     0.9594    -0.5459     2.4452     0.8105
[1] 28500.0000     0.0000     0.8824     0.6163     1.3236     0.8003
[1] 28600.0000     0.0000     0.9775    -0.1020     2.0129     0.9079
[1] 28700.0000     0.0000     0.9675    -0.4291     2.3875     1.1579
[1] 28800.0000     0.0000     0.8104    -0.0644     2.0608     1.1940
[1] 28900.0000     0.0000     0.9137     0.3669     1.7265     0.8478
[1] 29000.0000     0.0000     0.9277    -0.6088     2.5597     1.1735
[1] 29100.0000     0.0000     0.8872    -0.8832     2.9059     1.0232
[1] 29200.0000     0.0694     0.9367     0.5620     1.3943     1.1465
[1] 29300.0000     0.0001     0.9749     0.3921     1.5127     0.9782
[1] 29400.0000     0.0000     0.9394     0.8662     1.0188     1.1754
[1] 29500.0000     0.0000     0.8094    -0.8279     2.7623     0.8253
[1] 29600.0000     0.0000     0.8335     0.3041     1.6428     1.1940
[1] 29700.0000     0.0000     0.9991    -0.1290     2.0595     0.9357
[1] 29800.0000     0.0000     0.8030    -1.2382     3.2696     0.9421
[1] 29900.0000     0.8692     0.9798    -0.4773     2.4879     1.0014
[1] 30000.0000     0.0000     0.9561     1.0467     0.8582     1.0811
[1] 0.06339746
Time difference of 3.987947 hours
null device 
          1 
