[1] "El numero de nodos X particion es: 10"
[1] "Model = M1 / Data = sim_data/datasetSVIMatern29.Rdata"
[1] 100.0000   1.0000   0.8291   0.0613   1.9146   0.9331
[1] 200.0000   0.3110   0.8487  -0.0439   1.9852   0.8384
[1] 300.0000   1.0000   0.8776  -0.0236   1.9638   1.0665
[1] 400.0000   0.0019   0.9217  -0.0035   2.1028   0.9692
[1] 500.0000   0.0006   0.8380   0.0063   1.9411   0.8203
[1] 600.0000   1.0000   0.9748   0.1685   1.7638   1.0386
[1] 700.0000   0.0988   0.8009   0.4173   1.5461   0.8720
[1] 800.0000   0.0002   0.8728  -0.0081   1.9405   0.9084
[1] 900.0000   0.0000   0.9344  -0.3177   2.1959   1.0036
[1] 1000.0000    0.0000    0.8568    0.0190    1.9173    0.8983
[1] 1100.0000    0.0000    0.9319    0.7357    1.1327    0.8930
[1] 1200.0000    1.0000    0.8603    0.5543    1.4473    0.9164
[1] 1300.0000    0.6642    0.8617   -0.1383    1.9886    1.0550
[1] 1400.0000    0.0000    0.8099   -0.6585    2.5824    1.1384
[1] 1500.0000    0.0002    0.9584    0.3221    1.6271    1.0940
[1] 1600.0000    0.0000    0.9098   -0.2567    2.2046    0.9715
[1] 1700.0000    0.0000    0.8745   -0.4227    2.2999    0.9148
[1] 1800.0000    0.0000    0.8314   -0.1887    2.1219    0.9945
[1] 1900.0000    0.0000    0.9875   -0.3829    2.3336    0.8532
[1] 2000.0000    0.0000    0.9400    0.0494    1.9114    1.1109
[1] 2100.0000    0.0000    0.8246    0.0608    1.8061    1.1071
[1] 2200.0000    0.0000    0.8668    0.1081    1.8886    1.0989
[1] 2300.0000    0.0002    0.9906    0.4776    1.3876    0.8768
[1] 2400.0000    0.0000    0.9355    0.0223    1.9370    1.1578
[1] 2500.0000    0.0628    0.9668    0.1820    1.6982    0.8029
[1] 2600.0000    0.0000    0.8617   -0.5335    2.4216    0.8044
[1] 2700.0000    0.0000    0.8492   -0.1752    2.1456    0.9140
[1] 2800.0000    0.0671    0.9386    0.3236    1.5871    0.8695
[1] 2900.0000    0.0006    0.9982   -0.4573    2.3214    0.9626
[1] 3000.0000    0.0000    0.8318   -0.1336    2.0689    1.1464
[1] 3100.0000    0.0000    0.9787    0.1271    1.8129    0.9283
[1] 3200.0000    0.0000    0.8205    0.5559    1.3498    0.8873
[1] 3300.0000    0.0000    0.9797   -0.1149    1.8535    1.0744
[1] 3400.0000    0.2482    0.8983    0.6283    1.3897    1.1525
[1] 3500.0000    0.0000    0.8568    0.2739    1.6168    1.0820
[1] 3600.0000    0.0000    0.8412   -0.0909    1.9972    0.8625
[1] 3700.0000    0.3717    0.8237    0.5734    1.4203    0.8398
[1] 3800.0000    0.0000    0.9791    0.5472    1.3846    1.0179
[1] 3900.0000    0.0000    0.8319   -0.2397    2.2227    0.8180
[1] 4000.0000    0.0253    0.9388   -0.0960    1.8361    0.8131
[1] 4100.0000    0.0000    0.8388   -0.3891    2.3405    0.8864
[1] 4200.0000    0.0000    0.9756   -0.4446    2.2859    0.9752
[1] 4300.0000    0.1513    0.9117   -0.1311    2.0042    0.8380
[1] 4400.0000    0.0000    0.9459    0.0014    1.9438    1.1887
[1] 4500.0000    0.8580    0.8410   -0.3031    2.2558    1.1520
[1] 4600.0000    0.0007    0.9581    0.2291    1.7558    0.8180
[1] 4700.0000    0.0000    0.8528   -0.1398    2.0491    0.8411
[1] 4800.0000    0.0000    0.8202   -0.3788    2.2996    1.0991
[1] 4900.0000    0.0000    0.8114   -0.8096    2.7723    0.8255
[1] 5000.0000    0.1415    0.8074   -0.4351    2.2905    1.0307
[1] 5100.0000    0.0000    0.9679   -0.1485    2.0384    1.1951
[1] 5200.0000    0.0000    0.8051    0.3722    1.5553    0.8965
[1] 5300.0000    0.0000    0.8845    0.3466    1.5696    1.0022
[1] 5400.0000    0.0000    0.8536   -0.0895    1.8598    0.9337
[1] 5500.0000    0.0000    0.8508    0.1404    1.7270    1.0471
[1] 5600.0000    0.0000    0.9328    0.0592    1.8918    1.1365
[1] 5700.0000    0.0000    0.8882    0.0979    1.8509    1.0651
[1] 5800.0000    0.0000    0.8612   -0.3471    2.2877    1.0327
[1] 5900.0000    0.0000    0.8278    0.4887    1.4222    1.0767
[1] 6000.0000    0.0000    0.8790    0.2929    1.7185    1.0590
[1] 6100.0000    0.0000    0.9025    0.1939    1.8941    0.9119
[1] 6200.0000    0.0006    0.9400    0.4138    1.4186    0.8404
[1] 6300.0000    0.0000    0.9569   -0.1013    2.0627    0.8080
[1] 6400.0000    0.0000    0.9885    0.2946    1.7093    0.8165
[1] 6500.0000    0.0014    0.9145   -0.5528    2.3808    0.8046
[1] 6600.0000    0.0000    0.8401   -0.0506    1.9087    1.0889
[1] 6700.0000    0.0000    0.8204    0.0144    1.9111    0.9264
[1] 6800.0000    0.0670    0.8794    0.1910    1.6537    0.9381
[1] 6900.0000    0.0000    0.9267   -0.2668    2.2612    1.0380
[1] 7000.0000    0.0000    0.8521    0.2281    1.7207    1.0680
[1] 7100.0000    0.0000    0.8694   -0.0100    1.9335    0.8792
[1] 7200.0000    0.0000    0.8247   -0.1616    2.1590    0.8913
[1] 7300.0000    0.0002    0.8356    0.7301    1.1357    1.1395
[1] 7400.0000    0.0000    0.8045   -0.1717    2.0755    0.8734
[1] 7500.0000    0.0000    0.9989   -0.5190    2.2975    1.1081
[1] 7600.0000    0.0000    0.9493   -0.4054    2.2710    0.9281
[1] 7700.0000    0.0000    0.8348   -0.7903    2.6675    1.0869
[1] 7800.0000    0.0018    0.9281    0.1807    1.8095    0.8883
[1] 7900.0000    0.0000    0.8037    0.0992    1.7691    1.1632
[1] 8000.0000    0.0000    0.9309   -0.0337    1.8721    1.0835
[1] 8100.0000    0.0000    0.9773    0.0887    1.9664    0.9160
[1] 8200.0000    0.0000    0.9207   -0.3868    2.4079    1.1282
[1] 8300.0000    0.1609    0.9009   -0.5441    2.4007    1.0589
[1] 8400.0000    0.0000    0.8421   -0.2412    2.0970    0.8322
[1] 8500.0000    0.0000    0.8325    0.0401    1.8957    1.0750
[1] 8600.0000    0.0530    0.9564   -1.0581    3.0088    0.9963
[1] 8700.0000    0.0000    0.8940   -0.3214    2.2818    1.0236
[1] 8800.0000    0.0000    0.8601    0.5572    1.3409    0.8170
[1] 8900.0000    0.0068    0.8674    0.3555    1.5344    1.0474
[1] 9000.0000    0.0000    0.8638    0.6407    1.2101    1.1683
[1] 9100.0000    0.0000    0.9806    0.0214    1.8299    1.0696
[1] 9200.0000    0.0000    0.8777   -0.3279    2.2779    1.1489
[1] 9300.0000    0.0000    0.8689    0.2846    1.6783    0.9976
[1] 9400.0000    0.0000    0.8351    0.7095    1.1960    0.8546
[1] 9500.0000    0.0000    0.8817   -0.2851    2.2045    1.0875
[1] 9600.0000    0.0011    0.8149   -0.0916    2.0494    0.9056
[1] 9700.0000    0.0000    0.9657    0.8204    1.0663    0.9166
[1] 9800.0000    0.0000    0.9462   -0.5381    2.4273    1.1275
[1] 9900.0000    0.0000    0.9876    0.9706    0.9530    0.9739
[1] 10000.0000     1.0000     0.8618    -0.4149     2.3655     0.8032
[1] 10100.0000     1.0000     0.9049    -0.1794     2.1878     1.0751
[1] 10200.0000     1.0000     0.9808    -0.2205     2.1439     0.8342
[1] 10300.0000     0.4589     0.9290     0.0064     1.9844     0.8292
[1] 10400.0000     0.0000     0.9109    -0.1790     2.1004     0.9653
[1] 10500.0000     0.0388     0.8159    -0.2312     1.9933     1.1284
[1] 10600.0000     0.0000     0.8442    -0.1199     2.0451     0.9495
[1] 10700.0000     0.0000     0.9346     0.4167     1.5691     1.0990
[1] 10800.0000     1.0000     0.8056     0.0841     1.8893     0.8503
[1] 10900.0000     0.0000     0.9660     0.4956     1.4456     1.1970
[1] 11000.0000     0.3919     0.8012     0.4071     1.6182     0.9407
[1] 11100.0000     0.0000     0.9587    -0.3281     2.2248     0.9308
[1] 11200.0000     0.1929     0.8258    -0.3450     2.1937     1.0628
[1] 11300.0000     0.0000     0.9481    -0.5831     2.4796     1.1448
[1] 11400.0000     0.0007     0.8271     0.2109     1.6628     1.1322
[1] 11500.0000     0.0000     0.8061     0.0609     1.9029     1.1646
[1] 11600.0000     0.1140     0.9382    -0.1929     1.9853     0.8033
[1] 11700.0000     1.0000     0.8766    -0.0623     2.0438     0.9110
[1] 11800.0000     0.0000     0.8027    -0.0466     1.8718     0.8530
[1] 11900.0000     0.0000     0.8460    -0.0179     1.9606     0.8150
[1] 12000.0000     0.0000     0.8056    -0.2359     2.1640     1.1142
[1] 12100.0000     0.0003     0.8005    -0.5458     2.3895     0.8375
[1] 12200.0000     0.9275     0.8496     0.5748     1.3899     0.8460
[1] 12300.0000     0.0029     0.8010     0.3392     1.5924     0.8810
[1] 12400.0000     1.0000     0.8046    -0.1223     2.0893     0.8797
[1] 12500.0000     0.0000     0.8593    -0.1043     2.1317     1.1828
[1] 12600.0000     0.0000     0.9359    -0.3504     2.3517     1.1279
[1] 12700.0000     0.0142     0.9614    -0.3655     2.1976     0.8958
[1] 12800.0000     0.0000     0.9108    -0.6671     2.6668     1.0765
[1] 12900.0000     1.0000     0.8565     0.0931     1.7843     0.9935
[1] 13000.0000     0.0000     0.8069    -0.0508     1.9617     1.0997
[1] 13100.0000     0.0000     0.9339     0.5056     1.3972     1.1193
[1] 13200.0000     0.0004     0.8843    -0.0477     2.0385     0.9997
[1] 13300.0000     0.0000     0.8062    -0.8118     2.8157     1.1333
[1] 13400.0000     0.0000     0.9676     0.1453     1.7895     1.1418
[1] 13500.0000     0.0000     0.8466    -0.5789     2.4892     0.8143
[1] 13600.0000     0.0000     0.8917     0.5373     1.4697     1.0301
[1] 13700.0000     0.0000     0.8708    -0.0202     1.9541     1.0127
[1] 13800.0000     0.0000     0.8787    -0.5049     2.4511     1.0611
[1] 13900.0000     0.0000     0.8495     0.0285     1.8500     1.0802
[1] 14000.0000     0.0000     0.9588     0.1996     1.7182     0.9662
[1] 14100.0000     0.0000     0.8801    -0.0589     1.9529     1.1966
[1] 14200.0000     0.0000     0.8479    -0.0768     1.9586     0.8739
[1] 14300.0000     0.0000     0.9983    -0.5592     2.3326     0.8117
[1] 14400.0000     0.1462     0.8623    -0.2803     2.1847     0.8985
[1] 14500.0000     0.0346     0.8647     0.5204     1.4090     1.0877
[1] 14600.0000     0.0001     0.8912     0.0777     1.8297     0.8958
[1] 14700.0000     0.0000     0.8974    -0.1277     1.9874     1.0871
[1] 14800.0000     0.0000     0.8106    -0.2046     2.0660     1.0978
[1] 14900.0000     0.0729     0.8051     0.0671     1.9001     1.0614
[1] 15000.0000     0.0641     0.8279     0.0631     1.8887     1.0826
[1] 15100.0000     0.1759     0.8384    -0.0747     2.0797     0.8510
[1] 15200.0000     0.0000     0.8734     0.3713     1.6144     0.8767
[1] 1.530e+04 7.259e-01 8.059e-01 3.523e-01 1.590e+00 9.091e-01
[1] 15400.0000     1.0000     0.9829    -0.5011     2.3897     1.0368
[1] 15500.0000     0.0000     0.8167    -0.6544     2.6255     0.8047
[1] 15600.0000     0.0000     0.8520    -0.6503     2.6114     1.1912
[1] 15700.0000     0.0000     0.8475    -0.2854     2.1899     0.9690
[1] 15800.0000     0.0552     0.8834    -0.0480     1.9175     0.9061
[1] 15900.0000     0.0000     0.9431    -0.0071     1.8748     0.8611
[1] 16000.0000     0.4316     0.9761    -0.0264     1.8623     1.0600
[1] 16100.0000     0.0000     0.8125     0.4134     1.5487     0.8885
[1] 16200.0000     0.0000     0.9466     0.4018     1.5137     0.9477
[1] 16300.0000     0.0000     0.8942    -0.2294     2.0456     0.8538
[1] 16400.0000     0.0000     0.8699     0.1476     1.7448     0.9170
[1] 16500.0000     1.0000     0.9407     0.4128     1.5064     0.9877
[1] 16600.0000     0.0043     0.8568     0.0706     1.9245     1.0645
[1] 16700.0000     0.0000     0.9287     0.1651     1.7007     0.9633
[1] 16800.0000     0.0008     0.8165    -0.1031     2.1208     1.0376
[1] 16900.0000     0.0000     0.8583    -0.0673     1.9307     0.9158
[1] 17000.0000     0.0000     0.9790    -0.4265     2.2688     0.8822
[1] 17100.0000     0.0683     0.9305     0.3015     1.5816     0.9283
[1] 1.720e+04 3.050e-02 9.497e-01 1.232e-01 1.818e+00 8.252e-01
[1] 17300.0000     1.0000     0.8396    -0.1339     2.1217     1.0131
[1] 17400.0000     0.0000     0.8593    -0.1302     2.1277     1.1450
[1] 17500.0000     0.0000     0.8131     0.3105     1.6097     0.9127
[1] 17600.0000     0.0000     0.8242     0.3630     1.4905     0.9225
[1] 17700.0000     0.0000     0.8794     0.2104     1.7193     0.9707
[1] 17800.0000     0.2909     0.9571    -0.2097     2.1304     0.9258
[1] 17900.0000     0.0003     0.9083     0.3221     1.6239     0.9495
[1] 18000.0000     0.3221     0.9109    -0.1751     2.1998     0.8712
[1] 18100.0000     0.0000     0.9461    -0.1288     2.0513     0.9222
[1] 18200.0000     0.0729     0.8728     0.7377     1.1525     0.9452
[1] 18300.0000     0.0000     0.8120    -0.1385     2.0881     1.0717
[1] 18400.0000     0.0000     0.8109    -0.1239     2.0827     1.0647
[1] 18500.0000     0.0000     0.8451     0.1813     1.7765     0.9054
[1] 18600.0000     0.0000     0.8656    -0.4693     2.4012     0.8624
[1] 18700.0000     0.0000     0.8176    -0.5141     2.3422     1.1379
[1] 18800.0000     0.0000     0.9759    -0.4678     2.3189     0.8636
[1] 18900.0000     0.0000     0.9024    -0.4007     2.2726     1.0613
[1] 19000.0000     0.0025     0.8366    -0.1253     2.0869     0.8015
[1] 19100.0000     0.0000     0.8142     0.0113     1.8339     1.0716
[1] 19200.0000     0.0000     0.8001     0.5581     1.3846     0.9641
[1] 19300.0000     0.0000     0.8411     0.0924     1.8226     0.9272
[1] 19400.0000     0.0000     0.8040     0.0569     1.9935     1.1551
[1] 19500.0000     0.0000     0.8527    -0.1225     2.0520     1.1208
[1] 19600.0000     0.3109     0.9162    -0.3688     2.2009     0.8038
[1] 19700.0000     0.0000     0.8143     0.4547     1.4493     0.8081
[1] 19800.0000     0.0000     0.8193     0.2946     1.6967     0.8589
[1] 19900.0000     0.0000     0.9981    -0.0923     2.0885     1.0280
[1] 20000.0000     0.0000     0.8708    -0.4477     2.3669     1.0213
[1] 20100.0000     0.0000     0.9794     0.2107     1.7170     1.1721
[1] 20200.0000     0.3265     0.8367    -0.1272     2.0209     0.9269
[1] 20300.0000     0.0000     0.8028    -0.3019     2.2109     0.9708
[1] 20400.0000     0.0539     0.9845    -0.3613     2.2218     1.1049
[1] 20500.0000     0.0000     0.8964     0.6363     1.2933     1.1285
[1] 20600.0000     0.8148     0.9169     0.0456     1.9260     1.1057
[1] 20700.0000     1.0000     0.8107    -0.3236     2.3008     1.0874
[1] 20800.0000     0.0000     0.9606    -0.4106     2.3350     1.0886
[1] 20900.0000     0.0746     0.9109    -0.2342     2.1094     0.9980
[1] 21000.0000     0.0000     0.9912     0.2833     1.6184     1.0875
[1] 21100.0000     0.0000     0.9732    -0.3539     2.3020     0.8253
[1] 21200.0000     0.2295     0.8263    -0.3866     2.3207     1.1324
[1] 21300.0000     0.0003     0.8782    -0.4121     2.2835     1.0748
[1] 21400.0000     0.0242     0.8276    -0.4420     2.2065     0.8233
[1] 21500.0000     0.0000     0.9375    -0.5487     2.4353     1.0777
[1] 21600.0000     0.0117     0.9806    -0.6410     2.5718     0.9443
[1] 21700.0000     0.0000     0.8449    -0.2744     2.1928     0.9351
[1] 21800.0000     0.0012     0.8218    -0.4241     2.4230     1.1739
[1] 21900.0000     0.0000     0.9408    -0.1129     1.9928     0.9421
[1] 22000.0000     0.0000     0.8850     0.4687     1.3932     0.9555
[1] 22100.0000     0.0000     0.8807    -0.5240     2.4056     1.0009
[1] 2.220e+04 0.000e+00 9.349e-01 1.958e-01 1.691e+00 9.881e-01
[1] 2.230e+04 2.255e-01 9.726e-01 2.457e-01 1.798e+00 8.521e-01
[1] 22400.0000     0.0001     0.8145    -0.4782     2.3531     0.8604
[1] 22500.0000     0.1868     0.8623     0.1539     1.8227     0.8008
[1] 22600.0000     0.0000     0.8858     0.3537     1.5777     0.9064
[1] 22700.0000     0.0000     0.8271    -0.0510     2.0191     1.1968
[1] 22800.0000     0.0023     0.9630    -0.0895     1.9914     0.9437
[1] 22900.0000     0.0000     0.9287     0.0802     1.7509     0.9003
[1] 23000.0000     0.0000     0.9652    -0.0556     1.9679     1.0264
[1] 23100.0000     0.0000     0.9231    -0.4782     2.3676     0.8179
[1] 23200.0000     0.0003     0.9586    -0.1263     1.9917     1.0581
[1] 23300.0000     1.0000     0.9627     0.5360     1.4215     0.8504
[1] 23400.0000     0.0006     0.8223    -0.2018     2.1662     1.0249
[1] 23500.0000     0.0000     0.8934    -0.8278     2.6844     1.1391
[1] 23600.0000     0.0000     0.8176    -0.0002     1.8919     0.8266
[1] 23700.0000     0.0000     0.8580     0.2360     1.6658     0.8494
[1] 23800.0000     0.0000     0.9509    -0.2020     2.0574     0.9516
[1] 23900.0000     0.0127     0.8157     0.1828     1.7478     0.8034
[1] 24000.0000     0.0000     0.9801    -0.1075     1.9686     1.1551
[1] 24100.0000     0.0000     0.8747    -0.7901     2.6752     1.0767
[1] 24200.0000     0.0000     0.8562     0.2750     1.5665     0.9310
[1] 24300.0000     0.0000     0.8822    -0.3615     2.3405     1.1634
[1] 24400.0000     0.3077     0.8950     0.1906     1.7434     0.9027
[1] 24500.0000     0.0000     0.9407     0.6937     1.1716     1.0416
[1] 24600.0000     0.0000     0.9062    -0.0527     1.9889     0.8877
[1] 24700.0000     0.0077     0.9025    -0.2777     2.1526     0.8040
[1] 24800.0000     0.1142     0.8109     0.1864     1.6785     1.1899
[1] 24900.0000     0.1782     0.9802    -0.5158     2.4867     0.9496
[1] 25000.0000     0.0612     0.8801    -0.0666     1.8527     0.8235
[1] 25100.0000     0.0209     0.9102     0.6329     1.3301     0.9221
[1] 25200.0000     0.0000     0.9507    -0.2740     2.1088     0.9719
[1] 25300.0000     0.9100     0.8151    -0.1982     2.0556     1.0748
[1] 25400.0000     1.0000     0.8988    -0.2558     2.1896     1.0888
[1] 25500.0000     0.0000     0.8303    -0.1198     2.0637     1.1248
[1] 25600.0000     0.0000     0.8112     0.1086     1.8324     0.8916
[1] 25700.0000     0.0000     0.8060     0.4980     1.4168     0.8422
[1] 25800.0000     0.0000     0.8043     0.0840     1.8233     0.8730
[1] 25900.0000     1.0000     0.8632    -0.0357     1.9826     1.1254
[1] 26000.0000     1.0000     0.9492    -0.1644     2.1269     1.0058
[1] 26100.0000     0.0000     0.9196    -0.1644     2.0011     1.1722
[1] 26200.0000     0.0027     0.9529    -0.5122     2.4276     1.0017
[1] 26300.0000     0.0000     0.8989    -0.1879     2.0285     0.9807
[1] 26400.0000     0.0000     0.8767     0.0795     1.7549     0.8041
[1] 26500.0000     0.0993     0.8136    -0.1408     2.1175     0.8843
[1] 26600.0000     0.0000     0.9293     0.0187     1.9642     0.8497
[1] 26700.0000     0.5581     0.8892    -0.0687     2.1032     0.9428
[1] 26800.0000     0.0000     0.8173    -0.7701     2.5947     0.9752
[1] 26900.0000     0.0000     0.9586     0.1087     1.8534     1.0279
[1] 27000.0000     0.0000     0.8280    -0.1770     2.0845     0.9596
[1] 27100.0000     0.2766     0.8752    -0.1282     2.0774     0.8424
[1] 27200.0000     0.6632     0.8628     0.0319     1.9894     1.0265
[1] 27300.0000     0.0000     0.9754    -0.2364     2.1763     0.9688
[1] 27400.0000     0.0000     0.9269     0.0419     1.9077     1.0000
[1] 27500.0000     0.0000     0.9661     0.4782     1.4361     1.0391
[1] 27600.0000     0.0000     0.8732     0.3799     1.5973     0.9172
[1] 27700.0000     0.0000     0.8317     0.0713     1.8432     1.1846
[1] 27800.0000     0.0000     0.8358     0.1449     1.8594     1.1051
[1] 27900.0000     0.8961     0.8904    -0.0110     1.9666     0.9276
[1] 28000.0000     0.0000     0.8025    -0.3553     2.2540     0.9240
[1] 28100.0000     0.0000     0.9306    -0.3466     2.3471     0.8823
[1] 28200.0000     0.0000     0.9693     0.1464     1.8496     0.8876
[1] 28300.0000     0.0000     0.8845    -0.1118     2.0550     0.9758
[1] 28400.0000     0.4704     0.9594     0.0382     1.9818     0.8105
[1] 28500.0000     0.0000     0.8469     0.1055     1.7524     0.8971
[1] 28600.0000     0.0014     0.9775     0.0771     1.7004     0.9079
[1] 28700.0000     0.0000     0.8546    -0.3281     2.2849     0.9787
[1] 28800.0000     0.0067     0.8104    -0.0721     2.0320     1.1940
[1] 28900.0000     0.0000     0.9040    -0.1342     1.9657     0.8375
[1] 29000.0000     0.0000     0.9541     0.3483     1.5853     0.8200
[1] 29100.0000     0.0000     0.9089    -0.1531     2.0909     0.8717
[1] 29200.0000     0.0499     0.9367     0.3605     1.4833     1.1465
[1] 29300.0000     1.0000     0.9064     0.3471     1.5221     1.0368
[1] 29400.0000     0.0017     0.8948     0.5248     1.3769     0.8239
[1] 29500.0000     0.0000     0.8510    -0.4537     2.4249     0.8942
[1] 29600.0000     0.0045     0.8035     0.2816     1.5783     1.0772
[1] 29700.0000     0.0000     0.8240     0.3197     1.6527     1.1041
[1] 29800.0000     0.0000     0.8503     0.2698     1.6033     0.9822
[1] 29900.0000     0.5867     0.9798     0.2523     1.7240     1.0014
[1] 30000.0000     0.0178     0.8841     0.8333     1.0982     1.0036
[1] 0.1318347
Time difference of 4.511147 hours
null device 
          1 
