[1] "El numero de nodos X particion es: 10"
[1] "Model = M2 / Data = sim_data/datasetSVIMatern13.Rdata"
[1] 100.0000   1.0000   0.8291   0.1559   1.8935   0.9331
[1] 200.0000   0.0000   0.8487   0.4274   1.5534   0.8384
[1] 300.0000   0.3726   0.8776  -0.0194   2.1067   1.0665
[1] 400.0000   0.0000   0.8775  -0.7336   2.8107   1.0971
[1] 500.0000   0.0000   0.8673   0.6020   1.4521   1.1452
[1] 600.0000   0.6664   0.9748  -0.3270   2.1719   1.0386
[1] 700.0000   0.0001   0.9977   0.1475   1.8257   0.9763
[1] 800.0000   0.0000   0.8849   0.2129   1.8435   0.8867
[1] 900.0000   0.0000   0.8086   0.2394   1.6692   0.9130
[1] 1000.0000    0.0000    0.8209   -0.4836    2.5183    0.9374
[1] 1100.0000    0.0000    0.9319    1.3317    0.6199    0.8930
[1] 1200.0000    0.1755    0.8603    0.7512    1.3847    0.9164
[1] 1300.0000    0.8839    0.8617   -0.1115    1.9820    1.0550
[1] 1400.0000    0.0000    0.8099   -0.1108    2.1421    1.1384
[1] 1500.0000    0.0000    0.9584    0.7553    1.2852    1.0940
[1] 1600.0000    0.0000    0.8026   -1.1604    3.1670    1.1341
[1] 1700.0000    0.0000    0.8163    0.2663    1.6908    0.8247
[1] 1800.0000    0.0000    0.8314    0.4380    1.5263    0.9945
[1] 1900.0000    0.0000    0.9875   -0.5193    2.5585    0.8532
[1] 2000.0000    0.0000    0.9400    0.0313    2.0019    1.1109
[1] 2100.0000    0.0000    0.8123   -1.0242    2.9815    1.1618
[1] 2200.0000    0.0000    0.8668    0.1533    1.9145    1.0989
[1] 2300.0000    0.0000    0.8228    0.6851    1.2545    1.1776
[1] 2400.0000    0.0000    0.9355    0.3802    1.6289    1.1578
[1] 2500.0000    0.0020    0.9668    0.7367    1.1677    0.8029
[1] 2600.0000    0.0000    0.9100    0.0516    2.0175    1.1442
[1] 2700.0000    0.0000    0.8334   -0.8526    2.8354    0.9547
[1] 2800.0000    0.0274    0.8113   -0.1416    2.2123    0.9151
[1] 2900.0000    0.0000    0.9057   -1.0362    3.0115    0.9581
[1] 3000.0000    0.0000    0.8454   -0.3972    2.4065    0.9669
[1] 3100.0000    0.0000    0.9787    0.4558    1.5662    0.9283
[1] 3200.0000    0.0000    0.9190    0.6952    1.3105    0.9575
[1] 3300.0000    0.0000    0.9312    0.2045    1.8622    0.9302
[1] 3400.0000    0.1511    0.9079    0.6784    1.4014    0.8348
[1] 3500.0000    0.0000    0.8208   -0.0233    2.0619    0.8172
[1] 3600.0000    0.0000    0.9625   -0.7550    2.7647    0.8525
[1] 3700.0000    1.0000    0.9624    0.3624    1.5814    0.8094
[1] 3800.0000    0.0000    0.8306    0.4245    1.6191    0.8349
[1] 3900.0000    0.0000    0.8319    0.5415    1.5744    0.8180
[1] 4000.0000    0.0000    0.9448   -0.0134    1.9854    1.0791
[1] 4100.0000    0.0000    0.8388   -0.5921    2.6462    0.8864
[1] 4200.0000    0.0000    0.9756   -0.5156    2.4638    0.9752
[1] 4300.0000    0.1121    0.8028   -0.5431    2.5884    0.9927
[1] 4400.0000    0.0000    0.8310    0.5054    1.4646    1.1572
[1] 4500.0000    0.2223    0.8410   -0.0433    2.1511    1.1520
[1] 4600.0000    0.0000    0.9581    1.0032    1.0399    0.8180
[1] 4700.0000    0.0000    0.9806   -0.0225    2.0351    1.0866
[1] 4800.0000    0.0000    0.8977   -1.0631    3.0443    0.9517
[1] 4900.0000    0.0000    0.8114   -1.4729    3.4918    0.8255
[1] 5000.0000    0.0000    0.9762   -1.4537    3.3840    0.8665
[1] 5100.0000    0.0000    0.8192   -0.8155    2.7699    0.8134
[1] 5200.0000    0.0000    0.8051   -0.3923    2.3708    0.8965
[1] 5300.0000    0.0000    0.8845    0.3179    1.6499    1.0022
[1] 5400.0000    0.0000    0.8536    0.1670    1.8838    0.9337
[1] 5500.0000    0.0000    0.8506    0.8376    1.1156    1.1979
[1] 5600.0000    0.0000    0.8117    0.8332    1.1211    0.9121
[1] 5700.0000    0.0000    0.8882    0.2922    1.7729    1.0651
[1] 5800.0000    0.0000    0.8612   -0.7313    2.8204    1.0327
[1] 5900.0000    0.0000    0.9433    0.5826    1.3429    0.8670
[1] 6000.0000    0.0000    0.8887   -0.3177    2.2445    0.8335
[1] 6100.0000    0.0000    0.9100    0.0937    1.7829    1.1509
[1] 6200.0000    0.0000    0.9400    0.7035    1.2169    0.8404
[1] 6300.0000    0.0000    0.9569    0.7283    1.2243    0.8080
[1] 6400.0000    0.0000    0.9924   -0.0750    2.0120    1.0322
[1] 6500.0000    0.0032    0.9084    0.0926    1.9848    1.0918
[1] 6600.0000    0.0000    0.8401   -0.4477    2.3747    1.0889
[1] 6700.0000    0.0000    0.8253   -1.2738    3.3667    0.9280
[1] 6800.0000    0.0010    0.8794    1.3224    0.5941    0.9381
[1] 6900.0000    0.0000    0.8857    0.1257    1.9450    0.9847
[1] 7000.0000    0.0000    0.8521    0.5076    1.5521    1.0680
[1] 7100.0000    0.0000    0.9544    0.8531    1.2073    0.9045
[1] 7200.0000    0.0000    0.8247    0.1907    1.9193    0.8913
[1] 7300.0000    0.0000    0.9346    0.6364    1.4043    1.1740
[1] 7400.0000    0.0000    0.9512    0.1070    1.9127    0.8676
[1] 7500.0000    0.0000    0.8475   -1.0572    3.0269    1.0597
[1] 7600.0000    0.0000    0.9493   -0.5497    2.5459    0.9281
[1] 7700.0000    0.0000    0.8440   -1.0940    3.0836    0.8976
[1] 7800.0000    0.0000    0.8350    0.0064    2.0760    1.1361
[1] 7900.0000    0.0000    0.8304   -0.0180    1.9296    0.9653
[1] 8000.0000    0.0000    0.9309    0.3006    1.6988    1.0835
[1] 8100.0000    0.0000    0.8483   -0.3744    2.2763    0.8203
[1] 8200.0000    0.0000    0.9110   -0.1217    2.1135    0.9989
[1] 8300.0000    0.0000    0.8222   -0.6917    2.7024    0.8438
[1] 8400.0000    0.0000    0.9658    0.1160    1.8308    0.9286
[1] 8500.0000    0.0000    0.8325    0.5334    1.5685    1.0750
[1] 8600.0000    0.0000    0.8843   -0.6907    2.6685    0.9290
[1] 8700.0000    0.0000    0.8940    0.5095    1.4505    1.0236
[1] 8800.0000    0.0000    0.9735    0.2798    1.6087    1.0381
[1] 8900.0000    0.0000    0.8674    0.5489    1.4371    1.0474
[1] 9000.0000    0.0000    0.8301   -0.1888    2.1562    1.1387
[1] 9100.0000    0.0000    0.9806    0.4505    1.4693    1.0696
[1] 9200.0000    0.0000    0.8777    0.4641    1.6028    1.1489
[1] 9300.0000    0.0000    0.9734    0.7843    1.1296    1.1056
[1] 9400.0000    0.0000    0.8413    1.5096    0.4372    1.0761
[1] 9500.0000    0.0000    0.8817   -0.4169    2.4169    1.0875
[1] 9600.0000    0.0000    0.8149    0.0805    1.9294    0.9056
[1] 9700.0000    0.0000    0.9657    0.8335    1.1771    0.9166
[1] 9800.0000    0.0000    0.8170    0.4702    1.4795    0.9712
[1] 9900.0000    0.0000    0.9369    1.9830    0.0730    1.1404
[1] 10000.0000     0.7383     0.8618    -0.4097     2.4842     0.8032
[1] 10100.0000     0.0002     0.9832    -0.3429     2.3516     0.9199
[1] 10200.0000     0.0004     0.8133     0.2228     1.7864     1.1117
[1] 10300.0000     0.1957     0.9549     1.0287     1.0020     0.8021
[1] 10400.0000     0.0000     0.9434     0.0664     1.8589     1.1753
[1] 10500.0000     0.0000     0.9828     0.4322     1.5074     0.8036
[1] 10600.0000     0.0000     0.8442     0.1156     1.9535     0.9495
[1] 10700.0000     0.0000     0.8398     0.5169     1.4966     1.0590
[1] 10800.0000     0.0173     0.9785     0.5201     1.5046     1.1554
[1] 10900.0000     0.0000     0.8191     0.4957     1.5173     0.8008
[1] 1.100e+04 4.000e-03 8.176e-01 9.295e-01 1.158e+00 9.081e-01
[1] 11100.0000     0.0000     0.8480    -0.6812     2.5975     1.1683
[1] 11200.0000     0.1972     0.8258    -0.8545     2.8531     1.0628
[1] 11300.0000     0.0000     0.8936    -0.8538     2.8728     1.0961
[1] 11400.0000     0.0000     0.8414     1.3077     0.7268     0.9619
[1] 11500.0000     0.0000     0.8034     0.2558     1.7481     0.8501
[1] 1.160e+04 4.000e-04 9.104e-01 4.440e-02 2.010e+00 8.269e-01
[1] 11700.0000     0.0003     0.8224    -0.3308     2.3373     0.8539
[1] 11800.0000     0.0000     0.8027    -0.6645     2.7079     0.8530
[1] 11900.0000     0.0000     0.8460    -0.6741     2.6453     0.8150
[1] 12000.0000     0.0000     0.8014    -0.2910     2.3090     1.0595
[1] 12100.0000     0.0000     0.8005    -1.0280     2.9580     0.8375
[1] 12200.0000     1.0000     0.8496     0.7838     1.2189     0.8460
[1] 12300.0000     0.0000     0.8010     0.5535     1.4885     0.8810
[1] 12400.0000     1.0000     0.8046    -0.2044     2.2298     0.8797
[1] 12500.0000     0.0000     0.8059     0.2491     1.7702     1.1427
[1] 12600.0000     0.0000     0.8126     0.3393     1.7458     1.1805
[1] 12700.0000     0.0000     0.8779    -0.3381     2.2445     0.8170
[1] 12800.0000     0.0000     0.8257     0.0259     2.0074     0.8904
[1] 12900.0000     0.2574     0.8845     0.1252     1.9565     0.8572
[1] 13000.0000     0.0000     0.8069     0.4424     1.5143     1.0997
[1] 13100.0000     0.0000     0.9404     1.0839     0.9308     0.9822
[1] 13200.0000     0.0000     0.8843    -0.1388     2.2224     0.9997
[1] 13300.0000     0.0000     0.9271    -0.3269     2.2744     0.8364
[1] 13400.0000     0.0000     0.8092     0.3156     1.6643     1.1676
[1] 13500.0000     0.0000     0.8466    -0.2909     2.3169     0.8143
[1] 13600.0000     0.0000     0.8917     1.1170     0.8909     1.0301
[1] 13700.0000     0.0000     0.8951    -0.6242     2.6026     1.0363
[1] 13800.0000     0.0000     0.9432    -0.7806     2.8098     1.1717
[1] 13900.0000     0.0000     0.8573     0.0006     2.0161     0.8372
[1] 1.400e+04 0.000e+00 9.588e-01 3.217e-01 1.623e+00 9.662e-01
[1] 14100.0000     0.0000     0.8411     0.5701     1.3428     1.1804
[1] 14200.0000     0.0000     0.8479    -0.1174     2.0738     0.8739
[1] 14300.0000     0.0000     0.9227    -0.7985     2.7736     1.0001
[1] 14400.0000     0.0232     0.8623     0.4870     1.5132     0.8985
[1] 14500.0000     0.0352     0.8647     1.1621     0.8783     1.0877
[1] 14600.0000     0.0000     0.8721     1.2117     0.8460     0.9912
[1] 14700.0000     0.0000     0.8734    -0.1919     2.1563     1.0676
[1] 14800.0000     0.0000     0.9988     0.7378     1.3031     0.9067
[1] 14900.0000     0.0013     0.8051     0.5827     1.4683     1.0614
[1] 15000.0000     0.0884     0.8279     0.9854     1.0188     1.0826
[1] 15100.0000     0.8848     0.9118    -0.3168     2.2928     0.9692
[1] 15200.0000     0.0000     0.8242     0.4370     1.5863     1.0800
[1] 15300.0000     0.7249     0.8059     0.1663     1.9089     0.9091
[1] 15400.0000     0.0015     0.8072    -0.7432     2.7681     1.0717
[1] 15500.0000     0.0000     0.8853    -1.7263     3.7289     1.1983
[1] 15600.0000     0.0000     0.8878    -0.8861     2.8662     0.8550
[1] 15700.0000     0.0000     0.8475    -0.1093     2.0610     0.9690
[1] 15800.0000     0.0000     0.9108     0.0153     1.9601     0.9068
[1] 15900.0000     0.0000     0.8876     0.0403     1.9071     0.9067
[1] 16000.0000     0.0029     0.8124    -0.4312     2.4662     1.1160
[1] 16100.0000     0.0000     0.8125     0.5646     1.4467     0.8885
[1] 16200.0000     0.0000     0.9466     0.8571     1.1052     0.9477
[1] 16300.0000     0.0000     0.8414    -0.2611     2.3250     1.0369
[1] 16400.0000     0.0000     0.9401    -0.0443     2.0231     0.9237
[1] 16500.0000     0.0231     0.9646    -0.0979     2.1712     1.1820
[1] 16600.0000     0.0000     0.8294    -0.5871     2.6610     0.8835
[1] 16700.0000     0.0000     0.8462     0.1350     1.8892     0.9538
[1] 16800.0000     0.0000     0.8621     0.5273     1.4299     1.1596
[1] 16900.0000     0.0000     0.9190     0.8479     1.0847     0.9241
[1] 17000.0000     0.0000     0.9790    -0.4162     2.3003     0.9198
[1] 17100.0000     0.0000     0.9305     1.2275     0.8493     0.9283
[1] 17200.0000     0.0000     0.9497     1.2114     0.7490     0.8252
[1] 17300.0000     1.0000     0.8396     2.1982    -0.2041     1.0131
[1] 17400.0000     0.0000     0.8593     1.5169     0.5309     1.1450
[1] 17500.0000     0.0000     0.8131     0.9048     1.1372     0.9127
[1] 17600.0000     0.0000     0.8698     0.0383     1.9967     0.8781
[1] 17700.0000     0.0000     0.8794     0.2938     1.7553     0.9707
[1] 17800.0000     0.0055     0.9571    -0.1141     2.1144     0.9258
[1] 17900.0000     0.0000     0.9083     0.2811     1.7188     0.9495
[1] 18000.0000     0.6784     0.9109     0.4874     1.5744     0.8712
[1] 18100.0000     0.0000     0.8078    -0.2653     2.2372     0.9064
[1] 18200.0000     0.0000     0.8728     1.2262     0.8369     0.9452
[1] 18300.0000     0.0000     0.8120    -0.2570     2.2827     1.0717
[1] 18400.0000     0.0000     0.9529     0.4189     1.6082     0.8173
[1] 18500.0000     0.0000     0.8045     0.3875     1.6276     1.0038
[1] 18600.0000     0.0000     0.8420     0.4874     1.5595     0.8224
[1] 18700.0000     0.0000     0.8080    -0.5967     2.6255     0.9308
[1] 18800.0000     0.0000     0.8537     0.8652     1.2102     0.9005
[1] 18900.0000     0.0000     0.9024     0.6248     1.3501     1.0613
[1] 19000.0000     0.0000     0.8366     0.1118     1.8795     0.8015
[1] 19100.0000     0.0000     0.9728     0.2334     1.6746     0.8217
[1] 19200.0000     0.0000     0.8001    -0.0007     1.9194     0.9641
[1] 19300.0000     0.0000     0.8035    -0.0436     1.9888     1.0886
[1] 19400.0000     0.0000     0.8040     0.3359     1.8263     1.1551
[1] 19500.0000     0.0000     0.9654     0.4316     1.5582     0.9669
[1] 19600.0000     0.1460     0.9162    -1.2030     3.2062     0.8038
[1] 19700.0000     0.0000     0.8982    -0.2459     2.1289     1.1826
[1] 19800.0000     0.0000     0.9408     0.4056     1.6216     0.9927
[1] 19900.0000     0.0000     0.9981    -0.0781     2.1378     1.0280
[1] 20000.0000     0.0000     0.8708    -0.6614     2.6578     1.0213
[1] 20100.0000     0.0000     0.9080     0.5527     1.4990     1.0402
[1] 20200.0000     0.2659     0.8367     0.4168     1.6169     0.9269
[1] 20300.0000     0.0000     0.8028    -0.3868     2.4419     0.9708
[1] 20400.0000     0.0274     0.9072     0.2463     1.7692     0.9991
[1] 20500.0000     0.0000     0.8964    -0.1360     2.1871     1.1285
[1] 20600.0000     0.2000     0.8137     0.4098     1.5995     0.9497
[1] 20700.0000     1.0000     0.8107     0.3656     1.5582     1.0874
[1] 20800.0000     0.0000     0.8130    -0.3746     2.4329     1.1809
[1] 20900.0000     0.0010     0.8088     1.2344     0.7807     0.9600
[1] 21000.0000     0.0000     0.8369     0.4687     1.5761     1.0355
[1] 21100.0000     0.0000     0.9732    -0.3345     2.2836     0.8253
[1] 21200.0000     0.0401     0.8263     0.0442     1.9671     1.1324
[1] 21300.0000     0.0000     0.8782    -0.3766     2.4085     1.0748
[1] 21400.0000     0.0005     0.9719    -0.2094     2.2114     0.9071
[1] 21500.0000     0.0000     0.8732    -0.0908     2.0648     1.0565
[1] 21600.0000     0.0000     0.8420     0.1214     1.8996     0.8926
[1] 21700.0000     0.0000     0.8258    -0.3208     2.3668     1.1265
[1] 21800.0000     0.0000     0.8709    -0.5225     2.5470     1.0601
[1] 21900.0000     0.0000     0.9408     0.2435     1.6734     0.9421
[1] 22000.0000     0.0000     0.8850     1.1049     0.8862     0.9555
[1] 22100.0000     0.0000     0.8953    -0.1754     2.0926     0.9321
[1] 22200.0000     0.0000     0.9349    -0.4769     2.4171     0.9881
[1] 22300.0000     0.0000     0.8584    -0.3411     2.3858     0.9367
[1] 22400.0000     0.0000     0.9494     0.2858     1.7097     0.9207
[1] 22500.0000     0.5493     0.8623     0.8941     1.2378     0.8008
[1] 22600.0000     0.0000     0.8858     1.1164     1.0417     0.9064
[1] 22700.0000     0.0000     0.8271     0.7114     1.2611     1.1968
[1] 22800.0000     0.0000     0.9669    -0.5546     2.5260     0.8314
[1] 22900.0000     0.0000     0.9207     0.2595     1.6471     0.8362
[1] 23000.0000     0.0000     0.8448    -0.0470     2.0023     1.1964
[1] 23100.0000     0.0000     0.9231    -0.2582     2.2387     0.8179
[1] 23200.0000     0.0000     0.8288    -0.5524     2.5540     0.8616
[1] 23300.0000     0.1730     0.8966    -0.0730     2.0562     1.0199
[1] 23400.0000     0.0000     0.9418    -0.7657     2.8565     0.8205
[1] 23500.0000     0.0000     0.8185    -0.1467     2.1642     0.9631
[1] 23600.0000     0.0000     0.8360     0.4649     1.5211     0.8406
[1] 23700.0000     0.0000     0.8580     0.5266     1.5243     0.8494
[1] 23800.0000     0.0000     0.9509    -0.1271     2.0013     0.9516
[1] 23900.0000     0.0000     0.8157     1.1249     0.8806     0.8034
[1] 2.400e+04 0.000e+00 9.304e-01 5.381e-01 1.436e+00 8.086e-01
[1] 24100.0000     0.0000     0.8643    -0.9229     2.9672     0.9462
[1] 24200.0000     0.0000     0.8399    -0.3297     2.2570     1.0287
[1] 24300.0000     0.0000     0.8207    -0.7521     2.7790     1.1509
[1] 2.440e+04 4.264e-01 8.950e-01 4.395e-01 1.511e+00 9.027e-01
[1] 24500.0000     0.0000     0.9407     1.0728     0.8416     1.0416
[1] 24600.0000     0.0000     0.9062    -0.0966     2.0989     0.8877
[1] 24700.0000     0.0000     0.9574     0.0460     1.8822     1.0919
[1] 24800.0000     0.0000     0.8109     0.7761     1.2922     1.1899
[1] 24900.0000     0.0000     0.9495    -0.1295     2.0773     0.8626
[1] 25000.0000     0.0004     0.9628    -0.3365     2.3410     0.9362
[1] 25100.0000     0.0000     0.9605     1.0780     0.8961     1.0743
[1] 25200.0000     0.0000     0.8184     0.3031     1.7099     0.8574
[1] 25300.0000     0.9633     0.8151    -0.1170     2.0963     1.0748
[1] 25400.0000     0.8342     0.8988     0.0959     1.8922     1.0888
[1] 25500.0000     0.0000     0.8147     1.0097     0.9801     1.1844
[1] 25600.0000     0.0000     0.8112     0.5550     1.4718     0.8916
[1] 25700.0000     0.0000     0.8060     0.5423     1.4962     0.8422
[1] 25800.0000     0.0000     0.8043    -0.5242     2.5145     0.8730
[1] 25900.0000     1.0000     0.8632    -0.2311     2.2589     1.1254
[1] 26000.0000     1.0000     0.9492    -0.7339     2.7890     1.0058
[1] 26100.0000     0.0000     0.9196    -0.4772     2.3213     1.1722
[1] 26200.0000     0.0000     0.9529    -1.2236     3.1179     1.0017
[1] 26300.0000     0.0000     0.9806    -0.9001     2.9100     0.9555
[1] 26400.0000     0.0000     0.8767     0.5935     1.2945     0.8041
[1] 26500.0000     0.0307     0.8607    -0.1730     2.1671     0.8158
[1] 26600.0000     0.0000     0.8376    -0.6087     2.4486     1.1467
[1] 26700.0000     0.0048     0.9890     0.1218     1.7747     0.9390
[1] 26800.0000     0.0000     0.8448    -1.2400     3.1889     0.8652
[1] 26900.0000     0.0000     0.9184    -0.2940     2.2223     1.1619
[1] 27000.0000     0.0000     0.8794    -0.1251     2.0968     0.8948
[1] 27100.0000     0.6918     0.8372     0.3070     1.6846     1.1930
[1] 27200.0000     0.0000     0.8628     1.5811     0.4026     1.0265
[1] 27300.0000     0.0000     0.8270     0.0013     1.9957     1.1347
[1] 27400.0000     0.0000     0.8270     0.0013     1.9957     1.1347
[1] 27500.0000     0.0000     0.8463     1.0590     1.0457     0.8762
[1] 27600.0000     0.0000     0.8732     1.1321     0.8777     0.9172
[1] 27700.0000     0.0000     0.8317     0.4470     1.6011     1.1846
[1] 2.780e+04 0.000e+00 8.396e-01 1.238e+00 7.040e-01 8.414e-01
[1] 27900.0000     1.0000     0.8904     0.2339     1.7458     0.9276
[1] 28000.0000     0.0000     0.8651    -0.6345     2.7321     0.8498
[1] 28100.0000     0.0000     0.9306    -1.0953     3.2956     0.8823
[1] 28200.0000     0.0000     0.9683    -1.4543     3.4695     0.8917
[1] 28300.0000     0.0000     0.8845    -0.5518     2.6281     0.9758
[1] 28400.0000     1.0000     0.9594    -0.4675     2.4609     0.8105
[1] 28500.0000     0.0000     0.8678     0.4462     1.5297     0.8688
[1] 28600.0000     0.0000     0.8043    -1.0530     3.0441     0.9928
[1] 28700.0000     0.0000     0.8081    -1.4146     3.4373     0.9112
[1] 28800.0000     0.0000     0.8104     0.2644     1.7706     1.1940
[1] 28900.0000     0.0000     0.9137     0.6855     1.4443     0.8478
[1] 29000.0000     0.0000     0.9277    -0.4194     2.4346     1.1735
[1] 29100.0000     0.0000     0.8445    -0.7862     2.8393     0.8871
[1] 29200.0000     0.1090     0.9367     0.6240     1.3635     1.1465
[1] 29300.0000     0.0013     0.9749     1.0666     0.8820     0.9782
[1] 29400.0000     0.0000     0.8948     0.3099     1.7093     0.8239
[1] 29500.0000     0.0000     0.8094    -0.0582     2.0171     0.8253
[1] 29600.0000     0.0000     0.8335     0.2293     1.7611     1.1940
[1] 29700.0000     0.0000     0.9991    -0.1927     2.1673     0.9357
[1] 29800.0000     0.0000     0.8503    -1.1185     3.1210     0.9822
[1] 29900.0000     0.9162     0.9798    -0.6461     2.6134     1.0014
[1] 30000.0000     0.0000     0.8841     1.3136     0.6897     1.0036
[1] 0.06855726
Time difference of 11.70216 hours
null device 
          1 
