[1] "El numero de nodos X particion es: 10"
[1] "Model = M1 / Data = sim_data/datasetSVCMatern24.Rdata"
[1] 100.0000   0.6140   0.9429   0.0193   2.0110   1.1970
[1] 200.0000   0.8810   0.9804  -0.1501   1.8528   1.0297
[1] 300.0000   0.7087   0.8776  -0.2842   1.8403   1.0665
[1] 400.0000   1.0000   0.8233  -0.2241   1.9357   1.0774
[1] 500.0000   0.7540   0.8902  -0.3411   1.6790   0.8863
[1] 600.0000   0.0000   0.8891  -0.3094   1.7221   0.8464
[1] 700.0000   0.1862   0.8009  -0.3652   1.6899   0.8720
[1] 800.0000   0.4912   0.8830  -0.2646   1.8570   0.9772
[1] 900.0000   0.5711   0.9357  -0.3688   1.8237   1.0743
[1] 1000.0000    0.4796    0.9864   -0.3701    1.7219    0.9137
[1] 1100.0000    0.0759    0.8326   -0.3616    1.6722    1.0285
[1] 1200.0000    0.1100    0.8467   -0.1530    1.8614    1.0747
[1] 1300.0000    1.0000    0.8617   -0.3239    1.7483    1.0550
[1] 1400.0000    0.0000    0.8624   -0.3327    1.7463    0.9686
[1] 1500.0000    0.0000    0.9672   -0.1630    1.9428    1.1986
[1] 1600.0000    1.0000    0.9427   -0.2140    1.9322    1.0957
[1] 1700.0000    0.0000    0.8745   -0.2069    1.8349    0.9148
[1] 1800.0000    0.0000    0.9234   -0.2621    1.8848    1.1307
[1] 1900.0000    0.3412    0.9957   -0.1652    1.9323    1.1822
[1] 2000.0000    0.0760    0.9978   -0.3290    1.7022    1.1535
[1] 2100.0000    1.0000    0.8081   -0.2191    1.8964    0.9300
[1] 2200.0000    0.9042    0.8580   -0.2710    1.7959    1.0161
[1] 2300.0000    0.0204    0.8377   -0.2620    1.8738    0.8487
[1] 2400.0000    0.1769    0.9764   -0.1895    1.7709    1.0594
[1] 2500.0000    0.0090    0.8529   -0.2077    1.8920    0.9541
[1] 2600.0000    0.0256    0.9658   -0.2513    1.8603    1.0023
[1] 2700.0000    0.1244    0.8044   -0.2752    1.8270    1.0835
[1] 2800.0000    0.1869    0.8906   -0.3451    1.8418    0.8787
[1] 2900.0000    0.0303    0.8994   -0.4087    1.7427    1.0050
[1] 3000.0000    0.0021    0.9425   -0.1369    1.9590    1.0830
[1] 3100.0000    0.1825    0.8265   -0.2103    1.8379    1.1652
[1] 3200.0000    0.3658    0.9371   -0.1811    1.9087    1.1278
[1] 3300.0000    0.0000    0.9877   -0.2348    1.8433    0.9428
[1] 3400.0000    0.0012    0.9079   -0.3625    1.6749    0.8348
[1] 3500.0000    1.0000    0.9338   -0.1517    2.0078    0.8830
[1] 3600.0000    0.0123    0.9027   -0.2803    1.7837    1.1569
[1] 3700.0000    0.0131    0.8505   -0.1663    1.9134    1.1374
[1] 3800.0000    0.0001    0.8653   -0.3559    1.7093    0.9884
[1] 3900.0000    0.0006    0.8514   -0.3105    1.7645    1.1876
[1] 4000.0000    0.6348    0.9388   -0.2783    1.7334    0.8131
[1] 4100.0000    1.0000    0.9426   -0.1308    1.8455    0.8764
[1] 4200.0000    1.0000    0.8436   -0.2771    1.8605    0.9733
[1] 4300.0000    0.0000    0.9986   -0.2781    1.7945    0.9026
[1] 4400.0000    0.0929    0.9571   -0.0943    1.9466    0.9932
[1] 4500.0000    0.7235    0.8410   -0.1272    1.9830    1.1520
[1] 4600.0000    0.0247    0.8039   -0.3480    1.6644    1.1669
[1] 4700.0000    0.0000    0.9709   -0.1384    1.9231    1.0444
[1] 4800.0000    0.0893    0.8985   -0.2439    1.8510    0.9827
[1] 4900.0000    0.3983    0.9222   -0.0892    2.0160    0.9837
[1] 5000.0000    0.6950    0.9273   -0.0734    1.9773    1.0348
[1] 5100.0000    0.3296    0.9679   -0.4377    1.6617    1.1951
[1] 5200.0000    0.0050    0.8350   -0.1776    2.0063    1.0935
[1] 5300.0000    1.0000    0.8379   -0.1793    1.8570    1.0434
[1] 5400.0000    0.8504    0.8333   -0.2076    1.8585    0.9811
[1] 5500.0000    0.5189    0.8940   -0.3102    1.8367    1.1671
[1] 5600.0000    0.0037    0.9095   -0.6756    1.5585    0.9324
[1] 5700.0000    0.0582    0.9403   -0.2406    1.7523    0.9236
[1] 5800.0000    0.4739    0.8520   -0.0989    1.9781    1.0482
[1] 5900.0000    0.1668    0.8706   -0.3373    1.7360    1.1672
[1] 6000.0000    0.0720    0.8924   -0.2447    1.7891    1.0716
[1] 6100.0000    0.0532    0.9517   -0.0509    1.9678    0.9216
[1] 6200.0000    1.0000    0.8336   -0.5424    1.4950    0.9759
[1] 6300.0000    0.0200    0.8959   -0.3364    1.8210    1.1826
[1] 6400.0000    0.2793    0.9022   -0.2413    1.7344    0.8332
[1] 6500.0000    0.2744    0.8697   -0.3053    1.8414    0.9040
[1] 6600.0000    0.0051    0.8918   -0.4364    1.7288    1.0184
[1] 6700.0000    0.0001    0.9726   -0.4880    1.5950    1.0730
[1] 6800.0000    0.9659    0.8496   -0.3084    1.8073    0.9728
[1] 6900.0000    0.0913    0.8556   -0.3194    1.7656    1.1638
[1] 7000.0000    0.0009    0.8011   -0.2706    1.7940    1.0228
[1] 7100.0000    1.0000    0.8440   -0.2210    1.8604    0.9302
[1] 7200.0000    0.0018    0.8989   -0.2348    1.8398    0.9392
[1] 7300.0000    0.0010    0.8821   -0.3048    1.8212    0.9361
[1] 7400.0000    0.0000    0.8164   -0.3866    1.6144    0.8600
[1] 7500.0000    1.0000    0.8741   -0.0743    1.9602    1.0979
[1] 7600.0000    0.0395    0.8332   -0.3724    1.7157    1.0877
[1] 7700.0000    0.0074    0.8552   -0.2794    1.7547    1.0850
[1] 7800.0000    0.0000    0.9829   -0.3146    1.6829    1.0003
[1] 7900.0000    0.3949    0.8037   -0.3067    1.8234    1.1632
[1] 8000.0000    0.1973    0.9186   -0.4924    1.5593    1.0026
[1] 8100.0000    0.6524    0.8687   -0.2892    1.8440    1.0506
[1] 8200.0000    0.0000    0.9273   -0.1083    1.9471    0.9041
[1] 8300.0000    0.0007    0.8896   -0.0987    1.9480    1.1748
[1] 8400.0000    1.0000    0.9278   -0.2497    1.8197    0.8107
[1] 8500.0000    0.0545    0.8716   -0.2257    1.8942    1.1821
[1] 8600.0000    0.2999    0.9835   -0.2207    1.8839    0.9563
[1] 8700.0000    0.5797    0.8293   -0.3242    1.7105    0.8767
[1] 8800.0000    1.0000    0.9324   -0.2671    1.7987    0.8066
[1] 8900.0000    0.5943    0.9431   -0.3878    1.7671    1.1381
[1] 9000.0000    0.1313    0.9025   -0.2566    1.7692    0.9096
[1] 9100.0000    0.5149    0.9156   -0.1671    1.9376    1.0916
[1] 9200.0000    1.0000    0.9069   -0.2567    1.8678    1.1995
[1] 9300.0000    0.0008    0.9856   -0.2147    1.8257    1.1370
[1] 9400.0000    0.1978    0.8458   -0.1420    1.8563    1.0091
[1] 9500.0000    0.0000    0.9329   -0.3612    1.8290    0.8817
[1] 9600.0000    0.6401    0.9566   -0.3308    1.7826    1.1182
[1] 9700.0000    0.2360    0.8614   -0.3168    1.7599    0.9692
[1] 9800.0000    0.6759    0.8196   -0.3660    1.6879    0.9680
[1] 9900.0000    0.0000    0.8466    0.0081    2.0558    0.8248
[1] 10000.0000     1.0000     0.8618    -0.5275     1.5136     0.8032
[1] 10100.0000     1.0000     0.9049    -0.1797     1.8652     1.0751
[1] 10200.0000     0.0036     0.9084    -0.2901     1.7148     0.8386
[1] 10300.0000     0.0089     0.8120    -0.1533     1.8080     0.8804
[1] 10400.0000     0.0095     0.8213    -0.2339     1.8371     1.0055
[1] 10500.0000     1.0000     0.8159    -0.1189     1.8583     1.1284
[1] 10600.0000     0.6171     0.8330    -0.1728     1.9936     0.9483
[1] 10700.0000     0.0000     0.8531    -0.0983     1.9647     0.8181
[1] 10800.0000     0.5754     0.8541    -0.2231     1.9150     0.9792
[1] 10900.0000     0.0000     0.8264    -0.2172     1.9482     1.1140
[1] 11000.0000     0.3644     0.8012    -0.2685     1.9062     0.9407
[1] 11100.0000     0.0009     0.8902    -0.1514     1.9416     0.9114
[1] 11200.0000     1.0000     0.9412    -0.1766     1.9250     0.8257
[1] 11300.0000     0.6999     0.9738    -0.3318     1.7337     1.1215
[1] 11400.0000     1.0000     0.9866    -0.2346     1.8153     0.8664
[1] 11500.0000     0.0000     0.9311    -0.2730     1.8276     0.8792
[1] 11600.0000     0.8672     0.9382    -0.3746     1.7411     0.8033
[1] 11700.0000     0.6744     0.9810    -0.4036     1.7416     0.9386
[1] 11800.0000     0.0116     0.9849    -0.2860     1.7137     1.0283
[1] 11900.0000     0.7384     0.8272    -0.2351     1.7920     0.8962
[1] 12000.0000     0.0107     0.8543    -0.3582     1.7277     1.1591
[1] 12100.0000     0.0826     0.9452    -0.2361     1.8632     0.8400
[1] 12200.0000     1.0000     0.8496    -0.4535     1.6235     0.8460
[1] 12300.0000     0.1376     0.9007    -0.1800     1.8687     1.0908
[1] 12400.0000     1.0000     0.8046    -0.3646     1.7190     0.8797
[1] 12500.0000     0.0573     0.8185    -0.0596     1.9890     0.9052
[1] 12600.0000     0.1110     0.9564    -0.1099     1.8095     1.1675
[1] 12700.0000     0.0018     0.9486    -0.0436     1.9524     0.8166
[1] 12800.0000     0.0085     0.9108    -0.2952     1.7637     1.0765
[1] 12900.0000     0.0432     0.8554    -0.5897     1.5166     0.9712
[1] 13000.0000     0.0090     0.8840    -0.2861     1.7194     1.1100
[1] 13100.0000     0.0010     0.9404    -0.3662     1.7285     0.9822
[1] 13200.0000     0.0029     0.9589    -0.3853     1.6455     1.1555
[1] 13300.0000     0.0363     0.9324     0.0055     2.0569     1.1427
[1] 13400.0000     0.0000     0.9485    -0.0735     1.8411     1.0271
[1] 13500.0000     0.0000     0.8240    -0.2720     1.8965     1.0099
[1] 13600.0000     0.0091     0.8917    -0.2290     1.7229     1.0301
[1] 13700.0000     1.0000     0.8314    -0.2893     1.7886     0.8589
[1] 13800.0000     0.0000     0.9394    -0.2640     1.8595     0.9910
[1] 13900.0000     0.8740     0.8104    -0.3222     1.7775     0.8994
[1] 14000.0000     0.9466     0.9598    -0.2152     1.8124     0.8043
[1] 14100.0000     0.0002     0.9236    -0.1259     1.9284     0.9106
[1] 14200.0000     0.0362     0.9171    -0.2334     1.8042     0.8964
[1] 14300.0000     0.0130     0.8359    -0.2910     1.8384     1.0907
[1] 14400.0000     1.0000     0.8984    -0.2528     1.7830     1.1866
[1] 14500.0000     0.2976     0.8302    -0.2834     1.8986     1.1813
[1] 14600.0000     0.0000     0.8084    -0.2881     1.7907     0.8928
[1] 14700.0000     1.0000     0.8840    -0.1376     1.9056     1.0394
[1] 14800.0000     0.0000     0.8106    -0.5706     1.5565     1.0978
[1] 14900.0000     0.5507     0.9850    -0.2315     1.8648     1.1438
[1] 15000.0000     0.0000     0.9486    -0.3719     1.6887     0.9418
[1] 15100.0000     0.1405     0.9112    -0.3579     1.7682     1.0503
[1] 15200.0000     0.3894     0.9896    -0.1094     1.9115     1.1186
[1] 15300.0000     0.0753     0.8296    -0.1033     2.0137     1.1944
[1] 15400.0000     0.7749     0.9829    -0.1505     1.9937     1.0368
[1] 15500.0000     0.2068     0.9013    -0.2407     1.7125     1.0728
[1] 15600.0000     0.5831     0.9912    -0.3534     1.7462     1.0551
[1] 15700.0000     0.0004     0.9705    -0.0214     2.0228     0.8969
[1] 15800.0000     0.0879     0.9670    -0.5024     1.5907     1.0411
[1] 15900.0000     0.0000     0.9524    -0.2546     1.9097     1.0855
[1] 16000.0000     0.4052     0.9761    -0.2668     1.8863     1.0600
[1] 16100.0000     1.0000     0.9477    -0.3727     1.6895     0.9420
[1] 16200.0000     1.0000     0.8455    -0.2704     1.7982     1.0509
[1] 16300.0000     0.3364     0.9029    -0.0779     1.8948     1.0365
[1] 16400.0000     0.8361     0.8844    -0.2922     1.7350     1.1913
[1] 16500.0000     0.1017     0.9894    -0.2172     1.8657     0.9222
[1] 16600.0000     0.3235     0.9300    -0.4078     1.6787     1.1365
[1] 16700.0000     0.2394     0.8804    -0.2752     1.8052     1.1815
[1] 16800.0000     0.4550     0.8165    -0.3912     1.6259     1.0376
[1] 16900.0000     0.0958     0.8221    -0.2694     1.7378     1.1575
[1] 17000.0000     0.6288     0.8355    -0.1721     1.9159     0.9526
[1] 17100.0000     0.0205     0.9262    -0.1936     1.8170     0.9696
[1] 17200.0000     0.6359     0.9497    -0.3511     1.7503     0.8252
[1] 17300.0000     0.0842     0.9564    -0.4212     1.6663     0.9524
[1] 17400.0000     0.7018     0.9623    -0.1398     2.0276     1.1696
[1] 17500.0000     1.0000     0.9645    -0.3909     1.6530     0.9956
[1] 17600.0000     0.0104     0.9193    -0.2414     1.7916     0.8193
[1] 17700.0000     0.0126     0.8922    -0.2643     1.7446     1.0234
[1] 17800.0000     1.0000     0.9968    -0.2776     1.7887     0.8268
[1] 17900.0000     0.2356     0.8644    -0.2219     1.7851     1.0507
[1] 18000.0000     0.8697     0.9109    -0.0821     1.9995     0.8712
[1] 18100.0000     0.0004     0.9137    -0.3619     1.7777     0.9014
[1] 18200.0000     1.0000     0.8073    -0.0999     1.9464     0.9256
[1] 18300.0000     0.0569     0.9706    -0.1814     1.9032     1.1685
[1] 18400.0000     0.0002     0.9243    -0.5478     1.6539     1.1066
[1] 18500.0000     0.0574     0.8299    -0.3728     1.7399     1.0883
[1] 18600.0000     0.0221     0.8932    -0.1468     1.9766     0.8460
[1] 18700.0000     0.7133     0.9071    -0.1449     1.9298     1.1143
[1] 18800.0000     0.0050     0.9415    -0.3105     1.8467     0.8205
[1] 18900.0000     0.0001     0.8297    -0.2800     1.8205     0.8354
[1] 19000.0000     1.0000     0.8087    -0.0937     1.9479     1.1060
[1] 19100.0000     0.0011     0.8142    -0.3093     1.8425     1.0716
[1] 19200.0000     1.0000     0.8319    -0.2695     1.7213     1.0132
[1] 19300.0000     0.1926     0.8940    -0.1398     1.8479     1.1248
[1] 19400.0000     0.2341     0.8040    -0.3107     1.7138     1.1551
[1] 19500.0000     0.0002     0.9633    -0.0380     1.9223     1.1823
[1] 19600.0000     0.0831     0.8098    -0.2464     1.8798     1.1951
[1] 19700.0000     0.0846     0.8143    -0.1915     1.8828     0.8081
[1] 19800.0000     0.7352     0.9324    -0.0375     1.9943     1.1958
[1] 19900.0000     0.7962     0.8349    -0.0527     2.0180     0.9661
[1] 20000.0000     0.3000     0.9729    -0.3741     1.7534     0.8904
[1] 20100.0000     0.0000     0.8622    -0.1588     1.9484     0.8640
[1] 20200.0000     0.2368     0.9282    -0.1583     1.8826     0.9678
[1] 20300.0000     0.0130     0.8028    -0.5378     1.6113     0.9708
[1] 20400.0000     1.0000     0.8446    -0.2463     1.8358     1.0333
[1] 20500.0000     0.0040     0.8964    -0.2597     1.8517     1.1285
[1] 20600.0000     0.5834     0.9169    -0.2826     1.8529     1.1057
[1] 20700.0000     0.8885     0.8107    -0.0256     1.9817     1.0874
[1] 20800.0000     1.0000     0.9981    -0.3124     1.8296     1.0246
[1] 20900.0000     0.0000     0.9109    -0.3207     1.7561     0.9980
[1] 21000.0000     0.2139     0.8708    -0.2919     1.7894     1.1617
[1] 21100.0000     0.1329     0.9291    -0.2457     1.8146     1.1428
[1] 21200.0000     1.0000     0.9611    -0.1703     1.9103     0.8029
[1] 21300.0000     0.0004     0.8214    -0.2086     1.7428     1.0391
[1] 21400.0000     1.0000     0.8276    -0.1893     1.9087     0.8233
[1] 21500.0000     0.0005     0.8906    -0.2215     1.8234     0.8206
[1] 21600.0000     0.7349     0.8069    -0.1912     1.8458     0.8555
[1] 21700.0000     0.1413     0.9973    -0.2967     1.7686     0.9605
[1] 21800.0000     0.5303     0.8778    -0.1081     2.0596     1.0685
[1] 21900.0000     0.7313     0.9598    -0.2211     1.8947     0.8497
[1] 22000.0000     0.1959     0.8850    -0.1063     1.8760     0.9555
[1] 22100.0000     0.0236     0.8953    -0.2141     1.9006     0.9321
[1] 22200.0000     0.4225     0.8579    -0.3989     1.7347     0.8534
[1] 22300.0000     0.0583     0.9726    -0.3471     1.8707     0.8521
[1] 22400.0000     0.8456     0.9971    -0.3766     1.7859     0.9354
[1] 22500.0000     0.0857     0.8239    -0.3141     1.8677     1.1368
[1] 22600.0000     0.0006     0.8207    -0.2081     1.8760     0.8039
[1] 22700.0000     0.0009     0.8271    -0.3222     1.7398     1.1968
[1] 22800.0000     0.2213     0.8972    -0.3388     1.6463     1.0231
[1] 22900.0000     0.7122     0.8804    -0.3884     1.6432     0.9211
[1] 23000.0000     0.0000     0.8188    -0.0915     1.8622     1.0070
[1] 23100.0000     0.4477     0.8119    -0.1306     1.8907     1.0551
[1] 23200.0000     0.0638     0.8437    -0.1208     1.9697     0.8877
[1] 23300.0000     0.0008     0.9905    -0.1406     1.9676     1.1869
[1] 23400.0000     0.3904     0.8888    -0.1719     1.7977     1.0444
[1] 23500.0000     1.0000     0.9916    -0.2471     1.7772     1.1297
[1] 23600.0000     0.0488     0.8176    -0.3075     1.7839     0.8266
[1] 23700.0000     0.1972     0.9328    -0.3602     1.7699     1.0180
[1] 23800.0000     0.8809     0.9299    -0.3073     1.6796     1.0580
[1] 23900.0000     0.9972     0.8722    -0.1912     1.8519     0.8735
[1] 24000.0000     0.5315     0.9322    -0.2426     1.7741     0.9399
[1] 24100.0000     1.0000     0.9214    -0.3284     1.8231     0.8541
[1] 24200.0000     0.0126     0.9331    -0.3826     1.8351     1.1419
[1] 24300.0000     1.0000     0.8163    -0.2988     1.8245     1.0906
[1] 24400.0000     0.8860     0.9947    -0.2089     1.8072     0.9697
[1] 24500.0000     0.0084     0.8969    -0.1431     1.9205     1.0480
[1] 24600.0000     0.0001     0.9866    -0.2663     1.8204     1.1519
[1] 24700.0000     0.4587     0.9195    -0.1286     1.8585     0.8781
[1] 24800.0000     0.0000     0.8460    -0.1876     1.8574     0.9489
[1] 24900.0000     0.2038     0.8023    -0.2892     1.8077     1.0260
[1] 25000.0000     1.0000     0.8801    -0.2090     1.8914     0.8235
[1] 25100.0000     0.1555     0.8549    -0.1824     1.9049     0.9439
[1] 25200.0000     0.1701     0.9507    -0.2978     1.8443     0.9719
[1] 25300.0000     0.0008     0.9779    -0.2613     1.8537     0.8977
[1] 25400.0000     0.0195     0.8633    -0.5459     1.5200     1.0600
[1] 25500.0000     0.0188     0.8417    -0.2751     1.6581     0.8432
[1] 25600.0000     0.0318     0.9926    -0.0622     1.9618     0.9855
[1] 25700.0000     0.1785     0.8976    -0.4636     1.6461     0.9408
[1] 25800.0000     0.0250     0.9689    -0.2404     1.8581     1.1962
[1] 25900.0000     0.0035     0.8683    -0.1710     1.8485     0.8098
[1] 26000.0000     0.6203     0.9492    -0.3297     1.6861     1.0058
[1] 26100.0000     0.0619     0.8951    -0.2793     1.8669     0.8249
[1] 26200.0000     0.2552     0.8496    -0.1958     1.8740     1.1269
[1] 26300.0000     0.9908     0.8623    -0.3944     1.7660     1.0835
[1] 26400.0000     0.1936     0.8855    -0.1232     1.8438     1.0131
[1] 26500.0000     0.0088     0.8034    -0.4615     1.5969     1.1338
[1] 26600.0000     0.2456     0.8720    -0.4341     1.6457     0.9170
[1] 26700.0000     0.1163     0.9721    -0.3060     1.7743     0.8075
[1] 26800.0000     0.5437     0.9542    -0.2542     1.7413     1.1594
[1] 26900.0000     0.0105     0.9241    -0.1893     1.8809     1.0646
[1] 27000.0000     0.7065     0.9266    -0.2304     1.8404     0.8932
[1] 27100.0000     0.0003     0.8095    -0.2175     1.8455     1.0497
[1] 27200.0000     0.0005     0.9713    -0.3756     1.8363     1.0324
[1] 27300.0000     0.0035     0.9608    -0.2844     1.7745     0.8492
[1] 27400.0000     0.1099     0.8725    -0.3690     1.6774     1.1899
[1] 27500.0000     0.5341     0.9561    -0.4023     1.6433     0.9337
[1] 27600.0000     0.0179     0.9931    -0.2174     1.8642     0.8297
[1] 27700.0000     0.0038     0.8768    -0.0896     1.9957     1.0202
[1] 27800.0000     0.0000     0.8358    -0.1649     1.9062     1.1051
[1] 27900.0000     0.4721     0.8774    -0.1571     1.8712     1.0564
[1] 28000.0000     0.0008     0.9430    -0.2776     1.8688     0.9743
[1] 28100.0000     0.0000     0.9262    -0.3677     1.7901     1.0710
[1] 28200.0000     0.6363     0.9920    -0.1094     1.9576     1.1206
[1] 28300.0000     0.0839     0.8510    -0.2417     1.7758     0.8048
[1] 28400.0000     1.0000     0.9594    -0.2131     1.8524     0.8105
[1] 28500.0000     1.0000     0.8206    -0.1765     1.9307     1.0447
[1] 28600.0000     0.0135     0.9775    -0.3232     1.7320     0.9079
[1] 28700.0000     0.0462     0.8497    -0.2848     1.6955     1.1155
[1] 28800.0000     1.0000     0.9743    -0.2572     1.7910     0.8723
[1] 28900.0000     0.8004     0.8662    -0.4732     1.6629     0.8550
[1] 29000.0000     0.2555     0.8251    -0.2540     1.8157     0.9007
[1] 29100.0000     0.0105     0.9156    -0.1783     1.9013     0.8172
[1] 29200.0000     0.0008     0.8505    -0.5187     1.6054     0.9156
[1] 29300.0000     0.0218     0.9749    -0.3326     1.7044     0.9782
[1] 29400.0000     0.0154     0.9512    -0.1337     1.8233     1.1262
[1] 29500.0000     0.0001     0.9711    -0.2908     1.8256     0.9025
[1] 29600.0000     0.0345     0.8135    -0.2032     1.8546     0.8030
[1] 29700.0000     0.0270     0.9571    -0.3395     1.7037     0.9736
[1] 29800.0000     0.7786     0.8701    -0.2838     1.8802     0.8024
[1] 29900.0000     0.7799     0.9798    -0.2326     1.8021     1.0014
[1] 30000.0000     0.4523     0.8307    -0.3054     1.7981     1.0904
[1] 0.3573857
Time difference of 4.098148 hours
null device 
          1 
