[1] "El numero de nodos X particion es: 10"
[1] "Model = M1 / Data = sim_data/datasetSVCMatern11.Rdata"
[1] 100.0000   1.0000   0.8291   0.0291   2.0799   0.9331
[1] 200.0000   1.0000   0.9804  -0.0365   1.9778   1.0297
[1] 300.0000   0.6807   0.8776  -0.1394   1.9688   1.0665
[1] 400.0000   1.0000   0.8233  -0.1133   1.9612   1.0774
[1] 500.0000   0.3958   0.8902  -0.1916   1.8425   0.8863
[1] 600.0000   0.0004   0.8693  -0.0104   1.9181   1.0610
[1] 700.0000   1.0000   0.8087  -0.1586   1.9116   1.0605
[1] 800.0000   1.0000   0.8954  -0.1249   1.9417   1.1490
[1] 900.0000   0.6352   0.9357  -0.2145   1.9371   1.0743
[1] 1000.0000    0.3738    0.8568   -0.0583    1.9515    0.8983
[1] 1100.0000    0.4343    0.9726   -0.2403    1.8085    1.0201
[1] 1200.0000    0.5222    0.8603    0.0662    2.1763    0.9164
[1] 1300.0000    0.4014    0.8617   -0.1509    1.9618    1.0550
[1] 1400.0000    0.0000    0.9303   -0.0308    2.0839    1.1894
[1] 1500.0000    0.0000    0.9672    0.0551    2.0962    1.1986
[1] 1600.0000    1.0000    0.9427   -0.0476    2.0356    1.0957
[1] 1700.0000    0.0000    0.9259   -0.1299    1.8677    1.0764
[1] 1800.0000    0.0000    0.9234    0.0267    2.1354    1.1307
[1] 1900.0000    0.2198    0.9957    0.1360    2.1453    1.1822
[1] 2000.0000    0.0814    0.9978   -0.0075    1.9737    1.1535
[1] 2100.0000    1.0000    0.8081   -0.0131    2.0610    0.9300
[1] 2200.0000    0.8029    0.8580   -0.0085    1.9963    1.0161
[1] 2300.0000    0.0567    0.8377   -0.0234    2.0738    0.8487
[1] 2400.0000    0.0191    0.9355    0.0246    1.9569    1.1578
[1] 2500.0000    0.1030    0.9103    0.0305    2.1161    0.8545
[1] 2600.0000    0.0379    0.9658   -0.0508    2.0088    1.0023
[1] 2700.0000    0.1057    0.8044   -0.0824    1.9914    1.0835
[1] 2800.0000    0.0142    0.9204   -0.0143    2.0433    1.0405
[1] 2900.0000    0.0294    0.8994   -0.1745    1.9317    1.0050
[1] 3000.0000    0.0066    0.9297    0.0044    2.0447    1.1984
[1] 3100.0000    0.6788    0.8708    0.0939    2.0668    0.9667
[1] 3200.0000    0.5528    0.9676   -0.0099    1.9201    1.1339
[1] 3300.0000    0.0000    0.9877   -0.0299    2.0117    0.9428
[1] 3400.0000    0.0004    0.9515   -0.2145    1.7456    1.1198
[1] 3500.0000    1.0000    0.9338    0.0575    2.1779    0.8830
[1] 3600.0000    0.1795    0.9027   -0.0345    2.0405    1.1569
[1] 3700.0000    0.0002    0.9950    0.0696    2.0099    1.0085
[1] 3800.0000    0.0001    0.8653   -0.1337    1.8811    0.9884
[1] 3900.0000    0.0025    0.8514   -0.1760    1.8637    1.1876
[1] 4000.0000    0.6309    0.9388   -0.0281    1.9207    0.8131
[1] 4100.0000    0.5413    0.8096    0.0192    2.0518    1.0244
[1] 4200.0000    0.3031    0.9756   -0.1761    1.9406    0.9752
[1] 4300.0000    0.0000    0.9986   -0.0104    2.0564    0.9026
[1] 4400.0000    0.2138    0.9571    0.0893    2.0997    0.9932
[1] 4500.0000    1.0000    0.8410    0.0393    2.0102    1.1520
[1] 4600.0000    0.0287    0.8039   -0.0014    1.9618    1.1669
[1] 4700.0000    0.0252    0.9516    0.0287    2.1320    1.1937
[1] 4800.0000    0.9950    0.8536   -0.1953    1.8487    1.1437
[1] 4900.0000    0.6584    0.8201    0.1913    2.1929    1.1747
[1] 5000.0000    1.0000    0.9273   -0.0816    1.9025    1.0348
[1] 5100.0000    0.6937    0.8496   -0.0631    2.0435    0.8317
[1] 5200.0000    0.0063    0.8350   -0.0236    2.1454    1.0935
[1] 5300.0000    0.9598    0.8379   -0.1292    1.8694    1.0434
[1] 5400.0000    0.8599    0.8333    0.0186    2.0367    0.9811
[1] 5500.0000    0.0018    0.8506   -0.0262    1.9339    1.1979
[1] 5600.0000    0.1937    0.8407   -0.2962    1.9220    1.1085
[1] 5700.0000    0.5972    0.9979   -0.1558    1.8739    1.0573
[1] 5800.0000    0.1259    0.8612    0.0112    2.0995    1.0327
[1] 5900.0000    0.4747    0.8759   -0.2088    1.8834    1.0113
[1] 6000.0000    0.3287    0.8924   -0.0039    1.9576    1.0716
[1] 6100.0000    0.1471    0.9025    0.0813    2.0930    0.9119
[1] 6200.0000    1.0000    0.8336   -0.2076    1.8091    0.9759
[1] 6300.0000    0.0164    0.8959   -0.0578    2.0630    1.1826
[1] 6400.0000    0.4346    0.9022   -0.0041    1.9331    0.8332
[1] 6500.0000    0.1364    0.8697    0.0401    2.1076    0.9040
[1] 6600.0000    0.0593    0.8918   -0.1843    1.8703    1.0184
[1] 6700.0000    0.0007    0.9726   -0.2821    1.7728    1.0730
[1] 6800.0000    1.0000    0.8496   -0.0364    2.0357    0.9728
[1] 6900.0000    0.2521    0.9401   -0.2521    1.7385    0.9220
[1] 7000.0000    0.0024    0.8011   -0.0951    1.9265    1.0228
[1] 7100.0000    0.1569    0.8440    0.1916    2.0953    0.9302
[1] 7200.0000    0.0015    0.9645   -0.0213    1.9769    0.9109
[1] 7300.0000    0.0023    0.8821   -0.0778    2.0031    0.9361
[1] 7400.0000    0.0000    0.8164   -0.3204    1.6975    0.8600
[1] 7500.0000    0.1573    0.8682   -0.0767    2.0047    0.9160
[1] 7600.0000    0.0983    0.8332   -0.1447    1.9155    1.0877
[1] 7700.0000    0.0083    0.8552   -0.1740    1.8352    1.0850
[1] 7800.0000    0.0005    0.8139   -0.0948    1.9489    0.8702
[1] 7900.0000    0.3491    0.8037   -0.1057    1.9399    1.1632
[1] 8000.0000    0.2750    0.9186   -0.2584    1.7521    1.0026
[1] 8100.0000    0.7446    0.8687   -0.1126    1.9600    1.0506
[1] 8200.0000    0.0000    0.9273    0.1396    2.1201    0.9041
[1] 8300.0000    0.0014    0.8397    0.1548    2.1494    1.0813
[1] 8400.0000    1.0000    0.9278    0.0218    2.0030    0.8107
[1] 8500.0000    0.0003    0.9939   -0.0714    1.9180    1.0648
[1] 8600.0000    0.5146    0.9214   -0.0643    2.0381    1.0135
[1] 8700.0000    0.5696    0.8293   -0.1071    1.8786    0.8767
[1] 8800.0000    1.0000    0.9324   -0.0525    2.0186    0.8066
[1] 8900.0000    0.4429    0.9431   -0.1310    1.9962    1.1381
[1] 9000.0000    0.2165    0.9025   -0.0407    1.9174    0.9096
[1] 9100.0000    0.3618    0.8799    0.0796    2.0663    0.8591
[1] 9200.0000    1.0000    0.9069   -0.0585    2.0276    1.1995
[1] 9300.0000    0.0013    0.9856   -0.0024    1.9863    1.1370
[1] 9400.0000    0.0336    0.9943    0.2636    2.0934    1.0986
[1] 9500.0000    0.0000    0.9329   -0.1995    1.9523    0.8817
[1] 9600.0000    0.6052    0.9566   -0.2190    1.8332    1.1182
[1] 9700.0000    0.1788    0.8614   -0.0373    1.9917    0.9692
[1] 9800.0000    0.1263    0.8323    0.0161    1.9881    0.8368
[1] 9900.0000    0.0000    0.8466    0.2505    2.2454    0.8248
[1] 10000.0000     1.0000     0.8618    -0.3154     1.6884     0.8032
[1] 10100.0000     1.0000     0.9049     0.0519     2.0495     1.0751
[1] 10200.0000     0.0007     0.9084    -0.0695     1.9159     0.8386
[1] 10300.0000     0.0094     0.8120     0.0690     1.9722     0.8804
[1] 10400.0000     0.0444     0.8213     0.0539     2.0726     1.0055
[1] 10500.0000     1.0000     0.8159     0.1000     2.0401     1.1284
[1] 10600.0000     0.0327     0.9579     0.0929     2.1605     1.1829
[1] 10700.0000     0.0001     0.8531     0.1027     2.1228     0.8181
[1] 10800.0000     0.8930     0.8056    -0.0871     1.9900     0.8503
[1] 10900.0000     0.0000     0.8264    -0.0680     2.0761     1.1140
[1] 11000.0000     0.4233     0.8012    -0.0738     2.0531     0.9407
[1] 11100.0000     0.0002     0.9709     0.1177     2.1923     0.9321
[1] 11200.0000     1.0000     0.9412     0.0029     2.0898     0.8257
[1] 11300.0000     0.5164     0.9738    -0.1476     1.8490     1.1215
[1] 11400.0000     1.0000     0.9866    -0.0526     1.9723     0.8664
[1] 11500.0000     0.0000     0.9311    -0.1880     1.9026     0.8792
[1] 11600.0000     1.0000     0.9382    -0.1884     1.8687     0.8033
[1] 11700.0000     0.9043     0.9810    -0.1802     1.8862     0.9386
[1] 11800.0000     0.0171     0.9849    -0.0668     1.8842     1.0283
[1] 11900.0000     0.3700     0.8272     0.0971     2.0705     0.8962
[1] 12000.0000     0.0116     0.8543    -0.1647     1.8908     1.1591
[1] 12100.0000     0.3345     0.9452    -0.0155     1.9952     0.8400
[1] 12200.0000     0.0073     0.8279    -0.0764     1.8573     0.8199
[1] 12300.0000     0.1863     0.8815     0.0371     2.0457     0.9672
[1] 12400.0000     1.0000     0.8046    -0.1890     1.8718     0.8797
[1] 12500.0000     0.2636     0.9120     0.1186     2.1685     1.1259
[1] 12600.0000     0.0549     0.9359     0.0920     2.1494     1.1279
[1] 12700.0000     0.0001     0.9486     0.1354     2.1284     0.8166
[1] 12800.0000     0.0057     0.9108    -0.1637     1.8763     1.0765
[1] 12900.0000     0.2873     0.9378    -0.3907     1.6193     1.1252
[1] 13000.0000     0.0116     0.8840    -0.0659     1.8935     1.1100
[1] 13100.0000     0.0012     0.9404     0.0026     2.0366     0.9822
[1] 13200.0000     0.0062     0.9589    -0.1692     1.8307     1.1555
[1] 13300.0000     1.0000     0.9675     0.1038     2.1646     1.1190
[1] 13400.0000     0.0000     0.9485     0.1071     1.9270     1.0271
[1] 13500.0000     0.0006     0.8240    -0.0807     1.9716     1.0099
[1] 13600.0000     0.0055     0.8917    -0.1412     1.7948     1.0301
[1] 13700.0000     1.0000     0.8314    -0.0482     1.9905     0.8589
[1] 13800.0000     0.0001     0.8418    -0.1713     1.9127     1.1127
[1] 13900.0000     0.5538     0.8125    -0.0561     1.9675     1.1546
[1] 14000.0000     0.9152     0.9598     0.0131     1.9809     0.8043
[1] 14100.0000     0.0001     0.9236     0.1008     2.1137     0.9106
[1] 14200.0000     0.0648     0.9171    -0.0367     1.9502     0.8964
[1] 14300.0000     0.0215     0.8359    -0.1227     1.9557     1.0907
[1] 14400.0000     1.0000     0.8984    -0.0091     1.9676     1.1866
[1] 14500.0000     0.0012     0.8302     0.0555     2.1008     1.1813
[1] 14600.0000     0.0000     0.8329    -0.0895     1.9705     0.9630
[1] 14700.0000     0.9091     0.8840    -0.0888     1.9295     1.0394
[1] 14800.0000     0.0000     0.8106    -0.3010     1.7743     1.0978
[1] 14900.0000     0.5997     0.9485     0.0733     2.1483     1.1960
[1] 15000.0000     0.0000     0.9486    -0.1338     1.9143     0.9418
[1] 15100.0000     0.0150     0.9112    -0.1182     1.9164     1.0503
[1] 15200.0000     0.4066     0.9896     0.1235     2.0902     1.1186
[1] 15300.0000     0.0907     0.8296     0.1300     2.1955     1.1944
[1] 15400.0000     0.6928     0.9829     0.0059     2.0988     1.0368
[1] 15500.0000     0.3295     0.9973    -0.1549     1.9080     0.8711
[1] 15600.0000     0.8482     0.9912    -0.0798     1.9641     1.0551
[1] 15700.0000     0.0002     0.9705     0.2211     2.1909     0.8969
[1] 15800.0000     0.4493     0.9774    -0.1006     1.8385     1.1822
[1] 15900.0000     0.0000     0.9524     0.0342     2.1304     1.0855
[1] 16000.0000     0.6739     0.9761    -0.1873     1.9080     1.0600
[1] 16100.0000     1.0000     0.9477    -0.1456     1.8719     0.9420
[1] 16200.0000     1.0000     0.8455    -0.0276     2.0346     1.0509
[1] 16300.0000     0.0393     0.9320     0.0066     2.0554     1.0407
[1] 16400.0000     0.3658     0.8090    -0.0316     2.0075     0.8978
[1] 16500.0000     0.0431     0.9894     0.1383     2.1915     0.9222
[1] 16600.0000     1.0000     0.9292    -0.2395     1.8504     1.0485
[1] 16700.0000     0.1144     0.8804    -0.0537     2.0206     1.1815
[1] 16800.0000     0.0686     0.8165    -0.2288     1.8073     1.0376
[1] 16900.0000     0.0815     0.8221    -0.0691     1.8879     1.1575
[1] 17000.0000     0.7452     0.8355     0.0366     2.0763     0.9526
[1] 17100.0000     0.0464     0.9483     0.2357     2.2262     0.9775
[1] 17200.0000     0.2956     0.9497    -0.2448     1.7967     0.8252
[1] 17300.0000     0.7901     0.8396    -0.3199     1.7926     1.0131
[1] 17400.0000     1.0000     0.9623     0.0016     2.1562     1.1696
[1] 17500.0000     1.0000     0.9645    -0.1717     1.8285     0.9956
[1] 17600.0000     0.0145     0.9193    -0.0118     1.9718     0.8193
[1] 17700.0000     0.1036     0.8382     0.0405     1.9148     1.1091
[1] 17800.0000     1.0000     0.9968     0.0197     2.0389     0.8268
[1] 17900.0000     0.1750     0.8644    -0.0092     1.9583     1.0507
[1] 18000.0000     0.8592     0.9109     0.1826     2.2085     0.8712
[1] 18100.0000     0.0007     0.9137    -0.1180     1.9784     0.9014
[1] 18200.0000     1.0000     0.8073     0.1781     2.1533     0.9256
[1] 18300.0000     0.0550     0.9706    -0.0580     1.9749     1.1685
[1] 18400.0000     0.0002     0.9243    -0.3409     1.8170     1.1066
[1] 18500.0000     0.0093     0.8611    -0.1618     2.0029     0.9812
[1] 18600.0000     0.0293     0.8932     0.0210     2.1027     0.8460
[1] 18700.0000     0.6646     0.9071     0.0617     2.1172     1.1143
[1] 18800.0000     0.0133     0.9415     0.0325     2.1319     0.8205
[1] 18900.0000     0.0001     0.8297    -0.0434     2.0120     0.8354
[1] 19000.0000     1.0000     0.8087     0.0748     2.1549     1.1060
[1] 19100.0000     0.0335     0.8142    -0.2821     1.8072     1.0716
[1] 19200.0000     1.0000     0.8319     0.0276     1.9793     1.0132
[1] 19300.0000     0.5115     0.8940    -0.0132     1.9515     1.1248
[1] 19400.0000     0.1510     0.8040    -0.1096     1.8818     1.1551
[1] 19500.0000     0.0000     0.9633     0.2842     2.1650     1.1823
[1] 19600.0000     0.0717     0.9711     0.0287     2.1233     1.0171
[1] 19700.0000     0.0679     0.8143     0.0861     2.1071     0.8081
[1] 19800.0000     0.4394     0.9324     0.1054     2.1487     1.1958
[1] 19900.0000     0.7624     0.8349     0.2117     2.2343     0.9661
[1] 20000.0000     0.3702     0.8545    -0.2261     1.8589     0.8923
[1] 20100.0000     0.0000     0.8622     0.0194     2.0241     0.8640
[1] 20200.0000     1.0000     0.9840     0.0042     2.0606     1.1380
[1] 20300.0000     0.0618     0.9350    -0.4278     1.6709     0.8887
[1] 20400.0000     1.0000     0.8446    -0.0274     1.9622     1.0333
[1] 20500.0000     0.0080     0.9905    -0.0969     1.9714     1.0353
[1] 20600.0000     0.1927     0.8909    -0.0590     1.9971     1.1489
[1] 20700.0000     0.7726     0.8107     0.1735     2.1086     1.0874
[1] 20800.0000     1.0000     0.9981     0.0896     2.1802     1.0246
[1] 20900.0000     0.0000     0.8547    -0.0036     1.9913     0.9562
[1] 21000.0000     0.1522     0.8708    -0.1248     1.9314     1.1617
[1] 21100.0000     0.1203     0.9291    -0.0370     1.9767     1.1428
[1] 21200.0000     1.0000     0.9611     0.0447     2.0767     0.8029
[1] 21300.0000     0.0008     0.8214    -0.0365     1.8727     1.0391
[1] 21400.0000     1.0000     0.8276     0.0484     2.0588     0.8233
[1] 21500.0000     0.0425     0.8906    -0.0033     2.0669     0.8206
[1] 21600.0000     0.5904     0.8069     0.0427     2.0354     0.8555
[1] 21700.0000     0.3082     0.9973    -0.1334     1.9274     0.9605
[1] 21800.0000     0.6295     0.8778     0.0630     2.1748     1.0685
[1] 21900.0000     0.3284     0.9598     0.0696     2.1453     0.8497
[1] 22000.0000     0.2125     0.8850     0.0626     2.0177     0.9555
[1] 22100.0000     0.2049     0.8953     0.0597     2.0697     0.9321
[1] 22200.0000     0.4181     0.8579    -0.1927     1.9037     0.8534
[1] 22300.0000     0.0631     0.9726    -0.1367     2.0458     0.8521
[1] 22400.0000     0.7531     0.8145    -0.1439     1.9005     0.8604
[1] 22500.0000     0.0004     0.8239    -0.0322     2.0345     1.1368
[1] 22600.0000     0.0000     0.8006    -0.1223     1.9631     0.8902
[1] 22700.0000     0.0008     0.8271    -0.1089     1.9128     1.1968
[1] 22800.0000     0.0643     0.8972    -0.0974     1.7968     1.0231
[1] 22900.0000     0.1534     0.8804    -0.1167     1.9480     0.9211
[1] 23000.0000     0.0002     0.8188    -0.0858     1.9374     1.0070
[1] 23100.0000     0.3422     0.8119     0.1249     2.0661     1.0551
[1] 23200.0000     0.0439     0.9832     0.0366     2.1091     0.9881
[1] 23300.0000     0.0000     0.9727     0.1544     2.1438     0.9482
[1] 23400.0000     0.3485     0.8888     0.0598     1.9673     1.0444
[1] 23500.0000     0.6141     0.8797     0.0175     2.0895     0.8266
[1] 23600.0000     1.0000     0.8573    -0.1045     2.0137     0.9429
[1] 23700.0000     0.2115     0.8580    -0.1202     1.8842     0.8494
[1] 23800.0000     1.0000     0.9299    -0.0522     1.8764     1.0580
[1] 23900.0000     0.7692     0.8722     0.1155     2.0675     0.8735
[1] 24000.0000     1.0000     0.9239     0.0556     2.1133     0.9362
[1] 24100.0000     1.0000     0.9214    -0.0778     2.0333     0.8541
[1] 24200.0000     0.0138     0.9331    -0.1893     1.9957     1.1419
[1] 24300.0000     0.1993     0.9595    -0.0860     1.9607     0.9607
[1] 24400.0000     1.0000     0.9947    -0.0040     1.9688     0.9697
[1] 24500.0000     0.0143     0.8969     0.0674     2.0874     1.0480
[1] 24600.0000     0.0000     0.8781    -0.0162     2.0282     0.8812
[1] 24700.0000     0.2348     0.8340     0.0172     2.0349     1.1974
[1] 24800.0000     0.0004     0.8460    -0.0387     1.9956     0.9489
[1] 24900.0000     0.0115     0.9126    -0.1124     2.0688     1.0268
[1] 25000.0000     1.0000     0.8801     0.1324     2.1458     0.8235
[1] 25100.0000     0.7805     0.8419    -0.0665     2.0253     0.8544
[1] 25200.0000     0.1221     0.9507    -0.0217     2.0725     0.9719
[1] 25300.0000     0.0006     0.9779    -0.1234     1.9629     0.8977
[1] 25400.0000     0.6732     0.8988    -0.1648     1.7895     1.0888
[1] 25500.0000     0.4505     0.8147    -0.1830     1.8389     1.1844
[1] 2.560e+04 6.400e-02 9.926e-01 1.535e-01 2.113e+00 9.855e-01
[1] 25700.0000     0.1684     0.8976    -0.2606     1.8238     0.9408
[1] 25800.0000     0.0330     0.9689    -0.0252     2.0246     1.1962
[1] 25900.0000     0.0060     0.8683     0.1071     2.0817     0.8098
[1] 26000.0000     0.4855     0.9492    -0.0953     1.8575     1.0058
[1] 26100.0000     0.0687     0.8951    -0.0580     2.0450     0.8249
[1] 26200.0000     0.5441     0.8601    -0.0462     2.0592     0.9041
[1] 26300.0000     0.9533     0.8623    -0.1716     1.9349     1.0835
[1] 26400.0000     0.0688     0.8855     0.1326     2.0158     1.0131
[1] 26500.0000     0.0956     0.8034    -0.3013     1.7699     1.1338
[1] 26600.0000     0.4377     0.8720    -0.1540     1.8493     0.9170
[1] 26700.0000     0.0968     0.9721    -0.0356     2.0004     0.8075
[1] 26800.0000     0.1232     0.8173    -0.0956     1.9709     0.9752
[1] 26900.0000     0.0112     0.9241     0.0492     2.0668     1.0646
[1] 27000.0000     0.7734     0.8977    -0.0956     1.9799     0.8661
[1] 27100.0000     0.0046     0.8095     0.0196     1.9947     1.0497
[1] 27200.0000     0.0477     0.8628    -0.0847     1.9631     1.0265
[1] 27300.0000     0.0006     0.9608    -0.1424     1.8560     0.8492
[1] 27400.0000     0.0888     0.8725    -0.1908     1.8177     1.1899
[1] 27500.0000     1.0000     0.8366     0.0062     2.0248     1.0805
[1] 27600.0000     0.0112     0.8069     0.0299     2.0532     0.9996
[1] 27700.0000     0.0062     0.8768     0.1288     2.1603     1.0202
[1] 27800.0000     0.0000     0.8358     0.0161     2.0679     1.1051
[1] 27900.0000     0.5966     0.8774     0.0630     2.0590     1.0564
[1] 28000.0000     0.0000     0.9003    -0.0289     2.0233     0.9918
[1] 28100.0000     0.0000     0.9262    -0.0371     2.0439     1.0710
[1] 28200.0000     0.6033     0.9920     0.1238     2.1302     1.1206
[1] 28300.0000     0.0249     0.8510    -0.1054     1.8980     0.8048
[1] 28400.0000     0.6780     0.9594    -0.0234     1.9475     0.8105
[1] 28500.0000     1.0000     0.8206     0.0218     2.0803     1.0447
[1] 28600.0000     0.0015     0.9775    -0.0755     1.9700     0.9079
[1] 28700.0000     0.2526     0.8497     0.0512     2.0195     1.1155
[1] 28800.0000     1.0000     0.9743     0.0444     2.1161     0.8723
[1] 28900.0000     0.3254     0.8662    -0.1468     1.9533     0.8550
[1] 29000.0000     1.0000     0.8095     0.0604     2.0724     1.0816
[1] 29100.0000     0.0038     0.9156    -0.0164     2.0562     0.8172
[1] 29200.0000     0.0084     0.9889    -0.3470     1.7794     1.0979
[1] 2.930e+04 3.949e-01 9.373e-01 4.560e-02 1.978e+00 8.252e-01
[1] 29400.0000     0.0107     0.9512     0.0362     1.9084     1.1262
[1] 29500.0000     0.0000     0.9711    -0.0905     1.9983     0.9025
[1] 29600.0000     0.0344     0.8135    -0.0062     2.0101     0.8030
[1] 29700.0000     0.0364     0.8203    -0.1209     1.8850     1.1249
[1] 29800.0000     0.7310     0.8701     0.0052     2.0762     0.8024
[1] 29900.0000     1.0000     0.9798    -0.0465     1.9681     1.0014
[1] 30000.0000     0.0352     0.9561     0.0183     1.9768     1.0811
[1] 0.3640254
Time difference of 4.602696 hours
null device 
          1 
