[1] "El numero de nodos X particion es: 10"
[1] "Model = M2 / Data = sim_data/datasetSVCMatern14.Rdata"
[1] 100.0000   0.0348   0.8087  -0.0080   1.9914   0.8554
[1] 200.0000   0.0000   0.8224  -0.0125   1.9934   0.8107
[1] 300.0000   0.0000   0.8158  -0.0074   1.9958   0.8683
[1] 400.0000   0.0000   0.8045   0.0059   1.9958   0.8124
[1] 500.0000   0.0084   0.8380  -0.0096   1.9957   0.8203
[1] 600.0000   0.0000   0.8148   0.0066   1.9913   0.8457
[1] 700.0000   0.0001   0.8099   0.0255   1.9881   0.8058
[1] 800.0000   0.0000   0.8391   0.1201   1.9970   0.8955
[1] 900.0000   0.0000   0.8019   0.0135   1.9975   0.8122
[1] 1000.0000    0.0000    0.8287    0.0430    1.9996    0.8229
[1] 1100.0000    0.0000    0.8482    0.0018    1.9995    0.8025
[1] 1200.0000    0.0017    0.8066   -0.0683    2.0041    0.8120
[1] 1300.0000    0.0001    0.8438    0.0660    2.0060    0.8351
[1] 1400.0000    0.0042    0.8262   -0.0277    2.0127    0.8068
[1] 1500.0000    0.1731    0.8338    0.0962    2.0280    0.8615
[1] 1600.0000    0.0000    0.8319    0.0644    2.0294    0.8416
[1] 1700.0000    0.0000    0.8163    0.1452    2.1156    0.8247
[1] 1800.0000    0.0001    0.9410    0.0331    2.2548    0.8062
[1] 1900.0000    0.0000    0.8025    0.0014    2.1975    0.8224
[1] 2000.0000    1.0000    0.8107    0.0483    2.2850    0.8113
[1] 2100.0000    0.0000    0.8967    0.1201    2.3649    0.8513
[1] 2200.0000    0.0003    0.8135    0.1075    2.2879    0.8463
[1] 2300.0000    0.0000    0.8377    0.2081    2.3632    0.8487
[1] 2400.0000    0.0000    0.8066    0.1029    2.3344    0.8424
[1] 2500.0000    0.0000    0.8049   -0.0481    2.2596    0.8298
[1] 2600.0000    0.1754    0.8617    0.0433    2.3747    0.8044
[1] 2700.0000    0.6212    0.8423    0.0800    2.2495    0.8316
[1] 2800.0000    0.0066    0.8356    0.0177    2.2706    0.8098
[1] 2900.0000    0.0000    0.8470    0.0808    2.2505    0.8434
[1] 3000.0000    0.0000    0.8048   -0.0097    2.3102    0.8289
[1] 3100.0000    0.0072    0.8016    0.1229    2.2525    0.8208
[1] 3200.0000    0.0000    0.8016    0.1229    2.2525    0.8208
[1] 3300.0000    0.0000    0.9359    0.1931    2.2424    0.8579
[1] 3400.0000    0.0000    0.8220   -0.0982    2.2691    0.8432
[1] 3500.0000    0.0017    0.8208    0.0723    2.2473    0.8172
[1] 3600.0000    0.0000    0.8208    0.0723    2.2473    0.8172
[1] 3700.0000    0.0013    0.8186    0.0562    2.2706    0.8199
[1] 3800.0000    0.0002    0.8393    0.0389    2.2907    0.8113
[1] 3900.0000    0.0001    0.8319    0.0411    2.3220    0.8180
[1] 4000.0000    0.2531    0.9388    0.0914    2.2328    0.8131
[1] 4100.0000    0.0033    0.8162    0.1036    2.3780    0.8188
[1] 4200.0000    0.0001    0.9309    0.0864    2.1856    0.8077
[1] 4300.0000    0.0000    0.8260   -0.0130    2.3291    0.8160
[1] 4400.0000    0.0006    0.8105    0.0330    2.2451    0.8292
[1] 4500.0000    0.0003    0.9750    0.0665    2.3439    0.8138
[1] 4600.0000    0.0201    0.9581    0.1486    2.3098    0.8180
[1] 4700.0000    0.0000    0.9384    0.1317    2.2575    0.8151
[1] 4800.0000    0.0000    0.8150    0.0933    2.2699    0.8017
[1] 4900.0000    0.0000    0.8150    0.0933    2.2699    0.8017
[1] 5000.0000    0.0000    0.8150    0.0933    2.2699    0.8017
[1] 5100.0000    0.0095    0.8192   -0.1281    2.2913    0.8134
[1] 5200.0000    1.0000    0.9005    0.0135    2.4129    0.8630
[1] 5300.0000    0.0000    0.8705   -0.0105    2.2928    0.8032
[1] 5400.0000    0.0000    0.8369    0.0749    2.2321    0.8312
[1] 5500.0000    0.0000    0.8219    0.1323    2.2907    0.8388
[1] 5600.0000    0.0000    0.8360    0.0402    2.2532    0.8898
[1] 5700.0000    0.0000    0.8422    0.0006    2.2325    0.8270
[1] 5800.0000    0.0000    0.8405    0.1021    2.3059    0.8036
[1] 5900.0000    0.0000    0.8022    0.0844    2.1537    0.8011
[1] 6000.0000    0.1288    0.8164    0.0865    2.3401    0.8358
[1] 6100.0000    0.0000    0.8694    0.1419    2.3301    0.8580
[1] 6200.0000    0.0265    0.8741   -0.0288    2.2454    0.8043
[1] 6300.0000    0.0040    0.8142    0.0332    2.2864    0.8255
[1] 6400.0000    0.5522    0.9022   -0.0009    2.1794    0.8332
[1] 6500.0000    0.0000    0.9145    0.0466    2.2930    0.8046
[1] 6600.0000    0.0000    0.8031   -0.0367    2.2997    0.8382
[1] 6700.0000    0.0000    0.8420    0.0882    2.3137    0.8199
[1] 6800.0000    0.0013    0.8172    0.0026    2.2205    0.8175
[1] 6900.0000    0.0000    0.8443    0.0348    2.2713    0.8055
[1] 7000.0000    0.0000    0.8543    0.0614    2.2175    0.8271
[1] 7100.0000    0.6354    0.8440    0.0931    2.2999    0.9302
[1] 7200.0000    0.5547    0.8089    0.1552    2.3414    0.8029
[1] 7300.0000    0.0000    0.8132    0.0521    2.3429    0.8533
[1] 7400.0000    0.0000    0.8109   -0.0154    2.2542    0.8328
[1] 7500.0000    0.0000    0.8477    0.0610    2.2538    0.8372
[1] 7600.0000    0.0000    0.8039    0.0238    2.2066    0.8347
[1] 7700.0000    0.0014    0.8209   -0.0729    2.3182    0.8882
[1] 7800.0000    0.0000    0.8139    0.0816    2.2116    0.8702
[1] 7900.0000    0.0000    0.8303    0.0482    2.3596    0.8084
[1] 8000.0000    0.0000    0.8026    0.1196    2.3017    0.8136
[1] 8100.0000    0.0000    0.8164    0.0151    2.3205    0.8241
[1] 8200.0000    0.0013    0.8642    0.0868    2.3684    0.8389
[1] 8300.0000    0.0000    0.8222    0.0349    2.2735    0.8438
[1] 8400.0000    0.0033    0.8198    0.0313    2.3043    0.8278
[1] 8500.0000    0.0000    0.8454    0.0991    2.2433    0.8058
[1] 8600.0000    0.0005    0.8214    0.1885    2.3227    0.8066
[1] 8700.0000    1.0000    0.8293    0.1626    2.2746    0.8767
[1] 8800.0000    0.2400    0.9324    0.0745    2.3313    0.8066
[1] 8900.0000    0.0000    0.8279    0.0463    2.2554    0.8018
[1] 9000.0000    0.0000    0.8297    0.0850    2.3626    0.9006
[1] 9100.0000    0.0000    0.8060   -0.0358    2.2177    0.8104
[1] 9200.0000    0.0000    0.8060   -0.0358    2.2177    0.8104
[1] 9300.0000    0.0372    0.9290   -0.0302    2.2996    0.8077
[1] 9400.0000    1.0000    0.8662    0.1243    2.2652    0.8284
[1] 9500.0000    0.0000    0.8005   -0.0008    2.2918    0.8089
[1] 9600.0000    0.0000    0.8108    0.0475    2.2190    0.8137
[1] 9700.0000    0.0000    0.8110   -0.0291    2.2181    0.8190
[1] 9800.0000    0.1019    0.8286    0.0642    2.3100    0.8022
[1] 9900.0000    0.0000    0.8466    0.0272    2.2141    0.8248
[1] 10000.0000     0.1948     0.8017     0.1036     2.3745     0.8055
[1] 10100.0000     0.0000     0.8950     0.0194     2.2086     0.8076
[1] 10200.0000     0.0312     0.8142     0.0867     2.1703     0.8101
[1] 10300.0000     0.0000     0.8120     0.1149     2.1981     0.8804
[1] 10400.0000     0.0000     0.9870     0.0638     2.2614     0.8317
[1] 10500.0000     0.0008     0.8804     0.0629     2.3446     0.8344
[1] 10600.0000     0.0000     0.8032     0.1101     2.3075     0.8260
[1] 10700.0000     0.0000     0.8531     0.1308     2.3567     0.8181
[1] 10800.0000     1.0000     0.8056     0.0579     2.2757     0.8503
[1] 10900.0000     0.2663     0.8191     0.0996     2.1979     0.8008
[1] 11000.0000     0.0312     0.8321     0.2007     2.3884     0.8194
[1] 11100.0000     0.0000     0.8731    -0.0631     2.3099     0.8039
[1] 11200.0000     0.0315     0.8127     0.0660     2.2135     0.8276
[1] 11300.0000     0.0000     0.8279     0.0285     2.3695     0.8073
[1] 11400.0000     0.0009     0.8102    -0.0313     2.3279     0.8033
[1] 11500.0000     0.0082     0.8034     0.0153     2.3156     0.8501
[1] 11600.0000     1.0000     0.9382     0.0866     2.3082     0.8033
[1] 11700.0000     0.0741     0.8884    -0.0936     2.2035     0.8082
[1] 11800.0000     0.0411     0.8440    -0.0194     2.3049     0.8198
[1] 11900.0000     0.0000     0.8347     0.1161     2.2724     0.8020
[1] 12000.0000     0.0000     0.8347     0.1161     2.2724     0.8020
[1] 12100.0000     0.0000     0.8005    -0.0323     2.3742     0.8375
[1] 12200.0000     0.0566     0.8000     0.0928     2.2702     0.8325
[1] 12300.0000     0.0000     0.8010     0.0147     2.3139     0.8810
[1] 12400.0000     0.3660     0.8046     0.0604     2.1609     0.8797
[1] 1.250e+04 1.000e-04 8.011e-01 1.226e-01 2.305e+00 8.469e-01
[1] 12600.0000     0.0000     0.8021     0.0986     2.3864     0.8910
[1] 12700.0000     0.0011     0.8359     0.0939     2.3313     0.8096
[1] 12800.0000     0.0000     0.8032     0.0460     2.2955     0.9473
[1] 12900.0000     0.0004     0.8176     0.0050     2.2615     0.8160
[1] 13000.0000     0.0000     0.8176     0.0050     2.2615     0.8160
[1] 13100.0000     0.0000     0.8064     0.0085     2.3501     0.8307
[1] 13200.0000     0.0088     0.8064     0.0085     2.3501     0.8307
[1] 13300.0000     0.0000     0.8064     0.0085     2.3501     0.8307
[1] 13400.0000     0.0000     0.8423     0.1159     2.2235     0.9189
[1] 13500.0000     0.0000     0.8466     0.0871     2.4739     0.8143
[1] 13600.0000     0.0000     0.8227    -0.0771     2.2815     0.8291
[1] 13700.0000     0.0624     0.8280     0.0419     2.2967     0.8104
[1] 13800.0000     0.0016     0.8280     0.0419     2.2967     0.8104
[1] 1.390e+04 2.389e-01 8.260e-01 6.300e-02 2.331e+00 8.385e-01
[1] 14000.0000     1.0000     0.9598     0.0022     2.2454     0.8043
[1] 1.410e+04 0.000e+00 9.157e-01 1.142e-01 2.238e+00 8.035e-01
[1] 14200.0000     0.0000     0.8479     0.0925     2.3325     0.8739
[1] 14300.0000     0.0000     0.8050     0.0139     2.3359     0.8010
[1] 14400.0000     0.0000     0.8050     0.0139     2.3359     0.8010
[1] 14500.0000     0.0000     0.8089     0.0117     2.3128     0.8141
[1] 14600.0000     0.0041     0.8084     0.0759     2.2909     0.8928
[1] 14700.0000     0.0006     0.8389     0.0570     2.3358     0.8582
[1] 1.480e+04 5.000e-04 8.390e-01 8.250e-02 2.299e+00 8.089e-01
[1] 14900.0000     0.0000     0.8246    -0.0111     2.2383     0.8054
[1] 15000.0000     0.0000     0.8246    -0.0111     2.2383     0.8054
[1] 15100.0000     0.0040     0.8384     0.1393     2.2443     0.8510
[1] 15200.0000     0.0000     0.8107     0.0043     2.3512     0.8282
[1] 15300.0000     0.0000     0.8239     0.0813     2.3644     0.8049
[1] 15400.0000     0.0000     0.9295     0.0717     2.2946     0.8135
[1] 15500.0000     0.0000     0.8279     0.0252     2.2276     0.8509
[1] 15600.0000     0.0000     0.8379     0.0814     2.2709     0.9455
[1] 15700.0000     0.0028     0.8837     0.0696     2.3575     0.8247
[1] 15800.0000     0.0000     0.8620     0.0845     2.2267     0.8301
[1] 15900.0000     0.0061     0.8645     0.0425     2.2961     0.8057
[1] 16000.0000     0.0001     0.8545     0.1770     2.2739     0.8656
[1] 16100.0000     0.0010     0.8798     0.1434     2.3473     0.8006
[1] 16200.0000     0.0001     0.8074     0.0808     2.2312     0.8047
[1] 16300.0000     0.0000     0.8074     0.0808     2.2312     0.8047
[1] 16400.0000     0.0000     0.8102     0.0381     2.2523     0.8252
[1] 1.650e+04 2.000e-04 8.273e-01 2.570e-02 2.199e+00 8.232e-01
[1] 16600.0000     0.0003     0.8153     0.1428     2.3349     0.9176
[1] 16700.0000     0.0000     0.8724     0.1265     2.2437     0.8357
[1] 16800.0000     0.1840     0.8465     0.0964     2.3038     0.8708
[1] 16900.0000     0.0000     0.8583     0.0544     2.1986     0.9158
[1] 17000.0000     0.0309     0.8727     0.0306     2.3031     0.8408
[1] 17100.0000     0.1442     0.8070     0.2098     2.4113     0.8556
[1] 17200.0000     0.1161     0.9233     0.0149     2.3023     0.8592
[1] 17300.0000     0.0033     0.9116    -0.0686     2.2390     0.8190
[1] 17400.0000     0.0000     0.8171    -0.0092     2.3947     0.8097
[1] 17500.0000     0.0000     0.8073    -0.0215     2.2513     0.8216
[1] 17600.0000     0.0000     0.8346     0.0254     2.3034     0.8132
[1] 17700.0000     0.0000     0.8709    -0.1362     2.2857     0.8094
[1] 17800.0000     0.0174     0.8326    -0.0626     2.3165     0.8103
[1] 17900.0000     0.0000     0.8326    -0.0626     2.3165     0.8103
[1] 18000.0000     0.0070     0.8051     0.0031     2.2882     0.8021
[1] 18100.0000     0.0000     0.8051     0.0031     2.2882     0.8021
[1] 18200.0000     0.1606     0.8127     0.0381     2.3263     0.8547
[1] 18300.0000     0.0001     0.8289     0.0542     2.2726     0.8326
[1] 1.840e+04 2.000e-03 8.337e-01 6.990e-02 2.282e+00 8.537e-01
[1] 18500.0000     0.8226     0.8751     0.1102     2.2894     0.8892
[1] 18600.0000     0.0001     0.8092     0.0412     2.3668     0.8171
[1] 18700.0000     0.0001     0.8306     0.0077     2.2175     0.9156
[1] 18800.0000     0.0073     0.8360    -0.0182     2.2672     0.8264
[1] 18900.0000     0.0000     0.8065    -0.0540     2.3851     0.8385
[1] 19000.0000     0.0003     0.8366     0.1440     2.3058     0.8015
[1] 19100.0000     1.0000     0.9272     0.0645     2.3604     0.8583
[1] 19200.0000     0.0048     0.9053     0.0048     2.2325     0.8362
[1] 19300.0000     0.0000     0.8184     0.0511     2.2468     0.8281
[1] 19400.0000     0.0017     0.8184     0.0511     2.2468     0.8281
[1] 19500.0000     0.0000     0.8153    -0.0096     2.2017     0.8278
[1] 19600.0000     0.0000     0.8270     0.0086     2.3018     0.8071
[1] 1.970e+04 1.700e-03 8.143e-01 2.930e-02 2.300e+00 8.081e-01
[1] 1.980e+04 0.000e+00 8.143e-01 2.930e-02 2.300e+00 8.081e-01
[1] 19900.0000     0.0046     0.8013     0.1273     2.2763     0.8048
[1] 20000.0000     0.0035     0.8209     0.0938     2.2668     0.8037
[1] 20100.0000     0.0000     0.9095     0.1065     2.3505     0.8138
[1] 20200.0000     0.0000     0.8308     0.0587     2.2909     0.8365
[1] 20300.0000     0.0001     0.8598     0.0706     2.2917     0.8311
[1] 20400.0000     0.0012     0.8275     0.0697     2.2734     0.8390
[1] 20500.0000     0.0036     0.8162    -0.0101     2.2449     0.8024
[1] 20600.0000     0.0000     0.8049     0.1014     2.3441     0.8647
[1] 20700.0000     0.0007     0.8405     0.0975     2.3138     0.8214
[1] 20800.0000     0.0003     0.9199     0.1070     2.4193     0.8146
[1] 20900.0000     0.0000     0.8352    -0.0198     2.3092     0.8133
[1] 21000.0000     0.0000     0.8111     0.0508     2.3412     0.8016
[1] 21100.0000     0.0000     0.8180     0.0190     2.2645     0.8015
[1] 21200.0000     0.1682     0.8541     0.0924     2.2545     0.8134
[1] 21300.0000     0.1344     0.8260     0.0739     2.0916     0.9202
[1] 21400.0000     1.0000     0.8276     0.0666     2.1626     0.8233
[1] 21500.0000     0.0000     0.8085     0.0598     2.2595     0.8256
[1] 21600.0000     0.0000     0.8082     0.0002     2.3344     0.8092
[1] 21700.0000     0.0000     0.8082     0.0002     2.3344     0.8092
[1] 21800.0000     0.0000     0.8101     0.1135     2.3652     0.8371
[1] 21900.0000     0.0002     0.8203     0.1672     2.3373     0.8284
[1] 22000.0000     0.0061     0.8604     0.0823     2.3794     0.8555
[1] 2.210e+04 8.000e-04 8.263e-01 4.060e-02 2.321e+00 8.135e-01
[1] 22200.0000     0.1054     0.8082     0.0242     2.2611     0.8508
[1] 22300.0000     0.0056     0.8501     0.0877     2.3087     0.8065
[1] 22400.0000     0.0004     0.8145     0.1064     2.2817     0.8604
[1] 22500.0000     0.0004     0.8623     0.0515     2.3407     0.8008
[1] 22600.0000     0.0000     0.8006     0.0681     2.4388     0.8902
[1] 22700.0000     0.0001     0.8470     0.0881     2.1634     0.8148
[1] 22800.0000     0.0000     0.8002     0.1052     2.1954     0.8609
[1] 22900.0000     0.0002     0.8804     0.0893     2.2581     0.9211
[1] 23000.0000     0.0000     0.8266     0.0357     2.3458     0.8187
[1] 23100.0000     0.0013     0.8170    -0.0023     2.2595     0.8192
[1] 2.320e+04 1.960e-02 8.288e-01 1.514e-01 2.355e+00 8.616e-01
[1] 2.330e+04 3.000e-04 8.540e-01 3.170e-02 2.252e+00 8.124e-01
[1] 2.340e+04 0.000e+00 8.540e-01 3.170e-02 2.252e+00 8.124e-01
[1] 23500.0000     0.0000     0.8797     0.1910     2.4094     0.8266
[1] 23600.0000     0.0077     0.8176     0.0796     2.2189     0.8266
[1] 2.370e+04 1.000e-04 8.408e-01 2.430e-02 2.289e+00 8.309e-01
[1] 23800.0000     0.0000     0.8226     0.1109     2.2763     0.8748
[1] 23900.0000     0.0198     0.8157     0.0565     2.3762     0.8034
[1] 24000.0000     0.0020     0.8384     0.0407     2.2162     0.8235
[1] 24100.0000     0.0024     0.8137    -0.0448     2.3313     0.8441
[1] 24200.0000     0.0000     0.8153    -0.0399     2.3207     0.8510
[1] 24300.0000     0.0000     0.8141     0.0188     2.3815     0.8114
[1] 24400.0000     0.0001     0.9073     0.0785     2.2435     0.8252
[1] 2.450e+04 9.580e-02 8.797e-01 1.184e-01 2.174e+00 8.251e-01
[1] 24600.0000     0.0048     0.8866     0.0332     2.3012     0.8055
[1] 24700.0000     0.0242     0.8984    -0.0698     2.2769     0.8021
[1] 24800.0000     0.0000     0.8375     0.0374     2.3404     0.8028
[1] 24900.0000     0.0000     0.8313     0.0150     2.2084     0.8314
[1] 25000.0000     0.3458     0.8801     0.1115     2.2376     0.8235
[1] 25100.0000     1.0000     0.8419     0.1477     2.2763     0.8544
[1] 25200.0000     0.0001     0.8480     0.1112     2.3177     0.8149
[1] 2.530e+04 5.000e-04 8.007e-01 5.410e-02 2.199e+00 8.288e-01
[1] 25400.0000     0.0000     0.8105    -0.0296     2.2934     0.8003
[1] 25500.0000     0.0035     0.8417     0.0692     2.2993     0.8432
[1] 25600.0000     0.0001     0.8372     0.1014     2.3587     0.8099
[1] 25700.0000     0.0000     0.8228     0.0400     2.2039     0.8012
[1] 25800.0000     0.0000     0.8043     0.1346     2.3046     0.8730
[1] 25900.0000     0.0001     0.8683     0.1676     2.3828     0.8098
[1] 26000.0000     0.0001     0.8677     0.0608     2.2759     0.8040
[1] 26100.0000     0.0000     0.8060     0.0340     2.3832     0.8106
[1] 2.620e+04 3.940e-02 8.151e-01 4.780e-02 2.332e+00 8.623e-01
[1] 26300.0000     0.0002     0.9151    -0.0129     2.3463     0.8004
[1] 26400.0000     0.0005     0.8767     0.0601     2.3219     0.8041
[1] 26500.0000     0.0004     0.8084     0.0854     2.3565     0.8192
[1] 26600.0000     0.0000     0.8083     0.0304     2.2315     0.8096
[1] 26700.0000     0.0003     0.8285     0.0071     2.3916     0.8378
[1] 26800.0000     0.0000     0.8180    -0.0181     2.3649     0.8719
[1] 26900.0000     0.0005     0.8189     0.1570     2.2596     0.8701
[1] 27000.0000     0.0276     0.8377     0.1281     2.2358     0.8045
[1] 27100.0000     0.0000     0.8024     0.1129     2.2562     0.8285
[1] 2.720e+04 8.477e-01 8.427e-01 5.240e-02 2.344e+00 8.531e-01
[1] 27300.0000     0.0000     0.9608     0.0761     2.3344     0.8492
[1] 27400.0000     0.0000     0.8173     0.0846     2.3091     0.8023
[1] 27500.0000     0.0011     0.9534     0.0983     2.3152     0.8238
[1] 27600.0000     0.0000     0.8606     0.0658     2.2669     0.8002
[1] 27700.0000     0.0000     0.8219     0.1018     2.2745     0.8500
[1] 27800.0000     0.0000     0.8085     0.0343     2.4043     0.8672
[1] 2.790e+04 4.500e-03 8.085e-01 5.080e-02 2.224e+00 8.456e-01
[1] 28000.0000     0.2247     0.8699    -0.0591     2.2020     0.8155
[1] 28100.0000     0.0000     0.8708     0.0286     2.2595     0.8258
[1] 28200.0000     0.0003     0.8099    -0.0593     2.3007     0.8097
[1] 28300.0000     0.3937     0.8510     0.0622     2.1721     0.8048
[1] 28400.0000     0.0169     0.8124     0.1107     2.2517     0.8022
[1] 2.850e+04 2.800e-03 8.257e-01 7.350e-02 2.207e+00 8.766e-01
[1] 28600.0000     0.0003     0.8007     0.0618     2.2176     0.8252
[1] 28700.0000     0.1160     0.8456    -0.0349     2.3187     0.8349
[1] 28800.0000     0.0023     0.8366     0.0459     2.2758     0.8214
[1] 28900.0000     0.0000     0.8362     0.0635     2.3527     0.8240
[1] 29000.0000     0.0002     0.8071     0.1135     2.3276     0.8504
[1] 29100.0000     0.0000     0.8438     0.0758     2.3668     0.8008
[1] 29200.0000     0.0000     0.8470     0.0757     2.2507     0.8568
[1] 29300.0000     0.0001     0.8018     0.1297     2.3107     0.8279
[1] 29400.0000     0.0022     0.8012     0.1046     2.3238     0.8060
[1] 29500.0000     0.6926     0.8146    -0.0275     2.3544     0.8093
[1] 29600.0000     0.0000     0.8135     0.0022     2.3894     0.8030
[1] 29700.0000     0.0860     0.8135     0.0496     2.2355     0.9081
[1] 29800.0000     1.0000     0.8701     0.1113     2.3123     0.8024
[1] 29900.0000     0.0001     0.8400     0.0595     2.3031     0.8660
[1] 30000.0000     0.0047     0.8610    -0.0497     2.3497     0.8032
[1] 0.05231791
Time difference of 11.87511 hours
null device 
          1 
