[1] "El numero de nodos X particion es: 10"
[1] "Model = M1 / Data = sim_data/datasetSVCMatern7.Rdata"
[1] 100.0000   1.0000   0.8291   0.0461   2.0420   0.9331
[1] 200.0000   1.0000   0.9804   0.1234   2.1456   1.0297
[1] 300.0000   0.4731   0.8776   0.0389   2.1521   1.0665
[1] 400.0000   0.1440   0.9217   0.0481   2.0593   0.9692
[1] 500.0000   0.4174   0.8902   0.0155   2.0031   0.8863
[1] 600.0000   0.0101   0.8693   0.2653   2.2506   1.0610
[1] 700.0000   1.0000   0.8087  -0.0573   2.0071   1.0605
[1] 800.0000   1.0000   0.8954   0.0486   2.0991   1.1490
[1] 900.0000   0.2618   0.9357  -0.0531   2.1118   1.0743
[1] 1000.0000    0.6200    0.9692    0.2749    2.3097    0.9576
[1] 1100.0000    0.8478    0.9726   -0.0485    1.9847    1.0201
[1] 1200.0000    0.0672    0.8467    0.1830    2.1744    1.0747
[1] 1300.0000    0.7560    0.8617    0.1428    2.2152    1.0550
[1] 1400.0000    0.0000    0.9303    0.0858    2.2020    1.1894
[1] 1500.0000    0.0000    0.9672    0.2695    2.2031    1.1986
[1] 1600.0000    1.0000    0.9427    0.0345    2.0992    1.0957
[1] 1700.0000    0.0000    0.9259    0.0218    1.9998    1.0764
[1] 1800.0000    0.0000    0.9234    0.0868    2.1733    1.1307
[1] 1900.0000    0.2548    0.9957    0.2756    2.2772    1.1822
[1] 2000.0000    0.0376    0.9978    0.1288    2.1118    1.1535
[1] 2100.0000    0.5795    0.8081    0.2029    2.2692    0.9300
[1] 2200.0000    1.0000    0.8897    0.1690    2.1861    1.0133
[1] 2300.0000    0.3028    0.9707    0.2233    2.1015    1.1994
[1] 2400.0000    0.1625    0.9764    0.1276    2.0230    1.0594
[1] 2500.0000    0.0198    0.9752    0.1351    2.1947    1.1744
[1] 2600.0000    0.1250    0.9658    0.0522    2.1374    1.0023
[1] 2700.0000    0.0769    0.8044    0.0708    2.1416    1.0835
[1] 2800.0000    0.0995    0.9204    0.0496    2.0433    1.0405
[1] 2900.0000    0.0016    0.8994   -0.1197    1.9440    1.0050
[1] 3000.0000    0.0282    0.9297    0.2665    2.2676    1.1984
[1] 3100.0000    0.0388    0.8038    0.2285    2.2786    1.1109
[1] 3200.0000    0.2440    0.9371    0.1710    2.2118    1.1278
[1] 3300.0000    0.0000    0.9877    0.1565    2.1496    0.9428
[1] 3400.0000    0.1130    0.8189   -0.1834    1.8824    0.9632
[1] 3500.0000    0.5953    0.9338    0.0701    2.2266    0.8830
[1] 3600.0000    0.0080    0.9538   -0.0215    1.9706    1.1717
[1] 3700.0000    0.0000    0.9950    0.2869    2.2141    1.0085
[1] 3800.0000    0.0000    0.8653    0.0885    2.0577    0.9884
[1] 3900.0000    0.0058    0.8553   -0.0090    2.0457    1.0542
[1] 4000.0000    0.4655    0.9388    0.1481    2.0428    0.8131
[1] 4100.0000    1.0000    0.9426    0.2133    2.1598    0.8764
[1] 4200.0000    0.4940    0.9756    0.0991    2.1504    0.9752
[1] 4300.0000    0.0000    0.9986    0.0812    2.1260    0.9026
[1] 4400.0000    0.0998    0.9571    0.2559    2.2476    0.9932
[1] 4500.0000    1.0000    0.8410    0.2559    2.2350    1.1520
[1] 4600.0000    0.0471    0.9525    0.0767    2.0702    1.1110
[1] 4700.0000    0.0000    0.9709    0.2498    2.2587    1.0444
[1] 4800.0000    0.0060    0.8985   -0.0981    1.9088    0.9827
[1] 4900.0000    0.6726    0.8201    0.3726    2.3829    1.1747
[1] 5000.0000    0.9707    0.9273    0.3375    2.3411    1.0348
[1] 5100.0000    0.1490    0.9679   -0.0111    2.0236    1.1951
[1] 5200.0000    0.0060    0.8350    0.1881    2.3235    1.0935
[1] 5300.0000    1.0000    0.8379    0.1480    2.1000    1.0434
[1] 5400.0000    1.0000    0.8515    0.1225    2.1631    1.1120
[1] 5500.0000    0.0009    0.8506    0.0932    2.0485    1.1979
[1] 5600.0000    0.0847    0.8407   -0.0361    2.0646    1.1085
[1] 5700.0000    0.1147    0.9403   -0.0023    1.9397    0.9236
[1] 5800.0000    0.2992    0.8520    0.2508    2.3256    1.0482
[1] 5900.0000    0.7520    0.8759   -0.0323    2.0289    1.0113
[1] 6000.0000    0.3285    0.8924    0.1999    2.1513    1.0716
[1] 6100.0000    0.0602    0.9517    0.3419    2.3219    0.9216
[1] 6200.0000    1.0000    0.8336   -0.0622    1.9260    0.9759
[1] 6300.0000    0.0017    0.8959    0.0721    2.2349    1.1826
[1] 6400.0000    0.2251    0.9022    0.1659    2.0796    0.8332
[1] 6500.0000    0.9357    0.9478    0.1396    2.0574    1.0656
[1] 6600.0000    0.0057    0.8860   -0.1029    2.0234    1.0301
[1] 6700.0000    0.0003    0.9726   -0.1195    1.9185    1.0730
[1] 6800.0000    0.7169    0.9036    0.0387    2.0793    1.0862
[1] 6900.0000    0.0837    0.8556    0.1402    2.1515    1.1638
[1] 7000.0000    0.0001    0.9736    0.0718    2.1184    1.0588
[1] 7100.0000    0.1477    0.8440    0.3102    2.2314    0.9302
[1] 7200.0000    0.0003    0.9645    0.1937    2.2021    0.9109
[1] 7300.0000    0.0002    0.8821    0.1359    2.2333    0.9361
[1] 7400.0000    0.0000    0.8164   -0.1574    1.8845    0.8600
[1] 7500.0000    0.1298    0.9538    0.4178    2.3884    1.0728
[1] 7600.0000    0.0362    0.8332    0.1037    2.1142    1.0877
[1] 7700.0000    0.0009    0.8552   -0.0339    1.9787    1.0850
[1] 7800.0000    0.0008    0.8139    0.0911    2.1443    0.8702
[1] 7900.0000    0.5316    0.8037    0.0689    2.1457    1.1632
[1] 8000.0000    0.3151    0.9186   -0.0956    1.9104    1.0026
[1] 8100.0000    0.6263    0.8687    0.1001    2.1774    1.0506
[1] 8200.0000    0.0000    0.9273    0.2790    2.2269    0.9041
[1] 8300.0000    0.0002    0.8896    0.2536    2.2297    1.1748
[1] 8400.0000    1.0000    0.9278    0.1731    2.1455    0.8107
[1] 8500.0000    0.0001    0.9939    0.0855    2.0751    1.0648
[1] 8600.0000    0.2580    0.9835    0.1537    2.2061    0.9563
[1] 8700.0000    0.1161    0.8293   -0.0830    1.8912    0.8767
[1] 8800.0000    1.0000    0.9324    0.1162    2.1334    0.8066
[1] 8900.0000    1.0000    0.9431    0.0324    2.1081    1.1381
[1] 9000.0000    0.1045    0.9025    0.1383    2.1539    0.9096
[1] 9100.0000    0.6121    0.9156    0.2300    2.2901    1.0916
[1] 9200.0000    0.0841    0.8777    0.1884    2.1751    1.1489
[1] 9300.0000    0.0002    0.9856    0.1228    2.0978    1.1370
[1] 9400.0000    0.0097    0.9943    0.4440    2.2657    1.0986
[1] 9500.0000    0.0000    0.9329    0.0377    2.1623    0.8817
[1] 9600.0000    1.0000    0.9566    0.0311    2.0741    1.1182
[1] 9700.0000    0.0210    0.8614    0.1561    2.1048    0.9692
[1] 9800.0000    0.1142    0.8196    0.1449    2.1150    0.9680
[1] 9900.0000    0.0000    0.9197    0.3732    2.3823    1.1953
[1] 10000.0000     0.2447     0.9167    -0.2065     1.9129     1.1877
[1] 10100.0000     0.5382     0.9049     0.2319     2.1820     1.0751
[1] 10200.0000     0.0001     0.9552     0.0586     2.0444     0.9750
[1] 1.030e+04 2.130e-02 8.120e-01 3.595e-01 2.285e+00 8.804e-01
[1] 10400.0000     0.0091     0.8213     0.1733     2.2044     1.0055
[1] 10500.0000     0.9330     0.8159     0.2601     2.1775     1.1284
[1] 10600.0000     0.2520     0.9579     0.3753     2.4668     1.1829
[1] 10700.0000     0.0000     0.8531     0.2871     2.3002     0.8181
[1] 10800.0000     0.4023     0.9785     0.2709     2.3124     1.1554
[1] 10900.0000     0.0000     0.8264     0.1134     2.2403     1.1140
[1] 11000.0000     0.2072     0.8012     0.2039     2.3277     0.9407
[1] 11100.0000     0.0001     0.8902     0.4725     2.5334     0.9114
[1] 11200.0000     0.9193     0.9412     0.0979     2.2046     0.8257
[1] 11300.0000     0.8548     0.9738     0.1032     2.0440     1.1215
[1] 11400.0000     0.6288     0.9055     0.2065     2.2067     0.9856
[1] 11500.0000     0.0000     0.9311     0.0823     2.1277     0.8792
[1] 11600.0000     1.0000     0.9382    -0.0128     2.0410     0.8033
[1] 11700.0000     0.6559     0.9810    -0.0717     1.9918     0.9386
[1] 11800.0000     0.0018     0.9849     0.1127     2.0369     1.0283
[1] 11900.0000     1.0000     0.9415     0.2463     2.2408     1.0738
[1] 12000.0000     0.0060     0.8543     0.0781     2.1090     1.1591
[1] 12100.0000     0.0534     0.9452     0.1872     2.2403     0.8400
[1] 12200.0000     0.8373     0.8496     0.1103     2.0732     0.8460
[1] 12300.0000     0.0500     0.8229     0.2177     2.1731     0.9137
[1] 12400.0000     0.0148     0.8626    -0.0502     1.9236     1.1478
[1] 12500.0000     0.0574     0.9304     0.2530     2.2576     1.0160
[1] 12600.0000     0.2377     0.9564     0.2915     2.1594     1.1675
[1] 12700.0000     0.0000     0.9486     0.3310     2.3596     0.8166
[1] 12800.0000     0.0029     0.9108    -0.0410     1.9947     1.0765
[1] 12900.0000     0.0737     0.9378    -0.1994     1.8164     1.1252
[1] 13000.0000     0.0685     0.8069     0.1567     2.1767     1.0997
[1] 13100.0000     0.0006     0.9404    -0.0331     2.0080     0.9822
[1] 13200.0000     0.0020     0.9589     0.0139     2.0033     1.1555
[1] 13300.0000     1.0000     0.9675     0.2386     2.2902     1.1190
[1] 13400.0000     0.0000     0.9485     0.2404     2.0648     1.0271
[1] 13500.0000     0.0000     0.8240     0.1246     2.2064     1.0099
[1] 13600.0000     0.0011     0.8917     0.0139     1.9010     1.0301
[1] 13700.0000     0.6827     0.8314     0.1003     2.0908     0.8589
[1] 13800.0000     0.0000     0.9275     0.0714     2.1323     1.0955
[1] 13900.0000     0.1695     0.8125    -0.0122     2.0397     1.1546
[1] 14000.0000     0.4927     0.9598     0.2255     2.1838     0.8043
[1] 14100.0000     0.0000     0.9236     0.2181     2.2915     0.9106
[1] 1.420e+04 1.387e-01 9.171e-01 1.749e-01 2.129e+00 8.964e-01
[1] 14300.0000     0.0065     0.9946     0.0327     2.1178     1.1737
[1] 14400.0000     1.0000     0.8984     0.1625     2.2075     1.1866
[1] 14500.0000     0.0007     0.8302     0.2019     2.2507     1.1813
[1] 14600.0000     0.0000     0.8329     0.0543     2.1116     0.9630
[1] 14700.0000     0.8078     0.8840     0.0471     2.0921     1.0394
[1] 14800.0000     0.0000     0.8106    -0.0917     2.0217     1.0978
[1] 14900.0000     0.6185     0.9485     0.0942     2.1768     1.1960
[1] 15000.0000     0.0000     0.9486    -0.0148     2.0203     0.9418
[1] 15100.0000     0.0677     0.9112     0.0004     2.0764     1.0503
[1] 15200.0000     0.5577     0.9896     0.2497     2.1902     1.1186
[1] 15300.0000     0.0394     0.8296     0.3307     2.4112     1.1944
[1] 15400.0000     1.0000     0.9829     0.1959     2.2824     1.0368
[1] 15500.0000     0.6692     0.9013     0.3030     2.2121     1.0728
[1] 15600.0000     1.0000     0.9912     0.0964     2.1232     1.0551
[1] 15700.0000     0.0001     0.9705     0.4858     2.4721     0.8969
[1] 15800.0000     0.6839     0.9774     0.0346     1.9660     1.1822
[1] 15900.0000     0.0000     0.9524     0.1250     2.2158     1.0855
[1] 1.600e+04 1.000e+00 9.761e-01 2.460e-02 2.046e+00 1.060e+00
[1] 16100.0000     1.0000     0.9477     0.0956     2.1931     0.9420
[1] 16200.0000     0.8492     0.8455     0.1794     2.1880     1.0509
[1] 16300.0000     0.5058     0.9029     0.3118     2.2301     1.0365
[1] 16400.0000     0.4920     0.8090     0.1762     2.1963     0.8978
[1] 16500.0000     0.0958     0.9894     0.1051     2.1321     0.9222
[1] 16600.0000     1.0000     0.9292    -0.0195     2.0471     1.0485
[1] 16700.0000     0.2449     0.8804     0.1745     2.2042     1.1815
[1] 16800.0000     0.0128     0.8165    -0.2378     1.8124     1.0376
[1] 16900.0000     0.1680     0.8221     0.1214     2.0603     1.1575
[1] 17000.0000     0.3334     0.9815     0.2326     2.2055     0.9010
[1] 17100.0000     0.0114     0.9262     0.2780     2.2456     0.9696
[1] 17200.0000     0.2496     0.9497     0.0284     2.0466     0.8252
[1] 17300.0000     1.0000     0.8396    -0.0748     1.9975     1.0131
[1] 17400.0000     1.0000     0.9623     0.1877     2.3379     1.1696
[1] 17500.0000     1.0000     0.9645    -0.0568     2.0098     0.9956
[1] 1.760e+04 5.490e-02 9.193e-01 1.578e-01 2.103e+00 8.193e-01
[1] 17700.0000     0.0089     0.8922     0.0530     2.0262     1.0234
[1] 17800.0000     1.0000     0.9968     0.1784     2.1755     0.8268
[1] 17900.0000     0.0003     0.8644     0.0141     2.0905     1.0507
[1] 18000.0000     0.9017     0.9109     0.0690     2.1487     0.8712
[1] 1.810e+04 1.600e-03 9.137e-01 1.345e-01 2.199e+00 9.014e-01
[1] 18200.0000     1.0000     0.8073     0.2984     2.2916     0.9256
[1] 18300.0000     0.0012     0.9706     0.0014     2.0877     1.1685
[1] 18400.0000     0.0010     0.9243    -0.1189     2.0585     1.1066
[1] 18500.0000     0.0963     0.8299     0.0364     2.0735     1.0883
[1] 18600.0000     0.0160     0.8932     0.2688     2.3422     0.8460
[1] 18700.0000     0.3321     0.9071     0.2858     2.3391     1.1143
[1] 18800.0000     0.0034     0.9415     0.1657     2.2764     0.8205
[1] 18900.0000     0.0036     0.9734     0.0937     2.0685     1.0104
[1] 1.900e+04 1.000e+00 8.087e-01 2.172e-01 2.211e+00 1.106e+00
[1] 19100.0000     0.0003     0.8142     0.0103     2.1343     1.0716
[1] 19200.0000     0.9250     0.8319     0.1398     2.0536     1.0132
[1] 19300.0000     0.2006     0.8940     0.2117     2.1827     1.1248
[1] 19400.0000     1.0000     0.8507     0.0422     2.1474     0.9744
[1] 19500.0000     0.0000     0.9633     0.4384     2.3301     1.1823
[1] 19600.0000     0.0531     0.9711     0.1364     2.2282     1.0171
[1] 19700.0000     0.0088     0.8143     0.2262     2.1978     0.8081
[1] 19800.0000     0.3292     0.8317     0.2339     2.2529     1.0742
[1] 19900.0000     0.2635     0.9981     0.3362     2.3761     1.0280
[1] 20000.0000     0.9201     0.9605     0.0494     1.9632     0.8244
[1] 20100.0000     0.0000     0.8622     0.2566     2.2636     0.8640
[1] 20200.0000     1.0000     0.9840     0.1618     2.2216     1.1380
[1] 20300.0000     0.0039     0.9350    -0.1270     1.9677     0.8887
[1] 20400.0000     1.0000     0.8446     0.0727     2.1000     1.0333
[1] 20500.0000     0.0013     0.8964     0.0378     2.1135     1.1285
[1] 20600.0000     0.0875     0.9266     0.0187     2.0910     1.0968
[1] 20700.0000     0.9927     0.8107     0.3940     2.3559     1.0874
[1] 20800.0000     1.0000     0.9981     0.0930     2.1485     1.0246
[1] 20900.0000     0.0000     0.8285     0.1013     2.1345     0.8493
[1] 21000.0000     0.1277     0.8708    -0.0021     2.0583     1.1617
[1] 21100.0000     0.2810     0.9291     0.2364     2.2351     1.1428
[1] 21200.0000     0.6212     0.9611     0.2344     2.3204     0.8029
[1] 21300.0000     0.0004     0.8214     0.0334     1.9376     1.0391
[1] 21400.0000     0.5889     0.8276     0.0237     2.0817     0.8233
[1] 21500.0000     0.0013     0.8906     0.1946     2.2158     0.8206
[1] 2.160e+04 6.250e-01 8.069e-01 1.361e-01 2.141e+00 8.555e-01
[1] 21700.0000     0.2091     0.9973    -0.0199     2.0289     0.9605
[1] 21800.0000     0.5863     0.8778     0.3029     2.4095     1.0685
[1] 21900.0000     0.8970     0.9598     0.2195     2.2472     0.8497
[1] 22000.0000     0.1445     0.8850     0.1713     2.1295     0.9555
[1] 22100.0000     0.6834     0.8953     0.2951     2.2675     0.9321
[1] 22200.0000     0.1850     0.8918    -0.0012     2.0771     1.1042
[1] 22300.0000     0.0187     0.9726    -0.0063     2.1936     0.8521
[1] 22400.0000     0.6940     0.9556    -0.0003     2.0895     1.0506
[1] 22500.0000     0.0001     0.8239     0.1917     2.2455     1.1368
[1] 22600.0000     0.0014     0.8006     0.2188     2.2278     0.8902
[1] 22700.0000     0.0001     0.8271     0.0617     2.0945     1.1968
[1] 22800.0000     0.1793     0.8972     0.0324     1.9558     1.0231
[1] 22900.0000     0.1192     0.8804     0.1400     2.2078     0.9211
[1] 23000.0000     0.0000     0.9955     0.2394     2.2256     0.9113
[1] 23100.0000     0.1826     0.8119     0.3527     2.2817     1.0551
[1] 23200.0000     0.0769     0.9586     0.2105     2.2361     1.0581
[1] 2.330e+04 0.000e+00 9.727e-01 2.739e-01 2.270e+00 9.482e-01
[1] 23400.0000     0.2367     0.8888     0.1707     2.0782     1.0444
[1] 23500.0000     0.1755     0.8245     0.1449     2.1733     0.8555
[1] 23600.0000     0.1632     0.8176     0.1609     2.1476     0.8266
[1] 23700.0000     0.3159     0.9977     0.0774     2.0947     0.9083
[1] 23800.0000     1.0000     0.9299     0.1365     2.0387     1.0580
[1] 23900.0000     0.5893     0.9920     0.1704     2.1571     1.0485
[1] 24000.0000     1.0000     0.9239     0.2094     2.2552     0.9362
[1] 24100.0000     1.0000     0.9214     0.0207     2.0993     0.8541
[1] 24200.0000     0.0168     0.9331    -0.0266     2.1105     1.1419
[1] 24300.0000     1.0000     0.8163     0.2211     2.2631     1.0906
[1] 24400.0000     1.0000     0.9947     0.1056     2.0783     0.9697
[1] 24500.0000     0.0028     0.8969     0.2097     2.2141     1.0480
[1] 24600.0000     0.0000     0.9237     0.0883     2.1150     1.0127
[1] 24700.0000     0.2282     0.9730    -0.1400     1.9218     1.1829
[1] 24800.0000     0.0000     0.9368     0.2307     2.1937     1.1498
[1] 24900.0000     0.2758     0.8023     0.0399     2.0705     1.0260
[1] 2.500e+04 1.000e+00 8.801e-01 3.571e-01 2.366e+00 8.235e-01
[1] 25100.0000     1.0000     0.8419     0.1166     2.1906     0.8544
[1] 25200.0000     0.0908     0.8495     0.1498     2.2372     1.1739
[1] 25300.0000     0.0000     0.9779     0.0723     2.2145     0.8977
[1] 25400.0000     0.0154     0.9183    -0.1494     1.8706     1.0450
[1] 25500.0000     0.2418     0.8303     0.0913     2.1063     1.1248
[1] 25600.0000     0.0385     0.9926     0.3610     2.3014     0.9855
[1] 25700.0000     0.0582     0.8702     0.0743     2.1694     1.0667
[1] 25800.0000     0.0156     0.9689     0.1537     2.1917     1.1962
[1] 25900.0000     0.0001     0.8683     0.2753     2.1765     0.8098
[1] 26000.0000     0.2782     0.9492     0.0122     1.9313     1.0058
[1] 26100.0000     0.0686     0.8951     0.1667     2.2289     0.8249
[1] 26200.0000     1.0000     0.8601     0.1829     2.2498     0.9041
[1] 26300.0000     1.0000     0.8623    -0.0981     2.0443     1.0835
[1] 26400.0000     0.0458     0.8855     0.3926     2.2747     1.0131
[1] 26500.0000     0.0114     0.8034    -0.0833     1.9380     1.1338
[1] 26600.0000     0.2569     0.8720    -0.1254     1.8722     0.9170
[1] 26700.0000     0.0811     0.9721     0.1041     2.1266     0.8075
[1] 26800.0000     0.0207     0.8697     0.1058     2.1107     1.1281
[1] 26900.0000     0.0022     0.8396     0.2025     2.2575     0.9391
[1] 27000.0000     1.0000     0.8977     0.1767     2.2168     0.8661
[1] 27100.0000     0.0000     0.8095     0.1524     2.1780     1.0497
[1] 27200.0000     0.0638     0.8628     0.1595     2.1770     1.0265
[1] 27300.0000     0.0016     0.9608     0.0205     2.0335     0.8492
[1] 27400.0000     0.3633     0.8806    -0.0105     1.9771     1.0468
[1] 27500.0000     0.1080     0.9635     0.1064     2.0925     1.1809
[1] 27600.0000     0.0001     0.8069     0.4046     2.3551     0.9996
[1] 27700.0000     0.0019     0.8768     0.3156     2.3686     1.0202
[1] 27800.0000     0.0000     0.8358     0.2733     2.3119     1.1051
[1] 27900.0000     0.1916     0.8774     0.2277     2.1462     1.0564
[1] 28000.0000     0.0000     0.9003     0.1660     2.2118     0.9918
[1] 28100.0000     0.0000     0.9262    -0.0005     2.0663     1.0710
[1] 28200.0000     0.4953     0.9920     0.1880     2.1465     1.1206
[1] 2.830e+04 6.300e-03 9.817e-01 1.045e-01 2.093e+00 9.109e-01
[1] 28400.0000     0.4972     0.9594     0.1513     2.1076     0.8105
[1] 28500.0000     1.0000     0.8206     0.2168     2.2873     1.0447
[1] 28600.0000     0.0031     0.9775     0.1469     2.1423     0.9079
[1] 28700.0000     0.0917     0.8497     0.2150     2.1523     1.1155
[1] 28800.0000     0.0426     0.9569     0.1930     2.2665     1.0292
[1] 28900.0000     1.0000     0.9689    -0.0920     2.0641     1.0738
[1] 29000.0000     0.2319     0.9401     0.1720     2.2216     1.1755
[1] 29100.0000     0.0040     0.9156     0.2139     2.2567     0.8172
[1] 29200.0000     0.0000     0.9367    -0.0248     1.8805     1.1465
[1] 29300.0000     0.0069     0.9749     0.0261     2.0075     0.9782
[1] 29400.0000     0.0440     0.9512     0.0958     2.0578     1.1262
[1] 29500.0000     0.0001     0.8346     0.0142     2.0422     0.9665
[1] 2.960e+04 7.550e-02 8.135e-01 2.259e-01 2.212e+00 8.030e-01
[1] 29700.0000     0.0285     0.9571     0.0712     2.0815     0.9736
[1] 29800.0000     0.9504     0.8701     0.0560     2.1609     0.8024
[1] 29900.0000     1.0000     0.9798     0.1281     2.1355     1.0014
[1] 30000.0000     0.1815     0.8172     0.1540     2.1785     1.1626
[1] 0.3394664
Time difference of 4.395877 hours
null device 
          1 
