[1] "El numero de nodos X particion es: 10"
[1] "Model = M1 / Data = sim_data/datasetSVIExponential2.Rdata"
[1] 100.0000   0.5305   0.9429   0.1209   2.0056   1.1970
[1] 200.0000   0.0000   0.9645   0.6336   1.5119   1.1745
[1] 300.0000   0.2070   0.8776  -0.0468   2.2750   1.0665
[1] 400.0000   0.0000   0.9472  -0.8696   3.0557   1.0679
[1] 500.0000   0.0000   0.8673   0.2244   1.9654   1.1452
[1] 600.0000   0.0047   0.8988  -0.1052   2.3032   1.1191
[1] 700.0000   0.0003   0.9977   0.0602   2.0260   0.9763
[1] 800.0000   0.0000   0.8728   0.2230   1.9238   0.9084
[1] 900.0000   0.0000   0.9606   0.0482   2.0578   1.0158
[1] 1000.0000    0.0000    0.8209   -0.0663    2.1610    0.9374
[1] 1100.0000    0.0000    0.9319    0.8899    1.2222    0.8930
[1] 1200.0000    0.2176    0.8603    1.0732    1.1713    0.9164
[1] 1300.0000    0.1541    0.9805   -0.2580    2.4878    0.8049
[1] 1400.0000    0.0000    0.9303   -0.7330    2.7527    1.1894
[1] 1500.0000    0.0000    0.9584    0.4088    1.7046    1.0940
[1] 1600.0000    0.0000    0.9894   -0.7197    2.8423    1.0856
[1] 1700.0000    0.0000    0.9419   -0.0148    2.2182    1.0966
[1] 1800.0000    0.0000    0.9376    0.5607    1.5843    0.8302
[1] 1900.0000    0.0000    0.8411   -0.4518    2.5729    1.0047
[1] 2000.0000    0.0000    0.9870   -0.0306    2.3100    0.9024
[1] 2100.0000    0.0000    0.9750   -0.6162    2.7448    1.0831
[1] 2200.0000    0.0000    0.8668    0.4479    1.7376    1.0989
[1] 2300.0000    0.0000    0.8951   -0.4256    2.5190    0.9529
[1] 2400.0000    0.0000    0.9355    0.1808    1.9086    1.1578
[1] 2500.0000    0.0605    0.8909    0.3567    1.7388    1.1217
[1] 2600.0000    0.0000    0.9100   -0.1842    2.3504    1.1442
[1] 2700.0000    0.0000    0.9115   -1.2291    3.3481    1.0018
[1] 2800.0000    0.0076    0.9382    0.2000    1.9542    1.1558
[1] 2900.0000    0.0000    0.9341   -0.0186    2.0790    0.9034
[1] 3000.0000    0.0000    0.8454    0.2326    1.9330    0.9669
[1] 3100.0000    0.0000    0.9411    0.5106    1.5201    0.9915
[1] 3200.0000    0.0000    0.9190    0.8116    1.3406    0.9575
[1] 3300.0000    0.0000    0.9312   -0.0154    2.1563    0.9302
[1] 3400.0000    0.6509    0.8983    0.5436    1.6291    1.1525
[1] 3500.0000    0.0000    0.9256    0.0535    2.0030    1.1684
[1] 3600.0000    0.0000    0.9625    0.2054    1.9296    0.8525
[1] 3700.0000    0.9762    0.9624    1.3849    0.7476    0.8094
[1] 3800.0000    0.0000    0.8306    1.3932    0.7744    0.8349
[1] 3900.0000    0.0000    0.8349    0.2683    1.8732    1.1538
[1] 4000.0000    0.0000    0.9448   -0.6698    2.8269    1.0791
[1] 4100.0000    0.0000    0.8388   -1.0009    3.1799    0.8864
[1] 4200.0000    0.0000    0.9756   -0.9285    3.0058    0.9752
[1] 4300.0000    0.4250    0.8741   -1.2184    3.3447    1.1249
[1] 4400.0000    0.0000    0.9983    0.2522    1.8303    1.0333
[1] 4500.0000    0.2488    0.8410    0.0946    2.1278    1.1520
[1] 4600.0000    0.0000    0.9581    0.7748    1.4350    0.8180
[1] 4700.0000    0.0000    0.8528   -0.4088    2.5136    0.8411
[1] 4800.0000    0.0000    0.8660   -0.8079    2.9374    1.0939
[1] 4900.0000    0.0000    0.9924   -0.2701    2.4655    1.1836
[1] 5000.0000    0.0000    0.9762   -0.4687    2.5604    0.8665
[1] 5100.0000    0.0000    0.9679   -0.6991    2.7880    1.1951
[1] 5200.0000    0.0000    0.8051    0.0233    2.0992    0.8965
[1] 5300.0000    0.0000    0.9010    0.2550    1.8527    1.0910
[1] 5400.0000    0.0000    0.9713    0.1591    1.8042    1.1011
[1] 5500.0000    0.0000    0.8506    1.0578    1.0240    1.1979
[1] 5600.0000    0.0000    0.9929   -0.4906    2.5365    1.1085
[1] 5700.0000    0.0000    0.9445    0.3203    1.8662    1.0237
[1] 5800.0000    0.0000    0.8612   -0.7949    3.0268    1.0327
[1] 5900.0000    0.0000    0.9311   -0.7475    2.8941    0.8983
[1] 6000.0000    0.0000    0.9870    0.1772    1.9074    1.0819
[1] 6100.0000    0.0000    0.9284   -0.3202    2.4746    0.9188
[1] 6200.0000    0.0000    0.9400    0.8533    1.2041    0.8404
[1] 6300.0000    0.0000    0.9569    0.7424    1.5169    0.8080
[1] 6400.0000    0.0000    0.9924   -0.4431    2.5352    1.0322
[1] 6500.0000    0.0077    0.9084    0.6291    1.5759    1.0918
[1] 6600.0000    0.0000    0.8401   -0.1241    2.1763    1.0889
[1] 6700.0000    0.0000    0.9231   -0.6921    2.9300    1.1521
[1] 6800.0000    0.1454    0.8642    0.5194    1.6288    1.0905
[1] 6900.0000    0.0000    0.8857   -0.4487    2.6371    0.9847
[1] 7000.0000    0.0000    0.8521    0.1173    2.0330    1.0680
[1] 7100.0000    0.0000    0.9857    0.2681    1.9547    1.0571
[1] 7200.0000    0.0000    0.9439    0.5075    1.7074    1.1769
[1] 7300.0000    0.0000    0.9346    0.8995    1.2545    1.1740
[1] 7400.0000    0.0000    0.8045    0.2763    1.8116    0.8734
[1] 7500.0000    0.0000    0.8918   -1.8038    3.8467    1.0101
[1] 7600.0000    0.0000    0.9493   -1.1543    3.2327    0.9281
[1] 7700.0000    0.0000    0.8440   -2.0844    4.2464    0.8976
[1] 7800.0000    0.0000    0.8367    0.2259    1.8565    0.9006
[1] 7900.0000    0.0000    0.9654   -0.1758    2.1542    1.1831
[1] 8000.0000    0.0000    0.9309    0.2987    1.7505    1.0835
[1] 8100.0000    0.0000    0.8483   -0.3639    2.4398    0.8203
[1] 8200.0000    0.0000    0.9207   -0.4142    2.5459    1.1282
[1] 8300.0000    0.0000    0.8222   -0.4348    2.5722    0.8438
[1] 8400.0000    0.0000    0.9658   -0.3882    2.4422    0.9286
[1] 8500.0000    0.0000    0.8325    0.0167    2.1853    1.0750
[1] 8600.0000    0.0333    0.9662   -0.4291    2.6585    0.9487
[1] 8700.0000    0.0000    0.8940    0.3775    1.7123    1.0236
[1] 8800.0000    0.0000    0.9735    0.1529    1.8662    1.0381
[1] 8900.0000    0.0000    0.8674    1.5479    0.6460    1.0474
[1] 9000.0000    0.0000    0.8301    1.3268    0.7376    1.1387
[1] 9100.0000    0.0000    0.8755    0.9665    1.1804    0.8812
[1] 9200.0000    0.0000    0.8777    0.5226    1.6497    1.1489
[1] 9300.0000    0.0000    0.8689   -0.2885    2.5407    0.9976
[1] 9400.0000    0.0000    0.9737    0.8248    1.2369    1.0570
[1] 9500.0000    0.0000    0.9934    0.0638    2.1177    1.0697
[1] 9600.0000    0.0000    0.9003    0.3405    1.8727    1.1168
[1] 9700.0000    0.0000    0.9657    1.3783    0.6892    0.9166
[1] 9800.0000    0.0000    0.8667    0.8226    1.2667    0.9410
[1] 9900.0000    0.0000    0.9876    1.6099    0.5134    0.9739
[1] 10000.0000     0.3240     0.9984    -0.1413     2.2451     0.9987
[1] 10100.0000     0.0000     0.9390    -0.0053     2.1473     1.0815
[1] 10200.0000     0.0000     0.8458     0.6018     1.4811     1.1044
[1] 10300.0000     0.3001     0.9549     1.1059     1.0209     0.8021
[1] 10400.0000     0.0000     0.9109     0.1746     1.9349     0.9653
[1] 10500.0000     0.0000     0.9828     1.0901     1.0487     0.8036
[1] 10600.0000     0.0000     0.8442     0.2047     1.9909     0.9495
[1] 10700.0000     0.0000     0.8398     0.6166     1.5231     1.0590
[1] 10800.0000     1.0000     0.8056     0.2097     1.9978     0.8503
[1] 10900.0000     0.0000     0.9660     0.8758     1.3092     1.1970
[1] 11000.0000     0.0087     0.8555     0.5544     1.6192     1.1761
[1] 11100.0000     0.0000     0.9587    -0.7998     2.8934     0.9308
[1] 11200.0000     0.5109     0.9311    -0.4809     2.6344     0.8241
[1] 11300.0000     0.0000     0.9481    -0.3961     2.4206     1.1448
[1] 11400.0000     0.0006     0.9548     0.7783     1.4391     1.0047
[1] 11500.0000     0.0000     0.8034     0.0118     2.0861     0.8501
[1] 11600.0000     0.0001     0.9104     0.0299     2.1401     0.8269
[1] 11700.0000     0.0000     0.9616     0.5456     1.6011     1.1733
[1] 11800.0000     0.0000     0.8027    -0.4891     2.6168     0.8530
[1] 11900.0000     0.0000     0.8934    -0.8191     2.9301     1.0759
[1] 12000.0000     0.0000     0.8014    -0.1856     2.2951     1.0595
[1] 12100.0000     0.0000     0.8666    -0.5077     2.5881     0.9630
[1] 12200.0000     0.0828     0.9853     0.1642     2.0036     1.1443
[1] 12300.0000     0.0000     0.8010     0.1804     1.9796     0.8810
[1] 12400.0000     1.0000     0.8046    -0.8242     3.0003     0.8797
[1] 12500.0000     0.0000     0.8059     0.1444     2.0026     1.1427
[1] 12600.0000     0.0000     0.8126     0.0050     2.2466     1.1805
[1] 12700.0000     0.0000     0.9614    -0.4474     2.4239     0.8958
[1] 12800.0000     0.0000     0.8257    -0.5827     2.7412     0.8904
[1] 12900.0000     0.0108     0.8545    -0.4123     2.5792     1.0312
[1] 13000.0000     0.0000     0.8069     0.2376     1.8969     1.0997
[1] 13100.0000     0.0000     0.9404     1.6487     0.5234     0.9822
[1] 13200.0000     0.0000     0.8843    -0.9567     3.1591     0.9997
[1] 13300.0000     0.0000     0.9271    -0.4686     2.5113     0.8364
[1] 13400.0000     0.0000     0.9882    -0.1540     2.2920     1.1072
[1] 13500.0000     0.0000     0.8466    -0.3852     2.5570     0.8143
[1] 13600.0000     0.0000     0.8917     0.3262     1.7677     1.0301
[1] 13700.0000     0.0000     0.8561     0.0174     2.1093     0.9281
[1] 13800.0000     0.0000     0.9432     0.1389     2.0300     1.1717
[1] 13900.0000     0.0000     0.8573     0.0553     2.0952     0.8372
[1] 14000.0000     0.0000     0.9588     0.1016     2.0219     0.9662
[1] 14100.0000     0.0000     0.8411     0.5383     1.4833     1.1804
[1] 14200.0000     0.0000     0.8479     0.2139     1.8402     0.8739
[1] 14300.0000     0.0000     0.9227    -1.2096     3.2994     1.0001
[1] 14400.0000     0.1538     0.8623     0.5494     1.6147     0.8985
[1] 14500.0000     0.8163     0.9833     0.2090     1.8628     1.1771
[1] 14600.0000     0.0000     0.9850     1.0435     1.1599     0.9950
[1] 14700.0000     0.0000     0.9977    -0.5491     2.5751     1.0667
[1] 14800.0000     0.0000     0.9988     1.0636     1.1133     0.9067
[1] 14900.0000     0.0122     0.9582     0.1240     2.0105     1.0321
[1] 15000.0000     0.0367     0.8279     0.5388     1.6139     1.0826
[1] 15100.0000     1.0000     0.8292     0.6963     1.4328     0.9249
[1] 15200.0000     0.0000     0.8734     0.2786     1.9429     0.8767
[1] 15300.0000     0.9022     0.8059     0.1488     2.0524     0.9091
[1] 15400.0000     0.0015     0.8072    -0.7866     2.9351     1.0717
[1] 15500.0000     0.0000     0.9734    -1.7220     3.9157     1.1714
[1] 15600.0000     0.0000     0.8520    -0.7858     2.9821     1.1912
[1] 15700.0000     0.0000     0.8475    -0.3368     2.4054     0.9690
[1] 15800.0000     0.0000     0.9108    -0.0788     2.1698     0.9068
[1] 15900.0000     0.0000     0.8876     0.0075     2.0628     0.9067
[1] 16000.0000     0.0008     0.8124    -0.5832     2.7224     1.1160
[1] 16100.0000     0.0000     0.8125     0.6427     1.4662     0.8885
[1] 16200.0000     0.0000     0.9466    -0.0594     2.1041     0.9477
[1] 16300.0000     0.0000     0.9327    -0.0696     2.2274     0.9714
[1] 16400.0000     0.0000     0.8807     0.2027     1.9403     0.8691
[1] 16500.0000     0.6786     0.9407    -0.3065     2.5006     0.9877
[1] 16600.0000     0.0000     0.8294    -0.5371     2.7257     0.8835
[1] 16700.0000     0.0000     0.8462     0.2679     1.8191     0.9538
[1] 16800.0000     0.0000     0.9358     0.0006     2.1533     0.9778
[1] 16900.0000     0.0000     0.8138     0.0915     1.9794     1.1004
[1] 17000.0000     0.0000     0.9790    -0.0886     2.2083     0.8822
[1] 17100.0000     0.0000     0.9305     1.1899     1.0406     0.9283
[1] 1.720e+04 0.000e+00 9.497e-01 8.914e-01 1.185e+00 8.252e-01
[1] 17300.0000     0.9259     0.8396    -0.0922     2.2218     1.0131
[1] 17400.0000     0.0000     0.8593     0.3646     1.7841     1.1450
[1] 17500.0000     0.0000     0.9677    -0.4978     2.6222     1.1479
[1] 17600.0000     0.0000     0.8280     0.3757     1.6898     1.1486
[1] 1.770e+04 0.000e+00 8.794e-01 2.703e-01 1.927e+00 9.707e-01
[1] 17800.0000     0.0000     0.9383    -1.3464     3.6216     1.0084
[1] 17900.0000     0.0000     0.8750    -0.4986     2.6457     0.9636
[1] 18000.0000     1.0000     0.9109     0.8423     1.3391     0.8712
[1] 18100.0000     0.0000     0.9461    -0.1011     2.1541     0.9222
[1] 18200.0000     0.0061     0.8582     1.1655     0.8898     0.9652
[1] 18300.0000     0.0000     0.9928    -0.0136     2.1798     1.1096
[1] 18400.0000     0.0000     0.9529     0.5371     1.6122     0.8173
[1] 18500.0000     0.0000     0.8451     0.3928     1.8081     0.9054
[1] 1.860e+04 0.000e+00 8.420e-01 1.144e+00 1.030e+00 8.224e-01
[1] 18700.0000     0.0000     0.8080     0.0588     2.0969     0.9308
[1] 18800.0000     0.0000     0.8537     0.5974     1.5913     0.9005
[1] 18900.0000     0.0000     0.9918    -0.4778     2.5336     0.9887
[1] 19000.0000     0.0000     0.8366    -0.5413     2.6720     0.8015
[1] 19100.0000     0.0000     0.8142    -1.0032     3.1002     1.0716
[1] 19200.0000     0.0000     0.8001    -0.4797     2.5484     0.9641
[1] 19300.0000     0.0000     0.8035    -0.5228     2.6181     1.0886
[1] 19400.0000     0.0000     0.9330    -0.5841     2.7181     1.0363
[1] 19500.0000     0.0000     0.9654    -0.3437     2.4563     0.9669
[1] 19600.0000     0.9457     0.9648    -1.0768     3.2321     1.1447
[1] 19700.0000     0.0000     0.8982    -0.1150     2.1441     1.1826
[1] 19800.0000     0.0000     0.9408     0.5406     1.6334     0.9927
[1] 19900.0000     0.0000     0.9981    -0.2185     2.3696     1.0280
[1] 20000.0000     0.0000     0.8708     0.1971     1.8865     1.0213
[1] 20100.0000     0.0000     0.9080     0.5628     1.6319     1.0402
[1] 20200.0000     1.0000     0.9840     0.2153     1.9344     1.1380
[1] 20300.0000     0.0000     0.9921    -0.0763     2.2402     1.1096
[1] 20400.0000     0.0032     0.9072     0.1117     2.0045     0.9991
[1] 20500.0000     0.0000     0.9083    -0.9347     3.1150     0.8030
[1] 20600.0000     1.0000     0.9169    -0.3181     2.4838     1.1057
[1] 20700.0000     1.0000     0.8107     0.0142     2.0140     1.0874
[1] 20800.0000     0.0000     0.9606    -0.3027     2.4713     1.0886
[1] 20900.0000     0.0002     0.9109     0.5798     1.5617     0.9980
[1] 21000.0000     0.0000     0.9912     1.5193     0.6186     1.0875
[1] 21100.0000     0.0000     0.9732     0.1591     1.9565     0.8253
[1] 21200.0000     0.0486     0.8263     0.6335     1.4989     1.1324
[1] 21300.0000     0.0000     0.9596    -0.2013     2.2548     1.0815
[1] 21400.0000     0.0000     0.9719     0.6987     1.3654     0.9071
[1] 21500.0000     0.0000     0.9375     0.2701     1.8200     1.0777
[1] 21600.0000     0.0000     0.8420     0.5500     1.6056     0.8926
[1] 21700.0000     0.0000     0.8258     0.0911     2.0904     1.1265
[1] 21800.0000     0.0000     0.8709    -0.5582     2.6993     1.0601
[1] 21900.0000     0.0000     0.9408    -0.0515     2.1259     0.9421
[1] 22000.0000     0.0000     0.8850     1.0495     1.1254     0.9555
[1] 22100.0000     0.0000     0.8953     0.1018     2.0032     0.9321
[1] 22200.0000     0.0000     0.9349     0.2292     1.8182     0.9881
[1] 22300.0000     0.0006     0.8584     0.4572     1.6607     0.9367
[1] 22400.0000     0.0000     0.9494     0.9978     1.1502     0.9207
[1] 22500.0000     0.0009     0.9610     0.9559     1.1829     0.9963
[1] 22600.0000     0.0000     0.8858     0.8829     1.4074     0.9064
[1] 22700.0000     0.0000     0.9963     0.9321     1.2227     1.1178
[1] 22800.0000     0.0001     0.9630     0.2704     1.9406     0.9437
[1] 22900.0000     0.0000     0.9699     0.3786     1.6957     0.9238
[1] 23000.0000     0.0000     0.9652     0.3227     1.7514     1.0264
[1] 23100.0000     0.0000     0.9231    -0.0266     2.1157     0.8179
[1] 23200.0000     0.0000     0.9741    -0.3490     2.4905     1.1699
[1] 23300.0000     0.0495     0.8966     0.9660     1.1558     1.0199
[1] 23400.0000     0.0000     0.9418     0.2530     1.8733     0.8205
[1] 23500.0000     0.0000     0.9561     0.0485     2.1130     1.0572
[1] 23600.0000     0.0000     0.8360    -0.1114     2.2635     0.8406
[1] 23700.0000     0.0000     0.9977     0.2707     1.8261     0.9083
[1] 23800.0000     0.0000     0.9509     0.1798     1.8129     0.9516
[1] 23900.0000     0.0000     0.8157    -0.0887     2.2313     0.8034
[1] 24000.0000     0.0000     0.9784    -0.6133     2.6573     0.8375
[1] 24100.0000     0.0000     0.8289    -0.7591     2.9108     0.9877
[1] 24200.0000     0.0000     0.8399     0.0166     1.9895     1.0287
[1] 24300.0000     0.0000     0.9879    -0.6165     2.7516     1.1930
[1] 24400.0000     1.0000     0.9947     0.9628     1.1729     0.9697
[1] 24500.0000     0.0000     0.9064     1.5856     0.5841     0.8345
[1] 24600.0000     0.0000     0.9062    -0.0404     2.1480     0.8877
[1] 24700.0000     0.0000     0.9574    -0.1937     2.2266     1.0919
[1] 24800.0000     0.0012     0.8109     0.1648     1.9320     1.1899
[1] 24900.0000     0.0311     0.9126    -0.9562     3.1905     1.0268
[1] 25000.0000     0.0000     0.9628     0.4878     1.6155     0.9362
[1] 25100.0000     0.0000     0.9605     0.9035     1.1532     1.0743
[1] 25200.0000     0.0000     0.9435     0.3668     1.7485     1.0372
[1] 25300.0000     0.9269     0.8151     0.2145     1.8467     1.0748
[1] 25400.0000     1.0000     0.8988    -0.8025     2.9363     1.0888
[1] 25500.0000     0.0000     0.8147    -0.0796     2.2017     1.1844
[1] 25600.0000     0.0000     0.8978    -0.5851     2.7251     1.1142
[1] 25700.0000     0.0000     0.8060     0.8463     1.3184     0.8422
[1] 25800.0000     0.0000     0.8043    -0.7706     2.8543     0.8730
[1] 25900.0000     1.0000     0.8632    -0.6480     2.7701     1.1254
[1] 26000.0000     1.0000     0.9492    -0.3914     2.5998     1.0058
[1] 26100.0000     0.0000     0.9196    -0.1260     2.1151     1.1722
[1] 26200.0000     0.0000     0.9529    -0.1941     2.3235     1.0017
[1] 26300.0000     0.0000     0.8989    -0.7294     2.8321     0.9807
[1] 26400.0000     0.0000     0.8767     1.2106     0.9345     0.8041
[1] 26500.0000     0.0003     0.9903     0.7152     1.4884     1.1966
[1] 26600.0000     0.0000     0.9958    -0.9216     2.9736     0.9534
[1] 26700.0000     0.0000     0.8184    -0.3536     2.4345     0.9177
[1] 26800.0000     0.0000     0.8180    -2.1051     4.2537     0.8719
[1] 26900.0000     0.0000     0.9184    -0.4417     2.4834     1.1619
[1] 27000.0000     0.0000     0.8280    -0.1660     2.2307     0.9596
[1] 27100.0000     0.4831     0.8553    -0.1215     2.2394     1.0993
[1] 27200.0000     0.0000     0.8802     0.4974     1.6393     0.8416
[1] 27300.0000     0.0000     0.9185     0.3018     1.7764     0.9822
[1] 27400.0000     0.0000     0.9843    -0.2179     2.3734     1.1629
[1] 2.750e+04 0.000e+00 8.463e-01 4.509e-01 1.775e+00 8.762e-01
[1] 27600.0000     0.0000     0.8732     1.3106     0.8963     0.9172
[1] 27700.0000     0.0000     0.8317     1.2776     0.8834     1.1846
[1] 27800.0000     0.0000     0.8338    -0.5303     2.6630     0.9440
[1] 27900.0000     1.0000     0.8904     0.0155     2.0678     0.9276
[1] 28000.0000     0.0000     0.9328    -0.3572     2.5500     0.9314
[1] 28100.0000     0.0000     0.9262     0.7630     1.4342     1.0710
[1] 28200.0000     0.0000     0.9683     0.2379     1.8971     0.8917
[1] 28300.0000     0.0000     0.9886    -0.5859     2.6836     1.1843
[1] 28400.0000     1.0000     0.9594    -1.2035     3.3417     0.8105
[1] 2.850e+04 0.000e+00 8.678e-01 4.456e-01 1.653e+00 8.688e-01
[1] 28600.0000     0.0000     0.9775    -0.2638     2.3344     0.9079
[1] 28700.0000     0.0000     0.9675    -0.5871     2.7049     1.1579
[1] 28800.0000     0.0000     0.8104    -0.2254     2.3804     1.1940
[1] 28900.0000     0.0000     0.9137     1.1916     0.9763     0.8478
[1] 29000.0000     0.0000     0.9277    -0.5521     2.6832     1.1735
[1] 29100.0000     0.0000     0.8445    -0.9245     3.0941     0.8871
[1] 29200.0000     0.0228     0.9367     0.7202     1.3582     1.1465
[1] 29300.0000     0.0006     0.9749     1.0733     1.0148     0.9782
[1] 29400.0000     0.0000     0.9394     1.0418     0.9580     1.1754
[1] 29500.0000     0.0000     0.9697     0.3474     1.7896     0.9614
[1] 29600.0000     0.0000     0.8335     0.4788     1.6312     1.1940
[1] 29700.0000     0.0000     0.9991     0.0499     2.0444     0.9357
[1] 29800.0000     0.0000     0.9203    -0.2132     2.3279     0.9519
[1] 29900.0000     1.0000     0.9798    -0.0774     2.2151     1.0014
[1] 30000.0000     0.0000     0.9561     1.5999     0.4678     1.0811
[1] 0.07215711
Time difference of 3.837865 hours
null device 
          1 
