[1] "El numero de nodos X particion es: 10"
[1] "Model = M2 / Data = sim_data/datasetSVCMatern18.Rdata"
[1] 100.0000   1.0000   0.8291   0.0043   2.0273   0.9331
[1] 200.0000   0.0107   0.8487   0.0024   2.1921   0.8384
[1] 300.0000   0.1059   0.8776  -0.0104   2.2827   1.0665
[1] 400.0000   0.0127   0.9217  -0.0245   2.2731   0.9692
[1] 500.0000   0.4430   0.8902  -0.0237   2.1500   0.8863
[1] 600.0000   0.0691   0.9748   0.0176   2.1394   1.0386
[1] 700.0000   1.0000   0.8087  -0.0578   2.2588   1.0605
[1] 800.0000   0.3458   0.8830   0.0416   2.1558   0.9772
[1] 900.0000   1.0000   0.9357  -0.1612   2.1829   1.0743
[1] 1000.0000    0.2091    0.8568   -0.1162    2.1425    0.8983
[1] 1100.0000    0.0964    0.9240   -0.0314    2.1883    0.9036
[1] 1200.0000    0.9738    0.8603    0.0007    2.2584    0.9164
[1] 1300.0000    0.4677    0.8617   -0.1053    2.3083    1.0550
[1] 1400.0000    0.0098    0.9546   -0.0535    2.2435    0.8056
[1] 1500.0000    0.0693    0.9694    0.0136    2.2027    1.1238
[1] 1600.0000    0.0785    0.8099   -0.1207    2.3330    1.0178
[1] 1700.0000    0.0004    0.8468    0.0088    2.2123    0.8001
[1] 1800.0000    0.0122    0.9539   -0.0821    2.2126    0.8840
[1] 1900.0000    0.0279    0.9875   -0.0566    2.2154    0.8532
[1] 2000.0000    1.0000    0.8107   -0.0464    2.2744    0.8113
[1] 2100.0000    0.1217    0.8081    0.0362    2.2885    0.9300
[1] 2200.0000    0.2545    0.8580   -0.0359    2.2698    1.0161
[1] 2300.0000    0.0054    0.8377   -0.0241    2.2215    0.8487
[1] 2400.0000    0.0640    0.9764    0.0252    2.1977    1.0594
[1] 2500.0000    0.0108    0.9103   -0.1431    2.1620    0.8545
[1] 2600.0000    0.3997    0.8617   -0.1126    2.2456    0.8044
[1] 2700.0000    1.0000    0.8052   -0.0858    2.2628    0.8603
[1] 2800.0000    1.0000    0.8906   -0.0525    2.2662    0.8787
[1] 2900.0000    0.0022    0.8470   -0.1262    2.0803    0.8434
[1] 3000.0000    0.0018    0.9494   -0.1094    2.2458    0.8034
[1] 3100.0000    0.9516    0.8708   -0.0624    2.2241    0.9667
[1] 3200.0000    1.0000    0.9676   -0.0344    2.2233    1.1339
[1] 3300.0000    0.0513    0.9877   -0.0808    2.1781    0.9428
[1] 3400.0000    0.0099    0.9079   -0.0579    2.1925    0.8348
[1] 3500.0000    1.0000    0.9338   -0.0833    2.3090    0.8830
[1] 3600.0000    0.2623    0.8553   -0.0970    2.2345    1.1349
[1] 3700.0000    0.4279    0.9397   -0.0597    2.2257    0.8253
[1] 3800.0000    0.0375    0.8393   -0.0967    2.2605    0.8113
[1] 3900.0000    0.0248    0.8319   -0.1328    2.1789    0.8180
[1] 4000.0000    1.0000    0.9388   -0.0511    2.2016    0.8131
[1] 4100.0000    0.4937    0.8388   -0.0337    2.2324    0.8864
[1] 4200.0000    0.8953    0.8436   -0.1723    2.1999    0.9733
[1] 4300.0000    0.0008    0.8260   -0.0564    2.2309    0.8160
[1] 4400.0000    0.0566    0.8775   -0.0797    2.2896    0.8029
[1] 4500.0000    0.0308    0.9359   -0.1056    2.3007    0.8265
[1] 4600.0000    0.1519    0.9581   -0.0675    2.1935    0.8180
[1] 4700.0000    0.0002    0.9384   -0.0478    2.1829    0.8151
[1] 4800.0000    0.0131    0.8985   -0.0485    2.1737    0.9827
[1] 4900.0000    0.0159    0.8114   -0.0696    2.2299    0.8255
