[1] "El numero de nodos X particion es: 10"
[1] "Model = M1 / Data = sim_data/datasetSVCExponential4.Rdata"
[1] 100.0000   1.0000   0.8291   0.0399   1.9929   0.9331
[1] 200.0000   1.0000   0.9804  -0.0591   1.9337   1.0297
[1] 300.0000   0.6597   0.8776  -0.1413   1.9234   1.0665
[1] 400.0000   0.1855   0.9217  -0.1220   1.8550   0.9692
[1] 500.0000   1.0000   0.8902  -0.1741   1.8241   0.8863
[1] 600.0000   0.0000   0.8693  -0.0633   1.8158   1.0610
[1] 700.0000   1.0000   0.8087  -0.1648   1.8545   1.0605
[1] 800.0000   0.8257   0.8954  -0.0785   1.9446   1.1490
[1] 900.0000   0.7961   0.9357  -0.3335   1.7951   1.0743
[1] 1000.0000    0.2106    0.8568   -0.1583    1.8532    0.8983
[1] 1100.0000    0.1796    0.8326   -0.2673    1.7598    1.0285
[1] 1200.0000    0.1916    0.8603   -0.0198    2.0802    0.9164
[1] 1300.0000    0.8148    0.8617   -0.2027    1.8416    1.0550
[1] 1400.0000    0.0116    0.9303   -0.3682    1.7627    1.1894
[1] 1500.0000    0.0002    0.9672   -0.0846    1.9426    1.1986
[1] 1600.0000    0.2448    0.8673   -0.0004    2.0208    0.9237
[1] 1700.0000    0.0001    0.9259   -0.1609    1.8281    1.0764
[1] 1800.0000    0.0000    0.9234   -0.1371    1.9873    1.1307
[1] 1900.0000    0.6584    0.9957   -0.1077    1.9300    1.1822
[1] 2000.0000    0.0612    0.9978   -0.0816    1.8532    1.1535
[1] 2100.0000    1.0000    0.8081   -0.0416    1.9900    0.9300
[1] 2200.0000    0.8104    0.8580   -0.1164    1.8795    1.0161
[1] 2300.0000    0.3302    0.9707   -0.0148    1.8550    1.1994
[1] 2400.0000    0.0271    0.9355   -0.0752    1.8489    1.1578
[1] 2500.0000    0.6301    0.9002    0.0199    1.9018    1.1531
[1] 2600.0000    0.0018    0.8146   -0.1788    1.7756    0.8232
[1] 2700.0000    0.1254    0.8044   -0.1626    1.8817    1.0835
[1] 2800.0000    0.0379    0.9204   -0.1870    1.8252    1.0405
[1] 2900.0000    0.0057    0.8994   -0.2503    1.7939    1.0050
[1] 3000.0000    0.0214    0.9297    0.0152    2.0081    1.1984
[1] 3100.0000    0.1575    0.8265   -0.0581    1.9247    1.1652
[1] 3200.0000    0.0190    0.9371    0.0417    1.9418    1.1278
[1] 3300.0000    0.0000    0.9877   -0.1224    1.8596    0.9428
[1] 3400.0000    0.0031    0.9079   -0.2405    1.7274    0.8348
[1] 3500.0000    0.8925    0.9338   -0.1052    2.0160    0.8830
[1] 3600.0000    0.0318    0.9027   -0.1983    1.7894    1.1569
[1] 3700.0000    0.0019    0.9950    0.0524    1.9950    1.0085
[1] 3800.0000    0.0001    0.8653   -0.1988    1.7825    0.9884
[1] 3900.0000    0.0288    0.8553   -0.2250    1.8162    1.0542
[1] 4000.0000    0.2778    0.9388   -0.2026    1.7061    0.8131
[1] 4100.0000    0.5430    0.9193    0.0629    2.0051    1.0337
[1] 4200.0000    1.0000    0.8436   -0.1477    1.8793    0.9733
[1] 4300.0000    0.0000    0.9986   -0.0422    1.9573    0.9026
[1] 4400.0000    0.0638    0.9571    0.1117    2.0322    0.9932
[1] 4500.0000    0.9808    0.8410   -0.0130    2.0117    1.1520
[1] 4600.0000    0.0369    0.8039   -0.1436    1.8019    1.1669
[1] 4700.0000    0.0000    0.9863    0.0912    2.0045    1.1102
[1] 4800.0000    1.0000    0.8536   -0.2027    1.8028    1.1437
[1] 4900.0000    0.4641    0.8201    0.1826    2.1551    1.1747
[1] 5000.0000    1.0000    0.9273   -0.1401    1.8278    1.0348
[1] 5100.0000    1.0000    0.8496   -0.2100    1.8441    0.8317
[1] 5200.0000    0.0114    0.8350   -0.0557    2.0432    1.0935
[1] 5300.0000    1.0000    0.8379   -0.1754    1.8023    1.0434
[1] 5400.0000    0.8534    0.8333   -0.0505    1.9380    0.9811
[1] 5500.0000    0.4978    0.8940   -0.1762    1.8904    1.1671
[1] 5600.0000    0.0635    0.8407   -0.3819    1.7584    1.1085
[1] 5700.0000    0.1407    0.9403   -0.1586    1.7783    0.9236
[1] 5800.0000    0.5597    0.8520    0.0477    2.0401    1.0482
[1] 5900.0000    0.3016    0.8706   -0.1320    1.8621    1.1672
[1] 6000.0000    0.6353    0.8325   -0.2203    1.8664    0.8825
[1] 6100.0000    0.1051    0.9025    0.1059    2.0131    0.9119
[1] 6200.0000    1.0000    0.8336   -0.2645    1.7169    0.9759
[1] 6300.0000    0.0154    0.8959   -0.1314    1.9638    1.1826
[1] 6400.0000    0.1620    0.9885    0.1056    1.9848    0.8165
[1] 6500.0000    0.3876    0.8697   -0.0744    1.9912    0.9040
[1] 6600.0000    0.0182    0.8918   -0.2971    1.7476    1.0184
[1] 6700.0000    0.0000    0.8229   -0.1793    1.7421    1.0410
[1] 6800.0000    1.0000    0.8496   -0.1183    1.9126    0.9728
[1] 6900.0000    0.0596    0.8556   -0.1890    1.8123    1.1638
[1] 7000.0000    0.0110    0.8011   -0.0901    1.8680    1.0228
[1] 7100.0000    0.8315    0.8440   -0.1161    1.8232    0.9302
[1] 7200.0000    0.0063    0.8749   -0.1086    1.8825    1.0509
[1] 7300.0000    0.0133    0.8821   -0.0863    1.9149    0.9361
[1] 7400.0000    0.0000    0.8164   -0.2855    1.7283    0.8600
[1] 7500.0000    0.0711    0.8682   -0.0760    1.9839    0.9160
[1] 7600.0000    0.1875    0.8511   -0.1290    1.8941    1.0027
[1] 7700.0000    0.0074    0.8552   -0.1322    1.8430    1.0850
[1] 7800.0000    0.0008    0.8139   -0.2129    1.8105    0.8702
[1] 7900.0000    0.4144    0.8037   -0.1429    1.9135    1.1632
[1] 8000.0000    0.3023    0.9186   -0.2896    1.7028    1.0026
[1] 8100.0000    0.1256    0.9605   -0.0151    2.0097    0.9407
[1] 8200.0000    0.0000    0.9273   -0.0180    1.9526    0.9041
[1] 8300.0000    0.0007    0.8896    0.1201    2.0700    1.1748
[1] 8400.0000    1.0000    0.9278   -0.1255    1.9913    0.8107
[1] 8500.0000    0.0290    0.8716   -0.1898    1.8560    1.1821
[1] 8600.0000    0.2838    0.9835   -0.0716    1.9754    0.9563
[1] 8700.0000    1.0000    0.8293   -0.1265    1.8613    0.8767
[1] 8800.0000    1.0000    0.9324   -0.1410    1.8403    0.8066
[1] 8900.0000    0.4901    0.9431   -0.1746    1.8982    1.1381
[1] 9000.0000    0.4623    0.9025   -0.0465    1.8929    0.9096
[1] 9100.0000    0.2530    0.8799    0.0187    1.9854    0.8591
[1] 9200.0000    0.6424    0.9069   -0.0687    2.0013    1.1995
[1] 9300.0000    0.0038    0.9856   -0.1248    1.8448    1.1370
[1] 9400.0000    0.2001    0.8458    0.0283    1.9167    1.0091
[1] 9500.0000    0.0000    0.9329   -0.1681    1.9199    0.8817
[1] 9600.0000    0.6006    0.9566   -0.2247    1.8042    1.1182
[1] 9700.0000    0.0052    0.8614    0.0533    1.9467    0.9692
[1] 9800.0000    0.4683    0.8196   -0.1534    1.8291    0.9680
[1] 9900.0000    0.0000    0.8466    0.0701    1.9976    0.8248
[1] 10000.0000     0.7105     0.9167    -0.3826     1.7142     1.1877
[1] 10100.0000     1.0000     0.9049    -0.0643     1.9530     1.0751
[1] 10200.0000     0.0001     0.9084    -0.2405     1.7612     0.8386
[1] 10300.0000     0.0369     0.8120     0.0197     1.9512     0.8804
[1] 10400.0000     0.2993     0.9337    -0.0195     1.9232     1.0990
[1] 10500.0000     1.0000     0.8159     0.0343     1.9672     1.1284
[1] 10600.0000     1.0000     0.8189     0.0365     1.9016     1.1530
[1] 10700.0000     0.0001     0.8531    -0.0207     1.9757     0.8181
[1] 10800.0000     0.6804     0.8541    -0.0201     2.0386     0.9792
[1] 10900.0000     0.0000     0.8264    -0.1301     2.0077     1.1140
[1] 11000.0000     0.4687     0.8012    -0.1939     1.9288     0.9407
[1] 11100.0000     0.0007     0.8902     0.0444     2.0718     0.9114
[1] 11200.0000     1.0000     0.9412    -0.0729     1.9965     0.8257
[1] 11300.0000     0.7711     0.9738    -0.0869     1.8272     1.1215
[1] 11400.0000     0.9196     0.9866    -0.0639     1.9093     0.8664
[1] 11500.0000     0.0000     0.9311    -0.1119     1.9320     0.8792
[1] 11600.0000     0.1914     0.9382    -0.4548     1.6463     0.8033
[1] 11700.0000     0.6125     0.9810    -0.2216     1.8917     0.9386
[1] 11800.0000     0.0758     0.9849    -0.1819     1.7631     1.0283
[1] 11900.0000     0.3703     0.8272    -0.0285     1.9174     0.8962
[1] 12000.0000     0.0078     0.8543    -0.2311     1.7981     1.1591
[1] 12100.0000     0.0978     0.9452    -0.1105     1.9179     0.8400
[1] 12200.0000     0.0045     0.8279    -0.1143     1.7774     0.8199
[1] 12300.0000     0.0081     0.9623    -0.0727     1.8028     1.1420
[1] 12400.0000     1.0000     0.8046    -0.2005     1.8062     0.8797
[1] 12500.0000     0.3376     0.9120     0.0301     2.0611     1.1259
[1] 12600.0000     0.6302     0.9564     0.0368     1.9063     1.1675
[1] 12700.0000     0.0000     0.9614    -0.1115     1.9378     0.8958
[1] 12800.0000     0.0084     0.9108    -0.1975     1.8073     1.0765
[1] 12900.0000     0.0106     0.8554    -0.4096     1.6812     0.9712
[1] 13000.0000     0.0106     0.8840    -0.0803     1.8519     1.1100
[1] 13100.0000     0.0013     0.9404    -0.1622     1.8562     0.9822
[1] 13200.0000     0.0053     0.9589    -0.2662     1.7049     1.1555
[1] 13300.0000     0.5800     0.8522     0.0014     1.9288     1.0074
[1] 13400.0000     0.0000     0.9485     0.0007     1.8139     1.0271
[1] 13500.0000     0.0002     0.8240    -0.1865     1.8690     1.0099
[1] 13600.0000     0.0533     0.8917    -0.0344     1.8714     1.0301
[1] 13700.0000     1.0000     0.8314    -0.1688     1.8555     0.8589
[1] 13800.0000     0.0000     0.8418    -0.2034     1.7777     1.1127
[1] 13900.0000     1.0000     0.8104    -0.2063     1.7923     0.8994
[1] 14000.0000     0.8499     0.9598    -0.0914     1.8577     0.8043
[1] 14100.0000     0.0002     0.9236     0.0012     1.9933     0.9106
[1] 14200.0000     0.1013     0.9171    -0.1270     1.8307     0.8964
[1] 14300.0000     0.0188     0.8359    -0.1748     1.8673     1.0907
[1] 14400.0000     0.6288     0.8570    -0.1334     1.8909     0.9360
[1] 14500.0000     0.0011     0.8302     0.0144     2.0276     1.1813
[1] 14600.0000     0.0000     0.8329    -0.2355     1.8442     0.9630
[1] 14700.0000     1.0000     0.8840    -0.0325     1.9413     1.0394
[1] 14800.0000     0.0000     0.8106    -0.3629     1.7133     1.0978
[1] 14900.0000     0.6192     0.9485    -0.1241     1.9416     1.1960
[1] 15000.0000     0.0000     0.9486    -0.1815     1.8291     0.9418
[1] 15100.0000     0.0321     0.9112    -0.1898     1.8244     1.0503
[1] 15200.0000     0.3686     0.9896     0.0024     1.9242     1.1186
[1] 15300.0000     0.0961     0.8296     0.0316     2.0686     1.1944
[1] 15400.0000     0.4697     0.8005    -0.0460     1.9795     0.8812
[1] 15500.0000     1.0000     0.8761    -0.2267     1.7968     0.9901
[1] 15600.0000     0.4211     0.9912    -0.2276     1.7863     1.0551
[1] 15700.0000     0.0020     0.8668     0.0916     2.0767     1.0399
[1] 15800.0000     0.0055     0.9670    -0.1465     1.7940     1.0411
[1] 15900.0000     0.0000     0.9524    -0.1305     1.9586     1.0855
[1] 16000.0000     0.5518     0.9761    -0.2290     1.8272     1.0600
[1] 16100.0000     1.0000     0.9477    -0.0933     1.9921     0.9420
[1] 16200.0000     1.0000     0.8455    -0.1356     1.8429     1.0509
[1] 16300.0000     0.2820     0.9029     0.1012     1.9937     1.0365
[1] 16400.0000     0.4258     0.8090    -0.0557     1.9454     0.8978
[1] 16500.0000     0.1106     0.9894     0.0012     2.0074     0.9222
[1] 16600.0000     1.0000     0.9292    -0.2685     1.7685     1.0485
[1] 16700.0000     0.2433     0.8804    -0.1962     1.8068     1.1815
[1] 16800.0000     0.3387     0.8165    -0.2226     1.7263     1.0376
[1] 16900.0000     0.0798     0.8583    -0.2044     1.8315     0.9158
[1] 17000.0000     0.6837     0.8355     0.0106     1.9633     0.9526
[1] 17100.0000     0.0044     0.9262     0.0906     1.9604     0.9696
[1] 17200.0000     0.4683     0.9497    -0.2945     1.7177     0.8252
[1] 17300.0000     1.0000     0.8396    -0.3707     1.6874     1.0131
[1] 17400.0000     0.6940     0.9623     0.0133     2.1047     1.1696
[1] 17500.0000     1.0000     0.9645    -0.2345     1.7345     0.9956
[1] 17600.0000     0.0120     0.8018    -0.0428     1.9116     1.0705
[1] 17700.0000     0.0179     0.8922    -0.1834     1.7731     1.0234
[1] 17800.0000     1.0000     0.9968    -0.2219     1.7797     0.8268
[1] 17900.0000     0.1391     0.8644    -0.0655     1.8779     1.0507
[1] 18000.0000     0.8068     0.9109    -0.0159     1.9351     0.8712
[1] 18100.0000     0.0033     0.9137    -0.1116     1.9388     0.9014
[1] 18200.0000     0.0847     0.8127     0.0071     2.0074     0.8547
[1] 18300.0000     0.0325     0.9706    -0.1343     1.8819     1.1685
[1] 18400.0000     0.0013     0.9243    -0.3715     1.7473     1.1066
[1] 18500.0000     0.0223     0.8611    -0.2729     1.8103     0.9812
[1] 18600.0000     0.1055     0.8932    -0.1206     1.9012     0.8460
[1] 18700.0000     0.3469     0.9071     0.0045     2.0343     1.1143
[1] 18800.0000     0.0628     0.8643    -0.1743     1.8338     0.9840
[1] 18900.0000     0.0001     0.8387    -0.2645     1.7942     0.8037
[1] 19000.0000     1.0000     0.8087    -0.0649     1.9869     1.1060
[1] 19100.0000     0.7099     0.9272    -0.2176     1.8835     0.8583
[1] 19200.0000     1.0000     0.8319    -0.1655     1.7586     1.0132
[1] 19300.0000     0.1879     0.8940     0.0024     1.9107     1.1248
[1] 19400.0000     0.5857     0.8040    -0.0835     1.8378     1.1551
[1] 19500.0000     0.0005     0.8243     0.1225     2.0819     0.8751
[1] 19600.0000     0.1617     0.8948     0.0379     2.0598     1.0740
[1] 19700.0000     0.0118     0.8143     0.0150     1.9584     0.8081
[1] 19800.0000     0.1236     0.8317     0.0830     2.0727     1.0742
[1] 19900.0000     0.2658     0.9981     0.0622     2.0931     1.0280
[1] 20000.0000     0.1488     0.8545    -0.2572     1.7840     0.8923
[1] 20100.0000     0.0000     0.8622    -0.0717     1.9374     0.8640
[1] 2.020e+04 2.948e-01 9.282e-01 4.080e-02 2.002e+00 9.678e-01
[1] 20300.0000     0.0115     0.9350    -0.3132     1.7547     0.8887
[1] 20400.0000     1.0000     0.8446    -0.1150     1.8778     1.0333
[1] 20500.0000     0.0084     0.8964    -0.1331     1.8985     1.1285
[1] 20600.0000     0.1348     0.9219    -0.1586     1.8853     1.0848
[1] 20700.0000     0.7792     0.8107     0.0911     2.0153     1.0874
[1] 20800.0000     1.0000     0.9981    -0.1045     1.9678     1.0246
[1] 20900.0000     0.0000     0.8285    -0.1418     1.8669     0.8493
[1] 21000.0000     0.2027     0.8708    -0.1744     1.8483     1.1617
[1] 21100.0000     0.5820     0.8682    -0.1937     1.8928     1.1577
[1] 21200.0000     1.0000     0.9611    -0.0607     1.9098     0.8029
[1] 21300.0000     0.0004     0.8214    -0.0638     1.8037     1.0391
[1] 21400.0000     1.0000     0.8276    -0.0019     1.9776     0.8233
[1] 21500.0000     0.0376     0.8906    -0.1159     1.9220     0.8206
[1] 21600.0000     0.3960     0.8069    -0.0904     1.8841     0.8555
[1] 21700.0000     0.5577     0.9973    -0.2779     1.7834     0.9605
[1] 21800.0000     0.4770     0.8380     0.0898     2.1640     1.0649
[1] 21900.0000     0.9817     0.9598    -0.0894     1.9426     0.8497
[1] 22000.0000     0.5142     0.8874    -0.0240     1.8782     1.0182
[1] 22100.0000     0.3555     0.8953    -0.0052     1.9680     0.9321
[1] 22200.0000     0.4669     0.8579    -0.2435     1.8220     0.8534
[1] 22300.0000     0.0070     0.8289    -0.2607     1.8331     0.9998
[1] 22400.0000     0.5261     0.8145    -0.1762     1.8633     0.8604
[1] 22500.0000     0.0120     0.8239    -0.1082     1.9718     1.1368
[1] 22600.0000     0.0000     0.8433    -0.0608     2.0647     1.1055
[1] 22700.0000     0.0031     0.8271    -0.0874     1.8900     1.1968
[1] 22800.0000     0.2060     0.8972    -0.0787     1.8192     1.0231
[1] 22900.0000     0.2397     0.8804    -0.1857     1.8262     0.9211
[1] 23000.0000     0.0004     0.8188    -0.1836     1.8194     1.0070
[1] 23100.0000     0.3198     0.8119     0.1033     2.0274     1.0551
[1] 23200.0000     0.0349     0.8437    -0.1294     1.9402     0.8877
[1] 23300.0000     0.0007     0.9905     0.0092     2.0366     1.1869
[1] 23400.0000     0.3851     0.8888    -0.0646     1.8317     1.0444
[1] 23500.0000     0.4800     0.8934    -0.1354     1.9146     1.1391
[1] 23600.0000     0.0610     0.9324    -0.2277     1.8096     0.8634
[1] 23700.0000     0.1882     0.9328    -0.2111     1.8272     1.0180
[1] 23800.0000     0.6952     0.9299    -0.1729     1.7060     1.0580
[1] 23900.0000     1.0000     0.8722    -0.0418     1.9077     0.8735
[1] 24000.0000     0.2764     0.9240    -0.0857     1.8712     0.9790
[1] 24100.0000     1.0000     0.9214    -0.1282     1.9489     0.8541
[1] 24200.0000     0.0170     0.9331    -0.2254     1.9064     1.1419
[1] 24300.0000     0.7421     0.8163    -0.1469     1.9297     1.0906
[1] 24400.0000     0.9946     0.9947    -0.0508     1.8988     0.9697
[1] 24500.0000     0.0599     0.8969    -0.1106     1.9000     1.0480
[1] 24600.0000     0.0005     0.8781    -0.0768     1.9064     0.8812
[1] 24700.0000     1.0000     0.9195    -0.3148     1.6701     0.8781
[1] 24800.0000     0.0000     0.8460    -0.0670     1.9024     0.9489
[1] 24900.0000     0.0155     0.9126    -0.1593     1.9802     1.0268
[1] 25000.0000     1.0000     0.8801     0.0189     2.0038     0.8235
[1] 25100.0000     0.4948     0.8622    -0.0551     1.9192     0.8281
[1] 25200.0000     0.0745     0.8495    -0.0388     2.0170     1.1739
[1] 25300.0000     0.0012     0.9779    -0.1826     1.8670     0.8977
[1] 25400.0000     0.3240     0.9621    -0.2837     1.7663     0.9516
[1] 25500.0000     0.6209     0.8159    -0.1079     1.8232     1.0385
[1] 25600.0000     0.0335     0.9926     0.1654     2.0774     0.9855
[1] 25700.0000     0.3708     0.8976    -0.2617     1.8665     0.9408
[1] 25800.0000     0.0127     0.9689    -0.1128     1.9338     1.1962
[1] 25900.0000     0.0003     0.8683     0.0119     1.8934     0.8098
[1] 26000.0000     0.2856     0.9492    -0.1441     1.7615     1.0058
[1] 26100.0000     0.4875     0.8603    -0.1924     1.9217     0.9559
[1] 26200.0000     1.0000     0.8601    -0.1499     1.8982     0.9041
[1] 26300.0000     0.3902     0.8448    -0.2489     1.6635     0.9973
[1] 26400.0000     0.0218     0.8446    -0.0290     1.9521     0.9223
[1] 26500.0000     0.0076     0.8034    -0.2616     1.7245     1.1338
[1] 26600.0000     0.2594     0.8720    -0.2827     1.7261     0.9170
[1] 26700.0000     0.1616     0.9721    -0.1523     1.8533     0.8075
[1] 26800.0000     1.0000     0.9542    -0.1325     1.8304     1.1594
[1] 26900.0000     0.0015     0.8396    -0.0259     2.0090     0.9391
[1] 27000.0000     1.0000     0.8977     0.0064     2.0081     0.8661
[1] 27100.0000     0.0079     0.8095    -0.0734     1.8675     1.0497
[1] 27200.0000     0.0838     0.8628    -0.2145     1.7921     1.0265
[1] 27300.0000     0.0088     0.9608    -0.1842     1.8247     0.8492
[1] 27400.0000     0.0877     0.8725    -0.0859     1.8006     1.1899
[1] 27500.0000     1.0000     0.8366    -0.1694     1.7937     1.0805
[1] 27600.0000     0.0153     0.8069    -0.0376     1.9781     0.9996
[1] 27700.0000     0.0506     0.8620     0.0486     2.1271     1.0941
[1] 27800.0000     0.0000     0.8358    -0.0082     2.0102     1.1051
[1] 27900.0000     0.5374     0.8774    -0.0448     1.9170     1.0564
[1] 28000.0000     0.0000     0.9003    -0.0913     1.9325     0.9918
[1] 28100.0000     0.0000     0.9262    -0.2263     1.8139     1.0710
[1] 28200.0000     0.4195     0.9920     0.0783     1.9940     1.1206
[1] 28300.0000     0.0013     0.8510    -0.2273     1.8084     0.8048
[1] 28400.0000     1.0000     0.9594    -0.1447     1.8596     0.8105
[1] 28500.0000     1.0000     0.8206    -0.0337     2.0202     1.0447
[1] 28600.0000     0.0148     0.9775    -0.1962     1.7933     0.9079
[1] 28700.0000     0.0459     0.8497    -0.1569     1.7571     1.1155
[1] 28800.0000     1.0000     0.9743    -0.1917     1.8086     0.8723
[1] 28900.0000     1.0000     0.9689    -0.2864     1.7675     1.0738
[1] 29000.0000     1.0000     0.8095    -0.0451     1.9356     1.0816
[1] 29100.0000     0.0150     0.9156    -0.0867     1.9271     0.8172
[1] 29200.0000     0.0039     0.8505    -0.3648     1.7084     0.9156
[1] 29300.0000     0.1769     0.9373    -0.0675     1.8585     0.8252
[1] 29400.0000     0.0155     0.9512    -0.0532     1.8052     1.1262
[1] 29500.0000     0.0171     0.8346    -0.0335     1.9343     0.9665
[1] 29600.0000     0.0190     0.8135    -0.1294     1.8749     0.8030
[1] 29700.0000     0.0066     0.8203    -0.1818     1.7449     1.1249
[1] 29800.0000     0.9783     0.8701    -0.1635     1.9175     0.8024
[1] 29900.0000     0.7658     0.9798    -0.1305     1.8322     1.0014
[1] 30000.0000     0.0484     0.8172    -0.1311     1.8298     1.1626
[1] 0.3655054
Time difference of 3.637456 hours
null device 
          1 
