[1] "El numero de nodos X particion es: 10"
[1] "Model = M1 / Data = sim_data/datasetSVCExponential5.Rdata"
[1] 100.0000   1.0000   0.8291   0.0649   1.9937   0.9331
[1] 200.0000   0.8795   0.9804   0.0104   1.9123   1.0297
[1] 300.0000   0.7249   0.8776  -0.2042   1.8161   1.0665
[1] 400.0000   0.2515   0.9217  -0.0517   1.8694   0.9692
[1] 500.0000   0.9143   0.8902  -0.1584   1.7667   0.8863
[1] 600.0000   0.0066   0.8693   0.0263   1.9441   1.0610
[1] 700.0000   1.0000   0.8087  -0.2243   1.7316   1.0605
[1] 800.0000   0.5386   0.8830  -0.0417   1.9313   0.9772
[1] 900.0000   0.1061   0.9543  -0.2526   1.7661   0.9829
[1] 1000.0000    1.0000    0.9692   -0.1198    1.8862    0.9576
[1] 1100.0000    0.2836    0.9726   -0.3086    1.6249    1.0201
[1] 1200.0000    0.0340    0.8467   -0.0380    1.9003    1.0747
[1] 1300.0000    0.9064    0.8617   -0.1125    1.8870    1.0550
[1] 1400.0000    0.0000    0.9303   -0.1161    1.9327    1.1894
[1] 1500.0000    0.0000    0.9672    0.0789    2.0062    1.1986
[1] 1600.0000    0.8497    0.9427   -0.1171    1.9298    1.0957
[1] 1700.0000    0.0000    0.9259   -0.1790    1.7449    1.0764
[1] 1800.0000    0.0000    0.9234   -0.0608    1.9839    1.1307
[1] 1900.0000    0.2948    0.9957    0.0175    2.0125    1.1822
[1] 2000.0000    0.0320    0.9978   -0.1139    1.7728    1.1535
[1] 2100.0000    0.3203    0.8081    0.0024    2.0331    0.9300
[1] 2200.0000    0.7838    0.8580   -0.0837    1.8689    1.0161
[1] 2300.0000    0.0178    0.8377   -0.0601    1.9602    0.8487
[1] 2400.0000    0.0219    0.9355   -0.0747    1.8113    1.1578
[1] 2500.0000    0.1243    0.9103   -0.0509    1.9849    0.8545
[1] 2600.0000    0.0051    0.8146   -0.3082    1.6277    0.8232
[1] 2700.0000    0.1092    0.8044   -0.2501    1.7587    1.0835
[1] 2800.0000    0.0127    0.9204   -0.0223    1.9560    1.0405
[1] 2900.0000    0.0001    0.8994   -0.2993    1.6551    1.0050
[1] 3000.0000    0.0078    0.9297    0.1156    2.0762    1.1984
[1] 3100.0000    0.1979    0.8265   -0.0280    1.8985    1.1652
[1] 3200.0000    0.0299    0.9371    0.0174    1.9218    1.1278
[1] 3300.0000    0.0000    0.9877   -0.0548    1.8957    0.9428
[1] 3400.0000    0.3626    0.8983   -0.1818    1.6591    1.1525
[1] 3500.0000    0.6948    0.9338   -0.1616    1.8913    0.8830
[1] 3600.0000    0.0146    0.9027   -0.0987    1.8634    1.1569
[1] 3700.0000    0.0137    0.8505    0.0420    2.0185    1.1374
[1] 3800.0000    0.0000    0.8653   -0.1791    1.7508    0.9884
[1] 3900.0000    0.0008    0.8553   -0.2890    1.6719    1.0542
[1] 4000.0000    0.6051    0.9388   -0.0997    1.7835    0.8131
[1] 4100.0000    0.7833    0.8096   -0.0290    1.9518    1.0244
[1] 4200.0000    0.8894    0.8436   -0.1968    1.8007    0.9733
[1] 4300.0000    0.0000    0.9986   -0.1780    1.7823    0.9026
[1] 4400.0000    0.1053    0.9571    0.1596    2.1058    0.9932
[1] 4500.0000    1.0000    0.8410    0.0243    1.9481    1.1520
[1] 4600.0000    0.1379    0.8009   -0.2393    1.7124    0.9214
[1] 4700.0000    0.0000    0.9709    0.0421    1.9923    1.0444
[1] 4800.0000    0.1035    0.8985   -0.0631    1.9222    0.9827
[1] 4900.0000    0.5843    0.8201    0.1867    2.1255    1.1747
[1] 5000.0000    0.9414    0.9273   -0.0850    1.8191    1.0348
[1] 5100.0000    0.3332    0.9679   -0.1287    1.8098    1.1951
[1] 5200.0000    0.0012    0.8350    0.0750    2.1778    1.0935
[1] 5300.0000    1.0000    0.8379   -0.1141    1.7799    1.0434
[1] 5400.0000    0.8201    0.8333   -0.0923    1.8454    0.9811
[1] 5500.0000    0.3535    0.8940   -0.1642    1.8649    1.1671
[1] 5600.0000    0.0216    0.9095   -0.4735    1.6267    0.9324
[1] 5700.0000    1.0000    0.9639   -0.1280    1.7844    1.0846
[1] 5800.0000    0.3579    0.8520    0.0411    2.0432    1.0482
[1] 5900.0000    0.2246    0.8706   -0.1674    1.7740    1.1672
[1] 6000.0000    0.0941    0.8273   -0.0925    1.8112    0.8750
[1] 6100.0000    0.0638    0.9517    0.1438    2.0507    0.9216
[1] 6200.0000    1.0000    0.8336   -0.2870    1.6643    0.9759
[1] 6300.0000    0.0114    0.8959   -0.1011    1.9377    1.1826
[1] 6400.0000    0.2416    0.9022   -0.0987    1.7509    0.8332
[1] 6500.0000    0.0193    0.8697   -0.0447    1.9408    0.9040
[1] 6600.0000    0.0043    0.8918   -0.2859    1.7661    1.0184
[1] 6700.0000    0.0000    0.9290   -0.2867    1.6077    1.1408
[1] 6800.0000    1.0000    0.8496   -0.0835    1.9173    0.9728
[1] 6900.0000    0.0654    0.8556   -0.1629    1.7979    1.1638
[1] 7000.0000    0.0026    0.8011   -0.0470    1.8789    1.0228
[1] 7100.0000    0.1776    0.8440    0.1575    2.0220    0.9302
[1] 7200.0000    0.0004    0.9645   -0.0532    1.8699    0.9109
[1] 7300.0000    0.0001    0.8821   -0.0948    1.9398    0.9361
[1] 7400.0000    0.0000    0.8164   -0.2125    1.7219    0.8600
[1] 7500.0000    0.1337    0.8682   -0.1599    1.8505    0.9160
[1] 7600.0000    0.0469    0.8332   -0.2067    1.7663    1.0877
[1] 7700.0000    0.0016    0.8348   -0.2311    1.7065    1.0869
[1] 7800.0000    0.0000    0.9829   -0.1086    1.7689    1.0003
[1] 7900.0000    0.3339    0.8037   -0.1747    1.8428    1.1632
[1] 8000.0000    1.0000    0.9186   -0.1867    1.6745    1.0026
[1] 8100.0000    0.5265    0.8687   -0.1030    1.9166    1.0506
[1] 8200.0000    0.0000    0.9636   -0.0349    1.9037    1.1811
[1] 8300.0000    0.0006    0.8222    0.1113    2.0525    0.8438
[1] 8400.0000    1.0000    0.9278   -0.1320    1.8252    0.8107
[1] 8500.0000    0.0030    0.8716   -0.1991    1.7855    1.1821
[1] 8600.0000    0.1878    0.9835   -0.0799    1.9297    0.9563
[1] 8700.0000    0.4137    0.8293   -0.1823    1.6994    0.8767
[1] 8800.0000    1.0000    0.9324   -0.1141    1.8489    0.8066
[1] 8900.0000    0.3767    0.9431   -0.1868    1.8709    1.1381
[1] 9000.0000    1.0000    0.9825   -0.2475    1.7382    1.0066
[1] 9100.0000    0.2065    0.8799   -0.0097    1.9488    0.8591
[1] 9200.0000    0.0896    0.8777    0.0101    1.9247    1.1489
[1] 9300.0000    0.0014    0.9856   -0.1345    1.7972    1.1370
[1] 9400.0000    0.1475    0.8458    0.1130    1.9909    1.0091
[1] 9500.0000    0.0000    0.9329   -0.1461    1.9128    0.8817
[1] 9600.0000    0.8325    0.9566   -0.1868    1.7834    1.1182
[1] 9700.0000    0.1668    0.8614   -0.2069    1.7339    0.9692
[1] 9800.0000    0.2999    0.8196   -0.1173    1.8109    0.9680
[1] 9900.0000    0.0000    0.8466    0.1505    2.0228    0.8248
[1] 10000.0000     0.6295     0.9167    -0.3701     1.6649     1.1877
[1] 10100.0000     1.0000     0.9049    -0.0687     1.8810     1.0751
[1] 10200.0000     0.0002     0.9106    -0.1423     1.7646     1.0967
[1] 10300.0000     0.0082     0.8120     0.1073     1.9612     0.8804
[1] 10400.0000     0.1929     0.8932     0.0202     1.9265     0.9948
[1] 10500.0000     1.0000     0.8159     0.1624     1.9885     1.1284
[1] 10600.0000     0.3656     0.8330     0.1324     2.1742     0.9483
[1] 10700.0000     0.0000     0.8531     0.0192     1.9692     0.8181
[1] 10800.0000     0.6860     0.9785    -0.1271     1.9241     1.1554
[1] 10900.0000     0.0000     0.8264    -0.1315     1.9420     1.1140
[1] 11000.0000     0.4135     0.8012    -0.1175     1.9410     0.9407
[1] 11100.0000     0.0000     0.8902     0.2546     2.2694     0.9114
[1] 11200.0000     0.9734     0.9412    -0.1687     1.8063     0.8257
[1] 11300.0000     1.0000     0.9738    -0.0902     1.8372     1.1215
[1] 11400.0000     0.9714     0.9866    -0.1737     1.7695     0.8664
[1] 11500.0000     0.0000     0.9311    -0.1630     1.8302     0.8792
[1] 11600.0000     1.0000     0.9382    -0.3450     1.6327     0.8033
[1] 11700.0000     0.5210     0.9810    -0.2942     1.7728     0.9386
[1] 11800.0000     0.0151     0.8440    -0.1730     1.6914     0.8198
[1] 11900.0000     0.4076     0.8272     0.0142     1.9146     0.8962
[1] 12000.0000     0.0027     0.8543    -0.2105     1.7733     1.1591
[1] 12100.0000     0.0513     0.9452    -0.0987     1.8982     0.8400
[1] 12200.0000     0.0017     0.8279    -0.1452     1.6916     0.8199
[1] 12300.0000     0.0023     0.9623    -0.0755     1.7387     1.1420
[1] 12400.0000     1.0000     0.8046    -0.2147     1.7591     0.8797
[1] 12500.0000     0.1365     0.9120     0.1135     2.0938     1.1259
[1] 12600.0000     1.0000     0.9564     0.0666     1.8956     1.1675
[1] 12700.0000     0.0000     0.9486     0.0850     2.0772     0.8166
[1] 12800.0000     0.0033     0.9108    -0.1390     1.7848     1.0765
[1] 12900.0000     0.3226     0.9378    -0.4422     1.4703     1.1252
[1] 13000.0000     0.0057     0.8840    -0.1048     1.7831     1.1100
[1] 13100.0000     0.0005     0.9404    -0.1386     1.8259     0.9822
[1] 13200.0000     0.0101     0.9589    -0.1547     1.8008     1.1555
[1] 13300.0000     0.1785     0.8522    -0.0552     1.8685     1.0074
[1] 13400.0000     0.0000     0.9801     0.1122     1.9958     1.0073
[1] 13500.0000     0.0000     0.8240     0.0262     2.0151     1.0099
[1] 13600.0000     0.0011     0.8917    -0.2763     1.5587     1.0301
[1] 13700.0000     1.0000     0.8314    -0.0082     1.9697     0.8589
[1] 13800.0000     0.0003     0.9394    -0.2545     1.7854     0.9910
[1] 13900.0000     0.8445     0.8104    -0.2111     1.7744     0.8994
[1] 14000.0000     0.8594     0.9598    -0.0747     1.8068     0.8043
[1] 1.410e+04 0.000e+00 9.236e-01 2.910e-02 1.983e+00 9.106e-01
[1] 14200.0000     0.2154     0.9171     0.0018     1.8749     0.8964
[1] 14300.0000     0.0149     0.8359    -0.2058     1.7874     1.0907
[1] 14400.0000     0.8689     0.8984    -0.1073     1.8823     1.1866
[1] 14500.0000     0.0005     0.8302    -0.0870     1.9040     1.1813
[1] 14600.0000     0.0000     0.8084    -0.2573     1.7812     0.8928
[1] 14700.0000     1.0000     0.8840     0.0114     1.9423     1.0394
[1] 14800.0000     0.0000     0.9533    -0.1727     1.6871     0.8106
[1] 14900.0000     0.3785     0.9850    -0.0282     1.9703     1.1438
[1] 15000.0000     0.0000     0.9486    -0.2012     1.7656     0.9418
[1] 15100.0000     0.0456     0.9112    -0.1750     1.8201     1.0503
[1] 15200.0000     0.3074     0.9896     0.0970     1.9962     1.1186
[1] 15300.0000     0.4358     0.8856    -0.1034     1.8282     0.9730
[1] 15400.0000     0.4607     0.8005     0.0243     2.0439     0.8812
[1] 15500.0000     0.2552     0.9013    -0.0497     1.7807     1.0728
[1] 15600.0000     0.7139     0.9912    -0.1916     1.7813     1.0551
[1] 1.570e+04 0.000e+00 9.705e-01 1.221e-01 2.034e+00 8.969e-01
[1] 15800.0000     0.0047     0.9670    -0.1422     1.7658     1.0411
[1] 15900.0000     0.0000     0.9524    -0.1006     1.9143     1.0855
[1] 16000.0000     0.3214     0.9761    -0.2068     1.8412     1.0600
[1] 16100.0000     0.0042     0.8888     0.0850     2.1111     0.9906
[1] 16200.0000     1.0000     0.8455    -0.1542     1.8191     1.0509
[1] 16300.0000     0.4096     0.9029     0.1377     1.9946     1.0365
[1] 16400.0000     0.2759     0.8090    -0.0148     1.9311     0.8978
[1] 16500.0000     0.0772     0.9894    -0.1443     1.8281     0.9222
[1] 16600.0000     1.0000     0.9292    -0.3059     1.6775     1.0485
[1] 16700.0000     0.0774     0.8804    -0.0979     1.9095     1.1815
[1] 16800.0000     0.0216     0.8165    -0.3063     1.6707     1.0376
[1] 16900.0000     0.0574     0.8221    -0.1909     1.7192     1.1575
[1] 17000.0000     0.5945     0.8355     0.0904     1.9956     0.9526
[1] 17100.0000     0.0609     0.9483     0.1349     2.0763     0.9775
[1] 17200.0000     0.2546     0.9497    -0.1879     1.7504     0.8252
[1] 17300.0000     0.0756     0.9564    -0.2635     1.7007     0.9524
[1] 17400.0000     0.9657     0.9623     0.0313     2.1156     1.1696
[1] 17500.0000     1.0000     0.9645    -0.2894     1.7114     0.9956
[1] 17600.0000     0.0211     0.8018    -0.0588     1.8322     1.0705
[1] 17700.0000     0.0689     0.8382    -0.0837     1.7275     1.1091
[1] 17800.0000     1.0000     0.9968    -0.1770     1.7799     0.8268
[1] 17900.0000     0.0006     0.8644    -0.1153     1.8839     1.0507
[1] 18000.0000     0.9134     0.9109    -0.0117     1.9832     0.8712
[1] 18100.0000     0.0291     0.9137     0.0602     2.0318     0.9014
[1] 18200.0000     1.0000     0.8073     0.1347     2.0678     0.9256
[1] 18300.0000     0.0016     0.9706    -0.1081     1.9271     1.1685
[1] 18400.0000     0.0022     0.9243    -0.3650     1.7284     1.1066
[1] 18500.0000     0.0286     0.8064    -0.2356     1.7850     1.1050
[1] 18600.0000     0.0203     0.8932     0.0272     2.0331     0.8460
[1] 18700.0000     0.2507     0.9071     0.0963     2.0619     1.1143
[1] 18800.0000     0.0031     0.9415    -0.1746     1.8696     0.8205
[1] 18900.0000     0.0000     0.8387    -0.2695     1.7746     0.8037
[1] 19000.0000     1.0000     0.8087    -0.0066     2.0158     1.1060
[1] 19100.0000     0.2307     0.9272    -0.2976     1.8098     0.8583
[1] 19200.0000     0.9634     0.8319    -0.1695     1.6890     1.0132
[1] 19300.0000     0.1229     0.8940     0.1002     1.9535     1.1248
[1] 19400.0000     0.4949     0.8040    -0.1525     1.7273     1.1551
[1] 19500.0000     0.0007     0.8243     0.1363     2.0646     0.8751
[1] 19600.0000     0.2022     0.8098    -0.0738     1.8994     1.1951
[1] 19700.0000     0.0051     0.8143     0.0574     1.9558     0.8081
[1] 19800.0000     0.2223     0.8357     0.1825     2.0942     1.1647
[1] 19900.0000     0.3950     0.9981     0.2143     2.2018     1.0280
[1] 20000.0000     0.1340     0.8545    -0.2743     1.7234     0.8923
[1] 20100.0000     0.0000     0.8622     0.0560     2.0655     0.8640
[1] 20200.0000     1.0000     0.9840    -0.0367     1.9633     1.1380
[1] 20300.0000     0.0249     0.9533    -0.2820     1.6952     0.8784
[1] 20400.0000     1.0000     0.8446    -0.0890     1.8315     1.0333
[1] 20500.0000     0.0030     0.8964    -0.1424     1.8535     1.1285
[1] 20600.0000     0.2347     0.9963    -0.0245     1.9411     0.8156
[1] 20700.0000     0.8439     0.8107     0.1505     2.0660     1.0874
[1] 20800.0000     1.0000     0.9981    -0.1824     1.8278     1.0246
[1] 20900.0000     0.0000     0.8352    -0.1515     1.8424     0.8133
[1] 21000.0000     0.3749     0.8369    -0.1245     1.8636     1.0355
[1] 21100.0000     1.0000     0.8682    -0.1364     1.8605     1.1577
[1] 2.120e+04 1.000e+00 9.611e-01 7.100e-03 1.975e+00 8.029e-01
[1] 21300.0000     0.0001     0.8214    -0.0044     1.7962     1.0391
[1] 21400.0000     1.0000     0.8276    -0.1227     1.8554     0.8233
[1] 21500.0000     0.0094     0.8906     0.0298     2.0147     0.8206
[1] 21600.0000     0.2918     0.8069    -0.1117     1.8374     0.8555
[1] 21700.0000     0.3482     0.9973    -0.1790     1.8082     0.9605
[1] 21800.0000     0.4625     0.8778     0.1625     2.2222     1.0685
[1] 21900.0000     0.9201     0.9598    -0.0421     1.9410     0.8497
[1] 22000.0000     0.3213     0.8213     0.0042     1.9229     1.0483
[1] 22100.0000     0.0128     0.8953     0.0256     2.0437     0.9321
[1] 22200.0000     0.3708     0.8579    -0.3023     1.7181     0.8534
[1] 22300.0000     0.0295     0.9726    -0.2003     1.9237     0.8521
[1] 22400.0000     0.7207     0.8145    -0.1841     1.8595     0.8604
[1] 22500.0000     0.0019     0.8239    -0.1598     1.8793     1.1368
[1] 22600.0000     0.0011     0.9196     0.0181     1.9624     1.0596
[1] 22700.0000     0.0000     0.8271    -0.1480     1.8455     1.1968
[1] 22800.0000     0.0642     0.8972    -0.1397     1.6790     1.0231
[1] 22900.0000     0.6092     0.8804    -0.2346     1.6779     0.9211
[1] 23000.0000     0.0000     0.8997     0.0944     1.9119     0.9381
[1] 23100.0000     0.3630     0.8119     0.0626     1.9404     1.0551
[1] 23200.0000     0.0280     0.9586     0.1085     2.1015     1.0581
[1] 23300.0000     0.0000     0.9727     0.0898     2.0223     0.9482
[1] 23400.0000     0.2556     0.8888    -0.0321     1.8021     1.0444
[1] 23500.0000     1.0000     0.9916    -0.0144     1.9065     1.1297
[1] 23600.0000     0.0172     0.9324    -0.1955     1.8003     0.8634
[1] 23700.0000     0.1355     0.8580    -0.2314     1.6992     0.8494
[1] 23800.0000     1.0000     0.9299    -0.1261     1.7148     1.0580
[1] 23900.0000     0.7733     0.8722     0.0480     1.9275     0.8735
[1] 24000.0000     0.0572     0.9851    -0.0598     1.8891     1.0873
[1] 24100.0000     1.0000     0.9214    -0.2060     1.8433     0.8541
[1] 24200.0000     0.6732     0.9905    -0.2538     1.7509     1.0102
[1] 24300.0000     1.0000     0.8163    -0.1207     1.8983     1.0906
[1] 24400.0000     1.0000     0.9947    -0.0378     1.8661     0.9697
[1] 24500.0000     0.0229     0.8969    -0.0266     1.9447     1.0480
[1] 24600.0000     0.0001     0.8781    -0.0801     1.8679     0.8812
[1] 24700.0000     1.0000     0.9195    -0.2969     1.6368     0.8781
[1] 24800.0000     0.0001     0.8460    -0.1129     1.8417     0.9489
[1] 24900.0000     0.1987     0.8023    -0.1205     1.8503     1.0260
[1] 25000.0000     1.0000     0.8801     0.0572     2.0106     0.8235
[1] 25100.0000     0.1166     0.8549    -0.0550     1.9166     0.9439
[1] 25200.0000     0.1046     0.8495    -0.0545     1.9582     1.1739
[1] 25300.0000     0.0002     0.9779    -0.1277     1.8885     0.8977
[1] 25400.0000     0.0040     0.9183    -0.1988     1.7144     1.0450
[1] 25500.0000     1.0000     0.8159    -0.2455     1.6461     1.0385
[1] 2.560e+04 7.330e-02 9.926e-01 1.840e-02 1.955e+00 9.855e-01
[1] 25700.0000     0.2565     0.8976    -0.3032     1.7004     0.9408
[1] 25800.0000     0.0233     0.9689    -0.1034     1.8724     1.1962
[1] 25900.0000     0.0001     0.9087     0.0664     1.9075     0.8861
[1] 26000.0000     0.7303     0.9492    -0.1452     1.7531     1.0058
[1] 26100.0000     0.0528     0.8951    -0.0506     1.9588     0.8249
[1] 26200.0000     0.5455     0.8601    -0.0661     1.9746     0.9041
[1] 26300.0000     0.6496     0.8623    -0.3451     1.6709     1.0835
[1] 26400.0000     0.0581     0.8855     0.1887     2.0184     1.0131
[1] 26500.0000     0.0626     0.8034    -0.3456     1.6440     1.1338
[1] 26600.0000     0.2298     0.8720    -0.2958     1.6652     0.9170
[1] 26700.0000     0.0775     0.9721    -0.0995     1.8623     0.8075
[1] 26800.0000     0.5290     0.9542    -0.1703     1.7136     1.1594
[1] 26900.0000     0.0056     0.9241     0.0770     2.0048     1.0646
[1] 27000.0000     1.0000     0.8977    -0.0595     1.9202     0.8661
[1] 27100.0000     0.0000     0.8095    -0.0763     1.8868     1.0497
[1] 27200.0000     0.0128     0.8628    -0.1844     1.8148     1.0265
[1] 27300.0000     0.0009     0.9608    -0.1944     1.7390     0.8492
[1] 27400.0000     0.1275     0.8725    -0.2515     1.6982     1.1899
[1] 27500.0000     0.3276     0.9561    -0.2084     1.7164     0.9337
[1] 27600.0000     0.0179     0.8069    -0.0543     1.9266     0.9996
[1] 27700.0000     0.0040     0.8768     0.0628     2.0509     1.0202
[1] 27800.0000     0.0000     0.8358     0.0139     1.9638     1.1051
[1] 27900.0000     0.4882     0.8774     0.0271     1.9460     1.0564
[1] 28000.0000     0.0000     0.9003    -0.0645     1.9217     0.9918
[1] 28100.0000     0.0000     0.9262    -0.3324     1.6476     1.0710
[1] 28200.0000     0.6249     0.9920     0.0105     1.9517     1.1206
[1] 28300.0000     0.0284     0.8510    -0.0919     1.8126     0.8048
[1] 28400.0000     0.6334     0.9594    -0.0977     1.7997     0.8105
[1] 28500.0000     1.0000     0.8206     0.0350     2.0471     1.0447
[1] 28600.0000     0.0009     0.9775    -0.0979     1.8583     0.9079
[1] 28700.0000     0.1461     0.8497    -0.1377     1.7842     1.1155
[1] 28800.0000     1.0000     0.9743     0.0425     2.0469     0.8723
[1] 28900.0000     0.3131     0.8662    -0.2519     1.7749     0.8550
[1] 29000.0000     0.2604     0.8251    -0.1197     1.8367     0.9007
[1] 29100.0000     0.0044     0.9156    -0.0027     1.9751     0.8172
[1] 29200.0000     0.0001     0.8505    -0.3960     1.5970     0.9156
[1] 29300.0000     0.0482     0.9373    -0.2301     1.6556     0.8252
[1] 29400.0000     0.0525     0.9512    -0.0446     1.8470     1.1262
[1] 29500.0000     0.0006     0.8346    -0.2139     1.7337     0.9665
[1] 29600.0000     0.0004     0.8267    -0.0984     1.9326     1.0464
[1] 29700.0000     0.0101     0.9571    -0.2042     1.7038     0.9736
[1] 29800.0000     1.0000     0.8701    -0.1806     1.8854     0.8024
[1] 29900.0000     1.0000     0.9798    -0.1750     1.8191     1.0014
[1] 30000.0000     0.2020     0.8172    -0.0944     1.8724     1.1626
[1] 0.3435863
Time difference of 3.79788 hours
null device 
          1 
