[1] "El numero de nodos X particion es: 10"
[1] "Model = M2 / Data = sim_data/datasetSVIExponential22.Rdata"
[1] 100.0000   0.5004   0.9429   0.1502   1.8284   1.1970
[1] 200.0000   0.0000   0.8487   0.4356   1.4748   0.8384
[1] 300.0000   0.1731   0.8776  -0.0286   2.0920   1.0665
[1] 400.0000   0.0000   0.8775  -0.2567   2.2633   1.0971
[1] 500.0000   0.0000   0.8350   0.7233   1.2473   0.9084
[1] 600.0000   0.0007   0.8988  -0.0747   2.0129   1.1191
[1] 700.0000   0.0004   0.8999   0.4386   1.5420   1.0702
[1] 800.0000   0.0000   0.9999  -0.0294   2.0127   1.0968
[1] 900.0000   0.0000   0.9606  -0.3088   2.2160   1.0158
[1] 1000.0000    0.0000    0.8209   -0.0968    2.0944    0.9374
[1] 1100.0000    0.0000    0.8924    0.6789    1.2622    0.9545
[1] 1200.0000    0.2000    0.8603   -0.0052    2.0753    0.9164
[1] 1300.0000    0.1311    0.9805   -0.2017    2.1956    0.8049
[1] 1400.0000    0.0000    0.8099   -0.5318    2.4824    1.1384
[1] 1500.0000    0.0006    0.9694    0.8073    1.0886    1.1238
[1] 1600.0000    0.0000    0.9658   -0.1956    2.1053    1.0950
[1] 1700.0000    0.0000    0.9419   -0.0840    2.1159    1.0966
[1] 1800.0000    0.0000    0.9376    0.2436    1.7254    0.8302
[1] 1900.0000    0.0000    0.9875   -0.2122    2.2005    0.8532
[1] 2000.0000    0.0000    0.9870   -0.2973    2.3453    0.9024
[1] 2100.0000    0.0000    0.8246   -0.1829    2.0831    1.1071
[1] 2200.0000    0.0000    0.8668    0.2424    1.7778    1.0989
[1] 2300.0000    0.0002    0.8951    0.1214    1.7689    0.9529
[1] 2400.0000    0.0000    0.9355    0.0126    1.9743    1.1578
[1] 2500.0000    0.0876    0.9668    0.1724    1.7407    0.8029
[1] 2600.0000    0.0000    0.8617   -0.6995    2.6114    0.8044
[1] 2700.0000    0.0000    0.8492   -0.1253    2.1187    0.9140
[1] 2800.0000    0.0154    0.9386    0.3645    1.5508    0.8695
[1] 2900.0000    0.0007    0.9982   -0.4592    2.3687    0.9626
[1] 3000.0000    0.0000    0.8454   -0.2270    2.1924    0.9669
[1] 3100.0000    0.0001    0.8265    0.1538    1.8759    1.1652
[1] 3200.0000    0.0000    0.9190    0.1063    1.8546    0.9575
[1] 3300.0000    0.0000    0.9797    0.2164    1.6801    1.0744
[1] 3400.0000    0.6993    0.8983    0.2345    1.7656    1.1525
[1] 3500.0000    0.0000    0.9256    0.2286    1.7427    1.1684
[1] 3600.0000    0.0000    0.9027   -0.1658    2.1547    1.1569
[1] 3700.0000    1.0000    0.9624    0.3118    1.6715    0.8094
[1] 3800.0000    0.0000    0.8701   -0.4576    2.2476    0.8357
[1] 3900.0000    0.0000    0.9030   -0.7179    2.6936    0.9530
[1] 4000.0000    0.0000    0.8393    0.2427    1.7496    0.9996
[1] 4100.0000    0.0000    0.8388   -0.3308    2.3023    0.8864
[1] 4200.0000    0.0000    0.9756   -0.8539    2.7500    0.9752
[1] 4300.0000    0.0310    0.9117   -0.3758    2.2713    0.8380
[1] 4400.0000    0.0000    0.9459    0.1742    1.7668    1.1887
[1] 4500.0000    1.0000    0.8410    0.0838    1.8672    1.1520
[1] 4600.0000    0.0001    0.9525    0.1921    1.8267    1.1110
[1] 4700.0000    0.0000    0.8528   -0.2007    2.1330    0.8411
[1] 4800.0000    0.0000    0.8616   -0.4396    2.4030    0.9384
[1] 4900.0000    0.0000    0.9924   -0.4621    2.4420    1.1836
[1] 5000.0000    0.1258    0.8074   -0.3493    2.2299    1.0307
[1] 5100.0000    0.0000    0.9679   -0.1030    2.0624    1.1951
[1] 5200.0000    0.0000    0.8350   -0.0023    2.1518    1.0935
[1] 5300.0000    0.0000    0.8821    0.2415    1.5651    1.0013
[1] 5400.0000    0.0000    0.9713    0.1658    1.6591    1.1011
[1] 5500.0000    0.0000    0.8506    0.5219    1.4348    1.1979
[1] 5600.0000    0.0000    0.8117   -0.2352    2.1763    0.9121
[1] 5700.0000    0.0000    0.9445    0.2131    1.7864    1.0237
[1] 5800.0000    0.0000    0.8612   -0.2215    2.2094    1.0327
[1] 5900.0000    0.0000    0.8278    0.4625    1.5035    1.0767
[1] 6000.0000    0.0000    0.8887    0.3577    1.5546    0.8335
[1] 6100.0000    0.0000    0.8498   -0.1064    2.0711    1.1242
[1] 6200.0000    0.0000    0.9400    0.2944    1.5893    0.8404
[1] 6300.0000    0.0000    0.9569    0.1768    1.8575    0.8080
[1] 6400.0000    0.0000    0.9885   -0.3058    2.3494    0.8165
[1] 6500.0000    0.0001    0.9145   -0.2623    2.1107    0.8046
[1] 6600.0000    0.0000    0.8918   -0.4528    2.5180    1.0184
[1] 6700.0000    0.0000    0.8204   -0.5082    2.4082    0.9264
[1] 6800.0000    0.3732    0.8794   -0.0045    1.9674    0.9381
[1] 6900.0000    0.0000    0.9267   -0.3075    2.3528    1.0380
[1] 7000.0000    0.0000    0.9736    0.2495    1.7226    1.0588
[1] 7100.0000    0.0000    0.9857    0.0405    1.9716    1.0571
[1] 7200.0000    0.0000    0.8247   -0.2116    2.2486    0.8913
[1] 7300.0000    0.0000    0.9946    0.4649    1.5208    1.1299
[1] 7400.0000    0.0000    0.9512   -0.1613    2.0554    0.8676
[1] 7500.0000    0.0000    0.9989   -0.9384    2.6946    1.1081
[1] 7600.0000    0.0000    0.9493   -0.3310    2.2114    0.9281
[1] 7700.0000    0.0000    0.8348   -1.0380    2.9277    1.0869
[1] 7800.0000    0.0026    0.9281   -0.6826    2.7033    0.8883
[1] 7900.0000    0.0000    0.9654   -0.1933    2.1404    1.1831
[1] 8000.0000    0.0000    0.9309    0.5504    1.3694    1.0835
[1] 8100.0000    0.0000    0.9710    0.0477    1.8880    1.0872
[1] 8200.0000    0.0277    0.8808   -0.7179    2.5653    1.1030
[1] 8300.0000    0.0000    0.8222   -0.3355    2.3233    0.8438
[1] 8400.0000    0.0000    0.9658   -0.3342    2.2387    0.9286
[1] 8500.0000    0.0000    0.8325    0.0286    1.9490    1.0750
[1] 8600.0000    0.0095    0.9564   -0.9021    2.8755    0.9963
[1] 8700.0000    0.0000    0.8940   -0.2878    2.2845    1.0236
[1] 8800.0000    0.0000    0.9735   -0.4318    2.3410    1.0381
[1] 8900.0000    0.0000    0.8674    0.3872    1.6069    1.0474
[1] 9000.0000    0.0000    0.8301    0.2521    1.6622    1.1387
[1] 9100.0000    0.0000    0.8060   -0.0328    1.8935    0.8104
[1] 9200.0000    0.0000    0.8777   -0.0181    2.0271    1.1489
[1] 9300.0000    0.0000    0.9734    0.1519    1.7445    1.1056
[1] 9400.0000    0.0000    0.9739    0.5257    1.5576    1.1032
[1] 9500.0000    0.0000    0.8817    0.0997    1.8425    1.0875
[1] 9600.0000    0.0008    0.8149   -0.0330    2.0460    0.9056
[1] 9700.0000    0.0000    0.9657    0.5838    1.4100    0.9166
[1] 9800.0000    0.0000    0.9462   -0.3586    2.3032    1.1275
[1] 9900.0000    0.0000    0.9876    0.7635    1.2197    0.9739
[1] 10000.0000     0.7599     0.8618    -0.3500     2.3438     0.8032
[1] 10100.0000     1.0000     0.9049    -0.2456     2.2792     1.0751
[1] 10200.0000     0.0317     0.8458     0.2145     1.7373     1.1044
[1] 10300.0000     0.2046     0.9549     0.7028     1.2814     0.8021
[1] 10400.0000     0.0000     0.9434     0.5266     1.3857     1.1753
[1] 10500.0000     0.0547     0.8159     0.1885     1.6034     1.1284
[1] 10600.0000     0.0000     0.8442     0.0897     1.9397     0.9495
[1] 10700.0000     0.0000     0.9346     0.4560     1.5662     1.0990
[1] 10800.0000     1.0000     0.8056    -0.0512     2.0035     0.8503
[1] 10900.0000     0.0000     0.9660     0.4422     1.5601     1.1970
[1] 11000.0000     0.1855     0.8012    -0.0414     2.1027     0.9407
[1] 11100.0000     0.0000     0.9587    -0.0245     1.9503     0.9308
[1] 11200.0000     1.0000     0.9412    -0.6084     2.6227     0.8257
[1] 11300.0000     0.0000     0.9481    -0.4388     2.3054     1.1448
[1] 11400.0000     0.0075     0.9548     0.6000     1.3773     1.0047
[1] 11500.0000     0.0000     0.8061    -0.1010     2.0696     1.1646
[1] 11600.0000     0.0172     0.9382    -0.3327     2.1302     0.8033
[1] 11700.0000     0.8028     0.8613     0.1358     1.7578     1.0253
[1] 11800.0000     0.0000     0.8027     0.2186     1.6817     0.8530
[1] 11900.0000     0.0000     0.8460    -0.5805     2.4380     0.8150
[1] 12000.0000     0.0000     0.8197     0.1533     1.7253     0.8759
[1] 12100.0000     0.0002     0.8666    -0.1005     1.9521     0.9630
[1] 12200.0000     0.2546     0.8496     0.5107     1.5167     0.8460
[1] 12300.0000     0.0047     0.8010     0.0693     1.9141     0.8810
[1] 12400.0000     0.6863     0.8046    -0.1240     2.1525     0.8797
[1] 12500.0000     0.0000     0.9939    -0.1806     2.2095     0.9707
[1] 12600.0000     0.0000     0.8126    -0.1888     2.2226     1.1805
[1] 12700.0000     0.0376     0.9614    -0.0758     1.9206     0.8958
[1] 12800.0000     0.0000     0.8719    -0.5341     2.4333     0.9384
[1] 12900.0000     0.5618     0.9728     0.4732     1.5128     0.8641
[1] 13000.0000     0.0000     0.8069    -0.1959     2.1096     1.0997
[1] 13100.0000     0.0000     0.9339     0.8573     1.0687     1.1193
[1] 13200.0000     0.0196     0.8843    -0.7250     2.6671     0.9997
[1] 13300.0000     0.0000     0.8590    -0.0866     2.0051     1.0479
[1] 13400.0000     0.0000     0.9676     0.2805     1.7201     1.1418
[1] 13500.0000     0.0000     0.8466    -0.1007     2.0105     0.8143
[1] 13600.0000     0.0000     0.8917     0.5792     1.4573     1.0301
[1] 13700.0000     0.0000     0.8951    -0.0391     1.9769     1.0363
[1] 13800.0000     0.0000     0.8787    -0.4179     2.3866     1.0611
[1] 13900.0000     0.0002     0.8573     0.0288     1.9544     0.8372
[1] 14000.0000     0.0000     0.9588     0.0288     1.9008     0.9662
[1] 14100.0000     0.0000     0.8844    -0.0539     1.8744     1.1867
[1] 14200.0000     0.0001     0.8479     0.6307     1.2446     0.8739
[1] 14300.0000     0.0000     0.8548    -0.8385     2.8025     0.8231
[1] 14400.0000     0.1140     0.8623    -0.1364     2.0666     0.8985
[1] 14500.0000     1.0000     0.9833     0.0862     1.9089     1.1771
[1] 14600.0000     0.0000     0.8912    -0.2286     2.1554     0.8958
[1] 14700.0000     0.0000     0.8974    -0.1465     1.9851     1.0871
[1] 14800.0000     0.0000     0.9473     0.2507     1.6181     0.8982
[1] 14900.0000     0.0461     0.9582    -0.1258     2.1354     1.0321
[1] 15000.0000     0.0003     0.9447    -0.4711     2.4278     0.8911
[1] 15100.0000     1.0000     0.8292     0.0450     1.9106     0.9249
[1] 15200.0000     0.0000     0.8734     0.3956     1.6252     0.8767
[1] 15300.0000     1.0000     0.8282    -0.4373     2.4002     1.1177
[1] 15400.0000     0.4489     0.9636    -0.6318     2.6457     0.9462
[1] 15500.0000     0.0000     0.8045    -0.4753     2.3520     1.0028
[1] 15600.0000     0.0000     0.8520    -0.4487     2.4298     1.1912
[1] 15700.0000     0.0000     0.8668    -0.2512     2.2983     1.0399
[1] 15800.0000     0.0823     0.8834    -0.2420     2.1365     0.9061
[1] 15900.0000     0.0000     0.9431     0.0167     1.9071     0.8611
[1] 16000.0000     0.0289     0.8124    -0.3934     2.3455     1.1160
[1] 16100.0000     0.0000     0.9566     0.2733     1.7347     1.0234
[1] 16200.0000     0.0002     0.9466     0.3273     1.5623     0.9477
[1] 16300.0000     0.0000     0.8414     0.4593     1.5314     1.0369
[1] 16400.0000     0.0000     0.9401    -0.1127     2.0410     0.9237
[1] 16500.0000     0.5701     0.9028     0.4915     1.4807     0.9055
[1] 16600.0000     0.0012     0.8568    -0.3343     2.3500     1.0645
[1] 16700.0000     0.0000     0.9287    -0.0659     1.9148     0.9633
[1] 16800.0000     0.0000     0.9378    -0.1487     2.0751     1.0931
[1] 16900.0000     0.0000     0.8583     0.0916     1.8019     0.9158
[1] 17000.0000     0.0000     0.9790    -0.3732     2.2768     0.8822
[1] 17100.0000     0.0000     0.9262     0.8173     1.2168     0.9696
[1] 17200.0000     0.0095     0.9497    -0.0001     1.9620     0.8252
[1] 17300.0000     1.0000     0.8396    -0.0164     2.0296     1.0131
[1] 17400.0000     0.0000     0.8593    -0.0493     2.0805     1.1450
[1] 17500.0000     0.0000     0.8131     0.3011     1.6487     0.9127
[1] 17600.0000     0.0000     0.9839     0.0401     1.9201     1.0238
[1] 17700.0000     0.0000     0.8794     0.4177     1.5882     0.9707
[1] 17800.0000     0.0075     0.9571    -0.7125     2.7713     0.9258
[1] 17900.0000     0.0000     0.9083     0.0005     1.9184     0.9495
[1] 18000.0000     0.3426     0.9109    -0.3532     2.3965     0.8712
[1] 18100.0000     0.0000     0.9461    -0.2191     2.1392     0.9222
[1] 18200.0000     0.0004     0.8142     0.7641     1.2551     0.8298
[1] 18300.0000     0.0000     0.9928    -0.0920     2.0253     1.1096
[1] 18400.0000     0.0000     0.9121    -0.0013     2.0155     0.9764
[1] 18500.0000     0.0000     0.8451     0.1935     1.7744     0.9054
[1] 18600.0000     0.0000     0.8656    -0.0721     2.1083     0.8624
[1] 18700.0000     0.0000     0.8690    -0.3647     2.2222     0.9055
[1] 18800.0000     0.0000     0.8537    -0.2433     2.2173     0.9005
[1] 18900.0000     0.0000     0.9024    -0.1786     2.1268     1.0613
[1] 19000.0000     0.0001     0.8770     0.1750     1.7958     1.0394
[1] 19100.0000     0.0000     0.8142    -0.2314     2.1240     1.0716
[1] 19200.0000     0.0000     0.8001     0.3717     1.5368     0.9641
[1] 19300.0000     0.0000     0.8411     0.2606     1.6451     0.9272
[1] 19400.0000     0.0000     0.8040    -0.1221     2.1385     1.1551
[1] 19500.0000     0.0000     0.9654    -0.0948     2.0478     0.9669
[1] 19600.0000     0.4413     0.9162    -0.2984     2.1588     0.8038
[1] 19700.0000     0.0000     0.8143     0.0984     1.8773     0.8081
[1] 19800.0000     0.0000     0.8275     0.3573     1.6434     1.0965
[1] 19900.0000     0.0000     0.9981    -0.2454     2.2794     1.0280
[1] 20000.0000     0.0000     0.8708    -0.2346     2.2185     1.0213
[1] 20100.0000     0.0000     0.9794     0.2887     1.6950     1.1721
[1] 20200.0000     1.0000     0.9840    -0.0512     1.9710     1.1380
[1] 20300.0000     0.0000     0.8028    -0.0350     1.9990     0.9708
[1] 20400.0000     0.0446     0.9596     0.1676     1.7417     1.0259
[1] 20500.0000     0.0000     0.8964     0.2640     1.6911     1.1285
[1] 20600.0000     1.0000     0.9169    -0.0167     1.9970     1.1057
[1] 20700.0000     0.9219     0.8107    -0.0759     2.1163     1.0874
[1] 20800.0000     0.0000     0.9606    -0.2751     2.2802     1.0886
[1] 20900.0000     0.0294     0.9109     0.0051     1.9457     0.9980
[1] 21000.0000     0.0000     0.8369     0.2119     1.7367     1.0355
[1] 21100.0000     0.0000     0.9732    -0.2762     2.1679     0.8253
[1] 21200.0000     1.0000     0.9611     0.1199     1.7897     0.8029
[1] 21300.0000     1.0000     0.9067    -0.2250     2.2790     0.8492
[1] 21400.0000     0.0091     0.9719    -0.3319     2.2462     0.9071
[1] 21500.0000     0.0000     0.9375    -0.6314     2.5307     1.0777
[1] 21600.0000     0.0092     0.8420    -0.0440     2.0004     0.8926
[1] 21700.0000     0.0000     0.8449    -0.3068     2.2655     0.9351
[1] 21800.0000     0.0062     0.8660    -0.1499     2.1171     1.1387
[1] 21900.0000     0.0000     0.8416     0.0247     1.9357     1.1370
[1] 22000.0000     0.0000     0.8850     0.2618     1.6991     0.9555
[1] 22100.0000     0.0000     0.9825    -0.0877     1.9992     1.1195
[1] 22200.0000     0.0000     0.8403    -0.2535     2.1622     1.1277
[1] 22300.0000     0.0910     0.9726     0.1163     1.9711     0.8521
[1] 22400.0000     0.0001     0.8145    -0.3303     2.2727     0.8604
[1] 22500.0000     0.0104     0.9610     0.3790     1.5638     0.9963
[1] 22600.0000     0.0000     0.8858    -0.3548     2.2886     0.9064
[1] 22700.0000     0.0000     0.8271    -0.2559     2.1615     1.1968
[1] 22800.0000     0.0006     0.9669    -0.1347     2.0657     0.8314
[1] 22900.0000     0.0000     0.9287    -0.0402     1.9089     0.9003
[1] 23000.0000     0.0000     0.9652     0.0357     1.9375     1.0264
[1] 23100.0000     0.0000     0.9231    -0.0870     1.9723     0.8179
[1] 23200.0000     0.0009     0.9586    -0.3508     2.2110     1.0581
[1] 23300.0000     0.7828     0.9627     0.4462     1.5335     0.8504
[1] 23400.0000     0.0354     0.9418     0.2542     1.8074     0.8205
[1] 23500.0000     0.0000     0.8934    -0.9390     2.8241     1.1391
[1] 23600.0000     0.0000     0.8176     0.1453     1.7838     0.8266
[1] 23700.0000     0.0000     0.9328     0.3141     1.6994     1.0180
[1] 23800.0000     0.0000     0.9509     0.0005     1.8977     0.9516
[1] 23900.0000     0.0728     0.8157     0.1232     1.7902     0.8034
[1] 24000.0000     0.0000     0.9801    -0.1119     2.0050     1.1551
[1] 24100.0000     0.0000     0.8747    -0.5073     2.3736     1.0767
[1] 24200.0000     0.0000     0.8399     0.0029     1.8580     1.0287
[1] 24300.0000     0.0000     0.8822    -0.2349     2.2411     1.1634
[1] 24400.0000     0.3517     0.8950     0.2531     1.7171     0.9027
[1] 24500.0000     0.0000     0.9407     0.3635     1.5124     1.0416
[1] 24600.0000     0.0000     0.9062    -0.0931     2.0417     0.8877
[1] 24700.0000     0.0100     0.8664    -0.3721     2.2942     1.1316
[1] 24800.0000     0.2021     0.8109    -0.0120     1.9222     1.1899
[1] 24900.0000     0.1853     0.9495     0.0230     1.9783     0.8626
[1] 25000.0000     0.5027     0.8801     0.1949     1.6777     0.8235
[1] 25100.0000     1.0000     0.8419     0.0438     1.8043     0.8544
[1] 25200.0000     0.0000     0.9920    -0.4261     2.4148     0.8420
[1] 25300.0000     1.0000     0.8151    -0.0838     2.0175     1.0748
[1] 25400.0000     1.0000     0.8988     0.0058     1.9476     1.0888
[1] 25500.0000     0.0000     0.8303     0.1471     1.8170     1.1248
[1] 25600.0000     0.0000     0.8978     0.2993     1.6485     1.1142
[1] 25700.0000     0.0000     0.8060     0.2919     1.6625     0.8422
[1] 25800.0000     0.0000     0.8043    -0.1983     2.0957     0.8730
[1] 25900.0000     1.0000     0.8632     0.0741     1.9108     1.1254
[1] 26000.0000     1.0000     0.9492    -0.0596     2.0605     1.0058
[1] 26100.0000     0.0000     0.9196    -0.0056     1.8655     1.1722
[1] 26200.0000     0.0000     0.9529    -0.2835     2.1606     1.0017
[1] 26300.0000     0.0000     0.9342    -0.1294     1.9727     1.1434
[1] 26400.0000     0.0000     0.8767    -0.0724     1.9280     0.8041
[1] 26500.0000     0.1452     0.8136    -0.0804     2.0613     0.8843
[1] 26600.0000     0.0000     0.9293    -0.0607     2.0964     0.8497
[1] 26700.0000     0.4304     0.8892     0.0110     2.0547     0.9428
[1] 26800.0000     0.0000     0.9384    -1.1174     3.1098     1.1478
[1] 26900.0000     0.0000     0.9586     0.0371     2.0076     1.0279
[1] 27000.0000     0.0000     0.8280     0.0144     1.9442     0.9596
[1] 27100.0000     0.4688     0.8095     0.0714     1.9541     1.0497
[1] 27200.0000     0.0395     0.8628     0.3596     1.6414     1.0265
[1] 27300.0000     0.0000     0.8270    -0.2577     2.1841     1.1347
[1] 27400.0000     0.0000     0.8182     0.2700     1.7211     1.1040
[1] 27500.0000     0.0000     0.8463     0.5411     1.4816     0.8762
[1] 27600.0000     0.0000     0.8732     0.4787     1.5056     0.9172
[1] 27700.0000     0.0000     0.8317     0.2956     1.6592     1.1846
[1] 27800.0000     0.0000     0.8358     0.1112     1.8978     1.1051
[1] 27900.0000     0.9289     0.8904    -0.0903     2.0766     0.9276
[1] 28000.0000     0.0000     0.9430    -0.2167     2.2662     0.9743
[1] 28100.0000     0.0000     0.9262     0.4299     1.5843     1.0710
[1] 28200.0000     0.0000     0.9683     0.1429     1.8361     0.8917
[1] 28300.0000     0.0000     0.9886    -0.3578     2.3085     1.1843
[1] 28400.0000     0.4605     0.9594     0.0623     1.9809     0.8105
[1] 28500.0000     0.0000     0.8469     0.2457     1.6172     0.8971
[1] 28600.0000     0.0000     0.9462    -0.0459     1.8789     0.8650
[1] 28700.0000     0.0000     0.8546    -0.3011     2.2461     0.9787
[1] 28800.0000     0.0002     0.8104     0.4564     1.4817     1.1940
[1] 28900.0000     0.0000     0.9040    -0.1544     2.0227     0.8375
[1] 29000.0000     0.0000     0.9692    -0.2575     2.1193     0.9910
[1] 29100.0000     0.0000     0.9089    -0.4217     2.3319     0.8717
[1] 29200.0000     0.0569     0.9371     0.5423     1.4207     1.1436
[1] 29300.0000     1.0000     0.9064     0.1831     1.7139     1.0368
[1] 29400.0000     0.0198     0.9394     0.4864     1.3955     1.1754
[1] 29500.0000     0.0000     0.8510    -0.4914     2.5118     0.8942
[1] 29600.0000     0.0001     0.9320    -0.1020     2.0179     1.1204
[1] 29700.0000     0.0000     0.9991     0.0688     1.8158     0.9357
[1] 29800.0000     0.0000     0.8503     0.4568     1.5083     0.9822
[1] 29900.0000     1.0000     0.9798    -0.2133     2.1934     1.0014
[1] 30000.0000     0.1320     0.9561     0.4393     1.5616     1.0811
[1] 0.1209152
Time difference of 10.72843 hours
null device 
          1 
