[1] "El numero de nodos X particion es: 10"
[1] "Model = M1 / Data = sim_data/datasetSVIMatern23.Rdata"
[1] 100.0000   1.0000   0.8291   0.1220   1.9367   0.9331
[1] 200.0000   0.0026   0.8487   0.1427   1.8590   0.8384
[1] 300.0000   0.5138   0.8776   0.0567   2.0356   1.0665
[1] 400.0000   0.0387   0.9217  -0.1955   2.2115   0.9692
[1] 500.0000   0.0000   0.8380   0.1731   1.9228   0.8203
[1] 600.0000   1.0000   0.9748  -0.0381   2.0002   1.0386
[1] 700.0000   0.1246   0.9506   0.2323   1.7678   1.0413
[1] 800.0000   0.0006   0.9313  -0.2252   2.1802   1.0430
[1] 900.0000   0.0000   0.9606  -0.0267   2.0114   1.0158
[1] 1000.0000    0.0000    0.8209    0.0014    2.0109    0.9374
[1] 1100.0000    0.0000    0.9319    0.7224    1.2447    0.8930
[1] 1200.0000    0.2507    0.8603    0.0776    2.0608    0.9164
[1] 1300.0000    1.0000    0.8617   -0.1273    2.0904    1.0550
[1] 1400.0000    0.0000    0.9303   -0.7126    2.6952    1.1894
[1] 1500.0000    0.0008    0.9584    0.2105    1.8212    1.0940
[1] 1600.0000    0.0000    0.9098   -0.3180    2.3558    0.9715
[1] 1700.0000    0.0000    0.8745   -0.4793    2.5572    0.9148
[1] 1800.0000    0.0000    0.9376    0.3205    1.7073    0.8302
[1] 1900.0000    0.0000    0.9875   -0.2273    2.2702    0.8532
[1] 2000.0000    0.2140    0.8821   -0.3756    2.3007    0.8614
[1] 2100.0000    0.0000    0.9372   -0.0207    2.0154    0.8634
[1] 2200.0000    0.0000    0.8668    0.5504    1.5189    1.0989
[1] 2300.0000    0.0025    0.8951   -0.2703    2.2487    0.9529
[1] 2400.0000    0.0000    0.9355   -0.0432    2.1044    1.1578
[1] 2500.0000    0.1057    0.9668    0.1226    1.8610    0.8029
[1] 2600.0000    0.0000    0.8617   -0.6104    2.5915    0.8044
[1] 2700.0000    0.0000    0.8492    0.1084    1.9668    0.9140
[1] 2800.0000    0.0372    0.9386    0.1385    1.8667    0.8695
[1] 2900.0000    0.0028    0.9982   -0.3411    2.3312    0.9626
[1] 3000.0000    0.0000    0.8454    0.0662    1.9342    0.9669
[1] 3100.0000    0.0000    0.9751    0.1534    1.8862    1.0618
[1] 3200.0000    0.0000    0.8205    0.6021    1.4063    0.8873
[1] 3300.0000    0.0000    0.9797   -0.1020    1.9303    1.0744
[1] 3400.0000    0.5672    0.8983    0.3079    1.7128    1.1525
[1] 3500.0000    0.0000    0.8954    0.0562    1.9545    0.8492
[1] 3600.0000    0.0000    0.8412   -0.0966    2.1063    0.8625
[1] 3700.0000    1.0000    0.9624    0.2227    1.7925    0.8094
[1] 3800.0000    0.0000    0.8653    0.4559    1.5946    0.9884
[1] 3900.0000    0.0000    0.9030    0.0402    1.9834    0.9530
[1] 4000.0000    0.0335    0.9388    0.2458    1.5866    0.8131
[1] 4100.0000    0.0000    0.8388   -0.2832    2.3259    0.8864
[1] 4200.0000    0.0000    0.9756   -0.3398    2.2701    0.9752
[1] 4300.0000    0.0903    0.9117   -0.1647    2.1271    0.8380
[1] 4400.0000    0.0000    0.9459   -0.0272    2.0637    1.1887
[1] 4500.0000    1.0000    0.8410   -0.0284    2.0358    1.1520
[1] 4600.0000    0.0211    0.9525    0.2475    1.7653    1.1110
[1] 4700.0000    0.0000    0.8528   -0.2911    2.2938    0.8411
[1] 4800.0000    0.0000    0.8531   -0.3104    2.3201    0.8066
[1] 4900.0000    0.0000    0.8114   -0.3689    2.4137    0.8255
[1] 5000.0000    1.0000    0.9273   -0.5578    2.6497    1.0348
[1] 5100.0000    0.0000    0.9679   -0.2075    2.2026    1.1951
[1] 5200.0000    0.0000    0.8051    0.2949    1.7397    0.8965
[1] 5300.0000    0.0000    0.8821   -0.2869    2.2268    1.0013
[1] 5400.0000    0.0000    0.8536    0.0162    1.8482    0.9337
[1] 5500.0000    0.0000    0.8506    0.6166    1.4387    1.1979
[1] 5600.0000    0.0000    0.8117   -0.0996    2.1139    0.9121
[1] 5700.0000    0.0000    0.9545    0.1164    1.9337    0.8805
[1] 5800.0000    0.0000    0.8612   -0.0607    2.0912    1.0327
[1] 5900.0000    0.0000    0.8278    0.3190    1.6972    1.0767
[1] 6000.0000    0.0000    0.8790    0.5517    1.5578    1.0590
[1] 6100.0000    0.0000    0.9100    0.1289    1.8350    1.1509
[1] 6200.0000    0.0000    0.9400    0.3683    1.5936    0.8404
[1] 6300.0000    0.0000    0.9569   -0.2206    2.2269    0.8080
[1] 6400.0000    0.0000    0.9885   -0.4782    2.5960    0.8165
[1] 6500.0000    0.0014    0.9145   -0.5672    2.4822    0.8046
[1] 6600.0000    0.0000    0.8918    0.2327    1.9047    1.0184
[1] 6700.0000    0.0000    0.8204   -0.3852    2.3718    0.9264
[1] 6800.0000    0.0641    0.8794    0.3185    1.6161    0.9381
[1] 6900.0000    0.0000    0.9267   -0.1456    2.2286    1.0380
[1] 7000.0000    0.0000    0.9736    0.2557    1.7849    1.0588
[1] 7100.0000    0.0000    0.8694    0.1035    1.9173    0.8792
[1] 7200.0000    0.0000    0.8247   -0.0525    2.1467    0.8913
[1] 7300.0000    0.0001    0.8356    0.8507    1.1161    1.1395
[1] 7400.0000    0.0000    0.8045   -0.0669    2.0668    0.8734
[1] 7500.0000    0.0000    0.9989   -0.4205    2.2920    1.1081
[1] 7600.0000    0.0000    0.9493   -0.3065    2.2660    0.9281
[1] 7700.0000    0.0000    0.8552   -0.5437    2.5240    1.0850
[1] 7800.0000    0.0320    0.8694   -0.1197    2.2235    1.1175
[1] 7900.0000    0.0000    0.9654   -0.1162    2.1296    1.1831
[1] 8000.0000    0.0000    0.9309   -0.1587    2.0959    1.0835
[1] 8100.0000    0.0000    0.8250   -0.0584    2.0399    1.1136
[1] 8200.0000    0.1150    0.9207   -0.0983    2.0011    1.1282
[1] 8300.0000    0.0003    0.8222   -0.3729    2.4128    0.8438
[1] 8400.0000    0.0000    0.8421   -0.1817    2.1289    0.8322
[1] 8500.0000    0.0000    0.8325    0.1006    1.9275    1.0750
[1] 8600.0000    0.0177    0.9564   -0.6117    2.6210    0.9963
[1] 8700.0000    0.0000    0.8940    0.1165    1.9059    1.0236
[1] 8800.0000    0.0000    0.8601    0.1475    1.8552    0.8170
[1] 8900.0000    0.0004    0.8674    0.6925    1.3491    1.0474
[1] 9000.0000    0.0000    0.8638    0.4292    1.5113    1.1683
[1] 9100.0000    0.0000    0.9806    0.0482    1.9231    1.0696
[1] 9200.0000    0.0000    0.8777   -0.2890    2.3279    1.1489
[1] 9300.0000    0.0000    0.8689    0.3071    1.7478    0.9976
[1] 9400.0000    0.0000    0.8351    0.5425    1.4873    0.8546
[1] 9500.0000    0.0000    0.8295    0.1553    1.8265    0.9364
[1] 9600.0000    0.0113    0.8639   -0.2266    2.3059    0.9737
[1] 9700.0000    0.0000    0.9657    0.6706    1.3199    0.9166
[1] 9800.0000    0.0000    0.9462   -0.1617    2.1624    1.1275
[1] 9900.0000    0.0000    0.8192    0.6732    1.3039    0.8099
[1] 10000.0000     1.0000     0.8618    -0.4285     2.4246     0.8032
[1] 10100.0000     1.0000     0.9049    -0.1761     2.2711     1.0751
[1] 10200.0000     1.0000     0.9808    -0.1705     2.1613     0.8342
[1] 10300.0000     0.2951     0.9290     0.5449     1.5078     0.8292
[1] 10400.0000     0.0000     0.9434     0.3109     1.6665     1.1753
[1] 1.050e+04 1.600e-03 9.828e-01 2.929e-01 1.746e+00 8.036e-01
[1] 10600.0000     0.0000     0.8442     0.3834     1.6678     0.9495
[1] 10700.0000     0.0000     0.9346     0.3781     1.7177     1.0990
[1] 10800.0000     0.2325     0.9785     0.0462     1.9979     1.1554
[1] 10900.0000     0.0000     0.9660     0.4490     1.5889     1.1970
[1] 11000.0000     0.4111     0.8012     0.3186     1.7925     0.9407
[1] 11100.0000     0.0000     0.8902    -0.0198     2.0843     0.9114
[1] 11200.0000     1.0000     0.9412    -0.5512     2.6297     0.8257
[1] 11300.0000     0.0000     0.9481    -0.2187     2.1555     1.1448
[1] 11400.0000     0.0002     0.9548     0.0659     1.8576     1.0047
[1] 11500.0000     0.0000     0.8061     0.2328     1.8184     1.1646
[1] 11600.0000     0.4910     0.9382     0.0550     1.8622     0.8033
[1] 11700.0000     1.0000     0.8766    -0.0759     2.1552     0.9110
[1] 11800.0000     0.0000     0.8027     0.0219     1.9497     0.8530
[1] 11900.0000     0.0000     0.8460    -0.2232     2.2501     0.8150
[1] 12000.0000     0.0005     0.8197    -0.1622     2.1004     0.8759
[1] 12100.0000     0.0012     0.8005    -0.4730     2.4020     0.8375
[1] 12200.0000     0.6906     0.8496     0.5927     1.4736     0.8460
[1] 12300.0000     0.0062     0.8010     0.3624     1.6706     0.8810
[1] 12400.0000     1.0000     0.8046    -0.1552     2.2054     0.8797
[1] 12500.0000     0.0000     0.9939     0.1162     1.9693     0.9707
[1] 12600.0000     0.0000     0.9359    -0.5884     2.6489     1.1279
[1] 1.270e+04 2.198e-01 9.614e-01 8.320e-02 1.828e+00 8.958e-01
[1] 12800.0000     0.0000     0.9108    -0.3007     2.4080     1.0765
[1] 12900.0000     0.1949     0.9204     0.0737     1.9501     0.8219
[1] 13000.0000     0.0000     0.8069     0.3936     1.6318     1.0997
[1] 13100.0000     0.0001     0.9339     0.5097     1.4846     1.1193
[1] 13200.0000     0.0007     0.8843    -0.0296     2.1082     0.9997
[1] 13300.0000     0.0000     0.8062    -0.7747     2.8641     1.1333
[1] 13400.0000     0.0000     0.9676     0.4427     1.5895     1.1418
[1] 13500.0000     0.0000     0.8466    -0.4742     2.4721     0.8143
[1] 13600.0000     0.0000     0.8917     0.1430     1.9590     1.0301
[1] 13700.0000     0.0000     0.8951     0.1454     1.8487     1.0363
[1] 13800.0000     0.0000     0.8787    -0.2663     2.2839     1.0611
[1] 13900.0000     0.0007     0.8573     0.1301     1.8987     0.8372
[1] 1.400e+04 0.000e+00 9.588e-01 1.481e-01 1.865e+00 9.662e-01
[1] 14100.0000     0.0000     0.8801    -0.1023     2.0916     1.1966
[1] 14200.0000     0.0000     0.8479    -0.1195     2.0970     0.8739
[1] 14300.0000     0.0000     0.8359    -0.4776     2.4551     1.0907
[1] 14400.0000     0.1074     0.8623    -0.1651     2.1417     0.8985
[1] 14500.0000     0.0588     0.8647     0.5499     1.4807     1.0877
[1] 14600.0000     0.0004     0.8912     0.1249     1.8837     0.8958
[1] 14700.0000     0.0000     0.8974    -0.0723     2.0347     1.0871
[1] 14800.0000     0.0000     0.8106    -0.1462     2.1099     1.0978
[1] 14900.0000     0.1246     0.8051    -0.1313     2.1785     1.0614
[1] 15000.0000     0.0046     0.9447    -0.1062     2.0748     0.8911
[1] 15100.0000     0.2314     0.8384    -0.0378     2.1194     0.8510
[1] 15200.0000     0.0000     0.8734     0.3431     1.6976     0.8767
[1] 15300.0000     1.0000     0.8282     0.1881     1.8136     1.1177
[1] 15400.0000     1.0000     0.9829    -0.2106     2.2129     1.0368
[1] 15500.0000     0.0000     0.8167    -0.8284     2.8633     0.8047
[1] 15600.0000     0.0000     0.8520    -0.8186     2.8329     1.1912
[1] 15700.0000     0.0000     0.8475    -0.1667     2.1798     0.9690
[1] 15800.0000     0.1011     0.9774     0.1030     2.0497     1.1822
[1] 15900.0000     0.0000     0.8794     0.2274     1.8148     0.9363
[1] 16000.0000     1.0000     0.9761    -0.2658     2.2455     1.0600
[1] 16100.0000     0.0000     0.8906     0.5557     1.4428     0.9023
[1] 16200.0000     0.0049     0.9466     0.1662     1.7823     0.9477
[1] 16300.0000     0.0000     0.9327    -0.3484     2.3617     0.9714
[1] 16400.0000     0.0000     0.8699    -0.0520     2.0329     0.9170
[1] 16500.0000     0.8423     0.9407     0.7622     1.3555     0.9877
[1] 16600.0000     0.0394     0.8568     0.3476     1.6963     1.0645
[1] 16700.0000     0.0000     0.9287    -0.0526     2.0246     0.9633
[1] 16800.0000     0.0000     0.9378     0.1127     1.8736     1.0931
[1] 16900.0000     0.0000     0.8138     0.0903     1.8970     1.1004
[1] 17000.0000     0.0000     0.9790    -0.2624     2.2275     0.8822
[1] 17100.0000     0.0002     0.9262     0.2942     1.8016     0.9696
[1] 17200.0000     0.0444     0.9497     0.6016     1.4438     0.8252
[1] 17300.0000     1.0000     0.8396     0.1846     1.8981     1.0131
[1] 17400.0000     0.0000     0.8593    -0.0601     2.1107     1.1450
[1] 17500.0000     0.0000     0.8131     0.1663     1.8649     0.9127
[1] 17600.0000     0.0000     0.8242     0.4133     1.5454     0.9225
[1] 17700.0000     0.0000     0.8794     0.2619     1.7712     0.9707
[1] 17800.0000     0.0518     0.9571    -0.5179     2.6030     0.9258
[1] 17900.0000     0.0000     0.9083    -0.0584     2.0373     0.9495
[1] 18000.0000     1.0000     0.9109    -0.2889     2.3128     0.8712
[1] 18100.0000     0.0000     0.9461    -0.3460     2.3445     0.9222
[1] 18200.0000     0.0016     0.8142     0.8896     1.1819     0.8298
[1] 18300.0000     0.0000     0.9012    -0.1437     2.2014     1.0710
[1] 18400.0000     0.0000     0.9121     0.1207     1.9292     0.9764
[1] 18500.0000     0.0000     0.8451     0.0476     1.9796     0.9054
[1] 18600.0000     0.0001     0.8121    -0.1101     2.1309     0.9608
[1] 18700.0000     0.0000     0.8080    -0.3560     2.4311     0.9308
[1] 18800.0000     0.0000     0.8537    -0.1736     2.1596     0.9005
[1] 18900.0000     0.0000     0.9024    -0.0905     2.0710     1.0613
[1] 19000.0000     0.0092     0.8366    -0.4120     2.4819     0.8015
[1] 19100.0000     0.0000     0.8142    -0.2523     2.1603     1.0716
[1] 19200.0000     0.0000     0.8001     0.5694     1.4586     0.9641
[1] 19300.0000     0.0000     0.9918     0.2145     1.7987     0.8386
[1] 19400.0000     0.0000     0.8040     0.0362     2.0281     1.1551
[1] 19500.0000     0.0000     0.8527    -0.0056     2.0018     1.1208
[1] 19600.0000     0.3160     0.9162    -0.3451     2.2732     0.8038
[1] 19700.0000     0.0000     0.8143     0.3914     1.5993     0.8081
[1] 19800.0000     0.0000     0.8317     0.2827     1.7104     1.0742
[1] 19900.0000     0.0000     0.9981    -0.4252     2.4126     1.0280
[1] 20000.0000     0.0000     0.8708    -0.3290     2.3502     1.0213
[1] 20100.0000     0.0000     0.9794     0.2472     1.7879     1.1721
[1] 20200.0000     0.5172     0.9840    -0.0932     2.0662     1.1380
[1] 20300.0000     0.0000     0.8028     0.2521     1.8148     0.9708
[1] 20400.0000     0.0374     0.9845     0.0369     1.8998     1.1049
[1] 20500.0000     0.0000     0.8964     0.5793     1.4492     1.1285
[1] 20600.0000     0.8500     0.9169     0.1695     1.9021     1.1057
[1] 20700.0000     0.9887     0.8107    -0.2002     2.2763     1.0874
[1] 20800.0000     0.0000     0.9606    -0.1159     2.0902     1.0886
[1] 20900.0000     1.0000     0.9455    -0.4157     2.4038     1.1141
[1] 21000.0000     0.0000     0.9912     0.3135     1.6688     1.0875
[1] 21100.0000     0.0000     0.8745    -0.4649     2.3818     0.8760
[1] 21200.0000     1.0000     0.9611    -0.1696     2.1757     0.8029
[1] 21300.0000     1.0000     0.9067     0.1184     2.0459     0.8492
[1] 21400.0000     0.0339     0.8276    -0.2369     2.1005     0.8233
[1] 21500.0000     0.0338     0.8906    -0.5620     2.6699     0.8206
[1] 21600.0000     0.0379     0.9806    -0.1258     2.1364     0.9443
[1] 21700.0000     0.0000     0.8449    -0.4546     2.4653     0.9351
[1] 21800.0000     0.0063     0.8218    -0.3830     2.4388     1.1739
[1] 21900.0000     0.0000     0.8416    -0.1013     2.1326     1.1370
[1] 22000.0000     0.0000     0.8850    -0.0028     1.9548     0.9555
[1] 22100.0000     0.0000     0.8953    -0.3388     2.2767     0.9321
[1] 22200.0000     0.0000     0.8403    -0.1438     2.1186     1.1277
[1] 22300.0000     0.1617     0.9726     0.2034     1.9392     0.8521
[1] 22400.0000     0.0001     0.8145    -0.4045     2.3809     0.8604
[1] 22500.0000     0.2555     0.8623     0.2167     1.8601     0.8008
[1] 22600.0000     0.0000     0.8858     0.3016     1.7198     0.9064
[1] 22700.0000     0.0000     0.8271    -0.2449     2.2208     1.1968
[1] 22800.0000     0.0050     0.8242    -0.5101     2.5077     0.8597
[1] 22900.0000     0.0000     0.9287    -0.0794     2.0072     0.9003
[1] 23000.0000     0.0000     0.9652    -0.2130     2.2207     1.0264
[1] 23100.0000     0.0000     0.9231    -0.0508     1.9898     0.8179
[1] 23200.0000     0.0053     0.9586    -0.2305     2.1563     1.0581
[1] 23300.0000     0.5846     0.9627     0.1544     1.7876     0.8504
[1] 23400.0000     0.0002     0.8223    -0.1131     2.1558     1.0249
[1] 23500.0000     0.0000     0.8934    -0.7327     2.6687     1.1391
[1] 23600.0000     0.0000     0.9324     0.1266     1.8327     0.8634
[1] 23700.0000     0.0000     0.8580     0.4454     1.6078     0.8494
[1] 23800.0000     0.0000     0.9509     0.1441     1.8226     0.9516
[1] 23900.0000     0.0067     0.8157     0.3374     1.6976     0.8034
[1] 24000.0000     0.0000     0.9801    -0.0556     2.0186     1.1551
[1] 24100.0000     0.0000     0.8747    -0.8299     2.8097     1.0767
[1] 24200.0000     0.0000     0.8562     0.1426     1.7665     0.9310
[1] 24300.0000     0.0000     0.8822    -0.2596     2.3255     1.1634
[1] 24400.0000     0.3502     0.8950     0.2891     1.7323     0.9027
[1] 24500.0000     0.0000     0.9407     0.6115     1.3618     1.0416
[1] 24600.0000     0.0000     0.9062    -0.0579     2.1285     0.8877
[1] 24700.0000     0.0364     0.8664    -0.3167     2.3146     1.1316
[1] 24800.0000     0.0266     0.8109    -0.0307     2.0704     1.1899
[1] 24900.0000     0.0752     0.9802    -0.1932     2.2302     0.9496
[1] 25000.0000     1.0000     0.8801     0.1998     1.7591     0.8235
[1] 25100.0000     0.0104     0.9102     0.5230     1.5211     0.9221
[1] 25200.0000     0.0000     0.9920    -0.1603     2.2190     0.8420
[1] 25300.0000     0.5628     0.9788    -0.1391     2.1579     0.8873
[1] 25400.0000     1.0000     0.8988    -0.1223     2.1478     1.0888
[1] 25500.0000     0.0000     0.8303     0.0119     2.0237     1.1248
[1] 25600.0000     0.0000     0.8978     0.2510     1.7870     1.1142
[1] 25700.0000     0.0000     0.8350     0.2291     1.7544     0.8673
[1] 25800.0000     0.0000     0.8043    -0.4603     2.3241     0.8730
[1] 25900.0000     1.0000     0.8632    -0.0162     2.0468     1.1254
[1] 26000.0000     1.0000     0.9492    -0.1429     2.1888     1.0058
[1] 26100.0000     0.0000     0.9196    -0.1430     2.0649     1.1722
[1] 26200.0000     0.0107     0.9529    -0.3252     2.3531     1.0017
[1] 26300.0000     0.0000     0.9342     0.2175     1.7035     1.1434
[1] 26400.0000     0.0000     0.8767    -0.0845     2.0307     0.8041
[1] 26500.0000     0.3929     0.9678     0.0886     2.0133     0.9418
[1] 26600.0000     0.0000     0.9293     0.1072     1.9714     0.8497
[1] 26700.0000     0.0092     0.8184    -0.3516     2.3593     0.9177
[1] 26800.0000     0.0000     0.8173    -0.8624     2.7680     0.9752
[1] 26900.0000     0.0000     0.9586     0.3664     1.7212     1.0279
[1] 27000.0000     0.0000     0.8280     0.1077     1.9141     0.9596
[1] 27100.0000     0.4698     0.8095     0.1019     1.9732     1.0497
[1] 27200.0000     0.0378     0.8628     0.3767     1.6756     1.0265
[1] 27300.0000     0.0000     0.9754    -0.2950     2.3580     0.9688
[1] 27400.0000     0.0000     0.9269     0.3656     1.7165     1.0000
[1] 27500.0000     0.0000     0.9661     0.7551     1.2556     1.0391
[1] 27600.0000     0.0000     0.8732     0.6574     1.4159     0.9172
[1] 27700.0000     0.0000     0.8317     0.3494     1.6608     1.1846
[1] 27800.0000     0.0000     0.8358     0.2033     1.8592     1.1051
[1] 27900.0000     0.7660     0.8904     0.0539     2.0196     0.9276
[1] 28000.0000     0.0000     0.8025    -0.1721     2.2328     0.9240
[1] 28100.0000     0.0000     0.9262     0.3445     1.7787     1.0710
[1] 28200.0000     0.0000     0.9693     0.2003     1.8646     0.8876
[1] 28300.0000     0.0000     0.9886    -0.2325     2.2392     1.1843
[1] 28400.0000     0.5344     0.9594     0.0034     2.1062     0.8105
[1] 28500.0000     0.0000     0.9130     0.0108     1.9611     1.1129
[1] 28600.0000     0.0000     0.9775     0.3442     1.7311     0.9079
[1] 28700.0000     0.0000     0.8546    -0.4268     2.4216     0.9787
[1] 28800.0000     0.0005     0.8104     0.2455     1.7574     1.1940
[1] 28900.0000     0.0000     0.9040    -0.0866     1.9926     0.8375
[1] 29000.0000     0.0000     0.8556    -0.1364     2.1228     0.8421
[1] 29100.0000     0.0000     0.9836    -0.4831     2.4367     1.0211
[1] 29200.0000     0.0569     0.9367     0.3802     1.5608     1.1465
[1] 29300.0000     1.0000     0.9064     0.3669     1.5994     1.0368
[1] 29400.0000     0.0013     0.9394     0.6345     1.3686     1.1754
[1] 29500.0000     0.0000     0.8294     0.1851     1.8654     1.1769
[1] 29600.0000     0.0009     0.8035     0.3111     1.6701     1.0772
[1] 29700.0000     0.0000     0.9571    -0.0599     2.0119     0.9736
[1] 29800.0000     0.0000     0.8503     0.3205     1.6942     0.9822
[1] 29900.0000     0.8732     0.9798     0.0649     1.9528     1.0014
[1] 30000.0000     0.0221     0.8841     0.7830     1.2412     1.0036
[1] 0.1367945
Time difference of 4.531762 hours
null device 
          1 
