[1] "El numero de nodos X particion es: 10"
[1] "Model = M1 / Data = sim_data/datasetSVIMatern1.Rdata"
[1] 100.0000   1.0000   0.8291   0.1682   1.9023   0.9331
[1] 200.0000   0.0000   0.9645   0.5806   1.4650   1.1745
[1] 300.0000   0.1639   0.8776  -0.0998   2.2405   1.0665
[1] 400.0000   0.0000   0.8775  -0.6556   2.7069   1.0971
[1] 500.0000   0.0000   0.8350   0.3895   1.5804   0.9084
[1] 600.0000   0.0174   0.8988  -0.1781   2.2712   1.1191
[1] 700.0000   0.0000   0.8999   0.1222   1.9452   1.0702
[1] 800.0000   0.0000   0.8728   0.0830   1.9646   0.9084
[1] 900.0000   0.0000   0.8639   0.2022   1.8222   1.0016
[1] 1000.0000    0.0000    0.8209    0.0862    1.9285    0.9374
[1] 1100.0000    0.0000    0.9319    1.3920    0.6042    0.8930
[1] 1200.0000    0.0347    0.8544    1.6646    0.4209    0.9984
[1] 1300.0000    0.3353    0.8617   -0.7309    2.6092    1.0550
[1] 1400.0000    0.0000    0.8099   -1.3429    3.4432    1.1384
[1] 1500.0000    0.0000    0.8024    0.4266    1.5925    1.1019
[1] 1600.0000    0.0000    0.9658   -0.9931    2.9617    1.0950
[1] 1700.0000    0.0000    0.9419   -0.3197    2.4493    1.0966
[1] 1800.0000    0.0000    0.8314   -0.1656    2.1995    0.9945
[1] 1900.0000    0.0000    0.9005   -0.1935    2.2526    0.9368
[1] 2000.0000    0.0000    0.8550    1.0565    1.0741    1.0762
[1] 2100.0000    0.0000    0.8113   -0.3170    2.3765    0.9790
[1] 2200.0000    0.0000    0.8668    0.3795    1.7229    1.0989
[1] 2300.0000    0.0000    0.9142    0.4295    1.5215    0.8527
[1] 2400.0000    0.0000    0.9355    0.1046    1.9228    1.1578
[1] 2500.0000    0.0090    0.8909    0.9015    1.0873    1.1217
[1] 2600.0000    0.0000    0.9100    0.2183    1.8662    1.1442
[1] 2700.0000    0.0000    0.8492   -0.8299    2.9925    0.9140
[1] 2800.0000    0.0007    0.9386   -0.0803    2.1302    0.8695
[1] 2900.0000    0.0000    0.8773   -0.7382    2.7448    1.0832
[1] 3000.0000    0.0000    0.8454   -0.0702    2.1133    0.9669
[1] 3100.0000    0.0000    0.9787    0.8064    1.2518    0.9283
[1] 3200.0000    0.0000    0.9190    0.7750    1.2565    0.9575
[1] 3300.0000    0.0000    0.9312    0.5003    1.5696    0.9302
[1] 3400.0000    0.2175    0.8983    1.1544    0.9159    1.1525
[1] 3500.0000    0.0000    0.8786    0.0560    2.0144    0.8547
[1] 3600.0000    0.0000    0.9625   -0.2862    2.3466    0.8525
[1] 3700.0000    1.0000    0.9624    0.1796    1.8270    0.8094
[1] 3800.0000    0.0000    0.8306   -0.0960    2.1260    0.8349
[1] 3900.0000    0.0000    0.8319    0.1244    2.0284    0.8180
[1] 4000.0000    0.0000    0.9448   -0.0032    2.0247    1.0791
[1] 4100.0000    0.0000    0.8388   -0.3353    2.4203    0.8864
[1] 4200.0000    0.0000    0.9756   -0.2560    2.2316    0.9752
[1] 4300.0000    0.2160    0.8741   -1.2820    3.3014    1.1249
[1] 4400.0000    0.0000    0.8310    0.6719    1.3337    1.1572
[1] 4500.0000    0.1685    0.8404    0.1467    1.9186    1.1577
[1] 4600.0000    0.0000    0.9581    0.4373    1.6867    0.8180
[1] 4700.0000    0.0000    0.8528   -0.7909    2.8111    0.8411
[1] 4800.0000    0.0000    0.8660   -1.2105    3.2587    1.0939
[1] 4900.0000    0.0000    0.9924   -0.4292    2.4671    1.1836
[1] 5000.0000    0.0000    0.9762   -0.4177    2.3713    0.8665
[1] 5100.0000    0.0000    0.8192   -0.8393    2.8230    0.8134
[1] 5200.0000    0.0000    0.8381    1.0178    1.1269    0.9753
[1] 5300.0000    0.0000    0.8845    0.8382    1.1987    1.0022
[1] 5400.0000    0.0000    0.8536    1.2177    0.8071    0.9337
[1] 5500.0000    0.0000    0.8506    0.6544    1.4213    1.1979
[1] 5600.0000    0.0000    0.9557   -0.9870    2.9260    0.9529
[1] 5700.0000    0.0000    0.9445    0.0016    2.0859    1.0237
[1] 5800.0000    0.0000    0.8612   -1.0006    3.1112    1.0327
[1] 5900.0000    0.0000    0.9433    0.2994    1.6501    0.8670
[1] 6000.0000    0.0000    0.9870    0.1639    1.8373    1.0819
[1] 6100.0000    0.0000    0.8793   -0.2501    2.2037    0.8792
[1] 6200.0000    0.0000    0.8741   -0.0533    2.0681    0.8043
[1] 6300.0000    0.0000    0.9569    0.2901    1.9057    0.8080
[1] 6400.0000    0.0000    0.9599    0.4733    1.5891    0.9947
[1] 6500.0000    0.0000    0.9084   -0.3076    2.3327    1.0918
[1] 6600.0000    0.0000    0.8710    0.2336    1.6921    0.9001
[1] 6700.0000    0.0000    0.8204   -0.7301    2.7030    0.9264
[1] 6800.0000    0.2944    0.8794   -0.0364    2.1013    0.9381
[1] 6900.0000    0.0000    0.9267   -0.7718    2.9053    1.0380
[1] 7000.0000    0.0000    0.8521    0.0564    2.0057    1.0680
[1] 7100.0000    0.0000    0.9857    0.6129    1.4758    1.0571
[1] 7200.0000    0.0000    0.8247    0.1584    2.0106    0.8913
[1] 7300.0000    0.0000    0.9604    0.9409    1.1655    0.9357
[1] 7400.0000    0.0000    0.8045   -0.0156    1.9540    0.8734
[1] 7500.0000    0.0000    0.8918   -1.8568    3.7798    1.0101
[1] 7600.0000    0.0000    0.8332    0.1148    2.0050    1.0877
[1] 7700.0000    0.0000    0.8440   -0.2821    2.3285    0.8976
[1] 7800.0000    0.0000    0.8350    0.0395    2.0253    1.1361
[1] 7900.0000    0.0000    0.9168    0.6159    1.3561    1.1281
[1] 8000.0000    0.0000    0.9309    0.1891    1.8428    1.0835
[1] 8100.0000    0.0000    0.8483   -0.4760    2.4084    0.8203
[1] 8200.0000    0.0000    0.9110   -0.2267    2.2486    0.9989
[1] 8300.0000    0.0000    0.8222   -0.7881    2.8251    0.8438
[1] 8400.0000    0.0000    0.9658   -0.2077    2.1070    0.9286
[1] 8500.0000    0.0000    0.8325    0.2745    1.8640    1.0750
[1] 8600.0000    0.0000    0.8843   -0.9380    2.9459    0.9290
[1] 8700.0000    0.0000    0.8940   -0.0805    2.0837    1.0236
[1] 8800.0000    0.0000    0.9735   -0.3043    2.2359    1.0381
[1] 8900.0000    0.0000    0.8248    0.5256    1.4991    1.0728
[1] 9000.0000    0.0000    0.8301    0.5712    1.4822    1.1387
[1] 9100.0000    0.0000    0.8755    0.5712    1.4848    0.8812
[1] 9200.0000    0.0000    0.8777    0.1407    1.9373    1.1489
[1] 9300.0000    0.0000    0.9270   -0.6680    2.7228    1.1117
[1] 9400.0000    0.0000    0.8413    0.4692    1.5073    1.0761
[1] 9500.0000    0.0000    0.8817    0.0808    1.8216    1.0875
[1] 9600.0000    0.0000    0.8149    0.2793    1.7255    0.9056
[1] 9700.0000    0.0000    0.9657    1.0145    0.9713    0.9166
[1] 9800.0000    0.0000    0.9462    0.2544    1.7306    1.1275
[1] 9900.0000    0.0000    0.8001    0.9578    0.9610    0.9572
[1] 10000.0000     1.0000     0.8618    -0.6169     2.6809     0.8032
[1] 10100.0000     0.5140     0.9049    -0.5824     2.7465     1.0751
[1] 10200.0000     0.0000     0.8458     0.5270     1.4549     1.1044
[1] 10300.0000     0.4289     0.8239     1.4736     0.5062     1.1989
[1] 10400.0000     0.0000     0.9109     0.0238     1.9824     0.9653
[1] 10500.0000     0.0000     0.9828     0.8915     1.1475     0.8036
[1] 10600.0000     0.0000     0.8442     0.0282     2.0478     0.9495
[1] 10700.0000     0.0000     0.8398     0.5970     1.4875     1.0590
[1] 10800.0000     0.0139     0.9785     0.6627     1.3827     1.1554
[1] 10900.0000     0.0000     0.8191     1.1249     0.9220     0.8008
[1] 11000.0000     0.3309     0.8012     0.8674     1.2641     0.9407
[1] 11100.0000     0.0000     0.8902     0.3609     1.6795     0.9114
[1] 11200.0000     0.1891     0.8258    -0.7529     2.7667     1.0628
[1] 11300.0000     0.0000     0.8936    -0.7523     2.7857     1.0961
[1] 11400.0000     0.0000     0.9548     0.7450     1.2919     1.0047
[1] 11500.0000     0.0000     0.9619     0.1026     1.9018     0.9110
[1] 11600.0000     0.0000     0.9104    -0.6245     2.6313     0.8269
[1] 11700.0000     0.0001     0.8224    -0.1150     2.1665     0.8539
[1] 11800.0000     0.0000     0.8027    -0.4381     2.5227     0.8530
[1] 11900.0000     0.0000     0.8460    -0.4368     2.4279     0.8150
[1] 12000.0000     0.0000     0.8014    -0.0672     2.1058     1.0595
[1] 12100.0000     0.0000     0.8005    -0.9728     2.9883     0.8375
[1] 12200.0000     0.3209     0.8496     0.7775     1.3216     0.8460
[1] 12300.0000     0.0000     0.8010     0.5133     1.4855     0.8810
[1] 12400.0000     0.7996     0.8046    -0.9843     3.0933     0.8797
[1] 12500.0000     0.0000     0.8059    -0.9877     3.0191     1.1427
[1] 12600.0000     0.0000     0.8126    -0.2826     2.3606     1.1805
[1] 12700.0000     0.0000     0.8779    -0.4081     2.3493     0.8170
[1] 12800.0000     0.0000     0.8257    -0.0496     2.1170     0.8904
[1] 12900.0000     0.1478     0.9204     0.7664     1.3177     0.8219
[1] 13000.0000     0.0000     0.8069     0.4398     1.5254     1.0997
[1] 13100.0000     0.0000     0.9404     1.5131     0.5399     0.9822
[1] 13200.0000     0.0000     0.8843    -0.9180     2.9840     0.9997
[1] 13300.0000     0.0000     0.9271    -0.5216     2.4662     0.8364
[1] 13400.0000     0.0000     0.8092    -0.1176     2.1437     1.1676
[1] 13500.0000     0.0000     0.8466    -0.3035     2.4072     0.8143
[1] 13600.0000     0.0000     0.8917     0.4358     1.5375     1.0301
[1] 13700.0000     0.0000     0.9094    -0.0050     2.0563     0.8623
[1] 13800.0000     0.0000     0.8787    -0.7754     2.8083     1.0611
[1] 1.390e+04 0.000e+00 8.573e-01 2.600e-03 2.022e+00 8.372e-01
[1] 14000.0000     0.0000     0.9588     0.6814     1.2869     0.9662
[1] 14100.0000     0.0000     0.8411     0.9281     1.0097     1.1804
[1] 14200.0000     0.0000     0.8479     0.2357     1.7428     0.8739
[1] 14300.0000     0.0000     0.8548    -0.7451     2.7459     0.8231
[1] 14400.0000     0.0076     0.8623     0.4337     1.5596     0.8985
[1] 14500.0000     0.0740     0.8647     0.6156     1.4187     1.0877
[1] 14600.0000     0.0000     0.8721     0.6656     1.3863     0.9912
[1] 14700.0000     0.0000     0.8974    -0.0292     1.9630     1.0871
[1] 14800.0000     0.0000     0.9988     0.7595     1.2165     0.9067
[1] 14900.0000     0.0322     0.8051    -0.0301     2.0415     1.0614
[1] 15000.0000     0.0005     0.9447     0.1990     1.7581     0.8911
[1] 15100.0000     1.0000     0.8292    -0.1974     2.2573     0.9249
[1] 15200.0000     0.0000     0.8242     0.4148     1.6092     1.0800
[1] 15300.0000     1.0000     0.8282    -0.4998     2.4680     1.1177
[1] 15400.0000     0.0926     0.8005     0.0512     2.0586     0.8812
[1] 15500.0000     0.0000     0.9734    -0.3117     2.3218     1.1714
[1] 15600.0000     0.0000     0.8520    -1.0503     3.0961     1.1912
[1] 15700.0000     0.0000     0.8475    -0.1254     2.1094     0.9690
[1] 15800.0000     0.0000     0.9108    -0.0041     2.0115     0.9068
[1] 1.590e+04 0.000e+00 8.876e-01 2.030e-02 1.960e+00 9.067e-01
[1] 16000.0000     0.0002     0.8124    -0.4842     2.4830     1.1160
[1] 16100.0000     0.0000     0.9566     1.0225     1.0627     1.0234
[1] 16200.0000     0.0000     0.9466     0.1860     1.7934     0.9477
[1] 16300.0000     0.0000     0.9158    -0.4077     2.4737     0.9491
[1] 1.640e+04 0.000e+00 9.401e-01 3.900e-02 1.989e+00 9.237e-01
[1] 16500.0000     0.0478     0.9646    -0.4188     2.4849     1.1820
[1] 16600.0000     0.0000     0.8294    -0.6388     2.6989     0.8835
[1] 1.670e+04 0.000e+00 9.287e-01 3.001e-01 1.594e+00 9.633e-01
[1] 16800.0000     0.0000     0.9378    -0.0057     1.9924     1.0931
[1] 16900.0000     0.0000     0.9254     0.6669     1.3625     0.9648
[1] 17000.0000     0.0000     0.9790    -0.3170     2.3364     0.8822
[1] 17100.0000     0.0056     0.9305     1.3172     0.6062     0.9283
[1] 1.720e+04 0.000e+00 9.497e-01 1.905e+00 8.380e-02 8.252e-01
[1] 17300.0000     1.0000     0.8396     0.5017     1.5018     1.0131
[1] 17400.0000     0.0000     0.8593     0.1712     1.8837     1.1450
[1] 17500.0000     0.0000     0.8131     0.3348     1.7542     0.9127
[1] 17600.0000     0.0000     0.8280     0.9649     1.1027     1.1486
[1] 17700.0000     0.0000     0.8794     1.2122     0.8701     0.9707
[1] 17800.0000     0.0002     0.9383    -0.0054     2.0971     1.0084
[1] 17900.0000     0.0000     0.9083     0.8860     1.2026     0.9495
[1] 18000.0000     1.0000     0.9109     0.0082     2.0533     0.8712
[1] 18100.0000     0.0000     0.9461    -0.0481     1.9512     0.9222
[1] 18200.0000     0.0221     0.8582     0.6229     1.3278     0.9652
[1] 18300.0000     0.0000     0.9012     0.4036     1.6279     1.0710
[1] 18400.0000     0.0000     0.9529    -0.3842     2.4303     0.8173
[1] 1.850e+04 0.000e+00 9.525e-01 5.200e-03 2.020e+00 9.333e-01
[1] 18600.0000     0.0000     0.8656     0.3279     1.7529     0.8624
[1] 18700.0000     0.0000     0.8080    -0.7344     2.7957     0.9308
[1] 18800.0000     0.0000     0.8537     0.3137     1.7462     0.9005
[1] 18900.0000     0.0000     0.9024    -0.3431     2.3538     1.0613
[1] 19000.0000     0.0000     0.8366    -0.0425     2.0239     0.8015
[1] 19100.0000     0.0000     0.8142     0.0550     1.8288     1.0716
[1] 19200.0000     0.0000     0.8001    -0.1413     2.1964     0.9641
[1] 19300.0000     0.0000     0.8035     0.1626     1.8598     1.0886
[1] 19400.0000     0.0000     0.8500    -0.2207     2.2649     0.9313
[1] 19500.0000     0.0000     0.9654     0.1268     1.8921     0.9669
[1] 19600.0000     0.2181     0.9162    -0.9704     2.9818     0.8038
[1] 19700.0000     0.0000     0.8982    -0.3234     2.3214     1.1826
[1] 19800.0000     0.0000     0.8275     0.4560     1.6182     1.0965
[1] 19900.0000     0.0000     0.9981    -0.2808     2.3319     1.0280
[1] 20000.0000     0.0000     0.8708    -0.3388     2.2950     1.0213
[1] 20100.0000     0.0000     0.9080     0.8589     1.2363     1.0402
[1] 20200.0000     0.6268     0.9840     0.3705     1.6921     1.1380
[1] 20300.0000     0.0000     0.8028     0.6195     1.4715     0.9708
[1] 2.040e+04 9.300e-03 9.072e-01 6.625e-01 1.349e+00 9.991e-01
[1] 20500.0000     0.0000     0.8964    -0.1225     2.2110     1.1285
[1] 20600.0000     0.2077     0.8460     0.2344     1.8126     0.9872
[1] 20700.0000     1.0000     0.8107     0.1343     1.9124     1.0874
[1] 20800.0000     0.0000     0.9606    -0.4794     2.5641     1.0886
[1] 20900.0000     0.0013     0.8088     1.1087     0.9367     0.9600
[1] 21000.0000     0.0000     0.8369     0.3538     1.7192     1.0355
[1] 21100.0000     0.0000     0.9732    -0.4378     2.4150     0.8253
[1] 21200.0000     0.0548     0.8263    -0.0643     2.1035     1.1324
[1] 21300.0000     0.0000     0.8782    -0.4786     2.5373     1.0748
[1] 21400.0000     0.0009     0.9719    -0.3139     2.3434     0.9071
[1] 21500.0000     0.0000     0.9375    -0.1396     2.1311     1.0777
[1] 21600.0000     0.0000     0.8420    -0.0916     2.1208     0.8926
[1] 21700.0000     0.0000     0.8258    -0.5274     2.5803     1.1265
[1] 21800.0000     0.0005     0.8218    -0.3505     2.3309     1.1739
[1] 21900.0000     0.0000     0.9408     0.8427     1.1032     0.9421
[1] 22000.0000     0.0000     0.8850     0.2226     1.8065     0.9555
[1] 22100.0000     0.0000     0.8953    -1.0364     2.9901     0.9321
[1] 22200.0000     0.0000     0.8403    -0.7158     2.7131     1.1277
[1] 22300.0000     0.0001     0.8584     0.0286     2.0311     0.9367
[1] 22400.0000     0.0000     0.9494     0.0467     2.0033     0.9207
[1] 22500.0000     0.0002     0.9610     1.1576     0.8362     0.9963
[1] 22600.0000     0.0000     0.8858     0.7986     1.3796     0.9064
[1] 22700.0000     0.0000     0.8271     0.3237     1.6393     1.1968
[1] 22800.0000     0.0001     0.9028    -0.1861     2.2740     1.1243
[1] 22900.0000     0.0000     0.9207     1.0173     0.9220     0.8362
[1] 23000.0000     0.0000     0.8448     0.5677     1.4201     1.1964
[1] 23100.0000     0.0000     0.8781    -0.4624     2.3635     0.9051
[1] 23200.0000     0.0000     0.8288    -0.4771     2.5194     0.8616
[1] 23300.0000     0.0792     0.8966     0.7825     1.2433     1.0199
[1] 23400.0000     0.0000     0.9418    -0.2446     2.3410     0.8205
[1] 23500.0000     0.0000     0.8934    -0.4503     2.4726     1.1391
[1] 23600.0000     0.0000     0.8360     0.1513     1.8416     0.8406
[1] 23700.0000     0.0000     0.8580     0.1888     1.7987     0.8494
[1] 2.380e+04 0.000e+00 9.509e-01 1.018e-01 1.786e+00 9.516e-01
[1] 23900.0000     0.0000     0.8157     0.0748     1.9326     0.8034
[1] 24000.0000     0.0000     0.8968    -1.0608     3.0206     0.8401
[1] 24100.0000     0.0000     0.8643    -1.4496     3.5142     0.9462
[1] 24200.0000     0.0000     0.8399     0.3366     1.5721     1.0287
[1] 24300.0000     0.0000     0.8207    -0.8956     2.9268     1.1509
[1] 24400.0000     0.8070     0.9947     0.6345     1.4009     0.9697
[1] 24500.0000     0.0000     0.9064     0.9278     1.0309     0.8345
[1] 24600.0000     0.0000     0.9062    -0.0388     2.0432     0.8877
[1] 24700.0000     0.0000     0.9574     0.1016     1.8301     1.0919
[1] 24800.0000     0.0002     0.8109    -0.0755     2.1146     1.1899
[1] 24900.0000     0.0000     0.9495    -0.5119     2.4941     0.8626
[1] 25000.0000     0.0009     0.9628    -0.1019     2.1359     0.9362
[1] 25100.0000     0.0000     0.8415     0.6771     1.3000     1.0265
[1] 25200.0000     0.0000     0.8495    -0.7300     2.8029     1.1739
[1] 25300.0000     1.0000     0.8151     0.8808     1.1043     1.0748
[1] 25400.0000     0.7884     0.8988     0.2726     1.7350     1.0888
[1] 25500.0000     0.0000     0.8303     0.4026     1.6719     1.1248
[1] 25600.0000     0.0000     0.8112    -0.3792     2.5031     0.8916
[1] 25700.0000     0.0000     0.9253     0.4699     1.6839     0.8539
[1] 25800.0000     0.0000     0.8043    -1.0639     3.0564     0.8730
[1] 25900.0000     1.0000     0.8632    -0.6748     2.7386     1.1254
[1] 26000.0000     0.0261     0.8358    -1.1053     3.1525     1.1365
[1] 26100.0000     0.0000     0.9196    -0.5842     2.5477     1.1722
[1] 26200.0000     0.0000     0.9529    -0.2194     2.1420     1.0017
[1] 26300.0000     0.0000     0.8530     0.2263     1.7639     1.0678
[1] 2.640e+04 0.000e+00 8.767e-01 9.889e-01 1.027e+00 8.041e-01
[1] 26500.0000     0.0108     0.8885     0.1685     1.8800     1.0349
[1] 26600.0000     0.0000     0.9293    -0.5327     2.7138     0.8497
[1] 26700.0000     0.0000     0.8184    -0.1405     2.2272     0.9177
[1] 26800.0000     0.0000     0.8180    -1.7369     3.8024     0.8719
[1] 26900.0000     0.0000     0.9184     0.0314     2.0507     1.1619
[1] 27000.0000     0.0000     0.8794    -0.3005     2.3298     0.8948
[1] 27100.0000     0.8383     0.9280    -0.2898     2.3341     1.0348
[1] 27200.0000     0.0000     0.8628    -0.3191     2.3582     1.0265
[1] 27300.0000     0.0000     0.9326     0.3324     1.6742     0.8298
[1] 27400.0000     0.0000     0.8182    -0.2310     2.2437     1.1040
[1] 27500.0000     0.0000     0.8463     0.8195     1.3004     0.8762
[1] 27600.0000     0.0000     0.8732     1.3496     0.7051     0.9172
[1] 27700.0000     0.0000     0.8768     0.1987     1.8975     1.0202
[1] 27800.0000     0.0000     0.8396     0.9387     1.0123     0.8414
[1] 27900.0000     1.0000     0.8904     0.9323     1.0722     0.9276
[1] 28000.0000     0.0000     0.8025    -0.6201     2.6592     0.9240
[1] 28100.0000     0.0000     0.9262     0.8014     1.3237     1.0710
[1] 28200.0000     0.0000     0.9683     0.4244     1.6612     0.8917
[1] 28300.0000     0.0000     0.9886    -0.1595     2.1460     1.1843
[1] 28400.0000     1.0000     0.9594     0.1181     1.9236     0.8105
[1] 28500.0000     0.0000     0.8824     1.1025     0.8883     0.8003
[1] 28600.0000     0.0000     0.8043    -0.5545     2.5666     0.9928
[1] 28700.0000     0.0000     0.8546    -0.8241     2.7467     0.9787
[1] 28800.0000     0.0000     0.8104     0.5425     1.5402     1.1940
[1] 28900.0000     0.0000     0.9137     0.6844     1.3937     0.8478
[1] 29000.0000     0.0000     0.9277    -0.4961     2.5222     1.1735
[1] 29100.0000     0.0000     0.8445    -0.8556     2.9178     0.8871
[1] 29200.0000     0.1056     0.9367     0.5272     1.4748     1.1465
[1] 29300.0000     0.0009     0.9749     0.9610     1.0042     0.9782
[1] 29400.0000     0.0000     0.9394     1.4157     0.5314     1.1754
[1] 29500.0000     0.0000     0.8094    -0.2143     2.2052     0.8253
[1] 29600.0000     0.0000     0.8035     0.4506     1.4990     1.0772
[1] 29700.0000     0.0000     0.9991    -0.1827     2.2232     0.9357
[1] 29800.0000     0.0000     0.8030     0.5839     1.4774     0.9421
[1] 29900.0000     0.4807     0.9798     0.7206     1.3063     1.0014
[1] 30000.0000     0.0000     0.9250     1.3232     0.6873     1.0393
[1] 0.07411704
Time difference of 4.439701 hours
null device 
          1 
