[1] "El numero de nodos X particion es: 10"
[1] "Model = M2 / Data = sim_data/datasetSVCMatern1.Rdata"
[1] 100.0000   0.7208   0.8260   0.0112   1.8529   1.0612
[1] 200.0000   0.0041   0.8487  -0.0653   1.7596   0.8384
[1] 300.0000   0.1088   0.8776  -0.1706   1.8283   1.0665
[1] 400.0000   0.1547   0.9217  -0.1038   1.8003   0.9692
[1] 500.0000   0.0196   0.8844  -0.2678   1.7131   1.0434
[1] 600.0000   0.0009   0.8693  -0.1921   1.6952   1.0610
[1] 700.0000   0.1455   0.8009  -0.2027   1.6858   0.8720
[1] 800.0000   0.2022   0.8830  -0.2992   1.6987   0.9772
[1] 900.0000   1.0000   0.9357  -0.2476   1.7548   1.0743
[1] 1000.0000    1.0000    0.9692   -0.2031    1.7800    0.9576
[1] 1100.0000    0.0241    0.8326   -0.2698    1.7415    1.0285
[1] 1200.0000    1.0000    0.8603   -0.2044    1.7560    0.9164
[1] 1300.0000    1.0000    0.8617   -0.2614    1.8447    1.0550
[1] 1400.0000    0.0374    0.8624   -0.3240    1.6562    0.9686
[1] 1500.0000    0.0542    0.8157   -0.1740    1.8292    1.0010
[1] 1600.0000    0.0149    0.8099   -0.2288    1.8164    1.0178
[1] 1700.0000    0.0064    0.8468   -0.1831    1.7154    0.8001
[1] 1800.0000    0.0070    0.9410   -0.2763    1.6808    0.8062
[1] 1900.0000    0.0015    0.9005   -0.1794    1.8074    0.9368
[1] 2000.0000    1.0000    0.8107   -0.2385    1.6411    0.8113
[1] 2100.0000    0.2731    0.8081   -0.0882    1.8221    0.9300
[1] 2200.0000    0.3291    0.8580   -0.2410    1.7328    1.0161
[1] 2300.0000    0.0001    0.8377   -0.2018    1.7103    0.8487
[1] 2400.0000    0.0158    0.9704   -0.2141    1.6726    0.8486
[1] 2500.0000    0.0031    0.8529   -0.2943    1.5944    0.9541
[1] 2600.0000    0.4020    0.8617   -0.2604    1.7016    0.8044
[1] 2700.0000    1.0000    0.8052   -0.2334    1.7647    0.8603
[1] 2800.0000    1.0000    0.8906   -0.1859    1.6870    0.8787
[1] 2900.0000    0.0022    0.8470   -0.2139    1.6356    0.8434
[1] 3000.0000    0.0002    0.8033   -0.3303    1.7770    1.0418
[1] 3100.0000    0.4742    0.8708   -0.1941    1.7699    0.9667
[1] 3200.0000    0.0349    0.8228   -0.1833    1.8365    0.8243
[1] 3300.0000    0.0169    0.8057   -0.1424    1.7314    1.1802
[1] 3400.0000    0.0470    0.8189   -0.2824    1.7047    0.9632
[1] 3500.0000    0.6773    0.9338   -0.2469    1.7815    0.8830
[1] 3600.0000    0.0638    0.8387   -0.2323    1.7063    1.0128
[1] 3700.0000    0.0141    0.8385   -0.1565    1.7026    0.8150
[1] 3800.0000    0.0103    0.8306   -0.2451    1.7055    0.8349
[1] 3900.0000    0.0461    0.8319   -0.2318    1.7134    0.8180
[1] 4000.0000    0.5815    0.9388   -0.1504    1.6288    0.8131
[1] 4100.0000    0.0527    0.8706   -0.1887    1.6663    0.9194
[1] 4200.0000    0.6654    0.9756   -0.3297    1.6494    0.9752
[1] 4300.0000    0.0395    0.8347   -0.2749    1.5883    0.9291
[1] 4400.0000    0.2249    0.8077   -0.2042    1.7587    1.0029
[1] 4500.0000    0.6898    0.8410   -0.2154    1.7622    1.1520
[1] 4600.0000    0.0282    0.8009   -0.1260    1.6876    0.9214
[1] 4700.0000    0.0357    0.8816   -0.2593    1.6821    1.1506
[1] 4800.0000    0.0842    0.8477   -0.1783    1.7360    0.8576
[1] 4900.0000    0.1062    0.8487   -0.1873    1.7451    0.8031
[1] 5000.0000    0.0214    0.8079   -0.0881    1.6410    0.9328
[1] 5100.0000    1.0000    0.8496   -0.3537    1.6943    0.8317
[1] 5200.0000    0.0284    0.8350   -0.2234    1.8705    1.0935
[1] 5300.0000    1.0000    0.8379   -0.2462    1.6544    1.0434
[1] 5400.0000    0.5399    0.8333   -0.1543    1.7942    0.9811
[1] 5500.0000    0.0022    0.8219   -0.2210    1.6983    0.8388
[1] 5600.0000    0.0372    0.9095   -0.3291    1.7183    0.9324
[1] 5700.0000    0.0086    0.8052   -0.2068    1.6154    1.1681
[1] 5800.0000    0.1985    0.8612   -0.0913    1.7255    1.0327
[1] 5900.0000    0.3101    0.8022   -0.1724    1.6691    0.8011
[1] 6000.0000    0.0566    0.8273   -0.2593    1.7085    0.8750
[1] 6100.0000    0.0493    0.9025   -0.1610    1.7418    0.9119
[1] 6200.0000    1.0000    0.8336   -0.2619    1.5358    0.9759
[1] 6300.0000    1.0000    0.8421   -0.2300    1.7719    0.8693
[1] 6400.0000    0.3713    0.9022   -0.2606    1.5413    0.8332
[1] 6500.0000    0.0137    0.8697   -0.2358    1.7054    0.9040
[1] 6600.0000    0.0186    0.8918   -0.2424    1.7691    1.0184
[1] 6700.0000    0.0001    0.8229   -0.1752    1.7324    1.0410
[1] 6800.0000    0.8041    0.8341   -0.1960    1.6455    0.9785
[1] 6900.0000    0.0237    0.9113   -0.3228    1.5977    0.9410
[1] 7000.0000    0.0048    0.8011   -0.2475    1.6582    1.0228
[1] 7100.0000    1.0000    0.8440   -0.2553    1.6956    0.9302
[1] 7200.0000    1.0000    0.8089   -0.2146    1.7101    0.8029
[1] 7300.0000    0.1736    0.8821   -0.2647    1.6858    0.9361
[1] 7400.0000    0.0000    0.8164   -0.2981    1.6349    0.8600
[1] 7500.0000    0.1480    0.8071   -0.1748    1.6372    0.8422
[1] 7600.0000    0.1647    0.8511   -0.2241    1.7416    1.0027
[1] 7700.0000    0.0235    0.8552   -0.3194    1.7674    1.0850
[1] 7800.0000    0.0198    0.8812   -0.2614    1.6466    1.0536
[1] 7900.0000    0.0313    0.8037   -0.2473    1.6685    1.1632
[1] 8000.0000    0.0777    0.8265   -0.1916    1.7030    0.8379
[1] 8100.0000    0.0043    0.8269   -0.2012    1.8898    0.9544
[1] 8200.0000    0.0480    0.8141   -0.1694    1.8288    0.8894
[1] 8300.0000    0.2196    0.8222   -0.2168    1.8197    0.8438
[1] 8400.0000    0.1021    0.8421   -0.3224    1.8266    0.8322
[1] 8500.0000    0.0378    0.8507   -0.2922    1.6655    1.0895
[1] 8600.0000    0.1084    0.8012   -0.2056    1.6322    0.8290
[1] 8700.0000    1.0000    0.8293   -0.3135    1.7196    0.8767
[1] 8800.0000    1.0000    0.9324   -0.2567    1.6801    0.8066
[1] 8900.0000    0.0257    0.9506   -0.1225    1.7503    0.8420
[1] 9000.0000    0.0032    0.9025   -0.2986    1.7838    0.9096
[1] 9100.0000    0.0237    0.8060   -0.2254    1.6989    0.8104
[1] 9200.0000    0.0911    0.8083   -0.2631    1.6161    1.0837
[1] 9300.0000    0.0160    0.8010   -0.1666    1.9058    0.8005
[1] 9400.0000    1.0000    0.8662   -0.1897    1.7070    0.8284
[1] 9500.0000    0.0011    0.9329   -0.3266    1.7011    0.8817
[1] 9600.0000    0.0090    0.8149   -0.3149    1.6616    0.9056
[1] 9700.0000    0.0103    0.8614   -0.1685    1.6877    0.9692
[1] 9800.0000    0.6840    0.8323   -0.2440    1.7087    0.8368
[1] 9900.0000    0.0002    0.8466   -0.1399    1.8317    0.8248
[1] 10000.0000     1.0000     0.8618    -0.2117     1.6423     0.8032
[1] 10100.0000     1.0000     0.9049    -0.3221     1.7303     1.0751
[1] 10200.0000     0.1626     0.9808    -0.3039     1.7574     0.8342
[1] 10300.0000     0.0388     0.8120    -0.1193     1.7973     0.8804
[1] 10400.0000     0.0200     0.8213    -0.2167     1.7195     1.0055
[1] 10500.0000     1.0000     0.8159    -0.2104     1.7456     1.1284
[1] 10600.0000     0.1040     0.8330    -0.1154     1.7731     0.9092
[1] 10700.0000     0.0132     0.8531    -0.2138     1.6844     0.8181
[1] 10800.0000     1.0000     0.8056    -0.2272     1.7052     0.8503
[1] 10900.0000     0.2369     0.8264    -0.2334     1.7121     1.1140
[1] 11000.0000     1.0000     0.8012    -0.2224     1.8669     0.9407
[1] 11100.0000     0.0015     0.8902    -0.1926     1.8560     0.9114
[1] 11200.0000     0.3962     0.8055    -0.2879     1.6868     0.9767
[1] 11300.0000     0.0072     0.8219    -0.2894     1.7259     0.9690
[1] 11400.0000     0.3437     0.8940    -0.2360     1.6909     0.9892
[1] 11500.0000     0.0001     0.9311    -0.2405     1.5893     0.8792
[1] 11600.0000     1.0000     0.9382    -0.2512     1.6733     0.8033
[1] 11700.0000     0.8878     0.8490    -0.2480     1.5989     0.8396
[1] 11800.0000     1.0000     0.8044    -0.2383     1.6563     0.8621
[1] 11900.0000     0.0071     0.8272    -0.1659     1.7105     0.8962
[1] 12000.0000     0.0549     0.8344    -0.2501     1.5611     1.0659
[1] 12100.0000     0.2988     0.9452    -0.3568     1.6638     0.8400
[1] 12200.0000     0.3134     0.8496    -0.2099     1.5922     0.8460
[1] 12300.0000     0.0142     0.8229    -0.0540     1.7572     0.9137
[1] 12400.0000     1.0000     0.8046    -0.3300     1.6747     0.8797
[1] 12500.0000     0.0034     0.8027    -0.0183     1.7662     1.0313
[1] 12600.0000     0.0005     0.8021    -0.1194     1.7560     0.8910
[1] 12700.0000     0.0332     0.9486    -0.1255     1.8586     0.8166
[1] 12800.0000     0.0172     0.8032    -0.2520     1.7303     0.9473
[1] 12900.0000     0.3559     0.8554    -0.3294     1.6214     0.9712
[1] 13000.0000     0.3574     0.8069    -0.2892     1.7112     1.0997
[1] 13100.0000     0.0012     0.8050    -0.3305     1.7707     1.0217
[1] 13200.0000     0.1689     0.8335    -0.2620     1.7488     0.9695
[1] 13300.0000     0.0120     0.8522    -0.1888     1.7056     1.0074
[1] 13400.0000     0.0502     0.9485    -0.2546     1.6496     1.0271
[1] 13500.0000     0.0040     0.8466    -0.2351     1.7688     0.8143
[1] 13600.0000     0.6252     0.8630    -0.3494     1.6292     0.9698
[1] 13700.0000     0.6848     0.8314    -0.2778     1.6661     0.8589
[1] 13800.0000     1.0000     0.8254    -0.1747     1.6885     0.9444
[1] 13900.0000     0.6124     0.8125    -0.3302     1.6733     1.1546
[1] 14000.0000     1.0000     0.9598    -0.2805     1.6939     0.8043
[1] 14100.0000     0.0035     0.9236    -0.1661     1.7948     0.9106
[1] 14200.0000     0.0900     0.9171    -0.2020     1.6631     0.8964
[1] 14300.0000     0.0234     0.8548    -0.3201     1.6803     0.8231
[1] 14400.0000     0.0785     0.8510    -0.2572     1.6828     1.0105
[1] 14500.0000     0.0061     0.8302    -0.3044     1.7229     1.1813
[1] 14600.0000     0.7890     0.8358    -0.2688     1.7807     0.9089
[1] 14700.0000     1.0000     0.8840    -0.2073     1.6874     1.0394
[1] 14800.0000     0.0886     0.8106    -0.1922     1.7006     1.0978
[1] 14900.0000     0.0075     0.8246    -0.2945     1.6441     0.8054
[1] 15000.0000     0.0002     0.8331    -0.2908     1.6442     1.0095
[1] 15100.0000     0.1973     0.8384    -0.2005     1.7009     0.8510
[1] 15200.0000     0.0002     0.8050    -0.1910     1.6787     1.1664
[1] 15300.0000     0.6663     0.8856    -0.2208     1.7630     0.9730
[1] 15400.0000     0.0133     0.8005    -0.2378     1.7200     0.8812
[1] 15500.0000     1.0000     0.8761    -0.2555     1.6248     0.9901
[1] 15600.0000     0.0188     0.8379    -0.1024     1.7233     0.9455
[1] 15700.0000     0.7210     0.9225    -0.0985     1.7097     0.9294
[1] 15800.0000     0.0009     0.8620    -0.2297     1.7335     0.8301
[1] 15900.0000     0.0571     0.8006    -0.1991     1.7403     1.0522
[1] 16000.0000     0.0292     0.8844    -0.1459     1.7568     0.8610
[1] 16100.0000     1.0000     0.9477    -0.2432     1.7032     0.9420
[1] 16200.0000     0.7391     0.8455    -0.2627     1.6074     1.0509
[1] 16300.0000     0.2326     0.8942    -0.2649     1.7531     0.8538
[1] 16400.0000     0.0379     0.8090    -0.1541     1.7407     0.8978
[1] 16500.0000     0.1193     0.8273    -0.2125     1.6535     0.8232
[1] 16600.0000     0.2772     0.8568    -0.2644     1.6516     1.0645
[1] 16700.0000     0.2108     0.9287    -0.1986     1.7070     0.9633
[1] 16800.0000     0.3167     0.8165    -0.2124     1.7010     1.0376
[1] 16900.0000     0.0001     0.8221    -0.3321     1.5769     1.1575
[1] 17000.0000     0.3970     0.8119    -0.2224     1.7221     0.9369
[1] 17100.0000     0.0384     0.8021    -0.0375     1.6179     1.0859
[1] 17200.0000     1.0000     0.8059    -0.2575     1.6550     1.0244
[1] 17300.0000     1.0000     0.8396    -0.2811     1.6344     1.0131
[1] 17400.0000     0.0137     0.8470    -0.2750     1.8920     1.1018
[1] 17500.0000     0.0230     0.8131    -0.1713     1.6589     0.9127
[1] 17600.0000     0.0038     0.8242    -0.3039     1.7309     0.9225
[1] 17700.0000     0.0292     0.8794    -0.2488     1.5961     0.9707
[1] 17800.0000     0.0580     0.8887    -0.1864     1.5983     0.8130
[1] 17900.0000     0.0031     0.9291    -0.2858     1.7642     0.9192
[1] 18000.0000     0.8839     0.9109    -0.2136     1.7133     0.8712
[1] 18100.0000     0.3544     0.8347    -0.1766     1.6661     0.8620
[1] 18200.0000     0.4263     0.8073    -0.1312     1.7259     0.9256
[1] 18300.0000     0.1347     0.8092    -0.1986     1.8017     1.0361
[1] 18400.0000     0.1987     0.9243    -0.2520     1.7066     1.1066
[1] 18500.0000     0.5493     0.8751    -0.3194     1.7924     0.8892
[1] 18600.0000     0.1894     0.8656    -0.2171     1.7391     0.8624
[1] 18700.0000     0.0106     0.8306    -0.2814     1.7254     0.9156
[1] 18800.0000     0.4826     0.8360    -0.1437     1.7932     0.8264
[1] 18900.0000     0.6233     0.8616    -0.3284     1.6240     0.8878
[1] 19000.0000     1.0000     0.8087    -0.1935     1.7616     1.1060
[1] 19100.0000     0.4757     0.9272    -0.2422     1.7700     0.8583
[1] 19200.0000     0.5029     0.8319    -0.2471     1.6650     1.0132
[1] 19300.0000     0.0050     0.8716    -0.2196     1.6701     0.9230
[1] 19400.0000     1.0000     0.8507    -0.2485     1.7281     0.9744
[1] 19500.0000     0.0000     0.8243    -0.1131     1.6998     0.8751
[1] 19600.0000     0.0356     0.8948    -0.2650     1.7282     1.0740
[1] 19700.0000     0.0820     0.8143    -0.1776     1.6652     0.8081
[1] 19800.0000     0.0092     0.9869    -0.1768     1.8631     0.9076
[1] 19900.0000     1.0000     0.9655    -0.1444     1.7289     0.8660
[1] 20000.0000     0.2192     0.8545    -0.2523     1.7473     0.8923
[1] 20100.0000     0.0023     0.8622    -0.1817     1.6937     0.8640
[1] 20200.0000     0.0141     0.9282    -0.2459     1.7211     0.9678
[1] 20300.0000     0.4564     0.8028    -0.3764     1.6014     0.9708
[1] 20400.0000     0.4006     0.8226    -0.2248     1.7602     0.9425
[1] 20500.0000     1.0000     0.8702    -0.1877     1.7678     0.9048
[1] 20600.0000     0.0443     0.8414    -0.1789     1.7366     0.8561
[1] 20700.0000     0.4745     0.8107    -0.1141     1.8088     1.0874
[1] 20800.0000     0.3142     0.9367    -0.2314     1.8309     1.0049
[1] 20900.0000     0.0291     0.9072    -0.2638     1.6378     1.0199
[1] 21000.0000     0.1239     0.8695    -0.2410     1.7293     0.9727
[1] 21100.0000     0.1267     0.8745    -0.1905     1.7100     0.8760
[1] 21200.0000     0.5459     0.9611    -0.2331     1.7169     0.8029
[1] 21300.0000     0.0690     0.8214    -0.1582     1.6636     1.0391
[1] 21400.0000     1.0000     0.8276    -0.1168     1.7025     0.8233
[1] 21500.0000     0.0711     0.8291    -0.2154     1.5615     1.0581
[1] 21600.0000     0.0259     0.8069    -0.3209     1.7871     0.8555
[1] 21700.0000     0.0474     0.8301    -0.2040     1.8046     0.8711
[1] 21800.0000     0.0668     0.8443    -0.1774     1.8344     0.9811
[1] 21900.0000     0.3781     0.9598    -0.1641     1.7431     0.8497
[1] 22000.0000     1.0000     0.8874    -0.2015     1.7325     1.0182
[1] 22100.0000     0.4528     0.8040    -0.2183     1.7275     1.0801
[1] 22200.0000     1.0000     0.8579    -0.2927     1.6702     0.8534
[1] 22300.0000     0.1120     0.9726    -0.3013     1.7758     0.8521
[1] 22400.0000     0.0264     0.8145    -0.2498     1.6590     0.8604
[1] 22500.0000     0.4962     0.8239    -0.2587     1.8012     1.1368
[1] 22600.0000     0.0019     0.8858    -0.3057     1.7633     0.9064
[1] 22700.0000     0.0065     0.8271    -0.3419     1.7500     1.1968
[1] 22800.0000     0.1155     0.8972    -0.2696     1.6210     1.0231
[1] 22900.0000     0.0770     0.8804    -0.3389     1.5387     0.9211
[1] 23000.0000     0.0020     0.8188    -0.2508     1.6374     1.0070
[1] 23100.0000     0.3910     0.8119    -0.1385     1.7385     1.0551
[1] 23200.0000     0.2927     0.8154    -0.2033     1.7686     0.9644
[1] 23300.0000     0.0160     0.8299    -0.1986     1.7278     0.9056
[1] 23400.0000     0.1735     0.8888    -0.2913     1.6288     1.0444
[1] 23500.0000     0.0017     0.8797    -0.1780     1.7466     0.8266
[1] 23600.0000     0.2425     0.8176    -0.2184     1.6799     0.8266
[1] 23700.0000     0.0121     0.8580    -0.2616     1.6162     0.8494
[1] 23800.0000     0.0356     0.8409    -0.1928     1.5566     1.0217
[1] 23900.0000     0.9330     0.8722    -0.1123     1.7306     0.8735
[1] 24000.0000     1.0000     0.9239    -0.1878     1.7308     0.9362
[1] 24100.0000     1.0000     0.9214    -0.3196     1.7811     0.8541
[1] 24200.0000     0.0144     0.8467    -0.2690     1.6356     0.8230
[1] 24300.0000     0.6181     0.8950    -0.2111     1.7309     0.9587
[1] 24400.0000     0.0423     0.8950    -0.2114     1.7507     0.9027
[1] 24500.0000     0.4261     0.8797    -0.2393     1.6520     0.8251
[1] 24600.0000     1.0000     0.8728    -0.1947     1.7923     0.8292
[1] 24700.0000     1.0000     0.9195    -0.2762     1.6498     0.8781
[1] 24800.0000     0.0001     0.8414    -0.1749     1.7130     0.9637
[1] 24900.0000     0.5065     0.8569    -0.3439     1.7288     1.1414
[1] 25000.0000     1.0000     0.8801    -0.2804     1.7078     0.8235
[1] 25100.0000     1.0000     0.8419    -0.2116     1.7679     0.8544
[1] 25200.0000     0.0422     0.8438    -0.1523     1.7590     0.8843
[1] 25300.0000     0.1791     0.8254    -0.2900     1.6570     0.8434
[1] 25400.0000     0.1876     0.8553    -0.3137     1.6503     1.0212
[1] 25500.0000     0.1403     0.8417    -0.1375     1.6925     0.8432
[1] 25600.0000     0.0352     0.8268    -0.1454     1.7022     0.9041
[1] 25700.0000     0.7679     0.8976    -0.2739     1.6785     0.9408
[1] 25800.0000     0.0118     0.8606    -0.2530     1.7687     0.8978
[1] 25900.0000     0.0083     0.8683    -0.0786     1.7137     0.8098
[1] 26000.0000     0.0823     0.8898    -0.2289     1.6841     0.8907
[1] 26100.0000     0.2387     0.8951    -0.2608     1.7348     0.8249
[1] 26200.0000     1.0000     0.8601    -0.3026     1.7698     0.9041
[1] 26300.0000     0.4481     0.8448    -0.3588     1.7763     0.9973
[1] 26400.0000     0.1172     0.8855    -0.1719     1.6096     1.0131
[1] 26500.0000     0.0138     0.8034    -0.2151     1.6345     1.1338
[1] 26600.0000     0.0322     0.8720    -0.4130     1.6185     0.9170
[1] 26700.0000     0.4393     0.8892    -0.1594     1.7480     0.9428
[1] 26800.0000     0.0414     0.8173    -0.2597     1.8180     0.9752
[1] 26900.0000     0.0073     0.8396    -0.2662     1.7603     0.9391
[1] 27000.0000     1.0000     0.8977    -0.2390     1.7332     0.8661
[1] 27100.0000     0.0483     0.8095    -0.1953     1.7111     1.0497
[1] 27200.0000     0.1314     0.8135    -0.2628     1.8079     0.8529
[1] 27300.0000     0.0001     0.9608    -0.3017     1.6293     0.8492
[1] 27400.0000     0.0370     0.8071    -0.2476     1.6349     0.9903
[1] 27500.0000     0.2403     0.8463    -0.2292     1.6662     0.8762
[1] 27600.0000     0.0004     0.8732    -0.1416     1.8021     0.9172
[1] 27700.0000     0.0002     0.8219    -0.0647     1.7648     0.8500
[1] 27800.0000     0.0309     0.8358    -0.1580     1.7634     1.1051
[1] 27900.0000     0.3047     0.8255    -0.1481     1.7860     0.8855
[1] 28000.0000     0.2028     0.9430    -0.2681     1.6964     0.9743
[1] 28100.0000     0.0380     0.8125    -0.2635     1.6597     1.0981
[1] 28200.0000     0.0699     0.8346    -0.1692     1.7736     0.8840
[1] 28300.0000     1.0000     0.8124    -0.1550     1.7292     0.9290
[1] 28400.0000     1.0000     0.9594    -0.3012     1.7789     0.8105
[1] 28500.0000     1.0000     0.8206    -0.2020     1.7494     1.0447
[1] 28600.0000     0.0421     0.8240    -0.2486     1.7217     0.9940
[1] 28700.0000     1.0000     0.9143    -0.2373     1.6942     0.8158
[1] 28800.0000     0.2230     0.8366    -0.1440     1.7237     0.8214
[1] 28900.0000     0.0281     0.9040    -0.3489     1.7484     0.8375
[1] 29000.0000     0.9314     0.8095    -0.2187     1.7048     1.0816
[1] 29100.0000     0.0006     0.8648    -0.2200     1.7525     0.8680
[1] 29200.0000     0.0273     0.8505    -0.3082     1.6621     0.9156
[1] 29300.0000     0.1284     0.8261    -0.2281     1.6390     0.8279
[1] 29400.0000     0.1322     0.8482    -0.1269     1.7081     0.9202
[1] 29500.0000     0.1165     0.8510    -0.2312     1.7803     0.8942
[1] 29600.0000     0.0020     0.8135    -0.2318     1.6739     0.8030
[1] 29700.0000     0.2861     0.8203    -0.2541     1.6118     1.1249
[1] 29800.0000     0.7713     0.8701    -0.2105     1.7448     0.8024
[1] 29900.0000     0.1712     0.9798    -0.2738     1.7350     1.0014
[1] 30000.0000     0.2808     0.8020    -0.2142     1.7661     0.9764
[1] 0.3180273
Time difference of 11.46861 hours
null device 
          1 
