[1] "El numero de nodos X particion es: 10"
[1] "Model = M2 / Data = sim_data/datasetSVCMatern15.Rdata"
[1] 100.0000   0.0001   0.9429   0.0333   1.9980   1.1970
[1] 200.0000   0.3186   0.9645   0.0155   1.9978   1.1745
[1] 300.0000   0.5945   0.8776   0.0222   2.0088   1.0665
[1] 400.0000   0.0019   0.9953   0.0988   1.9912   1.1112
[1] 500.0000   0.0511   0.9813   0.2102   2.0129   0.8492
[1] 600.0000   1.0000   0.9748   0.2226   2.0360   1.0386
[1] 700.0000   0.0057   0.9315   0.0927   2.0773   1.1042
[1] 800.0000   1.0000   0.8954   0.1463   2.0706   1.1490
[1] 900.0000   1.0000   0.9357  -0.0181   1.9978   1.0743
[1] 1000.0000    0.4190    0.9837    0.1044    2.0518    1.0972
[1] 1100.0000    0.6638    0.9726    0.0935    2.0953    1.0201
[1] 1200.0000    0.0014    0.9484    0.1582    2.0541    1.1699
[1] 1300.0000    0.0427    0.9498    0.2641    2.1001    1.1653
[1] 1400.0000    0.0006    0.9303    0.1089    2.1539    1.1894
[1] 1500.0000    0.0000    0.9672    0.1046    2.1159    1.1986
[1] 1600.0000    0.0358    0.9998    0.0978    2.2330    1.1214
[1] 1700.0000    0.0660    0.9916    0.0902    2.2181    1.1881
[1] 1800.0000    0.0544    0.9234    0.2451    2.1550    1.1307
[1] 1900.0000    0.1239    0.9957    0.1886    2.1573    1.1822
[1] 2000.0000    0.0000    0.9694    0.2308    2.1268    1.1746
[1] 2100.0000    0.0011    0.9448    0.1435    2.1014    0.9257
[1] 2200.0000    0.0526    0.9805    0.1770    2.0957    1.0470
[1] 2300.0000    0.6911    0.9707    0.2707    2.0125    1.1994
[1] 2400.0000    0.2895    0.9764    0.2665    2.1151    1.0594
[1] 2500.0000    0.0404    0.9991    0.2742    2.1874    1.1106
[1] 2600.0000    0.0000    0.9483    0.2158    2.1024    1.1376
[1] 2700.0000    0.0006    0.9335    0.1719    2.0862    0.9591
[1] 2800.0000    0.0006    0.9098    0.0814    2.1172    1.1572
[1] 2900.0000    0.0004    0.9982    0.1972    2.0592    0.9626
[1] 3000.0000    1.0000    0.9623    0.1624    2.1246    1.1476
[1] 3100.0000    0.0338    0.8855    0.1691    2.0736    1.1174
[1] 3200.0000    0.1564    0.9371    0.1702    2.1358    1.1278
[1] 3300.0000    0.0009    0.9877    0.1320    2.1098    0.9428
[1] 3400.0000    0.0385    0.9912    0.1614    2.0770    1.1933
[1] 3500.0000    0.0037    0.9339    0.0866    2.0673    1.1722
[1] 3600.0000    0.0945    0.9538    0.0776    2.0501    1.1717
[1] 3700.0000    0.0075    0.9950    0.1004    2.0941    1.0085
[1] 3800.0000    0.0006    0.9380    0.1906    2.0463    1.1005
[1] 3900.0000    0.0008    0.9884    0.1067    2.0220    1.1762
[1] 4000.0000    0.0028    0.9594    0.1648    2.1368    1.1967
[1] 4100.0000    0.5158    0.9364    0.2407    2.2393    1.0566
[1] 4200.0000    0.0051    0.9756    0.1343    2.1940    0.9752
[1] 4300.0000    0.0000    0.9305    0.0876    2.1892    1.1545
[1] 4400.0000    0.0079    0.9571    0.2389    2.1673    0.9932
[1] 4500.0000    0.0555    0.9575    0.1645    2.1116    1.1253
[1] 4600.0000    0.0129    0.9525    0.1401    2.1363    1.1110
[1] 4700.0000    0.0036    0.9516    0.1868    2.1856    1.1937
[1] 4800.0000    0.3198    0.8536    0.0973    2.1551    1.1437
[1] 4900.0000    0.0161    0.9345    0.2110    2.1666    1.1584
[1] 5000.0000    0.1695    0.9955    0.1301    2.1102    1.1626
[1] 5100.0000    0.0001    0.9679    0.1586    2.1557    1.1951
[1] 5200.0000    0.0043    0.8440    0.0798    2.2526    1.1937
[1] 5300.0000    0.2345    0.8379    0.1266    2.0696    1.0434
[1] 5400.0000    0.0321    0.9974    0.1971    2.1202    1.1725
[1] 5500.0000    0.1318    0.8506    0.2557    2.2450    1.1979
[1] 5600.0000    0.0000    0.9595    0.0359    2.0737    1.1319
[1] 5700.0000    1.0000    0.9639    0.1364    2.0667    1.0846
[1] 5800.0000    0.0138    0.9611    0.1119    2.1393    1.1298
[1] 5900.0000    0.0008    0.9936    0.0844    2.0208    1.1548
[1] 6000.0000    0.0000    0.9432    0.0596    2.1774    0.9611
[1] 6100.0000    0.0009    0.9546    0.2144    2.1839    1.1594
[1] 6200.0000    0.0011    0.9887    0.1660    2.0855    1.1493
[1] 6300.0000    0.0002    0.9560    0.1515    2.1209    1.1950
[1] 6400.0000    0.0022    0.9918    0.2212    2.1818    1.1860
[1] 6500.0000    0.3199    0.9084    0.2222    2.1213    1.0918
[1] 6600.0000    0.9396    0.9735    0.0905    2.1173    1.1163
[1] 6700.0000    0.0387    0.9726    0.1100    1.9985    1.0730
[1] 6800.0000    0.0077    0.9525    0.2408    2.0310    0.9997
[1] 6900.0000    0.0011    0.9874    0.1620    2.0525    1.1807
[1] 7000.0000    0.0454    0.9977    0.1625    2.1571    1.0944
[1] 7100.0000    0.0005    0.9857    0.2122    2.0965    1.0571
[1] 7200.0000    0.0000    0.9995    0.1640    2.1140    0.8671
[1] 7300.0000    0.0098    0.9346    0.2189    2.1926    1.1740
[1] 7400.0000    0.4205    0.9154    0.1794    2.1880    1.1958
[1] 7500.0000    0.0562    0.8906    0.2507    2.1623    1.1782
[1] 7600.0000    0.0024    0.9979    0.2059    2.0290    1.1442
[1] 7700.0000    0.0002    0.9975    0.1664    2.0211    1.1871
[1] 7800.0000    0.0145    0.9647    0.0858    2.0830    1.1723
[1] 7900.0000    0.2558    0.9393    0.1327    2.1226    1.0314
[1] 8000.0000    0.0592    0.9260    0.2176    2.0854    1.1228
[1] 8100.0000    0.0033    0.9405    0.2272    2.2682    1.1590
[1] 8200.0000    0.0005    0.9518    0.1635    2.1494    1.1546
[1] 8300.0000    0.0094    0.8896    0.2782    2.2201    1.1748
[1] 8400.0000    0.0011    0.9589    0.1350    2.2330    1.0527
[1] 8500.0000    0.0006    0.9939    0.0950    2.0222    1.0648
[1] 8600.0000    0.2615    0.8983    0.1490    2.0709    1.1453
[1] 8700.0000    0.0000    0.9956    0.2120    2.0185    1.1637
[1] 8800.0000    0.0061    0.9324    0.2052    2.0679    0.8066
[1] 8900.0000    1.0000    0.9431    0.1637    2.0776    1.1381
[1] 9000.0000    0.0642    0.9168    0.1524    2.0787    1.0075
[1] 9100.0000    0.3713    0.9538    0.1408    2.1052    1.0939
[1] 9200.0000    1.0000    0.9069    0.0888    2.1394    1.1995
[1] 9300.0000    0.0026    0.9270    0.1723    2.1443    1.1117
[1] 9400.0000    0.0001    0.9943    0.2558    2.2219    1.0986
[1] 9500.0000    0.1375    0.9868    0.1945    2.0793    1.0829
[1] 9600.0000    1.0000    0.9566    0.1976    2.1141    1.1182
[1] 9700.0000    0.1014    0.9402    0.1884    2.1523    1.1590
[1] 9800.0000    0.0000    0.9883    0.2118    2.1712    1.1620
[1] 9900.0000    0.0008    0.9529    0.2098    2.0725    0.9335
[1] 10000.0000     0.0002     0.9167     0.1822     2.1343     1.1877
[1] 10100.0000     0.1258     0.9259     0.1410     2.0649     1.1999
[1] 10200.0000     1.0000     0.9808     0.1730     2.1291     0.8342
[1] 10300.0000     0.0418     0.9446     0.2245     2.1252     1.1726
[1] 10400.0000     0.0006     0.9434     0.2381     2.1069     1.1753
[1] 10500.0000     0.0064     0.8159     0.3141     2.0430     1.1284
[1] 10600.0000     0.0427     0.9579     0.2120     2.2341     1.1829
[1] 10700.0000     0.0009     0.9754     0.1940     2.1306     1.0595
[1] 10800.0000     0.0000     0.9785     0.0616     2.1749     1.1554
[1] 10900.0000     0.0000     0.9660     0.1806     2.1162     1.1970
[1] 11000.0000     0.0003     0.9998     0.2207     2.1444     0.9957
[1] 11100.0000     0.0619     0.9447     0.2099     2.1987     1.1184
[1] 11200.0000     0.0309     0.9000     0.2022     2.0663     1.0977
[1] 11300.0000     1.0000     0.9738     0.1711     2.0658     1.1215
[1] 11400.0000     0.1288     0.9830     0.2437     2.1648     1.0526
[1] 11500.0000     0.0000     0.8735     0.1562     2.0743     1.1067
[1] 11600.0000     0.0079     0.9382     0.1101     2.0606     0.8033
[1] 11700.0000     0.0167     0.9810     0.1598     2.0767     0.9386
[1] 11800.0000     0.0000     0.9246     0.2092     2.0515     1.1837
[1] 11900.0000     0.4479     0.9709     0.1442     2.1008     1.1102
[1] 12000.0000     1.0000     0.9595     0.2374     2.1873     1.1960
[1] 12100.0000     0.0621     0.9940     0.2442     2.1707     1.0808
[1] 12200.0000     0.0002     0.9853     0.1148     2.1287     1.1443
[1] 12300.0000     0.0675     0.9623     0.2155     2.0758     1.1420
[1] 12400.0000     0.0003     0.9411     0.1891     2.2081     1.0535
[1] 12500.0000     0.0078     0.9481     0.2474     2.1051     1.1908
[1] 12600.0000     0.8978     0.9564     0.1436     2.0447     1.1675
[1] 12700.0000     0.0000     0.9614     0.1282     2.1932     0.8958
[1] 12800.0000     0.0007     0.9029     0.1317     2.1302     1.1814
[1] 12900.0000     0.0083     0.9378     0.1625     2.0290     1.1252
[1] 13000.0000     0.1508     0.9313     0.1397     2.1462     1.1678
[1] 13100.0000     0.0105     0.9667     0.0706     2.1841     1.1263
[1] 13200.0000     0.0024     0.9589     0.1994     1.9838     1.1555
[1] 13300.0000     0.2168     0.9911     0.3206     2.1981     1.1585
[1] 13400.0000     0.4140     0.9485     0.1370     2.0139     1.0271
[1] 13500.0000     0.0033     0.9671     0.2479     2.1118     0.9422
[1] 13600.0000     0.0001     0.9811     0.1594     2.0695     1.0983
[1] 13700.0000     0.0000     0.9708     0.2242     2.0207     1.1901
[1] 13800.0000     0.0084     0.9502     0.0719     2.1899     1.0488
[1] 13900.0000     0.0001     0.9916     0.2062     2.1025     1.1838
[1] 14000.0000     0.0106     0.8993     0.2015     2.0884     1.1992
[1] 14100.0000     0.0321     0.9803     0.1372     2.0854     1.0983
[1] 14200.0000     1.0000     0.9100     0.1650     2.1764     1.1948
[1] 14300.0000     0.0742     0.9874     0.1143     2.1678     0.9095
[1] 14400.0000     1.0000     0.8984     0.3007     2.1751     1.1866
[1] 14500.0000     0.2296     0.9496     0.1825     2.1273     1.1844
[1] 14600.0000     0.0000     0.9258     0.1013     2.0402     1.1428
[1] 14700.0000     0.0159     0.9359     0.1616     2.0660     1.1879
[1] 14800.0000     0.0009     0.9461     0.2061     2.0381     1.1950
[1] 14900.0000     1.0000     0.9485     0.2501     2.1485     1.1960
[1] 15000.0000     0.0000     0.9853     0.1686     2.0956     1.1126
[1] 15100.0000     0.0000     0.9983     0.2570     2.0308     1.1605
[1] 15200.0000     0.0691     0.9934     0.2076     2.0993     1.0834
[1] 15300.0000     0.0358     0.9803     0.2079     2.0599     1.0391
[1] 15400.0000     0.3681     0.9940     0.1404     2.1139     1.1917
[1] 15500.0000     0.0980     0.9013     0.2534     2.1313     1.0728
[1] 15600.0000     0.2148     0.9579     0.1319     2.0631     1.1521
[1] 15700.0000     0.0081     0.9332     0.1757     2.1505     1.1784
[1] 15800.0000     0.3624     0.9774     0.2153     2.0200     1.1822
[1] 15900.0000     0.0000     0.9524     0.1471     2.2227     1.0855
[1] 16000.0000     1.0000     0.9761     0.2530     2.2749     1.0600
[1] 16100.0000     0.0112     0.9170     0.1750     2.1036     1.0219
[1] 16200.0000     0.0081     0.9395     0.2048     2.1685     1.1789
[1] 16300.0000     0.1061     0.9793     0.0530     2.0156     1.1641
[1] 16400.0000     0.1683     0.9797     0.2109     2.0962     1.0271
[1] 16500.0000     0.5485     0.9894     0.2885     2.2114     0.9222
[1] 16600.0000     0.8912     0.9300     0.1112     1.9848     1.1365
[1] 16700.0000     1.0000     0.9070     0.1527     2.1619     1.1930
[1] 16800.0000     0.0407     0.9378     0.2056     2.0853     1.0931
[1] 16900.0000     0.6497     0.9847     0.1261     2.0689     1.0676
[1] 17000.0000     0.0018     0.9466     0.0930     2.0627     1.1944
[1] 17100.0000     0.0001     0.9215     0.2720     2.0779     1.0634
[1] 17200.0000     0.0024     0.9518     0.2426     2.0891     0.9495
[1] 17300.0000     0.0034     0.9415     0.1482     2.0219     1.1930
[1] 17400.0000     1.0000     0.9623     0.0777     2.1026     1.1696
[1] 17500.0000     0.4169     0.9677     0.1036     2.0852     1.1479
[1] 17600.0000     0.1298     0.9860     0.2254     2.1005     1.1792
[1] 17700.0000     0.0003     0.9825     0.0426     2.0616     1.1215
[1] 17800.0000     0.0571     0.9877     0.0368     2.0054     1.0638
[1] 17900.0000     0.1051     0.9912     0.1024     2.1456     1.0408
[1] 18000.0000     0.0190     0.9379     0.1734     2.1150     1.0547
[1] 18100.0000     0.0087     0.9382     0.2027     2.0813     1.0047
[1] 18200.0000     0.0005     0.9180     0.2479     2.0995     0.9221
[1] 18300.0000     0.0289     0.9706     0.1822     2.1969     1.1685
[1] 18400.0000     0.0000     0.9243    -0.0075     2.1597     1.1066
[1] 18500.0000     0.0013     0.9597     0.2015     2.1147     1.1397
[1] 18600.0000     0.0124     0.9571     0.1843     2.1916     1.0820
[1] 18700.0000     0.1364     0.9073     0.1469     2.1188     1.1202
[1] 18800.0000     0.0091     0.9736     0.2121     2.2060     1.1906
[1] 18900.0000     0.0003     0.9702     0.2411     2.1577     1.1854
[1] 19000.0000     0.0074     0.9569     0.1188     2.1560     1.0779
[1] 19100.0000     0.0077     0.9457     0.1935     2.1599     1.0145
[1] 19200.0000     0.0024     0.9220     0.2268     2.0696     1.1567
[1] 19300.0000     0.0532     0.9684     0.1287     2.1645     1.1581
[1] 19400.0000     0.0159     0.9097     0.2788     2.1662     1.0433
[1] 19500.0000     0.0001     0.9633     0.2975     2.1692     1.1823
[1] 19600.0000     1.0000     0.9648     0.1352     2.1839     1.1447
[1] 19700.0000     0.0012     0.9970     0.2036     2.1743     1.0708
[1] 19800.0000     1.0000     0.9324     0.2352     2.2183     1.1958
[1] 1.990e+04 2.090e-02 9.981e-01 1.332e-01 2.170e+00 1.028e+00
[1] 20000.0000     0.0034     0.9132     0.2152     2.1315     1.1473
[1] 20100.0000     0.1131     0.9794     0.1789     2.0510     1.1721
[1] 20200.0000     1.0000     0.9840     0.1069     2.0786     1.1380
[1] 20300.0000     1.0000     0.9019     0.0360     2.0549     1.0263
[1] 20400.0000     0.0128     0.9596     0.1146     2.1252     1.0259
[1] 20500.0000     0.0011     0.9905     0.1584     2.1606     1.0353
[1] 20600.0000     0.1705     0.9981     0.1675     2.1748     1.1462
[1] 20700.0000     0.0032     0.9923     0.2042     2.1019     1.0695
[1] 20800.0000     1.0000     0.9981     0.1386     2.1371     1.0246
[1] 20900.0000     1.0000     0.9455     0.1335     2.1754     1.1141
[1] 21000.0000     0.2451     0.8708     0.2822     2.1023     1.1617
[1] 21100.0000     0.0005     0.9432     0.0722     2.0245     1.1917
[1] 21200.0000     0.0116     0.9861     0.2290     2.1627     1.1830
[1] 21300.0000     0.0222     0.8692     0.0931     2.1116     1.1915
[1] 21400.0000     0.0001     0.9065     0.1596     2.1291     1.1616
[1] 21500.0000     0.0021     0.9091     0.2622     2.1768     1.1988
[1] 21600.0000     0.6053     0.9526     0.1519     2.0971     1.0075
[1] 21700.0000     0.7667     0.9973     0.3323     2.1197     0.9605
[1] 21800.0000     0.2372     0.9794     0.1762     1.9854     1.1483
[1] 21900.0000     0.0083     0.9832     0.2349     2.0785     1.1273
[1] 22000.0000     0.0830     0.9312     0.1446     2.1116     1.0052
[1] 22100.0000     0.0076     0.9862     0.1982     2.0991     0.9706
[1] 22200.0000     0.0007     0.8918     0.1693     2.0524     1.1042
[1] 22300.0000     0.0326     0.9726     0.1393     2.1801     0.8521
[1] 22400.0000     0.4411     0.9556     0.1391     2.1124     1.0506
[1] 22500.0000     0.0003     0.9576     0.3159     2.1144     1.1602
[1] 22600.0000     0.1144     0.9490     0.1966     2.2185     1.0906
[1] 22700.0000     0.0062     0.9920     0.1814     2.0594     1.1651
[1] 22800.0000     0.0774     0.8972     0.1384     2.0703     1.0231
[1] 22900.0000     0.7324     0.9936     0.3092     2.0333     1.1658
[1] 23000.0000     0.0103     0.9856     0.1638     2.1158     1.1917
[1] 23100.0000     0.0018     0.9662     0.1962     2.1893     1.1055
[1] 23200.0000     0.0005     0.9586     0.2241     2.1948     1.0581
[1] 23300.0000     0.0044     0.9904     0.1898     2.1645     1.1810
