[1] "El numero de nodos X particion es: 10"
[1] "Model = M2 / Data = sim_data/datasetSVIExponential25.Rdata"
[1] 100.0000   0.4294   0.9429   0.1230   1.8768   1.1970
[1] 200.0000   0.0007   0.9645   0.3403   1.6570   1.1745
[1] 300.0000   0.3309   0.8776   0.1075   1.9737   1.0665
[1] 400.0000   0.0091   0.9217  -0.4685   2.4465   0.9692
[1] 500.0000   0.0000   0.8350   0.5921   1.4055   0.9084
[1] 600.0000   1.0000   0.9748  -0.1188   2.0209   1.0386
[1] 700.0000   0.0031   0.8999   0.1534   1.8703   1.0702
[1] 800.0000   0.0000   0.9999   0.1119   1.8734   1.0968
[1] 900.0000   0.0000   0.9578  -0.3695   2.2485   0.9628
[1] 1000.0000    0.0000    0.8209   -0.4441    2.4272    0.9374
[1] 1100.0000    0.0000    0.8924    0.4697    1.5006    0.9545
[1] 1200.0000    0.3609    0.8603   -0.0968    2.1683    0.9164
[1] 1300.0000    0.6463    0.8617   -0.3302    2.2454    1.0550
[1] 1400.0000    0.0000    0.9303   -0.7977    2.6956    1.1894
[1] 1500.0000    0.0000    0.9512    0.2320    1.8469    1.1522
[1] 1600.0000    0.0000    0.9998   -0.4905    2.5368    1.1214
[1] 1700.0000    0.0000    0.9419   -0.5123    2.5654    1.0966
[1] 1800.0000    0.0000    0.9376   -0.1808    2.1886    0.8302
[1] 1900.0000    0.0000    0.9875   -0.0471    2.0880    0.8532
[1] 2000.0000    0.0000    0.9400    0.0563    1.9715    1.1109
[1] 2100.0000    0.0000    0.9372    0.1722    1.7820    0.8634
[1] 2200.0000    0.0000    0.8668    0.3371    1.6961    1.0989
[1] 2300.0000    0.0002    0.9906    0.0178    1.8908    0.8768
[1] 2400.0000    0.0000    0.9355   -0.0264    2.0542    1.1578
[1] 2500.0000    0.1327    0.9668    0.1260    1.8304    0.8029
[1] 2600.0000    0.0000    0.8617   -0.5550    2.5068    0.8044
[1] 2700.0000    0.0000    0.9734   -0.3429    2.3664    0.9822
[1] 2800.0000    0.1541    0.8906   -0.0203    1.8961    0.8787
[1] 2900.0000    0.0182    0.9982   -0.4186    2.4106    0.9626
[1] 3000.0000    0.0000    0.8318   -0.2559    2.2397    1.1464
[1] 3100.0000    0.0000    0.9411   -0.0683    2.0157    0.9915
[1] 3200.0000    0.0000    0.9190    0.0933    1.8951    0.9575
[1] 3300.0000    0.0000    0.9797   -0.0372    1.8455    1.0744
[1] 3400.0000    0.4077    0.8983    0.5628    1.4474    1.1525
[1] 3500.0000    0.0000    0.9256    0.0268    1.8960    1.1684
[1] 3600.0000    0.0000    0.9027   -0.1538    2.1793    1.1569
[1] 3700.0000    1.0000    0.9624    0.5012    1.5261    0.8094
[1] 3800.0000    0.0000    0.9791    0.4758    1.4919    1.0179
[1] 3900.0000    0.0000    0.9030   -0.4817    2.4732    0.9530
[1] 4000.0000    0.4496    0.9388   -0.0569    1.8973    0.8131
[1] 4100.0000    0.0000    0.8388   -0.4499    2.4587    0.8864
[1] 4200.0000    0.0000    0.9756   -0.9643    2.9022    0.9752
[1] 4300.0000    0.1970    0.8028   -0.1357    2.1541    0.9927
[1] 4400.0000    0.0000    0.9459    0.1437    1.8465    1.1887
[1] 4500.0000    1.0000    0.8410    0.1390    1.8207    1.1520
[1] 4600.0000    0.0000    0.9525    0.1287    1.9451    1.1110
[1] 4700.0000    0.0000    0.9516   -0.4459    2.3619    1.1937
[1] 4800.0000    0.0000    0.8616   -0.3132    2.3006    0.9384
[1] 4900.0000    0.0000    0.9924   -0.2734    2.2911    1.1836
[1] 5000.0000    1.0000    0.9273   -0.3109    2.3502    1.0348
[1] 5100.0000    0.0000    0.9679   -0.2112    2.2433    1.1951
[1] 5200.0000    0.0000    0.8051    0.3067    1.7036    0.8965
[1] 5300.0000    0.0000    0.8821   -0.3036    2.2125    1.0013
[1] 5400.0000    0.0000    0.9713   -0.2126    2.0631    1.1011
[1] 5500.0000    0.0000    0.8506    0.4325    1.5574    1.1979
[1] 5600.0000    0.0000    0.9328   -0.0880    2.0197    1.1365
[1] 5700.0000    0.0000    0.9545   -0.2519    2.2063    0.8805
[1] 5800.0000    0.0000    0.8612   -0.1163    2.1190    1.0327
[1] 5900.0000    0.0000    0.8278    0.2835    1.7061    1.0767
[1] 6000.0000    0.0000    0.8887    0.2349    1.7270    0.8335
[1] 6100.0000    0.0000    0.9100    0.0079    1.8956    1.1509
[1] 6200.0000    0.0000    0.9400    0.4083    1.4984    0.8404
[1] 6300.0000    0.0000    0.9569   -0.2016    2.1864    0.8080
[1] 6400.0000    0.0000    0.9885    0.1139    1.9689    0.8165
[1] 6500.0000    0.0745    0.9084   -0.3314    2.3363    1.0918
[1] 6600.0000    0.0000    0.8710    0.3802    1.5830    0.9001
[1] 6700.0000    0.0000    0.8204    0.0764    1.8861    0.9264
[1] 6800.0000    0.3474    0.8794   -0.0336    2.0222    0.9381
[1] 6900.0000    0.0000    0.9267    0.0284    2.0193    1.0380
[1] 7000.0000    0.0000    0.8521    0.2036    1.7883    1.0680
[1] 7100.0000    0.0000    0.9857   -0.0979    2.0848    1.0571
[1] 7200.0000    0.0000    0.8247   -0.1620    2.2329    0.8913
[1] 7300.0000    0.0000    0.9946    0.3826    1.6149    1.1299
[1] 7400.0000    0.0000    0.8045   -0.0833    2.0555    0.8734
[1] 7500.0000    0.0000    0.9989   -0.5534    2.3899    1.1081
[1] 7600.0000    0.0000    0.9493   -0.5730    2.5007    0.9281
[1] 7700.0000    0.0000    0.8348   -0.7646    2.7173    1.0869
[1] 7800.0000    0.0372    0.8694   -0.3341    2.4123    1.1175
[1] 7900.0000    0.0000    0.9654   -0.3262    2.3120    1.1831
[1] 8000.0000    0.0000    0.9309   -0.2325    2.1384    1.0835
[1] 8100.0000    0.0000    0.8250   -0.1306    2.0815    1.1136
[1] 8200.0000    0.0000    0.9207   -0.1365    2.2206    1.1282
[1] 8300.0000    0.0000    0.8896   -0.2208    2.2974    1.1748
[1] 8400.0000    0.0000    0.9658   -0.1111    2.0816    0.9286
[1] 8500.0000    0.0000    0.8325    0.2535    1.7310    1.0750
[1] 8600.0000    0.0950    0.9564   -0.2829    2.3079    0.9963
[1] 8700.0000    0.0000    0.8940   -0.0975    2.1321    1.0236
[1] 8800.0000    0.0000    0.9735   -0.2246    2.1826    1.0381
[1] 8900.0000    0.0003    0.8674    0.6086    1.3876    1.0474
[1] 9000.0000    0.0000    0.9268    0.2695    1.8196    0.8237
[1] 9100.0000    0.0000    0.9806    0.0846    1.8026    1.0696
[1] 9200.0000    0.0000    0.8777    0.1913    1.8400    1.1489
[1] 9300.0000    0.0000    0.8689    0.2473    1.7752    0.9976
[1] 9400.0000    0.0000    0.8351    0.6600    1.3090    0.8546
[1] 9500.0000    0.0000    0.8817   -0.3047    2.2827    1.0875
[1] 9600.0000    0.7267    0.9566   -0.0893    1.9535    1.1182
[1] 9700.0000    0.0000    0.9657    0.6476    1.3252    0.9166
[1] 9800.0000    0.0000    0.9462   -0.1222    2.1049    1.1275
[1] 9900.0000    0.0000    0.9876    0.8690    1.1414    0.9739
[1] 10000.0000     1.0000     0.8618    -0.3153     2.3230     0.8032
[1] 10100.0000     0.8784     0.9049    -0.0885     2.1526     1.0751
[1] 10200.0000     1.0000     0.9808    -0.1284     2.1107     0.8342
[1] 10300.0000     0.4769     0.9290     0.0898     1.9583     0.8292
[1] 10400.0000     0.0000     0.9434     0.3006     1.6423     1.1753
[1] 10500.0000     0.2182     0.8159     0.3721     1.4850     1.1284
[1] 10600.0000     0.0000     0.8442     0.0232     1.9613     0.9495
[1] 10700.0000     0.0000     0.8398     0.4982     1.5356     1.0590
[1] 10800.0000     1.0000     0.8056     0.0483     1.9253     0.8503
[1] 10900.0000     0.0000     0.9660     0.3192     1.7022     1.1970
[1] 11000.0000     0.2409     0.8012     0.1888     1.9056     0.9407
[1] 11100.0000     0.0000     0.9587    -0.0990     2.0740     0.9308
[1] 11200.0000     0.1474     0.8258    -0.1008     1.9934     1.0628
[1] 11300.0000     0.0000     0.9481     0.1252     1.7995     1.1448
[1] 11400.0000     0.0002     0.9548     0.2564     1.6562     1.0047
[1] 11500.0000     0.0000     0.8061    -0.0443     2.0421     1.1646
[1] 11600.0000     0.1041     0.9382    -0.1475     2.0161     0.8033
[1] 11700.0000     0.5531     0.8613     0.2746     1.6745     1.0253
[1] 11800.0000     0.0000     0.8027     0.3497     1.5721     0.8530
[1] 11900.0000     0.0000     0.8460    -0.1385     2.1593     0.8150
[1] 12000.0000     0.0000     0.8197    -0.0784     2.0114     0.8759
[1] 12100.0000     0.0007     0.8666    -0.1521     2.0582     0.9630
[1] 12200.0000     0.2489     0.8496     0.6869     1.3687     0.8460
[1] 12300.0000     0.0046     0.8010    -0.0278     2.0218     0.8810
[1] 12400.0000     1.0000     0.8046    -0.1974     2.2324     0.8797
[1] 12500.0000     0.0000     0.9939     0.3340     1.7194     0.9707
[1] 12600.0000     0.0000     0.9125    -0.0679     2.1419     1.1924
[1] 12700.0000     0.0000     0.9614    -0.3015     2.3817     0.8958
[1] 12800.0000     0.0000     0.9108    -0.4529     2.5243     1.0765
[1] 12900.0000     0.8638     0.8565     0.2360     1.6835     0.9935
[1] 13000.0000     0.0000     0.8069     0.2724     1.7194     1.0997
[1] 13100.0000     0.0000     0.9339     0.6835     1.2852     1.1193
[1] 13200.0000     0.0132     0.8843    -0.6141     2.6165     0.9997
[1] 13300.0000     0.0000     0.8427    -0.2713     2.2376     1.0281
[1] 13400.0000     0.0000     0.9676     0.3122     1.6805     1.1418
[1] 13500.0000     0.0000     0.8466    -0.5998     2.5576     0.8143
[1] 13600.0000     0.0000     0.8917     0.4850     1.5704     1.0301
[1] 13700.0000     0.0000     0.8951     0.1233     1.8351     1.0363
[1] 13800.0000     0.0000     0.8787    -0.2872     2.2687     1.0611
[1] 13900.0000     0.0000     0.8495     0.1371     1.8117     1.0802
[1] 14000.0000     0.0000     0.9588     0.1041     1.8882     0.9662
[1] 14100.0000     0.0000     0.9803    -0.0853     2.0605     1.0983
[1] 14200.0000     0.0783     0.8479     1.0441     0.8369     0.8739
[1] 14300.0000     0.0000     0.8548    -0.3260     2.3011     0.8231
[1] 14400.0000     0.2562     0.8623    -0.3118     2.2976     0.8985
[1] 14500.0000     0.5355     0.9833     0.3512     1.6152     1.1771
[1] 14600.0000     0.0000     0.9670     0.1133     1.8370     1.1151
[1] 14700.0000     0.0000     0.8974    -0.2682     2.2291     1.0871
[1] 14800.0000     0.0000     0.9433     0.1724     1.7579     0.9182
[1] 14900.0000     0.0336     0.9582    -0.0648     2.1405     1.0321
[1] 15000.0000     0.0775     0.8279     0.1069     1.9046     1.0826
[1] 15100.0000     0.5522     0.8384    -0.4525     2.4993     0.8510
[1] 15200.0000     0.0000     0.8242     0.4676     1.5945     1.0800
[1] 15300.0000     1.0000     0.8282     0.1205     1.8278     1.1177
[1] 15400.0000     1.0000     0.9829    -0.5072     2.4636     1.0368
[1] 15500.0000     0.0000     0.8167    -0.6552     2.6904     0.8047
[1] 15600.0000     0.0000     0.8520    -0.5574     2.5164     1.1912
[1] 15700.0000     0.0000     0.8475     0.0051     1.9829     0.9690
[1] 15800.0000     0.0719     0.8834    -0.2589     2.2094     0.9061
[1] 15900.0000     0.0000     0.9431    -0.0293     1.9638     0.8611
[1] 16000.0000     1.0000     0.9761    -0.4452     2.4015     1.0600
[1] 16100.0000     0.0000     0.8906     0.3751     1.6011     0.9023
[1] 16200.0000     0.0008     0.9466    -0.2668     2.2036     0.9477
[1] 16300.0000     0.0000     0.9327    -0.3037     2.3504     0.9714
[1] 16400.0000     0.0000     0.8699     0.1159     1.8393     0.9170
[1] 16500.0000     0.2824     0.9894    -0.0200     2.0331     0.9222
[1] 16600.0000     0.0011     0.8294    -0.2473     2.3272     0.8835
[1] 16700.0000     0.0001     0.9635     0.0859     1.8854     0.8336
[1] 16800.0000     0.0000     0.8165    -0.4520     2.5051     1.0376
[1] 16900.0000     0.0000     0.8583    -0.0699     2.0565     0.9158
[1] 17000.0000     0.0000     0.9790    -0.3282     2.2534     0.8822
[1] 17100.0000     0.0001     0.9262     0.6347     1.4234     0.9696
[1] 17200.0000     0.0018     0.9497    -0.1700     2.1155     0.8252
[1] 17300.0000     0.9275     0.8396    -0.2022     2.2598     1.0131
[1] 17400.0000     0.0000     0.8593    -0.2646     2.3058     1.1450
[1] 17500.0000     0.0000     0.8131     0.2408     1.7699     0.9127
[1] 17600.0000     0.0000     0.8280     0.2255     1.7478     1.1486
[1] 17700.0000     0.0000     0.8794     0.1205     1.8668     0.9707
[1] 17800.0000     0.0686     0.9571    -1.1696     3.2240     0.9258
[1] 17900.0000     0.0000     0.9083     0.1974     1.7773     0.9495
[1] 18000.0000     0.3824     0.9109    -0.1021     2.1781     0.8712
[1] 18100.0000     0.0000     0.9461    -0.0567     2.0330     0.9222
[1] 18200.0000     0.1208     0.8582     0.6749     1.2696     0.9652
[1] 18300.0000     0.0000     0.9012    -0.1441     2.1705     1.0710
[1] 18400.0000     0.0000     0.9121     0.1155     1.9027     0.9764
[1] 18500.0000     0.0000     0.8451     0.0437     1.9523     0.9054
[1] 18600.0000     0.0001     0.8121    -0.1112     2.1012     0.9608
[1] 18700.0000     0.0000     0.8080     0.0394     2.0224     0.9308
[1] 18800.0000     0.0000     0.8537     0.0363     1.9405     0.9005
[1] 18900.0000     0.0000     0.9024    -0.4094     2.3258     1.0613
[1] 19000.0000     0.0007     0.8366    -0.0233     2.0336     0.8015
[1] 19100.0000     0.0000     0.8142    -0.3913     2.2599     1.0716
[1] 19200.0000     0.0000     0.8001     0.5270     1.4401     0.9641
[1] 19300.0000     0.0000     0.8411     0.1971     1.7421     0.9272
[1] 19400.0000     0.0000     0.8040    -0.1278     2.1827     1.1551
[1] 19500.0000     0.0000     0.8527     0.0316     1.9433     1.1208
[1] 19600.0000     0.5013     0.9162    -0.2989     2.2078     0.8038
[1] 19700.0000     0.0000     0.8143     0.4174     1.5519     0.8081
[1] 19800.0000     0.0000     0.8193     0.2199     1.8386     0.8589
[1] 19900.0000     0.0000     0.9981    -0.1553     2.2179     1.0280
[1] 20000.0000     0.0000     0.8708    -0.1455     2.1624     1.0213
[1] 20100.0000     0.0000     0.9794     0.4352     1.5720     1.1721
[1] 20200.0000     0.3849     0.8367    -0.5063     2.4546     0.9269
[1] 20300.0000     0.0000     0.8028    -0.1046     2.1149     0.9708
[1] 20400.0000     0.0492     0.9596     0.1204     1.8168     1.0259
[1] 20500.0000     0.0000     0.8964     0.4736     1.5368     1.1285
[1] 20600.0000     0.6729     0.9169     0.0751     1.9778     1.1057
[1] 20700.0000     0.9463     0.8107     0.0573     1.9793     1.0874
[1] 20800.0000     0.0000     0.9606    -0.1386     2.0760     1.0886
[1] 20900.0000     0.0393     0.9109    -0.1655     2.1378     0.9980
[1] 21000.0000     0.0000     0.9912     0.5427     1.4234     1.0875
[1] 21100.0000     0.0000     0.9732    -0.1342     2.0485     0.8253
[1] 21200.0000     1.0000     0.9611     0.2018     1.7495     0.8029
[1] 21300.0000     0.0000     0.8782    -0.5016     2.4766     1.0748
[1] 21400.0000     0.0073     0.9719    -0.4241     2.3545     0.9071
[1] 21500.0000     0.0000     0.9375    -0.2581     2.1847     1.0777
[1] 21600.0000     0.0074     0.9806    -0.1377     2.1469     0.9443
[1] 21700.0000     0.0000     0.8449    -0.1139     2.0653     0.9351
[1] 21800.0000     0.0163     0.8660    -0.1964     2.1954     1.1387
[1] 21900.0000     0.0000     0.8416    -0.0364     2.0290     1.1370
[1] 22000.0000     0.0000     0.8850     0.0471     1.8853     0.9555
[1] 22100.0000     0.0000     0.9357    -0.2697     2.2260     1.0831
[1] 22200.0000     0.0000     0.9349     0.1100     1.8862     0.9881
[1] 22300.0000     0.2067     0.9726     0.2000     1.9038     0.8521
[1] 22400.0000     0.0001     0.8145    -0.3936     2.3394     0.8604
[1] 22500.0000     0.2769     0.8623     0.2137     1.8298     0.8008
[1] 22600.0000     0.0000     0.8858     0.3942     1.5974     0.9064
[1] 22700.0000     0.0000     0.8271    -0.1416     2.0888     1.1968
[1] 22800.0000     0.0015     0.9630    -0.0884     2.0541     0.9437
[1] 22900.0000     0.0000     0.9287    -0.0014     1.9096     0.9003
[1] 23000.0000     0.0000     0.9652    -0.1321     2.1185     1.0264
[1] 23100.0000     0.0000     0.9231     0.0117     1.9104     0.8179
[1] 23200.0000     0.0010     0.9741    -0.3494     2.2616     1.1699
[1] 23300.0000     0.2705     0.8966     0.1903     1.8208     1.0199
[1] 23400.0000     0.0007     0.8223    -0.1735     2.2058     1.0249
[1] 23500.0000     0.0000     0.8934    -0.7964     2.7662     1.1391
[1] 23600.0000     0.0000     0.8360     0.1188     1.8656     0.8406
[1] 23700.0000     0.0000     0.9328    -0.1380     2.1801     1.0180
[1] 23800.0000     0.0000     0.8154     0.1418     1.8221     1.1666
[1] 23900.0000     0.0088     0.8157     0.3704     1.6304     0.8034
[1] 24000.0000     0.0000     0.9801    -0.0102     1.9415     1.1551
[1] 24100.0000     0.0000     0.8747    -0.8959     2.7957     1.0767
[1] 24200.0000     0.0001     0.8562     0.1105     1.8594     0.9310
[1] 24300.0000     0.0000     0.9879    -0.5623     2.5770     1.1930
[1] 24400.0000     0.5733     0.9947     0.4221     1.5989     0.9697
[1] 24500.0000     0.0000     0.9407     0.5239     1.4093     1.0416
[1] 24600.0000     0.0000     0.9062    -0.3218     2.2028     0.8877
[1] 24700.0000     0.0520     0.9574    -0.2775     2.2629     1.0919
[1] 24800.0000     0.5083     0.8109    -0.0369     1.9710     1.1899
[1] 24900.0000     0.1109     0.9495    -0.0043     2.0231     0.8626
[1] 25000.0000     0.0566     0.8801     0.2299     1.6276     0.8235
[1] 25100.0000     0.0169     0.9102     0.6577     1.3657     0.9221
[1] 25200.0000     0.0000     0.9920    -0.2403     2.2768     0.8420
[1] 25300.0000     1.0000     0.8151     0.1746     1.7995     1.0748
[1] 25400.0000     1.0000     0.8988    -0.1865     2.1855     1.0888
[1] 25500.0000     0.0000     0.8303    -0.0546     2.0634     1.1248
[1] 25600.0000     0.0000     0.8978     0.1804     1.8305     1.1142
[1] 25700.0000     0.0000     0.8060     0.4902     1.5155     0.8422
[1] 25800.0000     0.0000     0.8043     0.0889     1.9094     0.8730
[1] 25900.0000     0.7568     0.8632     0.2871     1.7057     1.1254
[1] 26000.0000     1.0000     0.9492     0.1621     1.8458     1.0058
[1] 26100.0000     0.0000     0.9097    -0.2581     2.1969     1.1652
[1] 26200.0000     0.0005     0.9529    -0.0961     2.0430     1.0017
[1] 26300.0000     0.0000     0.9342     0.2689     1.6711     1.1434
[1] 26400.0000     0.0000     0.8767    -0.0958     2.0527     0.8041
[1] 26500.0000     0.1015     0.8136    -0.0285     2.0669     0.8843
[1] 26600.0000     0.0000     0.9293    -0.0745     2.1130     0.8497
[1] 26700.0000     0.3903     0.8892     0.1385     1.9623     0.9428
[1] 26800.0000     0.0000     0.8745    -0.7185     2.8263     0.8287
[1] 26900.0000     0.0000     0.9586    -0.0610     2.1084     1.0279
[1] 27000.0000     0.0000     0.9862    -0.1818     2.2298     0.8958
[1] 27100.0000     0.4119     0.8095    -0.0368     2.0633     1.0497
[1] 27200.0000     0.0033     0.8628     0.1947     1.7945     1.0265
[1] 27300.0000     0.0000     0.9754    -0.0727     2.0962     0.9688
[1] 27400.0000     0.0000     0.9269     0.3125     1.7077     1.0000
[1] 27500.0000     0.0000     0.8463     0.2224     1.7724     0.8762
[1] 27600.0000     0.0000     0.8732     0.3693     1.6424     0.9172
[1] 27700.0000     0.0000     0.8317    -0.1636     2.1315     1.1846
[1] 27800.0000     0.0000     0.8358     0.5415     1.4797     1.1051
[1] 27900.0000     1.0000     0.8904    -0.2184     2.2329     0.9276
[1] 28000.0000     0.0000     0.8025    -0.0493     2.0307     0.9240
[1] 2.810e+04 0.000e+00 9.262e-01 2.579e-01 1.780e+00 1.071e+00
[1] 2.820e+04 1.000e-04 9.693e-01 4.100e-02 1.942e+00 8.876e-01
[1] 28300.0000     0.0000     0.9886    -0.3921     2.3602     1.1843
[1] 28400.0000     0.4570     0.9594    -0.0443     2.1366     0.8105
[1] 28500.0000     0.0000     0.9130     0.3537     1.6037     1.1129
[1] 28600.0000     0.0002     0.9856     0.2596     1.5993     1.1641
[1] 28700.0000     0.0000     0.8546     0.0216     1.9419     0.9787
[1] 2.880e+04 6.000e-04 8.104e-01 1.826e-01 1.799e+00 1.194e+00
[1] 28900.0000     0.0000     0.9040    -0.2144     2.0953     0.8375
[1] 29000.0000     0.0000     0.9277     0.0917     1.8996     1.1735
[1] 29100.0000     0.0000     0.9156    -0.3124     2.3750     0.8172
[1] 29200.0000     0.0961     0.9889     0.1227     1.7890     1.0979
[1] 29300.0000     0.2221     0.9749     0.4973     1.4657     0.9782
[1] 29400.0000     0.0007     0.9394     0.2696     1.7122     1.1754
[1] 29500.0000     0.0000     0.8510    -0.2334     2.2600     0.8942
[1] 29600.0000     0.0008     0.9320    -0.3303     2.2649     1.1204
[1] 29700.0000     0.0002     0.8240     0.3139     1.7388     1.1041
[1] 29800.0000     0.0000     0.8503     0.4082     1.5891     0.9822
[1] 29900.0000     1.0000     0.9798    -0.2173     2.2294     1.0014
[1] 3.000e+04 1.000e-04 8.442e-01 3.470e-01 1.506e+00 8.821e-01
[1] 0.1321547
Time difference of 10.72286 hours
null device 
          1 
