[1] "El numero de nodos X particion es: 10"
[1] "Model = M1 / Data = sim_data/datasetSVCExponential6.Rdata"
[1] 100.0000   0.8246   0.9429   0.0274   1.8480   1.1970
[1] 200.0000   1.0000   0.9804  -0.2037   1.7111   1.0297
[1] 300.0000   0.8249   0.8776  -0.1801   1.7452   1.0665
[1] 400.0000   0.0708   0.9217  -0.2254   1.6189   0.9692
[1] 500.0000   0.2907   0.9813  -0.1588   1.6610   0.8492
[1] 600.0000   0.0000   0.8693  -0.1679   1.5998   1.0610
[1] 700.0000   0.2936   0.8009  -0.2601   1.6201   0.8720
[1] 800.0000   0.9941   0.8954  -0.1295   1.7417   1.1490
[1] 900.0000   0.0472   0.9543  -0.3673   1.6015   0.9829
[1] 1000.0000    0.1730    0.8257   -0.2332    1.6507    0.8662
[1] 1100.0000    0.2392    0.9379   -0.2649    1.6206    1.0062
[1] 1200.0000    0.2629    0.8603   -0.2568    1.7575    0.9164
[1] 1300.0000    1.0000    0.8617   -0.1672    1.7396    1.0550
[1] 1400.0000    0.0000    0.8624   -0.3167    1.5653    0.9686
[1] 1500.0000    0.0000    0.9672   -0.0104    1.8358    1.1986
[1] 1600.0000    0.4628    0.8673   -0.0546    1.8461    0.9237
[1] 1700.0000    0.0000    0.8520   -0.2219    1.6701    1.0478
[1] 1800.0000    0.0000    0.9234   -0.1990    1.7872    1.1307
[1] 1900.0000    0.1873    0.9957   -0.0657    1.8632    1.1822
[1] 2000.0000    0.0440    0.9978   -0.1780    1.6643    1.1535
[1] 2100.0000    1.0000    0.8081   -0.1391    1.8028    0.9300
[1] 2200.0000    0.8470    0.8580   -0.1737    1.6903    1.0161
[1] 2300.0000    0.0451    0.8377   -0.1881    1.7757    0.8487
[1] 2400.0000    0.0221    0.9355   -0.2168    1.5864    1.1578
[1] 2500.0000    0.0661    0.9103   -0.1946    1.7637    0.8545
[1] 2600.0000    0.0331    0.9658   -0.2024    1.7323    1.0023
[1] 2700.0000    0.1584    0.8044   -0.2506    1.6640    1.0835
[1] 2800.0000    0.0177    0.9204   -0.2559    1.6440    1.0405
[1] 2900.0000    0.0000    0.8994   -0.4068    1.4717    1.0050
[1] 3000.0000    0.0037    0.9297   -0.0020    1.9156    1.1984
[1] 3100.0000    0.1193    0.9787   -0.0971    1.7834    0.9283
[1] 3200.0000    0.3306    0.9371   -0.1262    1.7917    1.1278
[1] 3300.0000    0.0000    0.9877   -0.1634    1.7184    0.9428
[1] 3400.0000    0.0004    0.9079   -0.3696    1.4586    0.8348
[1] 3500.0000    0.9154    0.9338   -0.2043    1.7758    0.8830
[1] 3600.0000    0.0119    0.9027   -0.2624    1.6172    1.1569
[1] 3700.0000    0.0001    0.9950   -0.1067    1.7009    1.0085
[1] 3800.0000    0.0000    0.8653   -0.2020    1.6122    0.9884
[1] 3900.0000    0.0060    0.9837   -0.2871    1.6460    1.1370
[1] 4000.0000    0.4360    0.9388   -0.1928    1.5705    0.8131
[1] 4100.0000    0.5738    0.8388    0.0466    1.8685    0.8864
[1] 4200.0000    0.5398    0.9756   -0.2428    1.7190    0.9752
[1] 4300.0000    0.0000    0.9986   -0.1892    1.7629    0.9026
[1] 4400.0000    0.1020    0.9571   -0.0434    1.8266    0.9932
[1] 4500.0000    1.0000    0.8410   -0.1644    1.6778    1.1520
[1] 4600.0000    0.0803    0.8009   -0.2199    1.6494    0.9214
[1] 4700.0000    0.0000    0.9863    0.0391    1.8405    1.1102
[1] 4800.0000    0.0589    0.8985   -0.2278    1.6479    0.9827
[1] 4900.0000    0.7525    0.8201    0.0573    1.9596    1.1747
[1] 5000.0000    1.0000    0.9273   -0.2721    1.5691    1.0348
[1] 5100.0000    0.5957    0.8496   -0.1702    1.7863    0.8317
[1] 5200.0000    0.0014    0.8350   -0.0377    1.9989    1.0935
[1] 5300.0000    1.0000    0.8379   -0.1824    1.6707    1.0434
[1] 5400.0000    0.5127    0.8333   -0.2127    1.6920    0.9811
[1] 5500.0000    0.2504    0.8940   -0.2553    1.6960    1.1671
[1] 5600.0000    0.0185    0.8407   -0.4982    1.4995    1.1085
[1] 5700.0000    0.1452    0.9403   -0.2236    1.6136    0.9236
[1] 5800.0000    0.0536    0.8612   -0.1761    1.8269    1.0327
[1] 5900.0000    0.2051    0.8706   -0.3279    1.5365    1.1672
[1] 6000.0000    0.2852    0.8924   -0.1930    1.6185    1.0716
[1] 6100.0000    0.0531    0.9517    0.0060    1.8644    0.9216
[1] 6200.0000    1.0000    0.8336   -0.4166    1.4427    0.9759
[1] 6300.0000    0.0102    0.8959   -0.3072    1.6959    1.1826
[1] 6400.0000    0.2317    0.9022   -0.1783    1.6004    0.8332
[1] 6500.0000    0.0396    0.8697   -0.2795    1.6517    0.9040
[1] 6600.0000    0.0057    0.8860   -0.3763    1.6060    1.0301
[1] 6700.0000    0.0005    0.9726   -0.3456    1.5525    1.0730
[1] 6800.0000    0.8157    0.9525   -0.2759    1.6555    0.9997
[1] 6900.0000    0.1190    0.8556   -0.2798    1.6289    1.1638
[1] 7000.0000    0.0002    0.8011   -0.2611    1.6432    1.0228
[1] 7100.0000    1.0000    0.8440   -0.1715    1.7391    0.9302
[1] 7200.0000    0.0006    0.9645   -0.1810    1.6739    0.9109
[1] 7300.0000    0.0001    0.8821   -0.1561    1.8191    0.9361
[1] 7400.0000    0.0000    0.8164   -0.3178    1.4902    0.8600
[1] 7500.0000    1.0000    0.8741    0.0240    1.8934    1.0979
[1] 7600.0000    0.2847    0.8898   -0.2234    1.5658    1.1032
[1] 7700.0000    0.0060    0.8552   -0.2685    1.5830    1.0850
[1] 7800.0000    0.0012    0.8139   -0.2187    1.7090    0.8702
[1] 7900.0000    0.3569    0.8037   -0.2712    1.6455    1.1632
[1] 8000.0000    1.0000    0.9186   -0.2909    1.5123    1.0026
[1] 8100.0000    0.8582    0.9280   -0.0911    1.7478    1.0020
[1] 8200.0000    0.0000    0.8098   -0.0688    1.7732    0.9449
[1] 8300.0000    0.0005    0.8896   -0.1116    1.7460    1.1748
[1] 8400.0000    0.7566    0.8563   -0.2349    1.6075    1.0967
[1] 8500.0000    0.0200    0.9939   -0.3035    1.6429    1.0648
[1] 8600.0000    0.2552    0.9835   -0.1763    1.7506    0.9563
[1] 8700.0000    0.2459    0.8293   -0.2970    1.4873    0.8767
[1] 8800.0000    1.0000    0.9324   -0.2725    1.6083    0.8066
[1] 8900.0000    0.4598    0.9431   -0.2754    1.7106    1.1381
[1] 9000.0000    0.1300    0.9025   -0.1681    1.7056    0.9096
[1] 9100.0000    0.4537    0.9156   -0.0911    1.8429    1.0916
[1] 9200.0000    0.0821    0.8777   -0.0731    1.7806    1.1489
[1] 9300.0000    0.0014    0.9856   -0.2883    1.5595    1.1370
[1] 9400.0000    0.4278    0.8458   -0.1827    1.5704    1.0091
[1] 9500.0000    0.0000    0.9329   -0.3136    1.6128    0.8817
[1] 9600.0000    0.8109    0.9566   -0.2842    1.6346    1.1182
[1] 9700.0000    0.2039    0.8614   -0.1643    1.7440    0.9692
[1] 9800.0000    0.2973    0.8196   -0.2488    1.5834    0.9680
[1] 9900.0000    0.0000    0.8466    0.0652    1.8647    0.8248
[1] 10000.0000     0.6886     0.9167    -0.5187     1.4317     1.1877
[1] 10100.0000     1.0000     0.9049    -0.1229     1.7424     1.0751
[1] 10200.0000     0.0031     0.9084    -0.2384     1.5767     0.8386
[1] 10300.0000     0.0056     0.8120    -0.1088     1.6526     0.8804
[1] 10400.0000     0.0045     0.8213    -0.2183     1.6652     1.0055
[1] 10500.0000     0.8769     0.8159    -0.1298     1.6916     1.1284
[1] 10600.0000     0.0047     0.9579    -0.1349     1.8013     1.1829
[1] 10700.0000     0.0000     0.8531    -0.0859     1.8077     0.8181
[1] 10800.0000     0.6308     0.9785    -0.0838     1.8262     1.1554
[1] 10900.0000     0.0000     0.8264    -0.3191     1.7008     1.1140
[1] 11000.0000     0.2567     0.8012    -0.2278     1.7823     0.9407
[1] 11100.0000     0.0001     0.8902     0.1019     2.0393     0.9114
[1] 11200.0000     0.9153     0.9412    -0.2952     1.6606     0.8257
[1] 11300.0000     0.6137     0.9738    -0.3173     1.5110     1.1215
[1] 11400.0000     1.0000     0.9866    -0.2323     1.6418     0.8664
[1] 11500.0000     0.0000     0.9311    -0.2490     1.6883     0.8792
[1] 11600.0000     0.7889     0.9382    -0.4688     1.4512     0.8033
[1] 11700.0000     0.6042     0.9810    -0.3720     1.5919     0.9386
[1] 11800.0000     0.0181     0.8440    -0.2523     1.5537     0.8198
[1] 11900.0000     0.5302     0.8272    -0.1218     1.7290     0.8962
[1] 12000.0000     0.0119     0.8543    -0.3163     1.5826     1.1591
[1] 12100.0000     0.1047     0.9452    -0.0743     1.8208     0.8400
[1] 12200.0000     0.4588     0.8496    -0.2458     1.5543     0.8460
[1] 12300.0000     0.0367     0.8229    -0.0291     1.7831     0.9137
[1] 12400.0000     1.0000     0.8046    -0.3080     1.5937     0.8797
[1] 12500.0000     0.0373     0.9304     0.0771     1.9592     1.0160
[1] 12600.0000     0.1210     0.9564    -0.1281     1.6099     1.1675
[1] 12700.0000     0.0000     0.9486    -0.0366     1.8361     0.8166
[1] 12800.0000     0.0021     0.9108    -0.3472     1.5377     1.0765
[1] 12900.0000     0.0078     0.8554    -0.5049     1.4589     0.9712
[1] 13000.0000     0.0009     0.8069     0.0805     1.8736     1.0997
[1] 13100.0000     0.0101     0.9404    -0.2159     1.6396     0.9822
[1] 13200.0000     0.0004     0.9589    -0.3474     1.4556     1.1555
[1] 13300.0000     1.0000     0.9675    -0.1076     1.8276     1.1190
[1] 13400.0000     0.0000     0.9485    -0.0568     1.6341     1.0271
[1] 13500.0000     0.0000     0.8240    -0.2170     1.7685     1.0099
[1] 13600.0000     0.0072     0.8917    -0.1601     1.5944     1.0301
[1] 13700.0000     1.0000     0.8314    -0.2348     1.6745     0.8589
[1] 13800.0000     0.0000     0.9275    -0.2342     1.6842     1.0955
[1] 13900.0000     0.2244     0.8125    -0.3409     1.5790     1.1546
[1] 14000.0000     0.4528     0.9598    -0.0537     1.7490     0.8043
[1] 14100.0000     0.0003     0.9236    -0.0448     1.8169     0.9106
[1] 14200.0000     0.1574     0.9171    -0.1124     1.7053     0.8964
[1] 14300.0000     0.0138     0.8359    -0.2976     1.6442     1.0907
[1] 14400.0000     1.0000     0.8984    -0.2288     1.6453     1.1866
[1] 14500.0000     0.0015     0.8302    -0.2033     1.7250     1.1813
[1] 14600.0000     0.0000     0.8084    -0.3672     1.6050     0.8928
[1] 14700.0000     1.0000     0.8840    -0.0985     1.7632     1.0394
[1] 14800.0000     0.0000     0.9533    -0.2718     1.5173     0.8106
[1] 14900.0000     0.4746     0.9850    -0.1701     1.7481     1.1438
[1] 15000.0000     0.0000     0.9486    -0.3461     1.5431     0.9418
[1] 15100.0000     0.0381     0.9112    -0.1931     1.7290     1.0503
[1] 15200.0000     1.0000     0.9896    -0.1037     1.7241     1.1186
[1] 15300.0000     0.0509     0.8296    -0.1297     1.8221     1.1944
[1] 15400.0000     0.6827     0.9829    -0.1156     1.8761     1.0368
[1] 15500.0000     0.8610     0.8761    -0.0990     1.6516     0.9901
[1] 15600.0000     0.8140     0.9912    -0.2878     1.6153     1.0551
[1] 15700.0000     0.0000     0.9705     0.0426     1.8681     0.8969
[1] 15800.0000     0.1012     0.9774    -0.3512     1.3873     1.1822
[1] 15900.0000     0.0000     0.9524    -0.2006     1.7518     1.0855
[1] 16000.0000     0.7923     0.9761    -0.2185     1.7393     1.0600
[1] 16100.0000     0.0102     0.8888    -0.0021     1.9617     0.9906
[1] 16200.0000     1.0000     0.8455    -0.2608     1.6329     1.0509
[1] 16300.0000     1.0000     0.9029    -0.0127     1.8038     1.0365
[1] 16400.0000     0.1858     0.8090    -0.1591     1.7105     0.8978
[1] 16500.0000     0.0710     0.9894    -0.1746     1.7343     0.9222
[1] 16600.0000     1.0000     0.9292    -0.3420     1.5724     1.0485
[1] 16700.0000     0.3793     0.9070    -0.2301     1.7528     1.1930
[1] 16800.0000     0.0532     0.8165    -0.4125     1.4722     1.0376
[1] 16900.0000     0.2838     0.8221    -0.1702     1.6638     1.1575
[1] 17000.0000     0.6435     0.8355    -0.0455     1.7976     0.9526
[1] 17100.0000     0.0013     0.9262     0.0323     1.7785     0.9696
[1] 17200.0000     0.2773     0.9497    -0.3048     1.5763     0.8252
[1] 17300.0000     1.0000     0.8396    -0.4283     1.5217     1.0131
[1] 17400.0000     0.9407     0.9623    -0.0726     1.8842     1.1696
[1] 17500.0000     1.0000     0.9645    -0.2724     1.5807     0.9956
[1] 17600.0000     0.0417     0.9193    -0.1774     1.6426     0.8193
[1] 17700.0000     0.0334     0.9011    -0.2868     1.5883     0.9699
[1] 17800.0000     1.0000     0.9968    -0.2360     1.6514     0.8268
[1] 17900.0000     0.3830     0.9881    -0.3417     1.6623     1.1028
[1] 18000.0000     0.8540     0.9109    -0.0926     1.7934     0.8712
[1] 18100.0000     0.0264     0.9137    -0.0766     1.8308     0.9014
[1] 18200.0000     1.0000     0.8073     0.0024     1.8756     0.9256
[1] 18300.0000     0.0242     0.9706    -0.2190     1.6815     1.1685
[1] 18400.0000     0.0005     0.9243    -0.5002     1.5112     1.1066
[1] 18500.0000     0.0172     0.8611    -0.3461     1.6322     0.9812
[1] 18600.0000     0.0299     0.8932    -0.1361     1.8053     0.8460
[1] 18700.0000     0.0978     0.8557    -0.1580     1.7338     0.9105
[1] 18800.0000     0.0085     0.9415    -0.1482     1.8245     0.8205
[1] 18900.0000     0.0001     0.8387    -0.3138     1.6037     0.8037
[1] 19000.0000     1.0000     0.8087     0.0077     1.9241     1.1060
[1] 19100.0000     0.0347     0.8142    -0.2099     1.6757     1.0716
[1] 19200.0000     1.0000     0.8319    -0.1724     1.6296     1.0132
[1] 19300.0000     0.0746     0.8940    -0.1170     1.7779     1.1248
[1] 19400.0000     0.2370     0.8040    -0.1972     1.6298     1.1551
[1] 19500.0000     0.0002     0.8243     0.0550     1.8617     0.8751
[1] 19600.0000     0.1130     0.9711    -0.1641     1.7771     1.0171
[1] 19700.0000     0.0371     0.8143    -0.1397     1.7330     0.8081
[1] 19800.0000     0.7505     0.9324     0.0550     1.9029     1.1958
[1] 19900.0000     0.3219     0.9981     0.1256     2.0739     1.0280
[1] 20000.0000     0.0095     0.9729    -0.2945     1.5759     0.8904
[1] 20100.0000     0.0000     0.8622    -0.0844     1.7897     0.8640
[1] 20200.0000     1.0000     0.9840    -0.1999     1.7255     1.1380
[1] 20300.0000     0.0480     0.9350    -0.4366     1.4723     0.8887
[1] 20400.0000     1.0000     0.8446    -0.1569     1.6966     1.0333
[1] 20500.0000     0.0017     0.8964    -0.2306     1.7179     1.1285
[1] 20600.0000     0.2346     0.8909    -0.2011     1.7040     1.1489
[1] 20700.0000     0.7330     0.8107    -0.0118     1.8141     1.0874
[1] 20800.0000     1.0000     0.9981    -0.0579     1.8972     1.0246
[1] 20900.0000     0.0000     0.8285    -0.2143     1.6778     0.8493
[1] 21000.0000     0.1308     0.8695    -0.1934     1.6516     0.9727
[1] 21100.0000     0.0806     0.9291    -0.2116     1.6620     1.1428
[1] 21200.0000     0.4926     0.8263    -0.1616     1.7043     1.1324
[1] 21300.0000     0.0003     0.8214    -0.0645     1.6966     1.0391
[1] 21400.0000     1.0000     0.8276    -0.0793     1.8008     0.8233
[1] 21500.0000     0.0118     0.8906    -0.0962     1.8205     0.8206
[1] 21600.0000     1.0000     0.9634    -0.2482     1.6966     0.9473
[1] 21700.0000     0.4140     0.9973    -0.3792     1.5636     0.9605
[1] 21800.0000     0.6186     0.8380    -0.0068     1.9197     1.0649
[1] 21900.0000     0.3381     0.9598    -0.0809     1.8583     0.8497
[1] 22000.0000     0.1735     0.8850    -0.1295     1.6963     0.9555
[1] 22100.0000     0.3252     0.8953    -0.1099     1.7492     0.9321
[1] 22200.0000     0.3999     0.8579    -0.3832     1.5656     0.8534
[1] 22300.0000     0.0329     0.9726    -0.4717     1.6024     0.8521
[1] 22400.0000     1.0000     0.9971    -0.1318     1.7730     0.9354
[1] 22500.0000     0.0001     0.8239    -0.2567     1.6544     1.1368
[1] 22600.0000     0.0003     0.8006    -0.1651     1.7443     0.8902
[1] 22700.0000     0.0000     0.8271    -0.3917     1.5247     1.1968
[1] 22800.0000     0.0624     0.8972    -0.2220     1.5222     1.0231
[1] 22900.0000     0.1083     0.8804    -0.2573     1.6775     0.9211
[1] 23000.0000     0.0005     0.8188    -0.0991     1.7825     1.0070
[1] 23100.0000     0.2543     0.8119    -0.0233     1.7758     1.0551
[1] 23200.0000     0.1131     0.9832    -0.1144     1.7818     0.9881
[1] 23300.0000     0.0004     0.9905    -0.1161     1.8170     1.1869
[1] 23400.0000     0.2347     0.8888    -0.0773     1.6736     1.0444
[1] 23500.0000     1.0000     0.9916    -0.0664     1.7897     1.1297
[1] 23600.0000     0.0164     0.9324    -0.2839     1.6506     0.8634
[1] 23700.0000     0.2122     0.8580    -0.2854     1.5741     0.8494
[1] 23800.0000     1.0000     0.9299    -0.2188     1.5658     1.0580
[1] 23900.0000     0.7736     0.8722    -0.1213     1.7416     0.8735
[1] 24000.0000     0.4533     0.9322    -0.1758     1.6548     0.9399
[1] 24100.0000     1.0000     0.9214    -0.2180     1.7425     0.8541
[1] 24200.0000     0.0904     0.8467    -0.2541     1.7016     0.8230
[1] 24300.0000     0.3410     0.9762    -0.2399     1.6370     1.0932
[1] 24400.0000     1.0000     0.9947    -0.1564     1.6829     0.9697
[1] 24500.0000     0.0061     0.9852    -0.0568     1.8219     1.0548
[1] 24600.0000     0.0002     0.8781    -0.1708     1.7133     0.8812
[1] 24700.0000     0.6647     0.9195    -0.3637     1.4723     0.8781
[1] 24800.0000     0.0003     0.8460    -0.1886     1.7094     0.9489
[1] 24900.0000     0.8635     0.8569    -0.1708     1.7721     1.1414
[1] 25000.0000     1.0000     0.8801    -0.0216     1.8606     0.8235
[1] 25100.0000     0.3170     0.8622    -0.1346     1.7442     0.8281
[1] 25200.0000     0.1518     0.9240    -0.1406     1.7824     1.1619
[1] 25300.0000     0.0004     0.9779    -0.2701     1.6721     0.8977
[1] 25400.0000     0.1935     0.9621    -0.4021     1.5275     0.9516
[1] 25500.0000     0.4272     0.8303    -0.3109     1.5678     1.1248
[1] 25600.0000     0.0338     0.9926     0.0319     1.8665     0.9855
[1] 25700.0000     0.2232     0.8976    -0.3956     1.5341     0.9408
[1] 25800.0000     0.0034     0.9689    -0.2570     1.7209     1.1962
[1] 25900.0000     0.0023     0.8683    -0.0957     1.7374     0.8098
[1] 26000.0000     1.0000     0.9492    -0.2738     1.5750     1.0058
[1] 26100.0000     0.2677     0.8951    -0.3159     1.6225     0.8249
[1] 26200.0000     0.4921     0.8601    -0.2865     1.6806     0.9041
[1] 26300.0000     0.9385     0.8623    -0.3297     1.6277     1.0835
[1] 26400.0000     0.0506     0.8855     0.0849     1.8487     1.0131
[1] 26500.0000     0.0236     0.8034    -0.4516     1.4331     1.1338
[1] 26600.0000     0.9366     0.8531    -0.3473     1.4471     1.1347
[1] 26700.0000     0.1817     0.8892    -0.1953     1.8056     0.9428
[1] 26800.0000     1.0000     0.9542    -0.2531     1.5765     1.1594
[1] 26900.0000     0.0016     0.8396    -0.0968     1.8316     0.9391
[1] 27000.0000     1.0000     0.8977    -0.1488     1.7662     0.8661
[1] 27100.0000     0.0016     0.8095    -0.2469     1.6021     1.0497
[1] 27200.0000     0.0275     0.8304    -0.1259     1.8077     0.8580
[1] 27300.0000     0.0019     0.9608    -0.2210     1.6323     0.8492
[1] 27400.0000     0.2399     0.8806    -0.3334     1.4914     1.0468
[1] 27500.0000     1.0000     0.8366    -0.1507     1.7190     1.0805
[1] 27600.0000     0.0005     0.8069    -0.0212     1.8247     0.9996
[1] 27700.0000     0.0146     0.8620     0.0803     2.0500     1.0941
[1] 27800.0000     0.0000     0.8358    -0.1007     1.8041     1.1051
[1] 27900.0000     0.6143     0.8774    -0.1308     1.7366     1.0564
[1] 28000.0000     0.0002     0.9003    -0.3221     1.5929     0.9918
[1] 28100.0000     0.0000     0.9262    -0.1639     1.6988     1.0710
[1] 28200.0000     0.6030     0.9920    -0.1060     1.7842     1.1206
[1] 28300.0000     0.0183     0.9962    -0.2062     1.6453     1.1131
[1] 28400.0000     1.0000     0.9594    -0.2111     1.6624     0.8105
[1] 28500.0000     1.0000     0.8206    -0.1994     1.7283     1.0447
[1] 28600.0000     0.0115     0.9775    -0.2313     1.6282     0.9079
[1] 28700.0000     0.1480     0.8497    -0.2505     1.6001     1.1155
[1] 28800.0000     1.0000     0.9743    -0.0996     1.8367     0.8723
[1] 28900.0000     1.0000     0.9689    -0.2855     1.6285     1.0738
[1] 29000.0000     0.1453     0.9401    -0.2282     1.6307     1.1755
[1] 29100.0000     0.0956     0.9836    -0.0265     1.8157     1.0211
[1] 29200.0000     0.0017     0.9889    -0.3938     1.5570     1.0979
[1] 29300.0000     0.2062     0.9373    -0.3017     1.4971     0.8252
[1] 29400.0000     0.0523     0.9512    -0.0693     1.7635     1.1262
[1] 29500.0000     0.0000     0.9711    -0.2494     1.6931     0.9025
[1] 29600.0000     0.0814     0.8135    -0.1155     1.7423     0.8030
[1] 29700.0000     0.0076     0.9571    -0.3140     1.5128     0.9736
[1] 29800.0000     1.0000     0.8701    -0.2720     1.7126     0.8024
[1] 29900.0000     1.0000     0.9798    -0.1815     1.7627     1.0014
[1] 30000.0000     0.3714     0.8307    -0.3379     1.5810     1.0904
[1] 0.3531859
Time difference of 3.794892 hours
null device 
          1 
