[1] "El numero de nodos X particion es: 10"
[1] "Model = M1 / Data = sim_data/datasetSVIExponential24.Rdata"
[1] 100.0000   0.2772   0.9429   0.0677   1.7784   1.1970
[1] 200.0000   0.3607   0.9592  -0.1117   1.9985   1.1736
[1] 300.0000   1.0000   0.8776  -0.1517   2.0191   1.0665
[1] 400.0000   0.0877   0.9217  -0.1640   2.0508   0.9692
[1] 500.0000   0.0001   0.8380   0.0378   1.8689   0.8203
[1] 600.0000   1.0000   0.9748  -0.1664   1.9912   1.0386
[1] 700.0000   0.1635   0.8009  -0.0196   1.9068   0.8720
[1] 800.0000   0.0011   0.9381  -0.2476   2.1237   1.1219
[1] 900.0000   0.7503   0.9357  -0.2136   2.2200   1.0743
[1] 1000.0000    0.0000    0.8209   -0.2706    2.1746    0.9374
[1] 1100.0000    0.0000    0.9319    0.6780    1.2098    0.8930
[1] 1200.0000    1.0000    0.8603    0.2492    1.6696    0.9164
[1] 1300.0000    1.0000    0.8617   -0.5030    2.3509    1.0550
[1] 1400.0000    0.0000    0.9303   -0.5927    2.3851    1.1894
[1] 1500.0000    0.0001    0.9584    0.4134    1.4880    1.0940
[1] 1600.0000    0.0000    0.8718   -0.7805    2.6170    1.0625
[1] 1700.0000    0.0000    0.8745   -0.2440    2.1618    0.9148
[1] 1800.0000    0.0000    0.9376   -0.3442    2.2645    0.8302
[1] 1900.0000    0.0000    0.9875   -0.2264    2.0712    0.8532
[1] 2000.0000    0.0002    0.9400   -0.3022    2.1721    1.1109
[1] 2100.0000    0.0000    0.9372    0.1524    1.6594    0.8634
[1] 2200.0000    0.0000    0.8668    0.3379    1.5759    1.0989
[1] 2300.0000    0.0002    0.9906    0.0131    1.7737    0.8768
[1] 2400.0000    0.0000    0.9355   -0.0350    1.9422    1.1578
[1] 2500.0000    0.1183    0.9668    0.1183    1.7162    0.8029
[1] 2600.0000    0.0000    0.9483   -0.3976    2.1676    1.1376
[1] 2700.0000    0.0000    0.8492   -0.2137    2.1102    0.9140
[1] 2800.0000    0.0084    0.9382   -0.0217    1.8364    1.1558
[1] 2900.0000    0.0004    0.9982   -0.4204    2.2222    0.9626
[1] 3000.0000    0.0000    0.8454   -0.2035    2.0735    0.9669
[1] 3100.0000    0.0003    0.8265    0.1479    1.7815    1.1652
[1] 3200.0000    0.0000    0.9190    0.1025    1.7632    0.9575
[1] 3300.0000    0.0000    0.9797   -0.0313    1.7153    1.0744
[1] 3400.0000    0.4106    0.8983    0.4451    1.4752    1.1525
[1] 3500.0000    0.0000    0.9256   -0.1939    1.9889    1.1684
[1] 3600.0000    0.0000    0.9027    0.0185    1.8501    1.1569
[1] 3700.0000    0.7550    0.9624    0.2826    1.5745    0.8094
[1] 3800.0000    0.0000    0.8653   -0.1106    1.8783    0.9884
[1] 3900.0000    0.0000    0.9030   -0.4542    2.3536    0.9530
[1] 4000.0000    0.5769    0.9388   -0.1528    1.8654    0.8131
[1] 4100.0000    0.0000    0.8388   -0.4793    2.3631    0.8864
[1] 4200.0000    0.0000    0.9756   -0.9815    2.7991    0.9752
[1] 4300.0000    0.1427    0.8028   -0.3116    2.2035    0.9927
[1] 4400.0000    0.0000    0.9459   -0.0289    1.8914    1.1887
[1] 4500.0000    1.0000    0.8410   -0.0317    1.8647    1.1520
[1] 4600.0000    0.0065    0.9525    0.1077    1.7542    1.1110
[1] 4700.0000    0.0000    0.9806   -0.6197    2.4951    1.0866
[1] 4800.0000    0.0000    0.8616   -0.3340    2.1960    0.9384
[1] 4900.0000    0.0000    0.9924   -0.2956    2.1869    1.1836
[1] 5000.0000    0.5649    0.9273   -0.7120    2.6860    1.0348
[1] 5100.0000    0.0000    0.9679   -0.1687    2.0249    1.1951
[1] 5200.0000    0.0000    0.8051    0.2564    1.6179    0.8965
[1] 5300.0000    0.0000    0.8821   -0.3387    2.1171    1.0013
[1] 5400.0000    0.0000    0.9713   -0.2500    1.9707    1.1011
[1] 5500.0000    0.0000    0.8508    0.0933    1.7186    1.0471
[1] 5600.0000    0.0000    0.9328   -0.4014    2.2852    1.1365
[1] 5700.0000    0.0000    0.8882    0.2409    1.5972    1.0651
[1] 5800.0000    0.0000    0.8612   -0.4504    2.3339    1.0327
[1] 5900.0000    0.0000    0.8278    0.3739    1.4853    1.0767
[1] 6000.0000    0.0000    0.8887   -0.0777    1.9060    0.8335
[1] 6100.0000    0.0000    0.9100   -0.1524    1.9271    1.1509
[1] 6200.0000    0.0000    0.9400    0.4364    1.3696    0.8404
[1] 6300.0000    0.0000    0.9569    0.0548    1.8675    0.8080
[1] 6400.0000    0.0000    0.9918   -0.4396    2.3959    1.1860
[1] 6500.0000    0.0663    0.9084   -0.2523    2.1284    1.0918
[1] 6600.0000    0.0000    0.8710    0.3164    1.5093    0.9001
[1] 6700.0000    0.0000    0.8204    0.0239    1.8022    0.9264
[1] 6800.0000    0.2481    0.8794   -0.0187    1.8639    0.9381
[1] 6900.0000    0.0000    0.8556   -0.3666    2.2742    1.1638
[1] 7000.0000    0.0000    0.8841   -0.2515    2.0424    0.9189
[1] 7100.0000    0.0000    0.9857   -0.0253    1.8844    1.0571
[1] 7200.0000    0.0000    0.8247   -0.0487    1.9463    0.8913
[1] 7300.0000    0.0000    0.8356    0.7466    1.1093    1.1395
[1] 7400.0000    0.0000    0.9512   -0.1206    1.9611    0.8676
[1] 7500.0000    0.0001    0.9989   -1.0210    2.7130    1.1081
[1] 7600.0000    0.0000    0.9493   -0.2479    2.1599    0.9281
[1] 7700.0000    0.0001    0.8348   -0.7488    2.5338    1.0869
[1] 7800.0000    0.0048    0.9281   -0.4650    2.3884    0.8883
[1] 7900.0000    0.0000    0.9654   -0.1631    1.9336    1.1831
[1] 8000.0000    0.0000    0.9309   -0.1717    1.9520    1.0835
[1] 8100.0000    0.0000    0.9710   -0.2486    2.0882    1.0872
[1] 8200.0000    0.3020    0.8808   -0.7973    2.5539    1.1030
[1] 8300.0000    0.0000    0.8222   -0.1454    2.0523    0.8438
[1] 8400.0000    0.0000    0.9658   -0.2918    2.1240    0.9286
[1] 8500.0000    0.0000    0.8325    0.0784    1.7698    1.0750
[1] 8600.0000    0.0144    0.9564   -0.7281    2.5945    0.9963
[1] 8700.0000    0.0000    0.8940    0.0980    1.8065    1.0236
[1] 8800.0000    0.0000    0.8601    0.0772    1.7859    0.8170
[1] 8900.0000    0.0001    0.8674    0.5419    1.3467    1.0474
[1] 9000.0000    0.0000    0.8638    0.2717    1.5124    1.1683
[1] 9100.0000    0.0000    0.9806    0.3847    1.4557    1.0696
[1] 9200.0000    0.0000    0.8777    0.1311    1.7709    1.1489
[1] 9300.0000    0.0000    0.8689    0.1883    1.7050    0.9976
[1] 9400.0000    0.0000    0.9163    0.7354    1.1129    0.8003
[1] 9500.0000    0.0000    0.8817    0.0400    1.7652    1.0875
[1] 9600.0000    0.6654    0.9566   -0.2001    1.9311    1.1182
[1] 9700.0000    0.0000    0.9657    0.5532    1.2928    0.9166
[1] 9800.0000    0.0000    0.9462   -0.3362    2.1648    1.1275
[1] 9900.0000    0.0000    0.9876    0.6740    1.1873    0.9739
[1] 10000.0000     1.0000     0.8618    -0.3297     2.2036     0.8032
[1] 10100.0000     0.6922     0.9049    -0.2592     2.2042     1.0751
[1] 10200.0000     0.2727     0.9808    -0.5160     2.2967     0.8342
[1] 10300.0000     0.2910     0.9549     0.4411     1.4602     0.8021
[1] 10400.0000     0.0000     0.9434     0.0824     1.7230     1.1753
[1] 10500.0000     0.0030     0.8159     0.2836     1.3908     1.1284
[1] 10600.0000     0.0000     0.8442    -0.1557     2.0103     0.9495
[1] 10700.0000     0.0000     0.8398     0.3242     1.5819     1.0590
[1] 1.080e+04 1.000e+00 8.056e-01 1.797e-01 1.722e+00 8.503e-01
[1] 10900.0000     0.0000     0.9660     0.4422     1.4657     1.1970
[1] 11000.0000     0.2546     0.8012     0.0086     1.9524     0.9407
[1] 11100.0000     0.0000     0.8902    -0.1229     2.0218     0.9114
[1] 11200.0000     0.2338     0.8258    -0.0079     1.7949     1.0628
[1] 11300.0000     0.0000     0.9481    -0.0760     1.8847     1.1448
[1] 11400.0000     0.0061     0.9548     0.4260     1.4308     1.0047
[1] 11500.0000     0.0000     0.9619    -0.0790     1.9088     0.9110
[1] 11600.0000     0.0026     0.9545    -0.3065     2.1292     0.8083
[1] 11700.0000     0.0932     0.9616    -0.0128     1.8751     1.1733
[1] 11800.0000     0.0000     0.8027     0.3065     1.4705     0.8530
[1] 11900.0000     0.0000     0.8460    -0.3084     2.1998     0.8150
[1] 12000.0000     0.0000     0.8056    -0.0158     1.8811     1.1142
[1] 12100.0000     0.0000     0.8666    -0.8016     2.6564     0.9630
[1] 12200.0000     0.1916     0.9853     0.2135     1.7003     1.1443
[1] 12300.0000     0.0517     0.8010     0.0697     1.8384     0.8810
[1] 12400.0000     0.9539     0.8046    -0.2692     2.1909     0.8797
[1] 12500.0000     0.0000     0.9939    -0.0944     2.0083     0.9707
[1] 12600.0000     0.0000     0.9359    -0.5771     2.4811     1.1279
[1] 12700.0000     0.5468     0.9614     0.0037     1.7394     0.8958
[1] 12800.0000     0.0000     0.9108    -0.1356     2.0878     1.0765
[1] 1.290e+04 3.766e-01 9.204e-01 2.899e-01 1.592e+00 8.219e-01
[1] 13000.0000     0.0000     0.8069     0.0134     1.8316     1.0997
[1] 13100.0000     0.0000     0.9339     0.6009     1.2801     1.1193
[1] 13200.0000     0.0347     0.8843    -0.3888     2.2378     0.9997
[1] 13300.0000     0.0001     0.8590    -0.3596     2.1905     1.0479
[1] 13400.0000     0.0000     0.9676     0.2192     1.6414     1.1418
[1] 13500.0000     0.0000     0.8466    -0.6854     2.5058     0.8143
[1] 13600.0000     0.0000     0.8917    -0.0354     1.9795     1.0301
[1] 13700.0000     0.0000     0.8951    -0.0079     1.8500     1.0363
[1] 13800.0000     0.0000     0.8787    -0.4765     2.3191     1.0611
[1] 13900.0000     0.0037     0.8573     0.1533     1.7463     0.8372
[1] 14000.0000     0.0000     0.9588     0.0874     1.8027     0.9662
[1] 14100.0000     0.0000     0.8844    -0.1634     1.9198     1.1867
[1] 14200.0000     0.0002     0.8479     0.4380     1.3689     0.8739
[1] 14300.0000     0.0000     0.8359    -0.6539     2.4846     1.0907
[1] 14400.0000     0.5296     0.8623    -0.2082     2.0893     0.8985
[1] 14500.0000     1.0000     0.9833     0.0066     1.8950     1.1771
[1] 14600.0000     0.4900     0.8084     0.1160     1.8502     0.8928
[1] 14700.0000     0.0000     0.8974    -0.1235     1.8653     1.0871
[1] 14800.0000     0.0000     0.9473     0.0881     1.7014     0.8982
[1] 14900.0000     0.0572     0.8051    -0.2602     2.1991     1.0614
[1] 15000.0000     0.0293     0.9447     0.0108     1.8465     0.8911
[1] 15100.0000     0.3569     0.8384    -0.3312     2.2499     0.8510
[1] 15200.0000     0.0000     0.8734    -0.1483     2.0461     0.8767
[1] 15300.0000     1.0000     0.8282    -0.0797     1.9208     1.1177
[1] 15400.0000     1.0000     0.9829    -0.4825     2.3292     1.0368
[1] 15500.0000     0.0000     0.9734    -0.5574     2.4378     1.1714
[1] 15600.0000     0.0000     0.8520    -0.5201     2.4135     1.1912
[1] 15700.0000     0.0000     0.8668    -0.1445     2.0921     1.0399
[1] 15800.0000     0.1061     0.9774     0.1713     1.8242     1.1822
[1] 15900.0000     0.0000     0.9431    -0.1492     1.9463     0.8611
[1] 16000.0000     1.0000     0.9761    -0.3401     2.1685     1.0600
[1] 16100.0000     0.0000     0.8906     0.4629     1.3892     0.9023
[1] 16200.0000     0.0001     0.9466    -0.2597     2.0971     0.9477
[1] 16300.0000     0.0000     0.8942    -0.2115     1.9691     0.8538
[1] 16400.0000     0.0000     0.9401    -0.1956     2.0729     0.9237
[1] 16500.0000     0.4682     0.9028     0.1998     1.6864     0.9055
[1] 16600.0000     0.0171     0.8568    -0.4284     2.3186     1.0645
[1] 16700.0000     0.0000     0.9287    -0.0784     1.8906     0.9633
[1] 16800.0000     0.0000     0.8165    -0.0625     1.9681     1.0376
[1] 16900.0000     0.0000     0.9904     0.1233     1.7319     0.9068
[1] 17000.0000     0.0000     0.9790    -0.4938     2.3100     0.8822
[1] 17100.0000     0.0391     0.9305     0.4111     1.4163     0.9283
[1] 17200.0000     0.0212     0.9497    -0.1987     2.0641     0.8252
[1] 17300.0000     1.0000     0.8396    -0.0242     1.9538     1.0131
[1] 17400.0000     0.0000     0.8593    -0.2573     2.1554     1.1450
[1] 17500.0000     0.0000     0.9677    -0.0124     1.8433     1.1479
[1] 17600.0000     0.0000     0.8242     0.3020     1.5047     0.9225
[1] 17700.0000     0.0000     0.8794     0.0077     1.9357     0.9707
[1] 17800.0000     0.0344     0.9571    -0.6042     2.5446     0.9258
[1] 17900.0000     0.0007     0.9083    -0.1033     2.0082     0.9495
[1] 18000.0000     0.5413     0.9109    -0.4297     2.3544     0.8712
[1] 18100.0000     0.0000     0.9461    -0.3346     2.1889     0.9222
[1] 18200.0000     0.0211     0.8728     0.7630     1.0934     0.9452
[1] 18300.0000     0.0000     0.9928     0.1542     1.7540     1.1096
[1] 18400.0000     0.0000     0.9121    -0.1856     2.1210     0.9764
[1] 18500.0000     0.0000     0.8451    -0.3155     2.1692     0.9054
[1] 18600.0000     0.0001     0.8121    -0.0708     1.9370     0.9608
[1] 18700.0000     0.0000     0.8690    -0.1663     1.9390     0.9055
[1] 18800.0000     0.0000     0.8537     0.1159     1.7146     0.9005
[1] 18900.0000     0.0000     0.9918    -0.3160     2.1399     0.9887
[1] 19000.0000     0.0066     0.8366    -0.6227     2.5309     0.8015
[1] 19100.0000     0.0000     0.8142    -0.2441     2.0588     1.0716
[1] 19200.0000     0.0000     0.8001     0.2967     1.5333     0.9641
[1] 19300.0000     0.0000     0.8411     0.1970     1.6303     0.9272
[1] 19400.0000     0.0000     0.8040    -0.1813     2.0843     1.1551
[1] 19500.0000     0.0000     0.9654    -0.1641     2.0302     0.9669
[1] 19600.0000     0.5481     0.9162    -0.4197     2.2244     0.8038
[1] 19700.0000     0.0000     0.8143     0.1998     1.6397     0.8081
[1] 19800.0000     0.0000     0.9408     0.2205     1.6774     0.9927
[1] 19900.0000     0.0000     0.9981    -0.4464     2.3793     1.0280
[1] 20000.0000     0.0000     0.9250    -0.0414     1.9450     0.8216
[1] 20100.0000     0.0000     0.9794     0.1542     1.7362     1.1721
[1] 20200.0000     1.0000     0.9840    -0.1523     1.9845     1.1380
[1] 20300.0000     0.0000     0.8028    -0.0806     1.9714     0.9708
[1] 20400.0000     0.0603     0.9596    -0.1045     1.9277     1.0259
[1] 20500.0000     0.0000     0.8964     0.2470     1.6496     1.1285
[1] 20600.0000     1.0000     0.9169     0.1303     1.7737     1.1057
[1] 20700.0000     0.9311     0.8107    -0.0313     1.9521     1.0874
[1] 20800.0000     0.0000     0.9606    -0.2249     2.0399     1.0886
[1] 20900.0000     1.0000     0.9455    -0.3485     2.1769     1.1141
[1] 21000.0000     0.0000     0.9912     0.3533     1.4716     1.0875
[1] 21100.0000     0.0000     0.9732    -0.5979     2.4764     0.8253
[1] 21200.0000     0.2579     0.9861    -0.1904     2.0524     1.1830
[1] 21300.0000     1.0000     0.9067    -0.1337     2.1217     0.8492
[1] 21400.0000     0.0139     0.9719    -0.4276     2.2470     0.9071
[1] 21500.0000     0.0000     0.9375    -0.6975     2.5029     1.0777
[1] 21600.0000     0.0085     0.8420    -0.2831     2.1671     0.8926
[1] 21700.0000     0.0000     0.8449    -0.4183     2.2637     0.9351
[1] 21800.0000     0.0106     0.8660    -0.1498     2.0332     1.1387
[1] 21900.0000     0.0000     0.8416     0.0080     1.8694     1.1370
[1] 22000.0000     0.0000     0.9116     0.2466     1.7405     1.1988
[1] 22100.0000     0.0000     0.9357    -0.3967     2.2240     1.0831
[1] 22200.0000     0.0000     0.9218    -0.0700     1.9227     0.8208
[1] 22300.0000     1.0000     0.9726     0.2487     1.6588     0.8521
[1] 22400.0000     0.0012     0.8145    -0.3320     2.1892     0.8604
[1] 22500.0000     0.0297     0.9610     0.3135     1.5458     0.9963
[1] 22600.0000     0.0000     0.8858    -0.2592     2.1107     0.9064
[1] 22700.0000     0.0000     0.8271     0.3236     1.5061     1.1968
[1] 22800.0000     0.0954     0.8972     0.0207     1.7168     1.0231
[1] 22900.0000     0.0000     0.9207     0.3101     1.4802     0.8362
[1] 23000.0000     0.0000     0.9652     0.0916     1.7872     1.0264
[1] 23100.0000     0.0000     0.8291    -0.3892     2.3519     0.9730
[1] 23200.0000     0.0024     0.9586    -0.4705     2.2457     1.0581
[1] 23300.0000     1.0000     0.9627    -0.0352     1.8860     0.8504
[1] 23400.0000     0.0003     0.8223    -0.2181     2.1095     1.0249
[1] 23500.0000     0.0000     0.8934    -0.8210     2.6073     1.1391
[1] 23600.0000     0.0000     0.8176    -0.3646     2.1842     0.8266
[1] 23700.0000     0.0000     0.8580     0.1320     1.7435     0.8494
[1] 23800.0000     0.0000     0.9509    -0.2162     2.0272     0.9516
[1] 23900.0000     0.0284     0.9496     0.4664     1.3819     1.1869
[1] 24000.0000     0.0000     0.9801    -0.0090     1.8078     1.1551
[1] 24100.0000     0.0000     0.8747    -0.7935     2.5846     1.0767
[1] 24200.0000     0.0000     0.8562     0.1220     1.6401     0.9310
[1] 24300.0000     0.0000     0.9879    -0.6550     2.5381     1.1930
[1] 24400.0000     0.9093     0.9947     0.2934     1.5807     0.9697
[1] 24500.0000     0.0000     0.9407     0.3956     1.3910     1.0416
[1] 24600.0000     0.0000     0.9062    -0.0294     1.8831     0.8877
[1] 24700.0000     0.0241     0.9574    -0.5732     2.4077     1.0919
[1] 24800.0000     0.6853     0.8109    -0.0996     1.9039     1.1899
[1] 24900.0000     0.0888     0.9495    -0.0670     1.9562     0.8626
[1] 25000.0000     0.4342     0.8801     0.0952     1.6893     0.8235
[1] 25100.0000     1.0000     0.8419     0.1427     1.6439     0.8544
[1] 25200.0000     0.0000     0.9920    -0.3018     2.1758     0.8420
[1] 25300.0000     0.6713     0.8151    -0.2339     2.0607     1.0748
[1] 25400.0000     1.0000     0.8988    -0.3230     2.1786     1.0888
[1] 25500.0000     0.0000     0.8147     0.0421     1.8244     1.1844
[1] 25600.0000     0.0000     0.8978    -0.2485     2.1210     1.1142
[1] 25700.0000     0.0000     0.8060     0.2474     1.6217     0.8422
[1] 25800.0000     0.0000     0.8043    -0.1976     2.0034     0.8730
[1] 25900.0000     1.0000     0.8632    -0.1511     1.9763     1.1254
[1] 26000.0000     0.8262     0.9492    -0.1122     2.0342     1.0058
[1] 26100.0000     0.0000     0.9375    -0.1677     1.9235     0.9726
[1] 26200.0000     0.0003     0.9529    -0.2317     2.0459     1.0017
[1] 26300.0000     0.0000     0.9342    -0.1422     1.9681     1.1434
[1] 26400.0000     0.0000     0.8767     0.1141     1.7197     0.8041
[1] 26500.0000     0.1538     0.8136    -0.0927     1.9946     0.8843
[1] 26600.0000     0.0000     0.9293    -0.1387     2.0407     0.8497
[1] 26700.0000     0.0248     0.9890     0.2938     1.5548     0.9390
[1] 26800.0000     0.0000     0.8745    -0.6286     2.6008     0.8287
[1] 26900.0000     0.0000     0.9586     0.2062     1.7342     1.0279
[1] 27000.0000     0.0000     0.9311    -0.3612     2.2298     1.0381
[1] 27100.0000     0.2876     0.8095    -0.2077     2.1482     1.0497
[1] 27200.0000     0.0006     0.8628     0.0955     1.7373     1.0265
[1] 27300.0000     0.0000     0.9754    -0.2250     2.1063     0.9688
[1] 27400.0000     0.0000     0.9269     0.1300     1.7606     1.0000
[1] 27500.0000     0.0000     0.9661     0.3601     1.5149     1.0391
[1] 27600.0000     0.0000     0.9357     0.1305     1.6993     0.9330
[1] 27700.0000     0.0000     0.8219     0.2235     1.6732     0.8500
[1] 27800.0000     0.0000     0.8358     0.4883     1.4115     1.1051
[1] 27900.0000     0.9117     0.8904     0.2710     1.6002     0.9276
[1] 28000.0000     0.0000     0.8025    -0.0912     1.9419     0.9240
[1] 28100.0000     0.0000     0.9262     0.2172     1.6909     1.0710
[1] 28200.0000     0.0002     0.9693    -0.0006     1.8532     0.8876
[1] 28300.0000     0.0000     0.9886    -0.5306     2.3915     1.1843
[1] 28400.0000     0.6359     0.9594    -0.1383     2.0859     0.8105
[1] 28500.0000     0.0000     0.8824     0.2432     1.5783     0.8003
[1] 28600.0000     0.0005     0.9856     0.1487     1.5737     1.1641
[1] 28700.0000     0.0000     0.8546    -0.3995     2.2825     0.9787
[1] 28800.0000     0.0007     0.8104     0.3469     1.5031     1.1940
[1] 28900.0000     0.0000     0.9040    -0.2255     2.0095     0.8375
[1] 29000.0000     0.0000     0.9692    -0.3906     2.1621     0.9910
[1] 29100.0000     0.0000     0.9836    -0.5385     2.3427     1.0211
[1] 29200.0000     0.0636     0.9367     0.4774     1.3812     1.1465
[1] 29300.0000     0.2611     0.9749     0.5479     1.2874     0.9782
[1] 29400.0000     0.0555     0.9394     0.3499     1.4363     1.1754
[1] 29500.0000     0.0000     0.8510    -0.3290     2.2017     0.8942
[1] 29600.0000     0.0005     0.8035     0.1132     1.7126     1.0772
[1] 2.970e+04 0.000e+00 9.991e-01 7.320e-02 1.755e+00 9.357e-01
[1] 29800.0000     0.0000     0.8503     0.0064     1.8131     0.9822
[1] 29900.0000     1.0000     0.9798    -0.1478     2.0338     1.0014
[1] 30000.0000     0.1360     0.9561     0.4647     1.4409     1.0811
[1] 0.1314347
Time difference of 3.552611 hours
null device 
          1 
