[1] "El numero de nodos X particion es: 10"
[1] "Model = M1 / Data = sim_data/datasetSVIMatern14.Rdata"
[1] 100.0000   1.0000   0.8291   0.0689   1.9302   0.9331
[1] 200.0000   0.0003   0.8487   0.3828   1.5636   0.8384
[1] 300.0000   1.0000   0.8776   0.4633   1.5500   1.0665
[1] 400.0000   0.0000   0.9472  -0.9732   2.9592   1.0679
[1] 500.0000   0.0000   0.8673   0.4229   1.6207   1.1452
[1] 600.0000   0.0158   0.8988  -0.0155   2.0825   1.1191
[1] 700.0000   0.0000   0.8871  -0.0840   2.0355   1.1955
[1] 800.0000   0.0000   0.9999   0.2197   1.7804   1.0968
[1] 900.0000   0.0000   0.9606  -0.1442   2.1088   1.0158
[1] 1000.0000    0.0000    0.8209   -0.2721    2.2205    0.9374
[1] 1100.0000    0.0000    0.8924    0.6932    1.1745    0.9545
[1] 1200.0000    0.0466    0.8544    1.4778    0.5556    0.9984
[1] 1300.0000    0.0000    0.9498   -0.5359    2.4148    1.1653
[1] 1400.0000    0.0000    0.9303   -0.2483    2.0913    1.1894
[1] 1500.0000    0.0000    0.9584    0.5033    1.5151    1.0940
[1] 1600.0000    0.0000    0.8026   -1.0930    3.0344    1.1341
[1] 1700.0000    0.0000    0.8745    0.5949    1.3184    0.9148
[1] 1800.0000    0.0000    0.8314    0.4239    1.5118    0.9945
[1] 1900.0000    0.0000    0.9875   -0.8972    2.9012    0.8532
[1] 2000.0000    0.0000    0.9400   -0.3244    2.3213    1.1109
[1] 2100.0000    0.0000    0.8123   -1.4306    3.3488    1.1618
[1] 2200.0000    0.0000    0.8668   -0.1590    2.1942    1.0989
[1] 2300.0000    0.0000    0.9142   -0.0993    1.9834    0.8527
[1] 2400.0000    0.0000    0.9355    0.1215    1.8162    1.1578
[1] 2500.0000    0.0056    0.8909    0.8189    1.0923    1.1217
[1] 2600.0000    0.0000    0.9100    0.1493    1.8601    1.1442
[1] 2700.0000    0.0000    0.8492   -0.8789    2.9711    0.9140
[1] 2800.0000    0.0043    0.8113    0.4471    1.5572    0.9151
[1] 2900.0000    0.0000    0.9982   -1.1691    3.1530    0.9626
[1] 3000.0000    0.0000    0.8454   -0.1933    2.2187    0.9669
[1] 3100.0000    0.0000    0.9787   -0.0820    1.9792    0.9283
[1] 3200.0000    0.0000    0.9190   -0.7955    2.8077    0.9575
[1] 3300.0000    0.0000    0.9312    0.0853    1.8558    0.9302
[1] 3400.0000    0.2480    0.8983    1.2167    0.8092    1.1525
[1] 3500.0000    0.0000    0.9035    0.5298    1.4556    0.9507
[1] 3600.0000    0.0000    0.9625   -0.2258    2.1828    0.8525
[1] 3700.0000    0.4238    0.8898    0.4238    1.5751    1.0833
[1] 3800.0000    0.0000    0.9791    1.2246    0.7159    1.0179
[1] 3900.0000    0.0000    0.8319   -0.5702    2.6564    0.8180
[1] 4000.0000    0.0000    0.9448   -0.4366    2.3940    1.0791
[1] 4100.0000    0.0000    0.8388   -0.9353    2.9296    0.8864
[1] 4200.0000    0.0000    0.9756   -0.8563    2.7406    0.9752
[1] 4300.0000    0.1667    0.8028   -0.2723    2.2575    0.9927
[1] 4400.0000    0.0000    0.8310    0.6098    1.3339    1.1572
[1] 4500.0000    0.2728    0.8410   -0.3241    2.3830    1.1520
[1] 4600.0000    0.0000    0.9581    0.8119    1.2319    0.8180
[1] 4700.0000    0.0000    0.8528   -0.4938    2.4250    0.8411
[1] 4800.0000    0.0000    0.8660   -0.9337    2.8933    1.0939
[1] 4900.0000    0.0000    0.8114   -1.0848    2.9882    0.8255
[1] 5000.0000    0.0000    0.9762   -1.1566    3.0425    0.8665
[1] 5100.0000    0.0000    0.9679   -0.5634    2.4495    1.1951
[1] 5200.0000    0.0000    0.8051    0.4416    1.5283    0.8965
[1] 5300.0000    0.0000    0.9010    0.7107    1.2427    1.0910
[1] 5400.0000    0.0000    0.9713    0.2202    1.5825    1.1011
[1] 5500.0000    0.0000    0.8506    0.9659    0.9955    1.1979
[1] 5600.0000    0.0000    0.9929   -0.1909    2.1225    1.1085
[1] 5700.0000    0.0000    0.9445   -0.3975    2.4022    1.0237
[1] 5800.0000    0.0000    0.8612   -0.7281    2.7868    1.0327
[1] 5900.0000    0.0000    0.9433    0.1268    1.7571    0.8670
[1] 6000.0000    0.0000    0.9870    0.4460    1.4957    1.0819
[1] 6100.0000    0.0000    0.8793    0.0082    1.8829    0.8792
[1] 6200.0000    0.0000    0.8741    0.2127    1.7424    0.8043
[1] 6300.0000    0.0000    0.9569   -0.7152    2.6566    0.8080
[1] 6400.0000    0.0000    0.9599   -0.8888    2.9153    0.9947
[1] 6500.0000    0.0000    0.9084   -0.2315    2.1748    1.0918
[1] 6600.0000    0.0000    0.8710   -0.0410    1.9346    0.9001
[1] 6700.0000    0.0000    0.9231   -0.6864    2.7870    1.1521
[1] 6800.0000    0.2274    0.8794    0.0555    1.9483    0.9381
[1] 6900.0000    0.0000    0.9290   -0.5506    2.4696    1.0476
[1] 7000.0000    0.0000    0.8521   -0.1170    2.0818    1.0680
[1] 7100.0000    0.0000    0.8247    0.0199    1.9872    1.0835
[1] 7200.0000    0.0000    0.8247   -0.4363    2.5278    0.8913
[1] 7300.0000    0.0000    0.9838    0.1987    1.8272    1.0449
[1] 7400.0000    0.0000    0.8045   -0.3314    2.2157    0.8734
[1] 7500.0000    0.0000    0.8918   -2.2332    4.1062    1.0101
[1] 7600.0000    0.0000    0.9493   -1.0515    3.0035    0.9281
[1] 7700.0000    0.0000    0.8440   -1.6152    3.5578    0.8976
[1] 7800.0000    0.0000    0.8350   -0.4680    2.5122    1.1361
[1] 7900.0000    0.0000    0.9168    0.5856    1.3282    1.1281
[1] 8000.0000    0.0000    0.9309    0.1319    1.8461    1.0835
[1] 8100.0000    0.0000    0.8483   -0.5747    2.4478    0.8203
[1] 8200.0000    0.0000    0.9110   -0.2164    2.1781    0.9989
[1] 8300.0000    0.0000    0.8222   -0.2389    2.2062    0.8438
[1] 8400.0000    0.0000    0.9658   -0.6142    2.4794    0.9286
[1] 8500.0000    0.0000    0.8325   -0.1925    2.2455    1.0750
[1] 8600.0000    0.0000    0.8576   -0.8304    2.7911    1.0835
[1] 8700.0000    0.0000    0.8940   -0.4377    2.3849    1.0236
[1] 8800.0000    0.0000    0.9735   -0.6699    2.5430    1.0381
[1] 8900.0000    0.0000    0.8674    0.0560    1.9430    1.0474
[1] 9000.0000    0.0000    0.8301    1.0585    0.8876    1.1387
[1] 9100.0000    0.0000    0.8755   -0.1935    2.1708    0.8812
[1] 9200.0000    0.0000    0.8129   -0.7837    2.7786    1.1264
[1] 9300.0000    0.0000    0.9270   -0.7891    2.7871    1.1117
[1] 9400.0000    0.0000    0.8413    0.3961    1.5167    1.0761
[1] 9500.0000    0.0000    0.8817   -0.0091    1.8456    1.0875
[1] 9600.0000    0.0000    0.8149    0.1977    1.7452    0.9056
[1] 9700.0000    0.0000    0.9657    0.9648    0.9560    0.9166
[1] 9800.0000    0.0000    0.8667    0.4148    1.5254    0.9410
[1] 9900.0000    0.0000    0.9369    1.4608    0.5471    1.1404
[1] 10000.0000     1.0000     0.8618    -0.5177     2.5206     0.8032
[1] 10100.0000     0.0001     0.9832    -0.3574     2.3306     0.9199
[1] 10200.0000     0.0001     0.8458     0.4971     1.4528     1.1044
[1] 10300.0000     0.0625     0.9549     1.7592     0.2913     0.8021
[1] 10400.0000     0.0000     0.9109     0.1559     1.7719     0.9653
[1] 10500.0000     0.0000     0.9828     0.5343     1.4109     0.8036
[1] 10600.0000     0.0000     0.8442     0.3950     1.6738     0.9495
[1] 10700.0000     0.0000     0.8398     0.3930     1.5631     1.0590
[1] 10800.0000     0.0131     0.8310     0.2205     1.7319     0.9940
[1] 10900.0000     0.0000     0.9660     0.7246     1.3012     1.1970
[1] 11000.0000     0.0132     0.8555     0.4010     1.6120     1.1761
[1] 11100.0000     0.0000     0.8902     0.4288     1.5715     0.9114
[1] 11200.0000     0.2278     0.8258    -0.6521     2.6142     1.0628
[1] 11300.0000     0.0000     0.8936    -0.6515     2.6343     1.0961
[1] 11400.0000     0.0001     0.9548     0.5784     1.4419     1.0047
[1] 11500.0000     0.0000     0.9619    -0.1833     2.1088     0.9110
[1] 11600.0000     0.0000     0.9104    -0.3970     2.3724     0.8269
[1] 11700.0000     0.0004     0.8224     0.2029     1.7622     0.8539
[1] 11800.0000     0.0000     0.8027    -0.2445     2.2899     0.8530
[1] 11900.0000     0.0000     0.8066    -0.0061     2.0686     1.0802
[1] 12000.0000     0.0000     0.8056    -0.2734     2.2921     1.1142
[1] 12100.0000     0.0000     0.8005    -1.0647     2.9781     0.8375
[1] 12200.0000     0.1307     0.9853    -0.1146     2.1491     1.1443
[1] 12300.0000     0.0000     0.8010    -0.1589     2.0680     0.8810
[1] 12400.0000     0.1896     0.8019    -0.7987     2.8121     1.1971
[1] 12500.0000     0.0000     0.8059    -0.2737     2.2778     1.1427
[1] 12600.0000     0.0000     0.8126    -0.4100     2.5168     1.1805
[1] 12700.0000     0.0000     0.8779    -0.5547     2.4343     0.8170
[1] 12800.0000     0.0000     0.8257    -0.1850     2.1944     0.8904
[1] 12900.0000     0.0543     0.8545    -0.0171     2.0350     1.0312
[1] 13000.0000     0.0000     0.8069     0.1299     1.8348     1.0997
[1] 13100.0000     0.0000     0.9404     1.5181     0.4862     0.9822
[1] 13200.0000     0.0000     0.8843    -0.8412     2.8531     0.9997
[1] 13300.0000     0.0000     0.9271    -0.4343     2.3211     0.8364
[1] 13400.0000     0.0000     0.8092    -0.4313     2.4162     1.1676
[1] 13500.0000     0.0000     0.8466    -0.4555     2.4980     0.8143
[1] 13600.0000     0.0000     0.8917     0.3020     1.6060     1.0301
[1] 13700.0000     0.0000     0.9094    -0.1496     2.1380     0.8623
[1] 13800.0000     0.0000     0.8787    -0.9385     2.9090     1.0611
[1] 13900.0000     0.0000     0.8573    -0.1416     2.1027     0.8372
[1] 14000.0000     0.0000     0.9588     0.1718     1.7934     0.9662
[1] 14100.0000     0.0000     0.8411     0.6017     1.2642     1.1804
[1] 14200.0000     0.0000     0.8479     0.2800     1.6171     0.8739
[1] 14300.0000     0.0000     0.8548    -0.7195     2.6392     0.8231
[1] 14400.0000     0.0070     0.8623     0.4084     1.5201     0.8985
[1] 14500.0000     0.0852     0.8647     0.5933     1.3771     1.0877
[1] 14600.0000     0.0000     0.8721     0.6442     1.3441     0.9912
[1] 14700.0000     0.0000     0.8974    -0.0646     1.9323     1.0871
[1] 14800.0000     0.0000     0.9988     0.7396     1.1712     0.9067
[1] 14900.0000     0.0437     0.8051    -0.0667     2.0136     1.0614
[1] 15000.0000     0.0003     0.9447     0.1667     1.7247     0.8911
[1] 15100.0000     1.0000     0.8292    -0.0092     2.0275     0.9249
[1] 15200.0000     0.0000     0.8242     0.0907     1.8521     1.0800
[1] 15300.0000     0.4609     0.8059    -0.1454     2.1720     0.9091
[1] 15400.0000     0.0659     0.8005    -0.9748     3.0181     0.8812
[1] 15500.0000     0.0000     0.8727    -1.5708     3.5807     1.1104
[1] 15600.0000     0.0000     0.8520    -0.6468     2.6600     1.1912
[1] 15700.0000     0.0000     0.8475    -0.3793     2.3058     0.9690
[1] 15800.0000     0.0000     0.9108    -0.2537     2.2041     0.9068
[1] 15900.0000     0.0000     0.8876    -0.2281     2.1504     0.9067
[1] 16000.0000     0.0002     0.8124    -0.7497     2.6925     1.1160
[1] 16100.0000     0.0000     0.9566     0.8098     1.2188     1.0234
[1] 16200.0000     0.0000     0.9466    -0.0546     1.9756     0.9477
[1] 16300.0000     0.0000     0.9158    -0.6680     2.6803     0.9491
[1] 16400.0000     0.0000     0.9401    -0.4490     2.3757     0.9237
[1] 16500.0000     0.2525     0.9646    -0.1337     2.0856     1.1820
[1] 16600.0000     0.0000     0.8294    -0.5686     2.5992     0.8835
[1] 16700.0000     0.0000     0.8462     0.2265     1.7052     0.9538
[1] 16800.0000     0.0000     0.8621     0.3609     1.5388     1.1596
[1] 16900.0000     0.0000     0.9254     0.8579     1.1011     0.9648
[1] 17000.0000     0.0000     0.9790    -0.2757     2.2841     0.8822
[1] 17100.0000     0.0000     0.9305     0.8229     1.2174     0.9283
[1] 17200.0000     0.0000     0.9497     0.8071     1.1159     0.8252
[1] 17300.0000     1.0000     0.8396     1.7974     0.1616     1.0131
[1] 17400.0000     0.0000     0.8593     1.1186     0.8924     1.1450
[1] 17500.0000     0.0000     0.9677     0.2649     1.7294     1.1479
[1] 17600.0000     0.0000     0.8280     0.8591     1.1370     1.1486
[1] 17700.0000     0.0000     0.8794     1.1128     0.8981     0.9707
[1] 17800.0000     0.0102     0.9383     0.3716     1.5776     1.0084
[1] 17900.0000     0.0000     0.9083     0.1293     1.8504     0.9495
[1] 18000.0000     1.0000     0.9109     0.0830     1.9009     0.8712
[1] 18100.0000     0.0000     0.8078    -0.4172     2.4217     0.9064
[1] 1.820e+04 1.300e-03 8.582e-01 1.177e+00 7.393e-01 9.652e-01
[1] 18300.0000     0.0000     0.8120    -0.6710     2.6436     1.0717
[1] 18400.0000     0.0000     0.9529     0.4048     1.6032     0.8173
[1] 18500.0000     0.0000     0.9525     0.5277     1.4105     0.9333
[1] 18600.0000     0.0000     0.8420     0.5692     1.4473     0.8224
[1] 18700.0000     0.0000     0.8080    -0.5217     2.5178     0.9308
[1] 18800.0000     0.0000     0.8537     0.0645     1.9157     0.9005
[1] 18900.0000     0.0000     0.9024    -0.6085     2.5379     1.0613
[1] 19000.0000     0.0000     0.8770     0.0431     1.9829     1.0394
[1] 19100.0000     0.0000     0.8878     0.4972     1.3452     1.0323
[1] 19200.0000     0.0000     0.8001     0.6041     1.3651     0.9641
[1] 19300.0000     0.0000     0.9918     0.3332     1.5549     0.8386
[1] 19400.0000     0.0000     0.8040     0.5373     1.5771     1.1551
[1] 19500.0000     0.0000     0.9654     0.6338     1.3065     0.9669
[1] 19600.0000     0.4599     0.9162    -0.5331     2.5256     0.8038
[1] 19700.0000     0.0000     0.8982     0.4253     1.4428     1.1826
[1] 19800.0000     0.0000     0.9408     0.6275     1.4058     0.9927
[1] 19900.0000     0.0000     0.9981    -0.1309     2.1403     1.0280
[1] 20000.0000     0.0000     0.8708    -0.0171     1.9812     1.0213
[1] 20100.0000     0.0000     0.9794     1.3939     0.5617     1.1721
[1] 20200.0000     0.3445     0.8367    -0.1431     2.0745     0.9269
[1] 20300.0000     0.0000     0.8028    -0.2670     2.3079     0.9708
[1] 20400.0000     0.0076     0.9072    -0.2223     2.1812     0.9991
[1] 20500.0000     0.0000     0.8964    -0.8683     2.7771     1.1285
[1] 20600.0000     1.0000     0.9169     0.4209     1.5784     1.1057
[1] 20700.0000     0.9632     0.8107     0.3175     1.6816     1.0874
[1] 20800.0000     0.0000     0.9606    -0.5680     2.5560     1.0886
[1] 20900.0000     0.0005     0.9109     0.8924     1.1033     0.9980
[1] 21000.0000     0.0000     0.9026     0.7896     1.1699     0.9886
[1] 21100.0000     0.0000     0.9732    -0.5626     2.4982     0.8253
[1] 21200.0000     0.0222     0.8263     0.1407     1.8166     1.1324
[1] 21300.0000     0.0000     0.8399    -0.6457     2.5009     1.0171
[1] 2.140e+04 0.000e+00 9.719e-01 2.660e-02 1.897e+00 9.071e-01
[1] 21500.0000     0.0000     0.9375    -0.4034     2.2831     1.0777
[1] 21600.0000     0.0000     0.8010    -0.7389     2.6875     1.1966
[1] 21700.0000     0.0000     0.8258    -1.1940     3.1675     1.1265
[1] 21800.0000     0.0000     0.8709    -0.6854     2.6846     1.0601
[1] 2.190e+04 0.000e+00 9.408e-01 1.063e-01 1.783e+00 9.421e-01
[1] 22000.0000     0.0000     0.8850     1.0935     0.8656     0.9555
[1] 22100.0000     0.0000     0.8953    -0.1733     2.0608     0.9321
[1] 22200.0000     0.0000     0.8403    -1.0935     3.0273     1.1277
[1] 22300.0000     0.0004     0.8584    -0.2244     2.1854     0.9367
[1] 22400.0000     0.0000     0.9494    -0.1151     2.0835     0.9207
[1] 22500.0000     0.0022     0.9610     1.0193     0.9668     0.9963
[1] 22600.0000     0.0000     0.8858    -0.3472     2.4271     0.9064
[1] 22700.0000     0.0000     0.8271    -0.1689     2.0753     1.1968
[1] 22800.0000     0.0001     0.9028    -0.7029     2.7410     1.1243
[1] 22900.0000     0.0000     0.9207     0.8463     1.0783     0.8362
[1] 23000.0000     0.0000     0.9491     0.6352     1.3184     0.8538
[1] 23100.0000     0.0000     0.9231    -0.4141     2.3959     0.8179
[1] 23200.0000     0.0000     0.8449     0.1219     1.9062     0.9864
[1] 23300.0000     0.0691     0.8966     0.2647     1.6672     1.0199
[1] 23400.0000     0.0000     0.9703     0.3044     1.6838     0.9326
[1] 23500.0000     0.0000     0.9561     0.1905     1.7657     1.0572
[1] 23600.0000     0.0000     0.8176     0.3372     1.5746     0.8266
[1] 23700.0000     0.0000     0.8580    -0.2313     2.1882     0.8494
[1] 23800.0000     0.0000     0.8954    -0.1627     2.0618     1.1339
[1] 23900.0000     0.0000     0.8157    -0.5592     2.5526     0.8034
[1] 24000.0000     0.0000     0.9801    -0.7645     2.6529     1.1551
[1] 24100.0000     0.0000     0.8289    -1.7338     3.7226     0.9877
[1] 24200.0000     0.0000     0.8399     0.3181     1.6266     1.0287
[1] 24300.0000     0.0000     0.8805    -0.7683     2.7205     1.0014
[1] 24400.0000     0.0134     0.9020     0.9522     1.1395     1.0534
[1] 2.450e+04 0.000e+00 9.064e-01 9.919e-01 9.204e-01 8.345e-01
[1] 24600.0000     0.0000     0.9062    -0.0219     1.9833     0.8877
[1] 24700.0000     0.0000     0.9025    -0.5821     2.5252     0.8040
[1] 24800.0000     0.0004     0.8109     0.0224     1.9329     1.1899
[1] 24900.0000     0.0000     0.9495    -0.4349     2.3311     0.8626
[1] 25000.0000     0.0001     0.9628     0.1739     1.7863     0.9362
[1] 25100.0000     0.0000     0.9605     0.5934     1.3204     1.0743
[1] 25200.0000     0.0000     0.8184    -0.4218     2.4119     0.8574
[1] 25300.0000     1.0000     0.8151     0.1879     1.7351     1.0748
[1] 25400.0000     1.0000     0.8988    -1.0259     3.0174     1.0888
[1] 25500.0000     0.0000     0.8147     0.5985     1.3896     1.1844
[1] 25600.0000     0.0000     0.8978    -0.2954     2.2840     1.1142
[1] 25700.0000     0.0000     0.8060     0.6631     1.3142     0.8422
[1] 25800.0000     0.0000     0.8043    -0.1739     2.1039     0.8730
[1] 25900.0000     1.0000     0.8632    -0.2481     2.2433     1.1254
[1] 26000.0000     1.0000     0.9492    -0.7711     2.7949     1.0058
[1] 26100.0000     0.0000     0.9196    -0.5047     2.3091     1.1722
[1] 26200.0000     0.0000     0.9529    -0.8482     2.6781     1.0017
[1] 26300.0000     0.0000     0.9407    -0.0589     2.0633     1.0281
[1] 26400.0000     0.0000     0.8767     0.6130     1.2437     0.8041
[1] 26500.0000     0.0225     0.8885    -0.0219     1.9912     1.0349
[1] 26600.0000     0.0000     0.8376    -0.3436     2.1382     1.1467
[1] 26700.0000     0.0000     0.8184     0.3674     1.6599     0.9177
[1] 26800.0000     0.0000     0.8448    -1.4831     3.3693     0.8652
[1] 26900.0000     0.0000     0.8586    -0.9634     2.8947     1.0581
[1] 27000.0000     0.0000     0.9892    -0.2369     2.2461     0.9138
[1] 27100.0000     0.5867     0.8372     0.0554     1.8935     1.1930
[1] 27200.0000     0.0000     0.8802     0.6693     1.2994     0.8416
[1] 27300.0000     0.0000     0.8270    -0.9658     2.8874     1.1347
[1] 27400.0000     0.0000     0.8453     0.0676     1.8723     0.8255
[1] 27500.0000     0.0000     0.8301     0.2972     1.6414     0.9239
[1] 27600.0000     0.0000     0.8732     1.3201     0.6464     0.9172
[1] 27700.0000     0.0000     0.8317     0.6214     1.3847     1.1846
[1] 27800.0000     0.0000     0.8396     1.4295     0.4677     0.8414
[1] 27900.0000     1.0000     0.8904     0.8308     1.1213     0.9276
[1] 28000.0000     0.0000     0.9328    -0.0929     2.1207     0.9314
[1] 28100.0000     0.0000     0.8313     0.5920     1.4464     0.8089
[1] 2.820e+04 0.000e+00 9.683e-01 6.770e-02 1.908e+00 8.917e-01
[1] 28300.0000     0.0000     0.9886    -0.4341     2.3499     1.1843
[1] 28400.0000     1.0000     0.9594    -0.1483     2.1208     0.8105
[1] 28500.0000     0.0000     0.8678     0.7764     1.1789     0.8688
[1] 28600.0000     0.0000     0.9856    -0.1784     2.0299     1.1641
[1] 28700.0000     0.0000     0.9675    -1.5929     3.5711     1.1579
[1] 28800.0000     0.0000     0.8104    -0.1599     2.1487     1.1940
[1] 28900.0000     0.0000     0.9137     0.2675     1.8176     0.8478
[1] 29000.0000     0.0000     0.9277    -0.7862     2.7279     1.1735
[1] 29100.0000     0.0000     0.8872    -1.0581     3.0708     1.0232
[1] 29200.0000     0.1162     0.9367     0.3753     1.5725     1.1465
[1] 29300.0000     0.0017     0.9749     1.3405     0.5743     0.9782
[1] 29400.0000     0.0000     0.9394     0.9117     1.1107     1.1754
[1] 29500.0000     0.0000     0.8094    -0.6529     2.6071     0.8253
[1] 29600.0000     0.0000     0.8335     0.6559     1.2592     1.1940
[1] 29700.0000     0.0000     0.8049    -0.4521     2.4268     0.9958
[1] 29800.0000     0.0000     0.8030     0.3429     1.6523     0.9421
[1] 29900.0000     0.6857     0.9798     0.4845     1.4748     1.0014
[1] 30000.0000     0.0000     0.9250     1.8826    -0.0006     1.0393
[1] 0.07123715
Time difference of 4.566583 hours
null device 
          1 
