[1] "El numero de nodos X particion es: 10"
[1] "Model = M2 / Data = sim_data/datasetSVIExponential21.Rdata"
[1] 100.0000   1.0000   0.8291   0.0780   1.9898   0.9331
[1] 200.0000   0.0060   0.8487   0.0697   1.9137   0.8384
[1] 300.0000   0.5665   0.8776   0.2753   1.8272   1.0665
[1] 400.0000   0.0000   0.8775  -0.2969   2.4065   1.0971
[1] 500.0000   0.0000   0.8350   0.6251   1.4171   0.9084
[1] 600.0000   0.6196   0.9748  -0.1110   2.0529   1.0386
[1] 700.0000   0.0029   0.8999   0.2550   1.8119   1.0702
[1] 800.0000   0.0000   0.9999   0.1436   1.9032   1.0968
[1] 900.0000   0.0000   0.9344  -0.3926   2.3454   1.0036
[1] 1000.0000    0.0000    0.8209   -0.2762    2.3282    0.9374
[1] 1100.0000    0.0000    0.9319    0.7541    1.3026    0.8930
[1] 1200.0000    0.2955    0.8603   -0.0467    2.1763    0.9164
[1] 1300.0000    1.0000    0.8617   -0.0845    2.1045    1.0550
[1] 1400.0000    0.0000    0.9303   -0.3707    2.3206    1.1894
[1] 1500.0000    0.0017    0.9694    0.9641    1.0206    1.1238
[1] 1600.0000    0.0000    0.8718   -0.4808    2.4727    1.0625
[1] 1700.0000    0.0000    0.8745    0.0233    2.0582    0.9148
[1] 1800.0000    0.0000    0.9376    0.0956    1.9569    0.8302
[1] 1900.0000    0.0000    0.9875   -0.1049    2.1830    0.8532
[1] 2000.0000    0.0000    0.9400    0.1932    1.8755    1.1109
[1] 2100.0000    0.0000    0.9372   -0.1518    2.1637    0.8634
[1] 2200.0000    0.0000    0.8668    0.4915    1.6254    1.0989
[1] 2300.0000    0.0016    0.8951    0.0734    1.9304    0.9529
[1] 2400.0000    0.0000    0.9355   -0.1233    2.1841    1.1578
[1] 2500.0000    0.0746    0.8909    0.2121    1.7735    1.1217
[1] 2600.0000    0.0000    0.8617   -0.1619    2.1499    0.8044
[1] 2700.0000    0.0001    0.8492   -0.0728    2.1176    0.9140
[1] 2800.0000    0.0175    0.9386    0.4982    1.4857    0.8695
[1] 2900.0000    0.0277    0.9982   -0.3169    2.3668    0.9626
[1] 3000.0000    0.0000    0.8454   -0.1761    2.2361    0.9669
[1] 3100.0000    0.0000    0.9751    0.1389    1.8426    1.0618
[1] 3200.0000    0.0000    0.8205    0.6138    1.4185    0.8873
[1] 3300.0000    0.0000    0.9797   -0.0380    1.9058    1.0744
[1] 3400.0000    0.5615    0.8983    0.4188    1.6593    1.1525
[1] 3500.0000    0.0001    0.9256    0.4111    1.6394    1.1684
[1] 3600.0000    0.0000    0.8412    0.0441    1.9757    0.8625
[1] 3700.0000    0.5044    0.8385    0.3298    1.7571    0.8150
[1] 3800.0000    0.0000    0.9791    0.3090    1.7191    1.0179
[1] 3900.0000    0.0000    0.9030   -0.5214    2.5948    0.9530
[1] 4000.0000    0.1643    0.9388   -0.0814    1.9594    0.8131
[1] 4100.0000    0.0000    0.8388   -0.1390    2.2223    0.8864
[1] 4200.0000    0.0000    0.9756   -0.5183    2.5169    0.9752
[1] 4300.0000    0.1913    0.8028   -0.1579    2.2450    0.9927
[1] 4400.0000    0.0000    0.9459    0.4558    1.5871    1.1887
[1] 4500.0000    1.0000    0.8410   -0.0974    2.1528    1.1520
[1] 4600.0000    0.0010    0.9525    0.1688    1.9167    1.1110
[1] 4700.0000    0.0000    0.8528   -0.6239    2.7033    0.8411
[1] 4800.0000    0.0000    0.8616   -0.6229    2.6209    0.9384
[1] 4900.0000    0.0000    0.8114   -0.3755    2.4527    0.8255
[1] 5000.0000    0.2908    0.8074   -0.1183    2.0728    1.0307
[1] 5100.0000    0.0000    0.9679   -0.2030    2.2079    1.1951
[1] 5200.0000    0.0000    0.8051    0.3118    1.7320    0.8965
[1] 5300.0000    0.0000    0.8845    0.2866    1.7459    1.0022
[1] 5400.0000    0.0000    0.8536   -0.1408    2.0285    0.9337
[1] 5500.0000    0.0000    0.8508    0.2050    1.7743    1.0471
[1] 5600.0000    0.0000    0.9328   -0.3663    2.4184    1.1365
[1] 5700.0000    0.0000    0.8882    0.2828    1.7221    1.0651
[1] 5800.0000    0.0000    0.8612   -0.2686    2.3453    1.0327
[1] 5900.0000    0.0000    0.8278    0.3519    1.6967    1.0767
[1] 6000.0000    0.0000    0.9870    0.2971    1.7128    1.0819
[1] 6100.0000    0.0000    0.9100    0.0763    1.8780    1.1509
[1] 6200.0000    0.0000    0.8235    0.3827    1.6286    1.1329
[1] 6300.0000    0.0000    0.9569   -0.2139    2.2330    0.8080
[1] 6400.0000    0.0000    0.9885   -0.0358    2.1731    0.8165
[1] 6500.0000    0.0005    0.9145   -0.5092    2.4540    0.8046
[1] 6600.0000    0.0000    0.8401   -0.0080    1.9832    1.0889
[1] 6700.0000    0.0000    0.8253    0.0404    2.0047    0.9280
[1] 6800.0000    0.5908    0.8794    0.2037    1.8509    0.9381
[1] 6900.0000    0.0000    0.9267   -0.4037    2.4875    1.0380
[1] 7000.0000    0.0000    0.8521    0.2888    1.7761    1.0680
[1] 7100.0000    0.0000    0.9857    0.0350    2.0029    1.0571
[1] 7200.0000    0.0000    0.8247   -0.0689    2.1833    0.8913
[1] 7300.0000    0.0000    0.9346    0.2366    1.8324    1.1740
[1] 7400.0000    0.0000    0.8045   -0.1011    2.0764    0.8734
[1] 7500.0000    0.0008    0.9989   -0.9370    2.7908    1.1081
[1] 7600.0000    0.0000    0.9493   -0.2363    2.2106    0.9281
[1] 7700.0000    0.0000    0.8348   -0.8683    2.8588    1.0869
[1] 7800.0000    0.0004    0.8350   -0.1868    2.2664    1.1361
[1] 7900.0000    0.0000    0.8037    0.0476    1.9289    1.1632
[1] 8000.0000    0.0000    0.9309   -0.0698    2.0225    1.0835
[1] 8100.0000    0.0000    0.8250    0.0315    1.9660    1.1136
[1] 8200.0000    0.0000    0.9207    0.0222    2.1094    1.1282
[1] 8300.0000    0.0000    0.8222   -0.1439    2.2120    0.8438
[1] 8400.0000    0.0000    0.9658   -0.1442    2.1379    0.9286
[1] 8500.0000    0.0000    0.8325    0.2139    1.9661    1.0750
[1] 8600.0000    0.0404    0.9564   -0.8124    2.8780    0.9963
[1] 8700.0000    0.0000    0.8940   -0.0706    2.1461    1.0236
[1] 8800.0000    0.0000    0.9735   -0.1999    2.1978    1.0381
[1] 8900.0000    0.0004    0.8674    0.7010    1.3375    1.0474
[1] 9000.0000    0.0000    0.9268    0.0146    2.0196    0.8237
[1] 9100.0000    0.0000    0.9806   -0.1734    2.1075    1.0696
[1] 9200.0000    0.0000    0.8777    0.1895    1.8791    1.1489
[1] 9300.0000    0.0000    0.8689    0.2471    1.8122    0.9976
[1] 9400.0000    0.0000    0.9163    0.7951    1.2135    0.8003
[1] 9500.0000    0.0000    0.8817   -0.1929    2.2148    1.0875
[1] 9600.0000    0.0002    0.8149   -0.0010    2.0612    0.9056
[1] 9700.0000    0.0000    0.9657    0.9571    1.0404    0.9166
[1] 9800.0000    0.0000    0.9462   -0.2196    2.2239    1.1275
[1] 9900.0000    0.0000    0.8192    0.3715    1.6148    0.8099
[1] 10000.0000     0.8723     0.8618    -0.2848     2.3652     0.8032
[1] 10100.0000     0.9658     0.9049    -0.1909     2.3062     1.0751
[1] 10200.0000     1.0000     0.9808    -0.2309     2.2631     0.8342
[1] 10300.0000     0.1948     0.8853     0.9319     1.1293     1.0127
[1] 10400.0000     0.0000     0.9434     0.3043     1.7007     1.1753
[1] 10500.0000     0.1846     0.8159    -0.0033     1.9013     1.1284
[1] 10600.0000     0.0000     0.8442     0.1322     1.9508     0.9495
[1] 10700.0000     0.0000     0.9346     0.5368     1.5589     1.0990
[1] 10800.0000     1.0000     0.8056     0.0756     1.9612     0.8503
[1] 1.090e+04 0.000e+00 9.660e-01 4.386e-01 1.653e+00 1.197e+00
[1] 11000.0000     0.1738     0.8012    -0.0008     2.1517     0.9407
[1] 11100.0000     0.0000     0.8902     0.0244     1.9658     0.9114
[1] 11200.0000     0.1558     0.9645    -0.3014     2.2536     0.8187
[1] 11300.0000     0.0000     0.9481    -0.0694     2.0535     1.1448
[1] 11400.0000     0.0000     0.9548     0.2050     1.7257     1.0047
[1] 11500.0000     0.0000     0.8061     0.0395     2.0027     1.1646
[1] 11600.0000     0.0737     0.9382    -0.1798     2.0897     0.8033
[1] 11700.0000     1.0000     0.8766    -0.0515     2.1474     0.9110
[1] 11800.0000     0.0000     0.8027     0.0475     1.9379     0.8530
[1] 11900.0000     0.0000     0.8460    -0.6692     2.6224     0.8150
[1] 12000.0000     0.0000     0.8056    -0.2141     2.2508     1.1142
[1] 12100.0000     0.0002     0.8005    -0.5222     2.4753     0.8375
[1] 12200.0000     0.5381     0.8496     0.5927     1.4801     0.8460
[1] 12300.0000     0.0008     0.8010     0.4527     1.5834     0.8810
[1] 12400.0000     1.0000     0.8046    -0.0743     2.1307     0.8797
[1] 12500.0000     0.0000     0.8870     0.2201     1.7809     1.1524
[1] 12600.0000     0.0000     0.9359    -0.4174     2.4985     1.1279
[1] 12700.0000     1.0000     0.8210    -0.1386     2.3025     0.8185
[1] 12800.0000     0.0000     0.9108    -0.1472     2.2664     1.0765
[1] 1.290e+04 2.311e-01 9.204e-01 3.687e-01 1.671e+00 8.219e-01
[1] 13000.0000     0.0016     0.8069     0.1631     1.7921     1.0997
[1] 13100.0000     0.0000     0.9339     0.7891     1.2250     1.1193
[1] 13200.0000     0.0024     0.8843    -0.6272     2.7050     0.9997
[1] 13300.0000     0.0000     0.9222    -0.4722     2.5521     0.8801
[1] 13400.0000     0.0000     0.9676     0.4483     1.6074     1.1418
[1] 13500.0000     0.0000     0.8466    -0.4925     2.5153     0.8143
[1] 13600.0000     0.0000     0.8917     0.5203     1.6011     1.0301
[1] 13700.0000     0.0000     0.8951     0.2006     1.8118     1.0363
[1] 13800.0000     0.0000     0.9432    -0.0924     2.1343     1.1717
[1] 13900.0000     0.0000     0.8495     0.1271     1.8682     1.0802
[1] 14000.0000     0.0000     0.9588     0.2979     1.7369     0.9662
[1] 14100.0000     0.0000     0.8844     0.0518     1.8463     1.1867
[1] 1.420e+04 0.000e+00 8.479e-01 2.190e-02 1.984e+00 8.739e-01
[1] 14300.0000     0.0000     0.8548    -0.7314     2.7086     0.8231
[1] 14400.0000     0.4287     0.8623    -0.3020     2.3609     0.8985
[1] 14500.0000     0.3289     0.8647     0.0244     2.0086     1.0877
[1] 14600.0000     0.0045     0.9850     0.6006     1.4454     0.9950
[1] 14700.0000     0.0000     0.8974    -0.2460     2.2357     1.0871
[1] 14800.0000     0.0000     0.8106     0.2850     1.6897     1.0978
[1] 14900.0000     0.0616     0.9582     0.0373     2.0622     1.0321
[1] 15000.0000     0.0555     0.8279     0.2144     1.8185     1.0826
[1] 15100.0000     0.4150     0.8384    -0.2699     2.3589     0.8510
[1] 15200.0000     0.0000     0.8242     0.4078     1.6811     1.0800
[1] 15300.0000     0.9954     0.8282    -0.1668     2.1625     1.1177
[1] 15400.0000     1.0000     0.9829    -0.3767     2.3914     1.0368
[1] 15500.0000     0.0000     0.9734    -0.4553     2.5061     1.1714
[1] 15600.0000     0.0000     0.8520    -0.5839     2.6170     1.1912
[1] 15700.0000     0.0000     0.8475    -0.2267     2.2864     0.9690
[1] 15800.0000     0.0545     0.9108     0.0244     1.9672     0.9068
[1] 15900.0000     0.0000     0.9431     0.0646     1.9253     0.8611
[1] 16000.0000     0.8732     0.9761    -0.1437     2.1272     1.0600
[1] 16100.0000     0.0000     0.8906     0.5385     1.4879     0.9023
[1] 16200.0000     0.0001     0.9466    -0.1301     2.1400     0.9477
[1] 16300.0000     0.0000     0.9320    -0.4889     2.5381     1.0407
[1] 16400.0000     0.0000     0.8699    -0.0407     2.0444     0.9170
[1] 16500.0000     0.7211     0.9407     0.7863     1.3564     0.9877
[1] 16600.0000     0.0046     0.8568     0.0876     2.0057     1.0645
[1] 16700.0000     0.0001     0.9635    -0.1425     2.1689     0.8336
[1] 16800.0000     0.0000     0.8165     0.2161     1.8705     1.0376
[1] 16900.0000     0.0000     0.8583    -0.1766     2.1583     0.9158
[1] 17000.0000     0.0000     0.9790    -0.2345     2.2053     0.8822
[1] 17100.0000     0.0001     0.9262     0.7591     1.3486     0.9696
[1] 17200.0000     0.0000     0.9497    -0.1038     2.0161     0.8252
[1] 17300.0000     1.0000     0.8396    -0.1258     2.1891     1.0131
[1] 17400.0000     0.0000     0.8593    -0.1376     2.2314     1.1450
[1] 17500.0000     0.0000     0.8131     0.1590     1.9476     0.9127
[1] 17600.0000     0.0000     0.8280     0.4230     1.6004     1.1486
[1] 17700.0000     0.0000     0.8794    -0.0149     2.1120     0.9707
[1] 17800.0000     0.0260     0.9571    -0.5529     2.6667     0.9258
[1] 17900.0000     0.0000     0.9083    -0.0877     2.0927     0.9495
[1] 18000.0000     0.3232     0.9109    -0.1893     2.3146     0.8712
[1] 18100.0000     0.0000     0.8667    -0.2105     2.3059     1.1867
[1] 18200.0000     0.0007     0.8142     1.0419     1.0537     0.8298
[1] 18300.0000     0.0000     0.8120    -0.0463     2.1017     1.0717
[1] 18400.0000     0.0000     0.9121    -0.1088     2.2000     0.9764
[1] 18500.0000     0.0000     0.8451     0.0333     1.9678     0.9054
[1] 18600.0000     0.0000     0.8656    -0.0581     2.1560     0.8624
[1] 18700.0000     0.0000     0.8080     0.0149     2.0858     0.9308
[1] 18800.0000     0.0000     0.8537     0.0579     1.9285     0.9005
[1] 18900.0000     0.0000     0.9024    -0.2354     2.2283     1.0613
[1] 19000.0000     0.0029     0.8366     0.0406     2.0431     0.8015
[1] 19100.0000     0.0000     0.8142    -0.1576     2.1765     1.0716
[1] 19200.0000     0.0000     0.8001     0.4894     1.5046     0.9641
[1] 1.930e+04 0.000e+00 8.411e-01 2.856e-01 1.713e+00 9.272e-01
[1] 19400.0000     0.0000     0.8040    -0.8602     2.9423     1.1551
[1] 19500.0000     0.0000     0.8527     0.1164     1.9488     1.1208
[1] 19600.0000     0.4303     0.9162    -0.2066     2.1443     0.8038
[1] 19700.0000     1.0000     0.8293    -0.1153     2.3090     1.0022
[1] 19800.0000     0.0000     0.8317     0.6814     1.4118     1.0742
[1] 19900.0000     0.0000     0.9981    -0.1048     2.1626     1.0280
[1] 20000.0000     0.0000     0.8708    -0.1144     2.1738     1.0213
[1] 20100.0000     0.0000     0.9794     0.1671     1.9105     1.1721
[1] 20200.0000     0.5632     0.9840    -0.2471     2.2544     1.1380
[1] 20300.0000     0.0000     0.8028    -0.0348     2.1638     0.9708
[1] 20400.0000     0.0507     0.9596     0.0175     1.9716     1.0259
[1] 20500.0000     0.0000     0.8964     0.3200     1.7249     1.1285
[1] 20600.0000     0.9416     0.9169     0.0511     2.0182     1.1057
[1] 20700.0000     0.9522     0.8107    -0.0492     2.1586     1.0874
[1] 20800.0000     0.0000     0.9606    -0.2815     2.3475     1.0886
[1] 20900.0000     1.0000     0.9455    -0.0855     2.1051     1.1141
[1] 21000.0000     0.0000     0.9912     0.5600     1.4401     1.0875
[1] 21100.0000     0.0000     0.9732    -0.4445     2.5042     0.8253
[1] 21200.0000     0.3871     0.8263    -0.0338     2.0973     1.1324
[1] 21300.0000     1.0000     0.9067    -0.0654     2.2266     0.8492
[1] 21400.0000     0.0402     0.8276    -0.2367     2.1284     0.8233
[1] 21500.0000     0.0000     0.9375    -0.4662     2.4507     1.0777
[1] 21600.0000     0.0155     0.8420     0.0921     1.9463     0.8926
[1] 21700.0000     0.0000     0.8449    -0.3322     2.3808     0.9351
[1] 21800.0000     0.0049     0.8218    -0.3927     2.4560     1.1739
[1] 21900.0000     0.0000     0.8416    -0.1067     2.1452     1.1370
[1] 22000.0000     0.0000     0.8850    -0.0198     1.9957     0.9555
[1] 22100.0000     0.0000     0.9357    -0.3791     2.3761     1.0831
[1] 2.220e+04 0.000e+00 9.349e-01 2.558e-01 1.759e+00 9.881e-01
[1] 22300.0000     0.5672     0.9726     0.4234     1.7087     0.8521
[1] 22400.0000     0.0017     0.9494    -0.1991     2.2566     0.9207
[1] 2.250e+04 2.573e-01 8.623e-01 2.829e-01 1.823e+00 8.008e-01
[1] 22600.0000     0.0000     0.8858     0.4127     1.6207     0.9064
[1] 22700.0000     0.0000     0.8271     0.0152     2.0469     1.1968
[1] 22800.0000     0.0309     0.8972    -0.0926     1.9766     1.0231
[1] 22900.0000     0.0000     0.9287     0.2412     1.7086     0.9003
[1] 23000.0000     0.0000     0.9652     0.0120     2.0320     1.0264
[1] 23100.0000     0.0000     0.8291    -0.2245     2.3763     0.9730
[1] 23200.0000     0.0002     0.9586    -0.1497     2.1205     1.0581
[1] 23300.0000     0.7071     0.9627     0.5156     1.5473     0.8504
[1] 23400.0000     0.0679     0.8888    -0.0377     1.9105     1.0444
[1] 23500.0000     0.0000     0.8934    -0.1921     2.1836     1.1391
[1] 23600.0000     0.0000     0.8360    -0.0816     2.1204     0.8406
[1] 23700.0000     0.0000     0.8580     0.2346     1.7721     0.8494
[1] 2.380e+04 0.000e+00 9.509e-01 8.580e-02 1.870e+00 9.516e-01
[1] 23900.0000     0.0105     0.8157    -0.0601     2.0970     0.8034
[1] 24000.0000     0.0000     0.9801     0.1804     1.7875     1.1551
[1] 24100.0000     0.0000     0.8747    -0.5070     2.5005     1.0767
[1] 24200.0000     0.0000     0.8562     0.0233     1.8979     0.9310
[1] 24300.0000     0.0000     0.8207    -0.2840     2.2957     1.1509
[1] 24400.0000     0.0943     0.9020     1.0354     1.0348     1.0534
[1] 24500.0000     0.0000     0.9064     0.8505     1.2082     0.8345
[1] 24600.0000     0.0000     0.9062     0.0796     2.0178     0.8877
[1] 24700.0000     0.0222     0.8664    -0.3521     2.3749     1.1316
[1] 24800.0000     0.0148     0.8109    -0.0581     2.1235     1.1899
[1] 24900.0000     0.1621     0.9495     0.1750     1.9001     0.8626
[1] 25000.0000     0.5808     0.8801     0.3442     1.6145     0.8235
[1] 25100.0000     1.0000     0.8419     0.1946     1.7398     0.8544
[1] 25200.0000     0.0000     0.9920    -0.3187     2.3844     0.8420
[1] 25300.0000     1.0000     0.8151     0.0174     1.9940     1.0748
[1] 25400.0000     1.0000     0.8988    -0.0768     2.1188     1.0888
[1] 25500.0000     0.0000     0.8303     0.0623     1.9903     1.1248
[1] 25600.0000     0.0000     0.8978     0.2120     1.8245     1.1142
[1] 25700.0000     0.0000     0.8060     0.5389     1.4926     0.8422
[1] 25800.0000     0.0000     0.8043     0.1156     1.9078     0.8730
[1] 25900.0000     1.0000     0.8632     0.1839     1.8533     1.1254
[1] 26000.0000     0.2770     0.9492     0.0739     2.0532     1.0058
[1] 26100.0000     0.0000     0.9196     0.0360     1.8953     1.1722
[1] 26200.0000     0.0056     0.9529    -0.2331     2.2821     1.0017
[1] 26300.0000     0.0000     0.9342     0.0363     1.9514     1.1434
[1] 26400.0000     0.0000     0.8767    -0.0083     1.9554     0.8041
[1] 26500.0000     0.1030     0.8136    -0.0161     2.0868     0.8843
[1] 26600.0000     0.0000     0.8376    -0.4393     2.3839     1.1467
[1] 26700.0000     0.0052     0.9636     0.1934     1.8485     1.0915
[1] 26800.0000     0.0000     0.8173    -0.8331     2.7674     0.9752
[1] 26900.0000     0.0000     0.9586     0.4366     1.6857     1.0279
[1] 27000.0000     0.0000     0.9311    -0.2281     2.2572     1.0381
[1] 27100.0000     0.4608     0.8752     0.0397     2.0157     0.8424
[1] 27200.0000     0.0588     0.8628     0.0371     2.0605     1.0265
[1] 27300.0000     0.0000     0.9754    -0.2718     2.3429     0.9688
[1] 27400.0000     0.0000     0.9269     0.2584     1.8153     1.0000
[1] 27500.0000     0.0000     0.9661     0.7043     1.3341     1.0391
[1] 27600.0000     0.0000     0.8732     0.4860     1.6025     0.9172
[1] 27700.0000     0.0000     0.8317     0.1699     1.8538     1.1846
[1] 27800.0000     0.0000     0.8358     0.2349     1.8666     1.1051
[1] 27900.0000     1.0000     0.8904     0.0474     1.9839     0.9276
[1] 28000.0000     0.0000     0.8025    -0.1641     2.2620     0.9240
[1] 28100.0000     0.0000     0.9306    -0.3142     2.4240     0.8823
[1] 28200.0000     0.0000     0.9693    -0.5434     2.5947     0.8876
[1] 28300.0000     0.0000     0.9744    -0.1928     2.1997     1.1468
[1] 28400.0000     0.1822     0.9594     0.4865     1.6947     0.8105
[1] 28500.0000     0.0000     0.8824     0.1932     1.7993     0.8003
[1] 28600.0000     0.0000     0.9856     0.1726     1.7528     1.1641
[1] 28700.0000     0.0000     0.8546    -0.1014     2.1371     0.9787
[1] 28800.0000     0.0037     0.8713     0.3984     1.6728     0.8780
[1] 28900.0000     0.0000     0.9040    -0.0137     1.9682     0.8375
[1] 29000.0000     0.0000     0.9692    -0.1155     2.0636     0.9910
[1] 29100.0000     0.0000     0.9089    -0.2772     2.2726     0.8717
[1] 29200.0000     0.1000     0.9889     0.3096     1.6939     1.0979
[1] 29300.0000     1.0000     0.9064     0.4458     1.5270     1.0368
[1] 29400.0000     0.0527     0.9394     0.5542     1.4023     1.1754
[1] 29500.0000     0.0000     0.8510    -0.4111     2.5026     0.8942
[1] 29600.0000     0.0012     0.8035     0.3409     1.6380     1.0772
[1] 29700.0000     0.0000     0.8240     0.4623     1.6351     1.1041
[1] 29800.0000     0.0000     0.8030    -0.1722     2.2299     0.9421
[1] 29900.0000     0.7112     0.9798     0.1054     1.9833     1.0014
[1] 30000.0000     0.0000     0.8442     0.3499     1.5443     0.8821
[1] 0.1273149
Time difference of 10.71732 hours
null device 
          1 
