[1] "El numero de nodos X particion es: 10"
[1] "Model = M1 / Data = sim_data/datasetSVIExponential12.Rdata"
[1] 100.0000   0.8075   0.9429   0.0811   1.8882   1.1970
[1] 200.0000   1.0000   0.9804  -0.1387   2.0871   1.0297
[1] 300.0000   1.0000   0.8776  -0.3793   2.3842   1.0665
[1] 400.0000   0.0002   0.9472  -0.2246   2.2899   1.0679
[1] 500.0000   0.0000   0.8350   0.4074   1.5783   0.9084
[1] 600.0000   0.0745   0.9748   0.5038   1.3619   1.0386
[1] 700.0000   0.0544   0.9977   0.7328   1.1943   0.9763
[1] 800.0000   0.0000   0.8728   0.6770   1.2656   0.9084
[1] 900.0000   0.0000   0.9606  -0.6842   2.6461   1.0158
[1] 1000.0000    0.0000    0.8209   -0.9181    2.8981    0.9374
[1] 1100.0000    0.0000    0.9319    0.2729    1.7361    0.8930
[1] 1200.0000    0.1557    0.8544    1.3750    0.6349    0.9984
[1] 1300.0000    0.0000    0.9498   -0.1468    2.0736    1.1653
[1] 1400.0000    0.0000    0.9303    0.2950    1.5946    1.1894
[1] 1500.0000    0.0000    0.9584    0.3456    1.6424    1.0940
[1] 1600.0000    0.0000    0.9658   -0.3843    2.3697    1.0950
[1] 1700.0000    0.0000    0.9419   -0.0985    2.1885    1.0966
[1] 1800.0000    0.0000    0.8314   -0.1784    2.1819    0.9945
[1] 1900.0000    0.0000    0.8411   -0.6676    2.6647    1.0047
[1] 2000.0000    0.0000    0.9870   -0.2197    2.3764    0.9024
[1] 2100.0000    0.0000    0.9750   -0.8215    2.8297    1.0831
[1] 2200.0000    0.0000    0.8668    0.2990    1.7546    1.0989
[1] 2300.0000    0.0000    0.9142    0.2839    1.6611    0.8527
[1] 2400.0000    0.0000    0.9355    0.7235    1.2634    1.1578
[1] 2500.0000    0.0081    0.8571    0.7504    1.1910    1.0731
[1] 2600.0000    0.0000    0.9100    0.1538    1.8766    1.1442
[1] 2700.0000    0.0000    0.8492   -0.7589    2.8666    0.9140
[1] 2800.0000    0.0249    0.9386    0.7201    1.3242    0.8695
[1] 2900.0000    0.0000    0.9057   -0.6595    2.6327    0.9581
[1] 3000.0000    0.0000    0.8318   -0.2920    2.2886    1.1464
[1] 3100.0000    0.0000    0.9411    0.4195    1.4710    0.9915
[1] 3200.0000    0.0000    0.9190    0.7495    1.2711    0.9575
[1] 3300.0000    0.0000    0.9312   -0.0835    2.0948    0.9302
[1] 3400.0000    0.3804    0.8983    0.8245    1.2766    1.1525
[1] 3500.0000    0.0000    0.9256   -0.2656    2.1925    1.1684
[1] 3600.0000    0.0000    0.9625   -0.1016    2.1110    0.8525
[1] 3700.0000    0.4882    0.8237    0.4522    1.5741    0.8398
[1] 3800.0000    0.0000    0.9791    1.1696    0.8040    1.0179
[1] 3900.0000    0.0000    0.9030    0.2098    1.7520    0.9530
[1] 4000.0000    0.0000    0.9448   -0.2988    2.2923    1.0791
[1] 4100.0000    0.0000    0.8388   -1.2746    3.3249    0.8864
[1] 4200.0000    0.0000    0.9756   -1.2041    3.1515    0.9752
[1] 4300.0000    0.2545    0.8741   -1.5037    3.5026    1.1249
[1] 4400.0000    0.0000    0.9983    0.0064    1.9408    1.0333
[1] 4500.0000    0.1621    0.8404    0.4238    1.6080    1.1577
[1] 4600.0000    0.0000    0.9525    0.8921    1.1771    1.1110
[1] 4700.0000    0.0000    0.8528   -0.3329    2.2975    0.8411
[1] 4800.0000    0.0000    0.8660   -0.7453    2.7369    1.0939
[1] 4900.0000    0.0000    0.9924   -1.2571    3.2787    1.1836
[1] 5000.0000    0.0000    0.9762   -1.2400    3.1762    0.8665
[1] 5100.0000    0.0000    0.9679   -1.5488    3.4729    1.1951
[1] 5200.0000    0.0000    0.8051   -0.5505    2.5521    0.8965
[1] 5300.0000    0.0000    0.8845    0.1458    1.8444    1.0022
[1] 5400.0000    0.0000    0.8536    1.0586    0.9794    0.9337
[1] 5500.0000    0.0000    0.8913    1.1253    0.8407    1.1131
[1] 5600.0000    0.0000    0.9929   -0.2663    2.1616    1.1085
[1] 5700.0000    0.0000    0.9445    0.6896    1.3712    1.0237
[1] 5800.0000    0.0000    0.8612   -0.6491    2.7726    1.0327
[1] 5900.0000    0.0000    0.9311   -1.3089    3.2896    0.8983
[1] 6000.0000    0.0000    0.9870    0.6996    1.2178    1.0819
[1] 6100.0000    0.0000    0.9284    0.2924    1.7540    0.9188
[1] 6200.0000    0.0000    0.8235    0.8760    1.1300    1.1329
[1] 6300.0000    0.0000    0.9569    0.5337    1.5997    0.8080
[1] 6400.0000    0.0000    0.9599   -0.0939    2.1441    0.9947
[1] 6500.0000    0.0000    0.9084   -0.2749    2.2908    1.0918
[1] 6600.0000    0.0000    0.8710    0.0595    1.8356    0.9001
[1] 6700.0000    0.0000    0.8126   -0.9850    3.0561    1.1740
[1] 6800.0000    0.1344    0.8642    0.8001    1.2322    1.0905
[1] 6900.0000    0.0000    0.9290   -0.8439    2.8326    1.0476
[1] 7000.0000    0.0000    0.8521   -0.3335    2.3541    1.0680
[1] 7100.0000    0.0000    0.9857    0.0624    1.9268    1.0571
[1] 7200.0000    0.0000    0.9439    0.5975    1.4874    1.1769
[1] 7300.0000    0.0000    0.9604    0.7892    1.2867    0.9357
[1] 7400.0000    0.0000    0.8045    0.3231    1.6154    0.8734
[1] 7500.0000    0.0000    0.8475   -1.9279    3.8942    1.0597
[1] 7600.0000    0.0000    0.9493   -0.7336    2.7512    0.9281
[1] 7700.0000    0.0000    0.8440   -1.3496    3.3365    0.8976
[1] 7800.0000    0.0000    0.9477   -0.1362    2.0511    0.8206
[1] 7900.0000    0.0000    0.9916   -0.2354    2.2220    1.1766
[1] 8000.0000    0.0000    0.9309   -0.6853    2.6251    1.0835
[1] 8100.0000    0.0000    0.8483   -0.4012    2.2848    0.8203
[1] 8200.0000    0.0000    0.9207   -0.9382    2.9467    1.1282
[1] 8300.0000    0.0000    0.8222   -0.8363    2.8968    0.8438
[1] 8400.0000    0.0000    0.9658   -0.1689    2.1416    0.9286
[1] 8500.0000    0.0000    0.8325   -0.1693    2.2105    1.0750
[1] 8600.0000    0.0000    0.8576   -0.8422    2.8307    1.0835
[1] 8700.0000    0.0000    0.8940    1.0561    0.8983    1.0236
[1] 8800.0000    0.0000    0.9735    0.7974    1.0776    1.0381
[1] 8900.0000    0.0000    0.8674    1.4078    0.6810    1.0474
[1] 9000.0000    0.0000    0.8301    1.2440    0.7681    1.1387
[1] 9100.0000    0.0000    0.8755    1.0357    0.9679    0.8812
[1] 9200.0000    0.0000    0.8777    0.5399    1.4927    1.1489
[1] 9300.0000    0.0000    0.9734    0.0627    1.8117    1.1056
[1] 9400.0000    0.0000    0.8413    0.8953    1.0190    1.0761
[1] 9500.0000    0.0000    0.9934    0.0550    1.9918    1.0697
[1] 9600.0000    0.0000    0.8149   -0.0501    2.0749    0.9056
[1] 9700.0000    0.0000    0.9657    1.0379    0.9585    0.9166
[1] 9800.0000    0.0000    0.8457    0.3977    1.5724    0.8235
[1] 9900.0000    0.0000    0.8766    1.7436    0.2936    0.8125
[1] 10000.0000     0.1199     0.9984    -0.6197     2.6195     0.9987
[1] 10100.0000     0.0000     0.9390    -0.6017     2.5839     1.0815
[1] 10200.0000     0.0000     0.8133    -0.4524     2.4154     1.1117
[1] 10300.0000     0.2219     0.9549     1.4281     0.5633     0.8021
[1] 10400.0000     0.0000     0.9109     0.4073     1.5642     0.9653
[1] 10500.0000     0.0000     0.9828     0.4569     1.4861     0.8036
[1] 10600.0000     0.0000     0.9864     0.2903     1.6676     0.9817
[1] 10700.0000     0.0000     0.8398     0.6094     1.4027     1.0590
[1] 1.080e+04 1.000e+00 8.056e-01 9.390e-02 1.986e+00 8.503e-01
[1] 10900.0000     0.0000     0.9660     0.8237     1.2324     1.1970
[1] 11000.0000     0.0044     0.8555     0.4722     1.5712     1.1761
[1] 11100.0000     0.0000     0.9587    -1.0087     2.9634     0.9308
[1] 11200.0000     0.3904     0.9311    -0.6589     2.6794     0.8241
[1] 11300.0000     0.0000     0.8936    -0.6581     2.7016     1.0961
[1] 11400.0000     0.0000     0.9548     0.6958     1.3844     1.0047
[1] 11500.0000     0.0000     0.8034    -0.0068     1.9809     0.8501
[1] 11600.0000     0.0000     0.9104    -0.8482     2.8293     0.8269
[1] 11700.0000     0.1112     0.8613     0.7183     1.1761     1.0253
[1] 11800.0000     0.0000     0.8027    -0.3954     2.4243     0.8530
[1] 11900.0000     0.0000     0.9123    -0.5768     2.5761     1.0901
[1] 12000.0000     0.0000     0.8014     0.1165     1.8813     1.0595
[1] 12100.0000     0.0000     0.8666    -0.2373     2.2032     0.9630
[1] 12200.0000     0.0285     0.9853     0.4944     1.5663     1.1443
[1] 12300.0000     0.0000     0.8010    -0.2816     2.3172     0.8810
[1] 12400.0000     1.0000     0.8046    -0.5566     2.5422     0.8797
[1] 12500.0000     0.0000     0.9939     0.1827     1.9201     0.9707
[1] 12600.0000     0.0000     0.8126    -0.0973     2.2296     1.1805
[1] 12700.0000     0.0000     0.8779    -1.2518     3.1657     0.8170
[1] 12800.0000     0.0000     0.8257    -0.8433     2.8999     0.8904
[1] 12900.0000     0.0029     0.9204    -0.0583     2.0876     0.8219
[1] 13000.0000     0.0000     0.8069     0.1059     1.8633     1.0997
[1] 13100.0000     0.0000     0.9339     1.1870     0.8252     1.1193
[1] 13200.0000     0.0000     0.8843    -0.0283     2.0601     0.9997
[1] 13300.0000     0.0000     0.8427    -0.2854     2.2487     1.0281
[1] 13400.0000     0.0000     0.9882     0.0117     1.9698     1.1072
[1] 13500.0000     0.0000     0.8466     0.1696     1.8826     0.8143
[1] 13600.0000     0.0000     0.8917     0.2201     1.7092     1.0301
[1] 13700.0000     0.0000     0.8951    -0.5530     2.4948     1.0363
[1] 13800.0000     0.0000     0.8787    -0.8685     2.8438     1.0611
[1] 13900.0000     0.0000     0.8573    -0.6196     2.6233     0.8372
[1] 14000.0000     0.0000     0.9588     0.4317     1.5541     0.9662
[1] 14100.0000     0.0000     0.8411     0.7247     1.1665     1.1804
[1] 14200.0000     0.0000     0.8479     0.3711     1.5555     0.8739
[1] 14300.0000     0.0000     0.8548    -0.7032     2.6870     0.8231
[1] 14400.0000     0.0036     0.8623     0.6144     1.3579     0.8985
[1] 14500.0000     0.4042     0.9963    -0.3901     2.3770     1.0788
[1] 14600.0000     0.0000     0.8177    -0.1856     2.1280     1.0920
[1] 14700.0000     0.0000     0.8974    -0.2806     2.1753     1.0871
[1] 14800.0000     0.0000     0.9996     1.3372     0.6562     1.1359
[1] 14900.0000     0.0044     0.9582    -0.5493     2.5549     1.0321
[1] 15000.0000     0.0000     0.9447    -0.2910     2.2354     0.8911
[1] 15100.0000     0.3433     0.9406    -0.1985     2.1683     0.8849
[1] 15200.0000     0.0000     0.8242     0.6354     1.3874     1.0800
[1] 15300.0000     1.0000     0.8282    -0.0487     1.9637     1.1177
[1] 15400.0000     0.0044     0.8397    -0.4094     2.4573     1.1015
[1] 15500.0000     0.0000     0.8727    -1.0550     3.0672     1.1104
[1] 15600.0000     0.0000     0.8520    -1.0681     3.1241     1.1912
[1] 15700.0000     0.0000     0.8475    -0.3637     2.3437     0.9690
[1] 15800.0000     0.0000     0.9108    -0.1556     2.1189     0.9068
[1] 15900.0000     0.0000     0.8876    -0.0643     2.0058     0.9067
[1] 16000.0000     0.0000     0.9730     0.0731     1.8898     0.8869
[1] 16100.0000     0.0000     0.8125     0.6206     1.3759     0.8885
[1] 16200.0000     0.0000     0.9466     0.9372     1.0064     0.9477
[1] 16300.0000     0.0000     0.9158     0.2787     1.7635     0.9491
[1] 16400.0000     0.0000     0.9401     0.1456     1.8081     0.9237
[1] 16500.0000     0.5016     0.9646     0.6716     1.2818     1.1820
[1] 16600.0000     0.0000     0.8294    -0.1769     2.2449     0.8835
[1] 16700.0000     0.0000     0.9287    -0.1465     2.0545     0.9633
[1] 16800.0000     0.0000     0.8621    -0.3845     2.2974     1.1596
[1] 16900.0000     0.0000     0.8583    -0.1685     2.1392     0.9158
[1] 17000.0000     0.0000     0.9790    -0.3476     2.3357     0.8822
[1] 17100.0000     0.0000     0.9305     1.2592     0.8427     0.9283
[1] 1.720e+04 0.000e+00 9.497e-01 9.420e-01 9.959e-01 8.252e-01
[1] 17300.0000     1.0000     0.8396    -0.1038     2.0965     1.0131
[1] 17400.0000     0.0000     0.8593     0.0346     2.0151     1.1450
[1] 17500.0000     0.0000     0.9677    -0.3789     2.3901     1.1479
[1] 17600.0000     0.0000     0.8280     0.8524     1.1646     1.1486
[1] 17700.0000     0.0000     0.8794     1.1178     0.9148     0.9707
[1] 17800.0000     0.0000     0.9383    -0.5697     2.6943     1.0084
[1] 17900.0000     0.0000     0.9083     0.1071     1.9175     0.9495
[1] 18000.0000     1.0000     0.9109    -0.2353     2.2575     0.8712
[1] 18100.0000     0.0000     0.8802    -0.4035     2.4404     0.9893
[1] 18200.0000     0.0083     0.9706     2.0520    -0.1538     0.8923
[1] 18300.0000     0.0000     0.9928     0.7973     1.2170     1.1096
[1] 18400.0000     0.0000     0.9529    -0.3477     2.3878     0.8173
[1] 18500.0000     0.0000     0.9525    -0.2367     2.2010     0.9333
[1] 18600.0000     0.0000     0.8420     0.7418     1.3267     0.8224
[1] 18700.0000     0.0000     0.8080     0.1990     1.8479     0.9308
[1] 18800.0000     0.0000     0.8635     0.7246     1.2407     1.1693
[1] 18900.0000     0.0000     0.9024    -0.3823     2.3652     1.0613
[1] 19000.0000     0.0000     0.8366    -0.0565     2.0074     0.8015
[1] 19100.0000     0.0000     0.8878     0.3154     1.5742     1.0323
[1] 19200.0000     0.0000     0.8001    -0.2558     2.1911     0.9641
[1] 19300.0000     0.0000     0.8035    -0.3014     2.2647     1.0886
[1] 19400.0000     0.0000     0.9330    -0.1792     2.1662     1.0363
[1] 19500.0000     0.0000     0.9654     0.4130     1.6188     0.9669
[1] 19600.0000     0.6188     0.8529    -0.5111     2.4909     0.8752
[1] 19700.0000     0.0000     0.8982     0.0594     1.8095     1.1826
[1] 19800.0000     0.0000     0.9408     0.7457     1.2753     0.9927
[1] 19900.0000     0.0000     0.9981     0.1683     1.8819     1.0280
[1] 20000.0000     0.0000     0.8708    -0.2431     2.2570     1.0213
[1] 20100.0000     0.0000     0.9080     0.4047     1.6617     1.0402
[1] 20200.0000     1.0000     0.9840     0.0420     1.9769     1.1380
[1] 20300.0000     0.0000     0.8028    -0.3768     2.4264     0.9708
[1] 20400.0000     0.0047     0.9072    -0.1799     2.1798     0.9991
[1] 20500.0000     0.0000     0.9083    -0.6674     2.7304     0.8030
[1] 20600.0000     0.1018     0.8137    -0.1910     2.2312     0.9497
[1] 20700.0000     1.0000     0.8107     0.1555     1.7413     1.0874
[1] 20800.0000     0.0000     0.9606    -0.1754     2.2186     1.0886
[1] 20900.0000     0.0002     0.9198     0.5563     1.4395     1.1653
[1] 21000.0000     0.0000     0.9912     1.0982     0.8966     1.0875
[1] 21100.0000     0.0000     0.9732    -0.3155     2.2864     0.8253
[1] 21200.0000     0.0226     0.9704     0.1733     1.8276     1.1667
[1] 21300.0000     0.0000     0.8399    -0.6491     2.5436     1.0171
[1] 21400.0000     0.0000     0.9719     0.1421     1.8408     0.9071
[1] 21500.0000     0.0000     0.9375    -0.3037     2.2605     1.0777
[1] 21600.0000     0.0000     0.8420    -0.0146     2.0394     0.8926
[1] 21700.0000     0.0000     0.8258    -0.4872     2.5380     1.1265
[1] 21800.0000     0.0000     0.8709    -0.2150     2.2327     1.0601
[1] 21900.0000     0.0000     0.9408     0.3050     1.6447     0.9421
[1] 22000.0000     0.0000     0.8850     0.8987     1.0705     0.9555
[1] 22100.0000     0.0000     0.9825    -0.3505     2.3287     1.1195
[1] 22200.0000     0.0000     0.9349    -0.2189     2.1380     0.9881
[1] 22300.0000     0.0002     0.8584     0.0160     1.9758     0.9367
[1] 22400.0000     0.0000     0.9494     0.6167     1.4332     0.9207
[1] 22500.0000     0.0009     0.9610     1.1534     0.8650     0.9963
[1] 22600.0000     0.0000     0.8858    -0.2525     2.3677     0.9064
[1] 22700.0000     0.0000     0.8271     0.2217     1.6824     1.1968
[1] 22800.0000     0.0000     0.9630    -0.0874     2.1653     0.9437
[1] 22900.0000     0.0000     0.9768     0.8159     1.1075     0.8117
[1] 23000.0000     0.0000     0.9652     0.8224     1.1978     1.0264
[1] 23100.0000     0.0000     0.9231     0.1476     1.7891     0.8179
[1] 23200.0000     0.0000     0.9741    -0.7771     2.8051     1.1699
[1] 23300.0000     0.6654     0.9627     0.5636     1.3846     0.8504
[1] 23400.0000     0.0000     0.8015    -0.4252     2.4471     0.8904
[1] 23500.0000     0.0000     0.9561     0.1678     1.8380     1.0572
[1] 2.360e+04 0.000e+00 8.176e-01 7.206e-01 1.251e+00 8.266e-01
[1] 23700.0000     0.0000     0.8580    -0.0820     2.0761     0.8494
[1] 23800.0000     0.0000     0.9509     0.0580     1.8702     0.9516
[1] 23900.0000     0.0000     0.8157    -0.3507     2.3756     0.8034
[1] 24000.0000     0.0000     0.9784    -0.8929     2.8151     0.8375
[1] 24100.0000     0.0000     0.8643    -1.8446     3.8165     0.9462
[1] 24200.0000     0.0000     0.8399     0.0018     1.8713     1.0287
[1] 24300.0000     0.0000     0.9879    -0.9512     2.9593     1.1930
[1] 24400.0000     1.0000     0.9947     0.6995     1.3119     0.9697
[1] 24500.0000     0.0000     0.9064     1.3501     0.6977     0.8345
[1] 2.460e+04 0.000e+00 9.062e-01 2.280e-01 1.807e+00 8.877e-01
[1] 24700.0000     0.0001     0.9025    -0.6616     2.6772     0.8040
[1] 24800.0000     0.0000     0.8109     0.8634     1.1639     1.1899
[1] 24900.0000     0.0000     0.9495    -0.4963     2.4439     0.8626
[1] 25000.0000     0.0001     0.9628    -0.0528     2.0564     0.9362
[1] 25100.0000     0.0000     0.9605     0.3803     1.5759     1.0743
[1] 25200.0000     0.0000     0.8822     0.2139     1.7864     1.1540
[1] 25300.0000     0.7526     0.8151    -0.0052     1.9250     1.0748
[1] 25400.0000     1.0000     0.8988    -0.1819     2.1596     1.0888
[1] 25500.0000     0.0000     0.8147     0.5655     1.4023     1.1844
[1] 25600.0000     0.0000     0.8978     0.0431     1.9418     1.1142
[1] 25700.0000     0.0000     0.8060     0.9061     1.1321     0.8422
[1] 25800.0000     0.0000     0.8043    -0.3182     2.1880     0.8730
[1] 25900.0000     1.0000     0.8632     0.0195     2.0030     1.1254
[1] 26000.0000     1.0000     0.9492    -0.5179     2.5686     1.0058
[1] 26100.0000     0.0000     0.9196    -0.2449     2.0719     1.1722
[1] 26200.0000     0.0000     0.9768    -0.8167     2.7553     0.9801
[1] 26300.0000     0.0000     0.8530    -0.7495     2.7900     1.0678
[1] 26400.0000     0.0000     0.8767    -0.0617     1.9519     0.8041
[1] 26500.0000     0.0084     0.8556    -0.2053     2.2198     0.8038
[1] 26600.0000     0.0000     0.9293    -1.2366     3.4034     0.8497
[1] 26700.0000     0.0000     0.8184    -0.1757     2.1623     0.9177
[1] 26800.0000     0.0000     0.8448    -1.1393     3.0644     0.8652
[1] 26900.0000     0.0000     0.9184    -0.1358     2.0397     1.1619
[1] 27000.0000     0.0000     0.9892    -0.1280     2.1855     0.9138
[1] 27100.0000     0.6865     0.8372     0.1732     1.8226     1.1930
[1] 27200.0000     0.0000     0.8802     0.2726     1.7271     0.8416
[1] 27300.0000     0.0000     0.8270    -0.5996     2.6153     1.1347
[1] 27400.0000     0.0000     0.9754     0.1052     1.8498     1.0598
[1] 27500.0000     0.0000     0.8463     0.4457     1.6588     0.8762
[1] 2.760e+04 0.000e+00 8.732e-01 1.308e+00 7.181e-01 9.172e-01
[1] 27700.0000     0.0000     0.8768     0.0948     1.9747     1.0202
[1] 27800.0000     0.0000     0.8338     0.1161     1.8511     0.9440
[1] 27900.0000     1.0000     0.8904     0.4709     1.5037     0.9276
[1] 28000.0000     0.0000     0.8025    -0.7711     2.7744     0.9240
[1] 28100.0000     0.0000     0.9262     0.6143     1.4495     1.0710
[1] 28200.0000     0.0000     0.9683     0.0813     1.9181     0.8917
[1] 28300.0000     0.0000     0.9886    -0.7545     2.7141     1.1843
[1] 28400.0000     1.0000     0.9594    -0.5749     2.5720     0.8105
[1] 28500.0000     0.0000     0.8678     1.0935     0.8678     0.8688
[1] 28600.0000     0.0000     0.9775     0.3731     1.5581     0.9079
[1] 28700.0000     0.0000     0.9675    -0.2647     2.2588     1.1579
[1] 28800.0000     0.0000     0.8104     0.3603     1.6657     1.1940
[1] 28900.0000     0.0000     0.9137     0.7914     1.3325     0.8478
[1] 29000.0000     0.0000     0.9277    -0.4698     2.4248     1.1735
[1] 29100.0000     0.0000     0.8240     0.1157     1.9324     1.0266
[1] 29200.0000     0.0518     0.9367     0.9008     1.0938     1.1465
[1] 29300.0000     0.1847     0.9749     1.2729     0.7737     0.9782
[1] 29400.0000     0.0000     0.9394     0.9460     0.9614     1.1754
[1] 29500.0000     0.0000     0.9697    -0.7179     2.6910     0.9614
[1] 29600.0000     0.0000     0.8335     0.4156     1.5727     1.1940
[1] 29700.0000     0.0000     0.9991    -0.0183     1.9891     0.9357
[1] 29800.0000     0.0000     0.8030    -0.7419     2.7937     0.9421
[1] 29900.0000     0.8535     0.9798     0.0160     2.0167     1.0014
[1] 30000.0000     0.0000     0.9561     1.1122     0.8278     1.0811
[1] 0.06527739
Time difference of 3.958908 hours
null device 
          1 
