[1] "El numero de nodos X particion es: 10"
[1] "Model = M1 / Data = sim_data/datasetSVIExponential28.Rdata"
[1] 100.0000   0.4590   0.9429   0.0024   1.8485   1.1970
[1] 200.0000   1.0000   0.9804  -0.0170   1.9115   1.0297
[1] 300.0000   0.8938   0.8776  -0.0067   1.8944   1.0665
[1] 400.0000   0.1528   0.9217  -0.2566   2.1394   0.9692
[1] 500.0000   0.0002   0.8380  -0.0754   1.9707   0.8203
[1] 600.0000   1.0000   0.9748   0.1099   1.7596   1.0386
[1] 700.0000   0.2734   0.8009   0.1751   1.6910   0.8720
[1] 800.0000   0.0007   0.9381  -0.3832   2.2624   1.1219
[1] 900.0000   0.0000   0.9344  -0.3414   2.1537   1.0036
[1] 1000.0000    0.0000    0.8209   -0.2658    2.1422    0.9374
[1] 1100.0000    0.0000    0.9319    0.6353    1.2469    0.8930
[1] 1200.0000    1.0000    0.8603    0.4694    1.4705    0.9164
[1] 1300.0000    1.0000    0.8617   -0.3476    2.1942    1.0550
[1] 1400.0000    0.0000    0.9303   -0.7106    2.5309    1.1894
[1] 1500.0000    0.0002    0.9584    0.2068    1.6755    1.0940
[1] 1600.0000    0.0000    0.9658   -0.5282    2.3763    1.0950
[1] 1700.0000    0.0000    0.8745   -0.5232    2.4353    0.9148
[1] 1800.0000    0.0000    0.9376    0.2528    1.6257    0.8302
[1] 1900.0000    0.0000    0.9875   -0.3095    2.1368    0.8532
[1] 2000.0000    0.0000    0.9870   -0.7819    2.7166    0.9024
[1] 2100.0000    0.0000    0.9372   -0.1407    1.9834    0.8634
[1] 2200.0000    0.0000    0.8668    0.4364    1.4411    1.0989
[1] 2300.0000    0.0007    0.8951    0.0410    1.7802    0.9529
[1] 2400.0000    0.0000    0.9355   -0.2040    2.0783    1.1578
[1] 2500.0000    0.0424    0.8909    0.1503    1.6439    1.1217
[1] 2600.0000    0.0000    0.9483    0.1351    1.7109    1.1376
[1] 2700.0000    0.0000    0.8492    0.2085    1.6858    0.9140
[1] 2800.0000    0.0084    0.9386    0.2213    1.5790    0.8695
[1] 2900.0000    0.0005    0.9982   -0.5515    2.3512    0.9626
[1] 3000.0000    0.0000    0.8454   -0.0577    1.9250    0.9669
[1] 3100.0000    0.0000    0.9751   -0.1053    1.9953    1.0618
[1] 3200.0000    0.0000    0.9190    0.0284    1.8517    0.9575
[1] 3300.0000    0.0000    0.9797    0.0716    1.8440    1.0744
[1] 3400.0000    0.7046    0.8983    0.1983    1.7048    1.1525
[1] 3500.0000    0.0001    0.9256    0.1919    1.6837    1.1684
[1] 3600.0000    0.0000    0.8756   -0.5060    2.3821    0.9795
[1] 3700.0000    0.3795    0.8237    0.2481    1.6451    0.8398
[1] 3800.0000    0.0000    0.9791    0.3713    1.4903    1.0179
[1] 3900.0000    0.0000    0.9030   -0.2555    2.1347    0.9530
[1] 4000.0000    0.3906    0.9388    0.2330    1.4771    0.8131
[1] 4100.0000    0.0000    0.8388   -0.3093    2.1684    0.8864
[1] 4200.0000    0.0000    0.9756   -0.8749    2.6581    0.9752
[1] 4300.0000    0.3375    0.8741   -0.5951    2.4477    1.1249
[1] 4400.0000    0.0000    0.9459   -0.3803    2.2458    1.1887
[1] 4500.0000    0.9565    0.8410   -0.1807    2.0685    1.1520
[1] 4600.0000    0.0001    0.9525    0.2395    1.7092    1.1110
[1] 4700.0000    0.0000    0.9516   -0.4109    2.2075    1.1937
[1] 4800.0000    0.0000    0.8616   -0.2865    2.1500    0.9384
[1] 4900.0000    0.0000    0.9924   -0.2494    2.1414    1.1836
[1] 5000.0000    0.4044    0.9273    0.1071    1.8652    1.0348
[1] 5100.0000    0.0000    0.9679   -0.1356    2.0136    1.1951
[1] 5200.0000    0.0000    0.8350   -0.0940    2.1449    1.0935
[1] 5300.0000    0.0000    0.8845   -0.0007    1.8449    1.0022
[1] 5400.0000    0.0000    0.8536    0.0164    1.6842    0.9337
[1] 5500.0000    0.0000    0.8506    0.2673    1.5714    1.1979
[1] 5600.0000    0.0000    0.8117   -0.1642    2.0181    0.9121
[1] 5700.0000    0.0000    0.9545   -0.1140    1.9689    0.8805
[1] 5800.0000    0.0000    0.8612   -0.4141    2.3020    1.0327
[1] 5900.0000    0.0000    0.8278    0.3557    1.5105    1.0767
[1] 6000.0000    0.0000    0.8790    0.5807    1.3651    1.0590
[1] 6100.0000    0.0000    0.8198   -0.3894    2.2195    1.1772
[1] 6200.0000    0.0005    0.9400    0.0278    1.7444    0.8404
[1] 6300.0000    0.0000    0.9569   -0.1534    2.0495    0.8080
[1] 6400.0000    0.0000    0.9918   -0.3031    2.2535    1.1860
[1] 6500.0000    0.0546    0.9084   -0.1223    1.9957    1.0918
[1] 6600.0000    0.0000    0.8710    0.1952    1.6262    0.9001
[1] 6700.0000    0.0000    0.8204   -0.0873    1.9082    0.9264
[1] 6800.0000    0.0924    0.8794    0.1591    1.6344    0.9381
[1] 6900.0000    0.0000    0.9267   -0.4988    2.4316    1.0380
[1] 7000.0000    0.0000    0.8543   -0.0585    1.8536    0.8271
[1] 7100.0000    0.0000    0.9857    0.0047    1.8602    1.0571
[1] 7200.0000    0.0000    0.8247   -0.0956    2.0322    0.8913
[1] 7300.0000    0.0000    0.8356    0.8160    1.0431    1.1395
[1] 7400.0000    0.0000    0.9512   -0.4670    2.2627    0.8676
[1] 7500.0000    0.0000    0.9989   -1.1144    2.8187    1.1081
[1] 7600.0000    0.0000    0.9493   -0.3482    2.2712    0.9281
[1] 7700.0000    0.0000    0.8348   -1.1157    2.9190    1.0869
[1] 7800.0000    0.0012    0.9281   -0.0194    1.9398    0.8883
[1] 7900.0000    0.0000    0.9654   -0.2634    2.1139    1.1831
[1] 8000.0000    0.0000    0.9309   -0.1701    1.9409    1.0835
[1] 8100.0000    0.0000    0.8483   -0.3855    2.2048    0.8203
[1] 8200.0000    0.0083    0.8808   -0.1080    1.8753    1.1030
[1] 8300.0000    0.0000    0.8222   -0.3850    2.2892    0.8438
[1] 8400.0000    0.0000    0.9658    0.0517    1.7919    0.9286
[1] 8500.0000    0.0000    0.8325    0.0703    1.7911    1.0750
[1] 8600.0000    0.0667    0.9212   -0.7652    2.6592    1.1298
[1] 8700.0000    0.0000    0.8940   -0.0360    1.9420    1.0236
[1] 8800.0000    0.0000    0.9735   -0.3416    2.1740    1.0381
[1] 8900.0000    0.0002    0.8674    0.4948    1.3758    1.0474
[1] 9000.0000    0.0000    0.8638    0.2289    1.5397    1.1683
[1] 9100.0000    0.0000    0.9806   -0.0512    1.8031    1.0696
[1] 9200.0000    0.0000    0.8777    0.0565    1.8405    1.1489
[1] 9300.0000    0.0000    0.8689    0.1136    1.7745    0.9976
[1] 9400.0000    0.0000    0.9163    0.8393    1.0018    0.8003
[1] 9500.0000    0.0000    0.8817    0.1518    1.6501    1.0875
[1] 9600.0000    0.4679    0.8149    0.0852    1.8913    0.9056
[1] 9700.0000    0.0000    0.9657    0.7325    1.1901    0.9166
[1] 9800.0000    0.0000    0.9462   -0.2966    2.1339    1.1275
[1] 9900.0000    0.0000    0.9876    0.7053    1.1597    0.9739
[1] 10000.0000     1.0000     0.8618    -0.2915     2.1738     0.8032
[1] 10100.0000     1.0000     0.9049    -0.4262     2.3591     1.0751
[1] 10200.0000     1.0000     0.9808    -0.4202     2.2474     0.8342
[1] 10300.0000     0.3653     0.9290     0.1616     1.7706     0.8292
[1] 10400.0000     0.0000     0.9434    -0.0369     1.8390     1.1753
[1] 10500.0000     0.0366     0.8159    -0.2406     1.9416     1.1284
[1] 10600.0000     0.0000     0.8442    -0.1322     1.9920     0.9495
[1] 10700.0000     0.0000     0.9346     0.3909     1.5297     1.0990
[1] 10800.0000     1.0000     0.8056    -0.1159     1.9627     0.8503
[1] 10900.0000     0.0000     0.9660     0.4670     1.4713     1.1970
[1] 11000.0000     0.1678     0.8012     0.3539     1.6326     0.9407
[1] 11100.0000     0.0000     0.8902    -0.2218     2.1091     0.9114
[1] 11200.0000     0.1490     0.8258    -0.1067     1.8813     1.0628
[1] 11300.0000     0.0000     0.9481    -0.1744     1.9711     1.1448
[1] 11400.0000     0.0045     0.9548     0.4366     1.4147     1.0047
[1] 11500.0000     0.0000     0.8034     0.0600     1.8208     0.8501
[1] 11600.0000     0.7790     0.9382    -0.2583     2.0404     0.8033
[1] 11700.0000     0.7749     0.8613    -0.0561     1.8633     1.0253
[1] 11800.0000     0.0000     0.8027    -0.0851     1.8818     0.8530
[1] 11900.0000     0.0000     0.8460    -0.1177     2.0044     0.8150
[1] 12000.0000     0.0000     0.8197    -0.0570     1.8550     0.8759
[1] 12100.0000     0.2437     0.8005    -0.2501     1.9640     0.8375
[1] 12200.0000     0.2862     0.8496     0.5601     1.3756     0.8460
[1] 12300.0000     0.0187     0.8010     0.1658     1.7316     0.8810
[1] 12400.0000     0.2249     0.8019     0.1000     1.8288     1.1971
[1] 12500.0000     0.0000     0.9939    -0.1261     2.0415     0.9707
[1] 12600.0000     0.0000     0.9359    -0.6121     2.5193     1.1279
[1] 12700.0000     0.5277     0.9614    -0.0270     1.7693     0.8958
[1] 12800.0000     0.0000     0.9902    -0.5673     2.3845     0.9345
[1] 12900.0000     0.1124     0.9204     0.0397     1.8098     0.8219
[1] 13000.0000     0.0000     0.8069     0.1219     1.7430     1.0997
[1] 13100.0000     0.0000     0.9339     0.5368     1.3054     1.1193
[1] 13200.0000     0.0442     0.8843    -0.7690     2.6180     0.9997
[1] 13300.0000     0.0000     0.8062    -0.6806     2.6139     1.1333
[1] 13400.0000     0.0000     0.9676    -0.0618     1.9338     1.1418
[1] 13500.0000     0.0000     0.8466    -0.7773     2.6217     0.8143
[1] 13600.0000     0.0000     0.8917    -0.0771     2.0274     1.0301
[1] 1.370e+04 0.000e+00 8.984e-01 1.642e-01 1.713e+00 1.144e+00
[1] 13800.0000     0.0000     0.9432    -0.2331     2.0863     1.1717
[1] 13900.0000     0.0000     0.8495     0.0710     1.7595     1.0802
[1] 14000.0000     0.0000     0.9588    -0.0458     1.8650     0.9662
[1] 14100.0000     0.0000     0.8844    -0.1204     1.8412     1.1867
[1] 14200.0000     0.0000     0.8479    -0.1497     1.9766     0.8739
[1] 14300.0000     0.0000     0.8548    -1.0435     2.9018     0.8231
[1] 14400.0000     0.2367     0.8171    -0.3043     2.1610     1.1588
[1] 14500.0000     0.3529     0.8647    -0.0012     1.8717     1.0877
[1] 14600.0000     0.0103     0.9850     0.4677     1.4155     0.9950
[1] 14700.0000     0.0000     0.8974    -0.2046     1.9882     1.0871
[1] 1.480e+04 0.000e+00 9.473e-01 1.469e-01 1.642e+00 8.982e-01
[1] 14900.0000     0.0781     0.9582    -0.0991     2.0116     1.0321
[1] 15000.0000     0.0234     0.9447     0.0346     1.8015     0.8911
[1] 15100.0000     0.2468     0.8384    -0.2458     2.1739     0.8510
[1] 15200.0000     0.0000     0.8242     0.2915     1.6129     1.0800
[1] 15300.0000     0.6525     0.9517     0.0362     1.8448     1.1636
[1] 15400.0000     1.0000     0.9829    -0.1567     2.0031     1.0368
[1] 15500.0000     0.0000     0.8045    -0.4962     2.2820     1.0028
[1] 15600.0000     0.0000     0.8520    -0.4722     2.3526     1.1912
[1] 15700.0000     0.0000     0.8475    -0.3037     2.1780     0.9690
[1] 15800.0000     0.0033     0.9108     0.2255     1.6288     0.9068
[1] 15900.0000     0.0000     0.9231     0.0503     1.6996     0.8720
[1] 16000.0000     0.0783     0.8438     0.0571     1.8005     0.9585
[1] 16100.0000     0.0000     0.8906     0.2997     1.5531     0.9023
[1] 16200.0000     0.0004     0.9466    -0.3523     2.1653     0.9477
[1] 16300.0000     0.0000     0.9327    -0.3898     2.3144     0.9714
[1] 16400.0000     0.0000     0.8699    -0.2918     2.1158     0.9170
[1] 16500.0000     0.1922     0.9646    -0.0590     1.9621     1.1820
[1] 16600.0000     0.0038     0.8568    -0.2430     2.1595     1.0645
[1] 16700.0000     0.0000     0.9287     0.0589     1.7513     0.9633
[1] 16800.0000     0.0000     0.8165     0.0752     1.8322     1.0376
[1] 16900.0000     0.0000     0.8583     0.0825     1.7722     0.9158
[1] 17000.0000     0.0000     0.9790    -0.4860     2.3042     0.8822
[1] 1.710e+04 5.400e-03 9.305e-01 8.981e-01 9.498e-01 9.283e-01
[1] 17200.0000     0.0127     0.9497     0.5072     1.3599     0.8252
[1] 17300.0000     1.0000     0.8396     0.0882     1.7967     1.0131
[1] 17400.0000     0.0000     0.8593     0.0743     1.8409     1.1450
[1] 1.750e+04 0.000e+00 8.131e-01 1.339e-01 1.789e+00 9.127e-01
[1] 17600.0000     0.0000     0.8280     0.2518     1.5906     1.1486
[1] 17700.0000     0.0000     0.8794     0.1422     1.7148     0.9707
[1] 17800.0000     0.0076     0.9571    -0.5670     2.5389     0.9258
[1] 1.790e+04 0.000e+00 9.083e-01 1.013e-01 1.738e+00 9.495e-01
[1] 18000.0000     0.3546     0.9109    -0.2060     2.1494     0.8712
[1] 18100.0000     0.0000     0.8667    -0.2274     2.1408     1.1867
[1] 1.820e+04 7.700e-02 8.582e-01 8.617e-01 9.507e-01 9.652e-01
[1] 18300.0000     0.0000     0.9012     0.0177     1.8791     1.0710
[1] 18400.0000     0.0000     0.9121    -0.0132     1.8966     0.9764
[1] 18500.0000     0.0000     0.8451    -0.0871     1.9477     0.9054
[1] 18600.0000     0.0000     0.8656    -0.0446     1.9753     0.8624
[1] 18700.0000     0.0000     0.8690    -0.2292     2.0105     0.9055
[1] 18800.0000     0.0000     0.8537    -0.1859     2.0680     0.9005
[1] 18900.0000     0.0000     0.9024    -0.1253     1.9832     1.0613
[1] 19000.0000     0.0000     0.8366     0.1119     1.6987     0.8015
[1] 19100.0000     0.0000     0.8142    -0.2589     2.0497     1.0716
[1] 1.920e+04 0.000e+00 8.001e-01 3.234e-01 1.504e+00 9.641e-01
[1] 19300.0000     0.0000     0.8411     0.2192     1.6059     0.9272
[1] 19400.0000     0.0000     0.8040    -0.1765     2.0826     1.1551
[1] 19500.0000     0.0000     0.8527    -0.2332     2.1135     1.1208
[1] 19600.0000     0.4742     0.9162    -0.1831     1.9188     0.8038
[1] 19700.0000     0.0849     0.9629    -0.3324     2.0781     0.8437
[1] 19800.0000     0.0000     0.8275     0.4602     1.4446     1.0965
[1] 19900.0000     0.0000     0.9981    -0.1074     2.0457     1.0280
[1] 20000.0000     0.0000     0.9250    -0.1713     2.0812     0.8216
[1] 20100.0000     0.0000     0.9794     0.4035     1.4946     1.1721
[1] 20200.0000     0.9111     0.9840    -0.0949     1.9474     1.1380
[1] 20300.0000     0.0000     0.8028    -0.3216     2.2167     0.9708
[1] 20400.0000     0.0188     0.9845    -0.5007     2.2886     1.1049
[1] 20500.0000     0.0000     0.8964     0.1837     1.7207     1.1285
[1] 20600.0000     0.7950     0.9169    -0.1508     2.0454     1.1057
[1] 20700.0000     0.9730     0.8107    -0.2498     2.1845     1.0874
[1] 20800.0000     0.0000     0.9606    -0.5256     2.3743     1.0886
[1] 20900.0000     0.1068     0.9109    -0.3302     2.1287     0.9980
[1] 21000.0000     0.0000     0.9912     0.3111     1.5107     1.0875
[1] 21100.0000     0.0000     0.9732    -0.6816     2.5651     0.8253
[1] 21200.0000     1.0000     0.9611    -0.0222     1.8418     0.8029
[1] 21300.0000     0.0000     0.8399    -0.1637     1.9921     1.0171
[1] 21400.0000     0.0276     0.8276    -0.2516     1.9572     0.8233
[1] 21500.0000     0.0000     0.9375    -0.4794     2.2781     1.0777
[1] 21600.0000     0.0148     0.8420     0.2558     1.6119     0.8926
[1] 21700.0000     0.0000     0.8449    -0.1659     2.0445     0.9351
[1] 21800.0000     0.0005     0.8660    -0.3939     2.3255     1.1387
[1] 21900.0000     0.0000     0.9084     0.2777     1.5460     1.1067
[1] 22000.0000     0.0000     0.8850     0.2953     1.5103     0.9555
[1] 22100.0000     0.0000     0.9825    -0.1675     1.9833     1.1195
[1] 22200.0000     0.0000     0.8403    -0.3252     2.1387     1.1277
[1] 22300.0000     0.1167     0.9726     0.0266     1.9564     0.8521
[1] 22400.0000     0.0004     0.8145    -0.1984     2.0545     0.8604
[1] 22500.0000     0.0160     0.9610     0.3471     1.5081     0.9963
[1] 22600.0000     0.0000     0.8858    -0.4351     2.2742     0.9064
[1] 22700.0000     0.0000     0.8271    -0.3409     2.1530     1.1968
[1] 22800.0000     0.0162     0.8972    -0.3054     1.9965     1.0231
[1] 22900.0000     0.0000     0.9287    -0.0364     1.8021     0.9003
[1] 23000.0000     0.0000     0.9652    -0.1716     2.0185     1.0264
[1] 23100.0000     0.0000     0.8291    -0.1258     2.0688     0.9730
[1] 23200.0000     0.0029     0.9483    -0.0602     1.8301     1.0848
[1] 23300.0000     0.1997     0.8966    -0.0014     1.8443     1.0199
[1] 23400.0000     0.0000     0.8015     0.1483     1.7107     0.8904
[1] 23500.0000     0.0000     0.8934    -0.8925     2.6730     1.1391
[1] 23600.0000     0.0000     0.8360    -0.1255     1.9922     0.8406
[1] 23700.0000     0.0000     0.8580     0.1875     1.6473     0.8494
[1] 23800.0000     0.0000     0.9509     0.0400     1.7443     0.9516
[1] 23900.0000     0.2972     0.8157     0.1568     1.6418     0.8034
[1] 24000.0000     0.0000     0.9801    -0.2680     2.0678     1.1551
[1] 24100.0000     0.0000     0.8747    -0.6446     2.4199     1.0767
[1] 24200.0000     0.0000     0.8399     0.0107     1.7447     1.0287
[1] 24300.0000     0.0000     0.8894    -0.4831     2.3121     0.9198
[1] 24400.0000     0.0787     0.9020     0.9147     0.9974     1.0534
[1] 24500.0000     0.0000     0.9407     0.8015     1.0577     1.0416
[1] 24600.0000     0.0000     0.9062    -0.0382     1.9017     0.8877
[1] 24700.0000     0.0159     0.8664    -0.3108     2.1485     1.1316
[1] 24800.0000     0.0476     0.8109     0.0153     1.8297     1.1899
[1] 24900.0000     0.1757     0.9495     0.1030     1.7944     0.8626
[1] 25000.0000     0.4607     0.8801    -0.2763     2.0509     0.8235
[1] 25100.0000     0.0019     0.9102     0.4922     1.3761     0.9221
[1] 25200.0000     0.0000     0.9920    -0.4936     2.3774     0.8420
[1] 25300.0000     1.0000     0.8151    -0.0745     1.9080     1.0748
[1] 25400.0000     1.0000     0.8988    -0.0843     1.9499     1.0888
[1] 25500.0000     0.0000     0.8303     0.0527     1.8232     1.1248
[1] 25600.0000     0.0000     0.8978     0.2002     1.6596     1.1142
[1] 25700.0000     0.0000     0.8060     0.1931     1.6732     0.8422
[1] 25800.0000     0.0000     0.8043    -0.2817     2.0934     0.8730
[1] 25900.0000     1.0000     0.8632     0.0317     1.8625     1.1254
[1] 26000.0000     0.9424     0.9492    -0.2505     2.1589     1.0058
[1] 26100.0000     0.0000     0.9803     0.0974     1.6622     1.0323
[1] 26200.0000     0.0000     0.9529    -0.1729     1.9497     1.0017
[1] 26300.0000     0.0000     0.9342    -0.1696     1.9138     1.1434
[1] 26400.0000     0.0000     0.8767    -0.1121     1.9463     0.8041
[1] 26500.0000     0.1904     0.8136    -0.2400     2.1221     0.8843
[1] 26600.0000     0.0000     0.9293    -0.0611     1.9715     0.8497
[1] 26700.0000     0.2095     0.8892     0.0381     1.9483     0.9428
[1] 26800.0000     0.0000     0.8448    -0.8660     2.7249     0.8652
[1] 26900.0000     0.0000     0.9586     0.4250     1.5394     1.0279
[1] 27000.0000     0.0000     0.8280     0.0463     1.8065     0.9596
[1] 27100.0000     0.2516     0.8095    -0.1837     2.0866     1.0497
[1] 27200.0000     0.0027     0.8628     0.0569     1.8072     1.0265
[1] 27300.0000     0.0000     0.9754    -0.2207     2.1205     0.9688
[1] 27400.0000     0.0000     0.9269     0.1795     1.7167     1.0000
[1] 27500.0000     0.0000     0.9661     0.6192     1.2409     1.0391
[1] 27600.0000     0.0000     0.8732     0.0668     1.8128     0.9172
[1] 27700.0000     0.0000     0.8317     0.0203     1.8330     1.1846
[1] 27800.0000     0.0000     0.8358     0.0844     1.8456     1.1051
[1] 27900.0000     1.0000     0.8904    -0.1003     1.9615     0.9276
[1] 28000.0000     0.0000     0.8025    -0.3426     2.1883     0.9240
[1] 28100.0000     0.0000     0.9262    -0.6533     2.4803     1.0710
[1] 28200.0000     0.0000     0.9693    -0.1152     2.0420     0.8876
[1] 28300.0000     0.0000     0.8845    -0.3758     2.2494     0.9758
[1] 28400.0000     0.4545     0.9594    -0.1303     2.0794     0.8105
[1] 28500.0000     0.0000     0.8824     0.0059     1.8091     0.8003
[1] 28600.0000     0.0000     0.9775     0.1754     1.7377     0.9079
[1] 28700.0000     0.0000     0.8546    -0.2663     2.1192     0.9787
[1] 28800.0000     0.0003     0.8104     0.4686     1.3769     1.1940
[1] 28900.0000     0.0000     0.9040    -0.1249     1.9030     0.8375
[1] 29000.0000     0.0000     0.9692    -0.2251     1.9972     0.9910
[1] 29100.0000     0.0000     0.9089    -0.3845     2.2037     0.8717
[1] 29200.0000     0.1111     0.9889     0.1937     1.6319     1.0979
[1] 29300.0000     1.0000     0.9064     0.3281     1.4670     1.0368
[1] 29400.0000     0.0603     0.9394     0.4349     1.3437     1.1754
[1] 29500.0000     0.0000     0.8510    -0.5162     2.4307     0.8942
[1] 29600.0000     0.0013     0.8035     0.2248     1.5764     1.0772
[1] 29700.0000     0.0000     0.8240     0.3445     1.5736     1.1041
[1] 29800.0000     0.0000     0.8503     0.1905     1.6646     0.9822
[1] 29900.0000     0.8581     0.9798    -0.1276     2.0074     1.0014
[1] 30000.0000     0.0970     0.9561     0.5070     1.3922     1.0811
[1] 0.1284349
Time difference of 3.816276 hours
null device 
          1 
