[1] "El numero de nodos X particion es: 10"
[1] "Model = M2 / Data = sim_data/datasetSVCMatern10.Rdata"
[1] 100.0000   0.3115   0.9429   0.0382   1.9189   1.1970
[1] 200.0000   1.0000   0.9804  -0.0359   1.9294   1.0297
[1] 300.0000   0.5288   0.8776  -0.1005   1.9575   1.0665
[1] 400.0000   0.1881   0.9217  -0.0364   1.9187   0.9692
[1] 500.0000   0.1913   0.9813  -0.0360   1.9100   0.8492
[1] 600.0000   0.3324   0.9748   0.0236   1.8316   1.0386
[1] 700.0000   0.6669   0.8087  -0.0397   1.9678   1.0605
[1] 800.0000   1.0000   0.8954  -0.0652   1.9099   1.1490
[1] 900.0000   1.0000   0.9357  -0.0992   1.8314   1.0743
[1] 1000.0000    1.0000    0.9692   -0.0463    1.9617    0.9576
[1] 1100.0000    0.2593    0.9031   -0.0649    1.8687    1.0781
[1] 1200.0000    0.6129    0.8603   -0.0713    1.9259    0.9164
[1] 1300.0000    1.0000    0.8617   -0.0202    1.9298    1.0550
[1] 1400.0000    0.1489    0.9303   -0.0789    1.9302    1.1894
[1] 1500.0000    0.0015    0.9694    0.0139    1.8277    1.1238
[1] 1600.0000    0.4177    0.9998   -0.0669    1.9718    1.1214
[1] 1700.0000    0.0720    0.9259   -0.1555    1.8749    1.0764
[1] 1800.0000    0.0009    0.9234   -0.0579    2.0390    1.1307
[1] 1900.0000    0.4058    0.9875   -0.0351    1.9261    0.8532
[1] 2000.0000    0.3654    0.9978   -0.0597    1.9542    1.1535
[1] 2100.0000    0.0143    0.9401   -0.0003    1.8973    1.0501
[1] 2200.0000    0.5378    0.8580   -0.0279    1.9604    1.0161
[1] 2300.0000    0.2297    0.8608   -0.0305    1.8998    1.0478
[1] 2400.0000    0.1578    0.9764    0.1041    1.8813    1.0594
[1] 2500.0000    1.0000    0.9002   -0.0742    1.8777    1.1531
[1] 2600.0000    0.3053    0.9658   -0.0934    1.8831    1.0023
[1] 2700.0000    0.3732    0.8044   -0.0659    1.8770    1.0835
[1] 2800.0000    0.7918    0.8906   -0.0939    1.9080    0.8787
[1] 2900.0000    0.2404    0.8994   -0.1178    1.8542    1.0050
[1] 3000.0000    0.9090    0.9623   -0.0423    1.9989    1.1476
[1] 3100.0000    0.7279    0.8265   -0.0168    1.8701    1.1652
[1] 3200.0000    1.0000    0.9676    0.0025    1.8334    1.1339
[1] 3300.0000    1.0000    0.8733   -0.0321    1.9390    0.9733
[1] 3400.0000    0.2023    0.8983   -0.0676    1.7230    1.1525
[1] 3500.0000    0.3662    0.9339   -0.0945    1.9066    1.1722
[1] 3600.0000    0.1874    0.9027   -0.0229    1.8739    1.1569
[1] 3700.0000    0.0783    0.9950    0.0492    1.8950    1.0085
[1] 3800.0000    0.2605    0.9791   -0.0977    1.7993    1.0179
[1] 3900.0000    1.0000    0.8173   -0.0271    1.8375    1.1134
[1] 4000.0000    0.8408    0.9388   -0.0389    1.8500    0.8131
[1] 4100.0000    1.0000    0.9426    0.0254    1.8517    0.8764
[1] 4200.0000    0.5181    0.9756   -0.0635    1.9857    0.9752
[1] 4300.0000    0.0022    0.9986   -0.1176    1.9167    0.9026
[1] 4400.0000    0.2239    0.9571    0.0118    1.9252    0.9932
[1] 4500.0000    0.7772    0.8410    0.0021    1.9442    1.1520
[1] 4600.0000    0.8905    0.8859   -0.0599    1.8666    0.9442
[1] 4700.0000    0.0905    0.8102   -0.0219    1.7817    1.1923
[1] 4800.0000    0.2572    0.8536   -0.1519    1.8735    1.1437
[1] 4900.0000    0.2162    0.9222    0.0544    1.9435    0.9837
[1] 5000.0000    1.0000    0.9273   -0.0443    1.8264    1.0348
[1] 5100.0000    0.0715    0.9679   -0.0430    1.9619    1.1951
[1] 5200.0000    0.0832    0.8350   -0.0809    1.9945    1.0935
[1] 5300.0000    1.0000    0.8379    0.0079    1.9926    1.0434
[1] 5400.0000    1.0000    0.8515   -0.0716    1.9307    1.1120
[1] 5500.0000    0.1183    0.8506    0.0007    1.8553    1.1979
[1] 5600.0000    0.0132    0.9328   -0.1627    1.9584    1.1365
[1] 5700.0000    1.0000    0.9639   -0.0526    1.8847    1.0846
[1] 5800.0000    0.2506    0.8520    0.0282    1.9989    1.0482
[1] 5900.0000    0.8308    0.8759   -0.0495    1.8046    1.0113
[1] 6000.0000    0.0881    0.8924   -0.0206    1.8431    1.0716
[1] 6100.0000    0.0621    0.9025    0.0524    1.9243    0.9119
[1] 6200.0000    0.5692    0.8336    0.0482    1.8224    0.9759
[1] 6300.0000    0.0232    0.8959    0.0455    1.9795    1.1826
[1] 6400.0000    0.3386    0.9022   -0.0743    1.8489    0.8332
[1] 6500.0000    1.0000    0.9478   -0.0114    1.9026    1.0656
[1] 6600.0000    0.1731    0.8918   -0.0880    1.8930    1.0184
[1] 6700.0000    0.0622    0.8229   -0.0407    1.8380    1.0410
[1] 6800.0000    0.4436    0.9525   -0.0409    1.8779    0.9997
[1] 6900.0000    0.3769    0.9401   -0.0640    1.8284    0.9220
[1] 7000.0000    0.0717    0.9736   -0.0753    1.8830    1.0588
[1] 7100.0000    0.4587    0.8440   -0.0288    1.9412    0.9302
[1] 7200.0000    0.0184    0.8749   -0.0206    1.9368    1.0509
[1] 7300.0000    0.4465    0.8821   -0.0198    1.9170    0.9361
[1] 7400.0000    0.5536    0.9154   -0.1503    1.9081    1.1958
[1] 7500.0000    0.3559    0.9538    0.0309    1.9135    1.0728
[1] 7600.0000    1.0000    0.8898   -0.0904    1.8681    1.1032
[1] 7700.0000    0.3477    0.8552   -0.0599    1.8358    1.0850
[1] 7800.0000    0.5460    0.8968    0.0555    1.8743    1.0840
[1] 7900.0000    0.5723    0.9654   -0.0502    1.9040    1.1831
[1] 8000.0000    0.1451    0.9888   -0.0269    1.8076    0.8620
[1] 8100.0000    1.0000    0.9280   -0.0132    2.0105    1.0020
[1] 8200.0000    0.0758    0.8989   -0.0517    1.9024    1.1363
[1] 8300.0000    0.5768    0.8444    0.0578    1.9650    1.1155
[1] 8400.0000    0.5699    0.8563   -0.0801    1.8783    1.0967
[1] 8500.0000    0.0350    0.8507   -0.1212    1.8186    1.0895
[1] 8600.0000    0.3656    0.9214   -0.1677    1.9509    1.0135
[1] 8700.0000    0.1157    0.8293   -0.0324    1.8016    0.8767
[1] 8800.0000    0.9858    0.9324   -0.0396    1.8859    0.8066
[1] 8900.0000    1.0000    0.9431   -0.0317    1.9122    1.1381
[1] 9000.0000    0.0753    0.9025   -0.0320    1.8528    0.9096
[1] 9100.0000    1.0000    0.9156   -0.0138    1.9272    1.0916
[1] 9200.0000    1.0000    0.9069   -0.1090    1.8870    1.1995
[1] 9300.0000    0.0130    0.9270    0.0414    1.9385    1.1117
[1] 9400.0000    0.1933    0.8458    0.0557    1.8458    1.0091
[1] 9500.0000    0.0195    0.8817   -0.0416    1.9255    1.0875
[1] 9600.0000    1.0000    0.9566   -0.0465    1.8818    1.1182
[1] 9700.0000    0.1994    0.9657    0.0250    1.8074    0.9166
[1] 9800.0000    0.0857    0.9462   -0.0263    1.8752    1.1275
[1] 9900.0000    0.0012    0.9529    0.0226    1.8852    0.9335
[1] 10000.0000     0.1988     0.9167    -0.1140     1.8509     1.1877
[1] 10100.0000     1.0000     0.9049    -0.0209     1.9261     1.0751
[1] 10200.0000     1.0000     0.9808    -0.1088     1.8724     0.8342
[1] 10300.0000     1.0000     0.9112     0.0655     1.8135     1.0320
[1] 10400.0000     0.0478     0.9274     0.0038     1.8672     0.8733
[1] 10500.0000     1.0000     0.8159     0.0212     1.9377     1.1284
[1] 10600.0000     1.0000     0.8189     0.0147     1.9377     1.1530
[1] 10700.0000     1.0000     0.8475     0.0459     1.9251     1.0594
[1] 10800.0000     0.2110     0.9785    -0.0592     1.9558     1.1554
[1] 10900.0000     0.0046     0.8264    -0.0810     1.9722     1.1140
[1] 11000.0000     0.1998     0.8012    -0.0501     1.9666     0.9407
[1] 11100.0000     0.1625     0.8742     0.0057     1.9479     1.1927
[1] 11200.0000     1.0000     0.9412    -0.0047     1.9117     0.8257
[1] 11300.0000     1.0000     0.9738    -0.0431     1.9285     1.1215
[1] 11400.0000     0.8467     0.9055    -0.0039     1.8909     0.9856
[1] 11500.0000     0.0014     0.9311    -0.0799     1.8709     0.8792
[1] 11600.0000     0.5607     0.9382    -0.0999     1.7474     0.8033
[1] 11700.0000     0.6558     0.9810    -0.1700     1.7978     0.9386
[1] 11800.0000     1.0000     0.8044     0.0536     1.8694     0.8621
[1] 11900.0000     0.4147     0.9675     0.0168     1.8876     0.9621
[1] 12000.0000     1.0000     0.9595    -0.0121     1.9011     1.1960
[1] 12100.0000     0.6909     0.9452     0.0124     1.9242     0.8400
[1] 12200.0000     0.2212     0.8496    -0.0775     1.8270     0.8460
[1] 12300.0000     1.0000     0.9337     0.0202     1.8984     1.0573
[1] 12400.0000     0.3382     0.8046    -0.0729     1.8892     0.8797
[1] 12500.0000     0.1405     0.9120     0.0563     1.9511     1.1259
[1] 12600.0000     1.0000     0.9564    -0.0596     1.8430     1.1675
[1] 12700.0000     0.0005     0.9486     0.0087     2.0721     0.8166
[1] 12800.0000     0.0282     0.9108    -0.0168     1.8849     1.0765
[1] 12900.0000     0.1359     0.9378    -0.1377     1.8440     1.1252
[1] 13000.0000     0.0961     0.8840     0.0501     1.8462     1.1100
[1] 13100.0000     0.2262     0.9404    -0.1592     1.8594     0.9822
[1] 13200.0000     0.4309     0.9589    -0.0836     1.8264     1.1555
[1] 13300.0000     0.6257     0.9324     0.0933     1.9222     1.1427
[1] 13400.0000     0.0069     0.9485     0.0788     1.8956     1.0271
[1] 13500.0000     0.0297     0.8240    -0.0725     1.9306     1.0099
[1] 13600.0000     0.0163     0.8917    -0.0411     1.8018     1.0301
[1] 13700.0000     0.4126     0.9962    -0.0243     1.9661     0.9736
[1] 13800.0000     0.7116     0.8254     0.0178     1.8985     0.9444
[1] 13900.0000     0.3009     0.9575     0.0166     1.8593     1.0672
[1] 14000.0000     0.6971     0.9598     0.0120     1.8394     0.8043
[1] 14100.0000     0.0012     0.9236     0.0433     2.0291     0.9106
[1] 14200.0000     1.0000     0.9100    -0.0285     1.9375     1.1948
[1] 14300.0000     1.0000     0.9874    -0.1138     1.9474     0.9095
[1] 14400.0000     1.0000     0.8984    -0.0226     1.9156     1.1866
[1] 14500.0000     1.0000     0.9833    -0.0688     1.8429     1.1771
[1] 14600.0000     0.0144     0.8329    -0.1164     1.8224     0.9630
[1] 14700.0000     0.9856     0.8840     0.0119     1.8729     1.0394
[1] 14800.0000     0.0011     0.8106    -0.1142     1.8864     1.0978
[1] 14900.0000     0.5889     0.9485    -0.0574     1.9613     1.1960
[1] 15000.0000     0.0000     0.9486    -0.1118     1.9409     0.9418
[1] 15100.0000     0.0487     0.9112     0.0095     1.8789     1.0503
[1] 15200.0000     0.3653     0.9896     0.0479     1.9211     1.1186
[1] 15300.0000     1.0000     0.8282    -0.0265     1.8988     1.1177
[1] 15400.0000     0.8154     0.9829    -0.0814     1.9281     1.0368
[1] 1.550e+04 8.909e-01 8.761e-01 3.330e-02 1.832e+00 9.901e-01
[1] 15600.0000     1.0000     0.9912    -0.0305     1.8843     1.0551
[1] 15700.0000     0.1819     0.9225     0.0783     1.8431     0.9294
[1] 15800.0000     0.6218     0.9774     0.0344     1.9567     1.1822
[1] 15900.0000     0.0004     0.9524    -0.0850     1.9451     1.0855
[1] 16000.0000     0.6563     0.9761    -0.1036     1.8848     1.0600
[1] 16100.0000     0.1850     0.8350     0.0138     1.8690     1.1328
[1] 16200.0000     0.6790     0.8455    -0.0273     1.9174     1.0509
[1] 16300.0000     1.0000     0.9029     0.0241     2.0002     1.0365
[1] 16400.0000     1.0000     0.8844    -0.0075     1.8536     1.1913
[1] 16500.0000     0.7315     0.9407    -0.0218     1.9652     0.9877
[1] 16600.0000     1.0000     0.9292    -0.1432     1.8606     1.0485
[1] 16700.0000     0.4598     0.9070    -0.1223     1.9107     1.1930
[1] 16800.0000     0.4845     0.8165    -0.0910     1.8391     1.0376
[1] 16900.0000     0.2259     0.9209    -0.0024     1.8913     1.0574
[1] 17000.0000     0.1328     0.9815     0.0387     1.9121     0.9010
[1] 17100.0000     0.0217     0.9262     0.1394     1.8878     0.9696
[1] 17200.0000     0.1919     0.9497    -0.1196     1.7925     0.8252
[1] 17300.0000     0.1964     0.9564    -0.1508     1.8298     0.9524
[1] 17400.0000     0.5529     0.9623     0.0090     1.9876     1.1696
[1] 17500.0000     1.0000     0.9645    -0.0999     1.8638     0.9956
[1] 17600.0000     0.3617     0.9193    -0.0974     1.8096     0.8193
[1] 17700.0000     0.0055     0.9944    -0.0829     1.7473     0.9167
[1] 17800.0000     1.0000     0.9968    -0.0610     1.8761     0.8268
[1] 17900.0000     0.0341     0.9291    -0.1214     1.9781     0.9192
[1] 18000.0000     0.4566     0.9109     0.0624     1.9201     0.8712
[1] 18100.0000     0.1076     0.9137    -0.0417     1.8569     0.9014
[1] 18200.0000     0.7737     0.8073     0.0571     1.9436     0.9256
[1] 18300.0000     1.0000     0.9137    -0.0572     1.9774     0.9901
[1] 18400.0000     0.0001     0.9243    -0.0846     1.8551     1.1066
[1] 18500.0000     1.0000     0.8751    -0.0225     1.9344     0.8892
[1] 18600.0000     0.2874     0.8656    -0.0145     2.0056     0.8624
[1] 18700.0000     0.0592     0.8306    -0.0088     1.9382     0.9156
[1] 18800.0000     0.6395     0.9422    -0.0432     1.9706     0.8265
[1] 18900.0000     0.0231     0.9024    -0.0942     1.9184     1.0613
[1] 19000.0000     1.0000     0.8087     0.0045     2.0044     1.1060
[1] 19100.0000     0.4736     0.9272    -0.0888     1.9833     0.8583
[1] 19200.0000     0.2182     0.9220    -0.0720     1.8672     1.1567
[1] 19300.0000     0.1368     0.9020    -0.0890     1.9359     1.0537
[1] 19400.0000     1.0000     0.8507    -0.0043     1.8988     0.9744
[1] 19500.0000     0.0133     0.9633     0.0408     1.8632     1.1823
[1] 19600.0000     0.3188     0.8948    -0.0209     2.0199     1.0740
[1] 19700.0000     0.2373     0.8665    -0.0757     1.7641     1.1248
[1] 19800.0000     0.6039     0.9324    -0.0454     1.9705     1.1958
[1] 19900.0000     1.0000     0.9655    -0.0632     2.0416     0.8660
[1] 20000.0000     1.0000     0.9605    -0.1143     1.8876     0.8244
[1] 20100.0000     0.0017     0.9102    -0.0949     1.9556     1.0384
[1] 20200.0000     0.3318     0.9282    -0.0780     1.9126     0.9678
[1] 20300.0000     1.0000     0.9019    -0.0544     1.7951     1.0263
[1] 20400.0000     0.4816     0.9596    -0.0534     1.8695     1.0259
[1] 20500.0000     0.1086     0.8964    -0.0437     1.9208     1.1285
[1] 20600.0000     0.5739     0.9169    -0.0669     1.9589     1.1057
[1] 20700.0000     1.0000     0.8107     0.0383     1.9264     1.0874
[1] 20800.0000     1.0000     0.9981    -0.0371     1.9594     1.0246
[1] 20900.0000     1.0000     0.9455    -0.0543     1.9565     1.1141
[1] 21000.0000     0.0353     0.8708    -0.0509     1.8378     1.1617
[1] 21100.0000     0.8118     0.8682    -0.0822     1.8361     1.1577
[1] 21200.0000     1.0000     0.9611    -0.0252     1.9096     0.8029
[1] 21300.0000     1.0000     0.9067    -0.0191     1.8505     0.8492
[1] 21400.0000     0.2311     0.8276     0.0318     1.9161     0.8233
[1] 21500.0000     0.1324     0.8291    -0.0462     1.7767     1.0581
[1] 21600.0000     0.8008     0.9719    -0.0962     1.8963     0.8354
[1] 21700.0000     0.2511     0.9973    -0.0172     1.8416     0.9605
[1] 21800.0000     1.0000     0.8733     0.0112     1.9130     1.1912
[1] 21900.0000     0.3924     0.9598     0.0290     1.9455     0.8497
[1] 22000.0000     0.8204     0.8874    -0.0162     1.8391     1.0182
[1] 22100.0000     0.7761     0.8517    -0.0658     1.9461     0.9777
[1] 22200.0000     0.1835     0.8918    -0.0552     1.8796     1.1042
[1] 22300.0000     0.2807     0.9726    -0.1268     1.9538     0.8521
[1] 22400.0000     0.5261     0.9556    -0.0609     1.8147     1.0506
[1] 22500.0000     0.1150     0.8933     0.0338     1.9499     1.0721
[1] 22600.0000     0.0487     0.8433    -0.0603     2.0073     1.1055
[1] 22700.0000     0.0142     0.8271    -0.1210     1.9023     1.1968
[1] 22800.0000     0.3524     0.8972    -0.0757     1.7920     1.0231
[1] 22900.0000     1.0000     0.8956    -0.0639     1.8279     1.1446
[1] 23000.0000     0.0792     0.8997     0.0061     1.8778     0.9381
[1] 23100.0000     0.5252     0.8119    -0.0429     1.9323     1.0551
[1] 23200.0000     0.4684     0.8437     0.0227     1.9347     0.8877
[1] 23300.0000     0.2092     0.9727     0.0432     1.9905     0.9482
[1] 23400.0000     1.0000     0.8888    -0.0803     1.9104     1.0444
[1] 23500.0000     1.0000     0.9916    -0.0326     1.8910     1.1297
[1] 23600.0000     1.0000     0.8573    -0.0688     1.9189     0.9429
[1] 23700.0000     0.1431     0.9328    -0.0383     1.8529     1.0180
[1] 23800.0000     0.6103     0.9299    -0.0781     1.7518     1.0580
[1] 23900.0000     0.2850     0.9920     0.0612     1.9312     1.0485
[1] 24000.0000     0.1053     0.9851     0.0393     1.8918     1.0873
[1] 24100.0000     0.9018     0.8747    -0.1061     2.0132     1.0767
[1] 24200.0000     0.3074     0.9331    -0.1110     1.8867     1.1419
[1] 24300.0000     0.1937     0.9595    -0.0924     1.9303     0.9607
[1] 24400.0000     0.4061     0.8997     0.0342     1.9014     0.9997
[1] 24500.0000     0.1443     0.9726    -0.0074     2.0179     1.0605
[1] 24600.0000     0.0102     0.8460    -0.0603     1.9480     1.1365
[1] 24700.0000     1.0000     0.9195     0.0405     1.9493     0.8781
[1] 24800.0000     0.4527     0.9497    -0.0401     1.9464     1.0764
[1] 24900.0000     0.4143     0.9802    -0.0896     1.9044     0.9496
[1] 2.500e+04 5.376e-01 8.801e-01 4.220e-02 1.915e+00 8.235e-01
[1] 25100.0000     0.1056     0.9249    -0.0590     1.9382     1.0516
[1] 25200.0000     0.3613     0.9507    -0.0595     1.9179     0.9719
[1] 25300.0000     0.1525     0.8736    -0.1174     1.8333     1.1293
[1] 25400.0000     0.3465     0.8988     0.0044     1.8195     1.0888
[1] 25500.0000     0.7960     0.8159     0.0412     1.8387     1.0385
[1] 25600.0000     0.0123     0.9926     0.0240     1.9521     0.9855
[1] 25700.0000     0.1660     0.8976    -0.1473     1.8588     0.9408
[1] 25800.0000     0.0540     0.9689    -0.0569     1.9772     1.1962
[1] 25900.0000     0.3202     0.9618    -0.0282     1.8737     1.1247
[1] 26000.0000     0.8507     0.9492    -0.0264     1.8827     1.0058
[1] 26100.0000     0.0942     0.9097    -0.0542     1.9446     1.1652
[1] 26200.0000     1.0000     0.8601    -0.0104     1.8586     0.9041
[1] 26300.0000     0.9035     0.8623    -0.1388     1.8495     1.0835
[1] 26400.0000     0.2500     0.8855     0.0932     1.8499     1.0131
[1] 26500.0000     0.2008     0.9710    -0.0554     1.8145     1.0027
[1] 26600.0000     0.4249     0.9993    -0.0531     1.8327     1.0988
[1] 26700.0000     0.5489     0.8892    -0.0120     1.9749     0.9428
[1] 26800.0000     1.0000     0.9542    -0.1300     1.8604     1.1594
[1] 26900.0000     0.0794     0.8955    -0.0987     1.9064     1.0592
[1] 27000.0000     1.0000     0.8977    -0.0286     1.9613     0.8661
[1] 27100.0000     0.8370     0.9280    -0.1063     1.9456     1.0348
[1] 27200.0000     0.0304     0.9713    -0.1307     1.8923     1.0324
[1] 27300.0000     0.0367     0.9608    -0.1423     1.8800     0.8492
[1] 27400.0000     0.1507     0.8725    -0.0179     1.8401     1.1899
[1] 27500.0000     0.3283     0.9456    -0.0216     1.8466     1.0063
[1] 27600.0000     0.0558     0.9247    -0.0043     1.9421     1.0450
[1] 27700.0000     0.0259     0.8620     0.1716     1.9857     1.0941
[1] 27800.0000     0.0107     0.8828    -0.0600     1.9492     1.1030
[1] 27900.0000     0.5855     0.8774     0.0222     1.9209     1.0564
[1] 28000.0000     0.0003     0.9430     0.0021     1.8982     0.9743
[1] 28100.0000     0.0065     0.9857    -0.0370     1.9781     0.9345
[1] 28200.0000     0.5235     0.9342     0.0049     1.9132     1.1245
[1] 28300.0000     0.6465     0.8124    -0.0321     1.9726     0.9290
[1] 28400.0000     0.5399     0.9594    -0.0027     1.8980     0.8105
[1] 28500.0000     1.0000     0.8206    -0.0006     1.9015     1.0447
[1] 28600.0000     0.2553     0.9775    -0.0585     1.8899     0.9079
[1] 28700.0000     0.4727     0.8497    -0.0262     1.9200     1.1155
[1] 28800.0000     1.0000     0.9743    -0.0085     1.8614     0.8723
[1] 28900.0000     0.2618     0.9457    -0.1703     1.9968     1.0466
[1] 29000.0000     0.2002     0.9401    -0.0105     1.9016     1.1755
[1] 29100.0000     0.1200     0.9836    -0.0203     1.9390     1.0211
[1] 29200.0000     0.0237     0.9367    -0.0241     1.8383     1.1465
[1] 29300.0000     1.0000     0.9064    -0.0701     1.8876     1.0368
[1] 29400.0000     0.0858     0.9512     0.0667     1.8420     1.1262
[1] 29500.0000     1.0000     0.8146     0.0210     1.9363     0.8093
[1] 29600.0000     0.4563     0.9770     0.0723     2.0058     1.1651
[1] 29700.0000     0.0230     0.9571    -0.0616     1.7859     0.9736
[1] 29800.0000     0.2018     0.8701    -0.0363     1.9574     0.8024
[1] 29900.0000     1.0000     0.9798    -0.1012     1.9122     1.0014
[1] 30000.0000     0.8324     0.9214    -0.0023     1.8651     0.9341
[1] 0.4969001
Time difference of 11.83879 hours
null device 
          1 
