[1] "El numero de nodos X particion es: 10"
[1] "Model = M2 / Data = sim_data/datasetSVIMatern20.Rdata"
[1] 100.0000   1.0000   0.8291   0.0595   1.9498   0.9331
[1] 200.0000   0.2053   0.8487   0.0253   1.9669   0.8384
[1] 300.0000   0.3668   0.8776  -0.0314   2.1463   1.0665
[1] 400.0000   0.2314   0.9217  -0.2364   2.1953   0.9692
[1] 500.0000   0.0000   0.8380  -0.0417   2.0458   0.8203
[1] 600.0000   0.5487   0.9748  -0.0051   1.9582   1.0386
[1] 700.0000   0.0086   0.9396   0.0819   2.0452   1.0960
[1] 800.0000   0.0015   0.9840   0.1555   1.8127   0.9131
[1] 900.0000   0.1759   0.9357   0.0166   2.1219   1.0743
[1] 1000.0000    0.0000    0.8209   -0.0678    2.0498    0.9374
[1] 1100.0000    0.0000    0.9319    0.4796    1.5037    0.8930
[1] 1200.0000    0.3185    0.8603    0.2523    1.8565    0.9164
[1] 1300.0000    0.5613    0.8617    0.0820    1.8131    1.0550
[1] 1400.0000    0.0000    0.9303   -0.5016    2.4615    1.1894
[1] 1500.0000    0.0045    0.8024   -0.0041    2.0038    1.1019
[1] 1600.0000    0.0000    0.9098   -0.3846    2.3879    0.9715
[1] 1700.0000    0.0000    0.8745   -0.1511    2.1540    0.9148
[1] 1800.0000    0.0000    0.8314   -0.2082    2.1755    0.9945
[1] 1900.0000    0.0000    0.9875   -0.4037    2.4341    0.8532
[1] 2000.0000    0.0024    0.8578   -0.0546    2.0438    0.9238
[1] 2100.0000    0.0000    0.9372   -0.2189    2.1371    0.8634
[1] 2200.0000    0.0000    0.8668    0.1233    1.8473    1.0989
[1] 2300.0000    0.0027    0.9906    0.1784    1.7375    0.8768
[1] 2400.0000    0.1760    0.9764    0.0977    2.0222    1.0594
[1] 2500.0000    1.0000    0.9002    0.2669    1.7514    1.1531
[1] 2600.0000    0.0014    0.9109   -0.4244    2.2878    1.0545
[1] 2700.0000    0.0008    0.8492    0.0779    1.9192    0.9140
[1] 2800.0000    0.0768    0.9386    0.1221    1.8115    0.8695
[1] 2900.0000    0.1028    0.8668   -0.4120    2.3937    1.0498
[1] 3000.0000    0.0000    0.8454   -0.2226    2.2098    0.9669
[1] 3100.0000    0.0402    0.8265    0.1658    1.8915    1.1652
[1] 3200.0000    0.0000    0.8559    0.4585    1.5201    0.9875
[1] 3300.0000    0.0000    0.9797   -0.0883    1.9211    1.0744
[1] 3400.0000    0.2267    0.8983    0.6116    1.3498    1.1525
[1] 3500.0000    0.0003    0.8568    0.2099    1.7522    1.0820
[1] 3600.0000    0.0000    0.8846   -0.5529    2.5612    1.0977
[1] 3700.0000    0.5609    0.9624    0.0252    1.9193    0.8094
[1] 3800.0000    0.0000    0.8306    0.3413    1.6568    0.8349
[1] 3900.0000    0.0000    0.8518   -0.3525    2.3203    0.9670
[1] 4000.0000    0.0484    0.9388   -0.0763    1.8900    0.8131
[1] 4100.0000    0.0000    0.8388   -0.0231    2.0151    0.8864
[1] 4200.0000    0.0000    0.9756   -0.5340    2.4778    0.9752
[1] 4300.0000    0.1057    0.8028   -0.3111    2.3303    0.9927
[1] 4400.0000    0.0000    0.8077    0.1476    1.9599    1.0029
[1] 4500.0000    1.0000    0.8410   -0.0875    2.0494    1.1520
[1] 4600.0000    0.0934    0.9525    0.3443    1.6303    1.1110
[1] 4700.0000    0.0000    0.8528    0.0998    1.8719    0.8411
[1] 4800.0000    0.0000    0.8616   -0.4821    2.4328    0.9384
[1] 4900.0000    0.0000    0.8114   -0.5094    2.5255    0.8255
[1] 5000.0000    1.0000    0.9273   -0.4122    2.4085    1.0348
[1] 5100.0000    0.0000    0.8192   -0.4685    2.4317    0.8134
[1] 5200.0000    0.0000    0.8051    0.0788    1.8765    0.8965
[1] 5300.0000    0.0000    0.8660    0.0901    2.0211    1.0173
[1] 5400.0000    0.0002    0.8536    0.0409    1.8196    0.9337
[1] 5500.0000    0.0000    0.8219    0.2214    1.8309    0.8388
[1] 5600.0000    0.0000    0.8117    0.1225    1.8610    0.9121
[1] 5700.0000    0.0000    0.9545   -0.0425    2.0517    0.8805
[1] 5800.0000    0.0000    0.8612   -0.2322    2.1941    1.0327
[1] 5900.0000    0.0000    0.8072   -0.0186    1.9922    1.1666
[1] 6000.0000    0.0000    0.8291    0.1077    1.8701    1.1765
[1] 6100.0000    0.0000    0.9025    0.2286    1.8890    0.9119
[1] 6200.0000    0.0911    0.9400    0.0853    1.7738    0.8404
[1] 6300.0000    0.0000    0.9569    0.0189    1.9987    0.8080
[1] 6400.0000    0.0000    0.9924   -0.1070    2.1368    1.0322
[1] 6500.0000    0.0071    0.9145   -0.4239    2.3270    0.8046
[1] 6600.0000    0.0000    0.8710    0.2002    1.7642    0.9001
[1] 6700.0000    0.0000    0.8253    0.0800    1.9128    0.9280
[1] 6800.0000    0.1248    0.8794    0.2338    1.6629    0.9381
[1] 6900.0000    0.0000    0.8556   -0.3070    2.3423    1.1638
[1] 7000.0000    0.0000    0.8543    0.0513    1.8625    0.8271
[1] 7100.0000    0.0000    0.8694   -0.5039    2.4823    0.8792
[1] 7200.0000    0.0000    0.8214   -0.0637    1.9964    1.1383
[1] 7300.0000    0.0007    0.8356    0.3579    1.5645    1.1395
[1] 7400.0000    0.0000    0.8045   -0.1330    2.1104    0.8734
[1] 7500.0000    0.0098    0.9989   -0.7608    2.5776    1.1081
[1] 7600.0000    0.0000    0.9493   -0.1299    2.0456    0.9281
[1] 7700.0000    0.0000    0.8552   -0.6751    2.6278    1.0850
[1] 7800.0000    0.0094    0.9281   -0.3379    2.3506    0.8883
[1] 7900.0000    0.0000    0.8304    0.0815    1.8999    0.9653
[1] 8000.0000    0.0000    0.8305    0.1518    1.9293    0.9420
[1] 8100.0000    0.0000    0.8483   -0.3998    2.3302    0.8203
[1] 8200.0000    0.1079    0.8808   -0.1562    2.0424    1.1030
[1] 8300.0000    0.1377    0.9009   -0.3729    2.2934    1.0589
[1] 8400.0000    0.0000    0.9658   -0.3315    2.2651    0.9286
[1] 8500.0000    0.0000    0.8325    0.0743    1.8971    1.0750
[1] 8600.0000    0.1086    0.9564   -0.6207    2.6088    0.9963
[1] 8700.0000    0.0000    0.8940    0.0165    1.9840    1.0236
[1] 8800.0000    0.0000    0.8601    0.0225    1.9124    0.8170
[1] 8900.0000    0.0009    0.8674    0.3148    1.6764    1.0474
[1] 9000.0000    0.0000    0.8638    0.0476    1.8751    1.1683
[1] 9100.0000    0.0000    0.8060    0.0561    1.8068    0.8104
[1] 9200.0000    0.0000    0.8777    0.0176    1.9735    1.1489
[1] 9300.0000    0.0000    0.8689    0.6250    1.4046    0.9976
[1] 9400.0000    0.0000    0.9163    1.2565    0.6911    0.8003
[1] 9500.0000    0.0000    0.8295   -0.3936    2.3210    0.9364
[1] 9600.0000    0.0069    0.8149   -0.1018    2.1291    0.9056
[1] 9700.0000    0.0000    0.9657    0.3329    1.6124    0.9166
[1] 9800.0000    0.0000    0.8646   -0.4790    2.3747    0.8456
[1] 9900.0000    0.0000    0.8466    0.5955    1.5204    0.8248
[1] 10000.0000     1.0000     0.8618    -0.2392     2.2582     0.8032
[1] 0.1477315
Time difference of 3.53631 hours
null device 
          1 
