[1] "El numero de nodos X particion es: 10"
[1] "Model = M2 / Data = sim_data/datasetSVCExponential3.Rdata"
[1] 100.0000   0.0096   0.9866   0.0033   1.9994   1.1254
[1] 200.0000   1.0000   0.9804  -0.0351   1.9954   1.0297
[1] 300.0000   0.2290   0.8776  -0.0616   2.0073   1.0665
[1] 400.0000   0.0096   0.9831  -0.0394   1.9580   0.8881
[1] 500.0000   0.1440   0.9813   0.0057   2.0077   0.8492
[1] 600.0000   0.5777   0.9748   0.0520   2.0043   1.0386
[1] 700.0000   0.0228   0.9912  -0.1598   1.9453   1.0784
[1] 800.0000   0.1478   0.9840  -0.0454   1.8437   0.9131
[1] 900.0000   1.0000   0.9357  -0.1668   1.9007   1.0743
[1] 1000.0000    1.0000    0.9692   -0.0427    1.9386    0.9576
[1] 1100.0000    0.4904    0.9726   -0.1020    1.8695    1.0201
[1] 1200.0000    0.2586    0.8603   -0.0474    1.9056    0.9164
[1] 1300.0000    0.0648    0.9805    0.0573    1.9591    0.8049
[1] 1400.0000    0.0343    0.9303   -0.0861    1.9100    1.1894
[1] 1500.0000    0.0032    0.9694   -0.0037    1.9278    1.1238
[1] 1600.0000    0.0924    0.9998   -0.0445    1.9844    1.1214
[1] 1700.0000    0.0019    0.9916   -0.0852    1.8946    1.1881
[1] 1800.0000    0.0928    0.9234   -0.0629    1.9844    1.1307
[1] 1900.0000    0.1845    0.9957   -0.0441    1.9221    1.1822
[1] 2000.0000    0.0050    0.9978   -0.0432    1.9498    1.1535
[1] 2100.0000    0.0019    0.9390   -0.0085    1.8931    0.8046
[1] 2200.0000    0.0248    0.9649    0.0034    2.0185    0.8739
[1] 2300.0000    0.4387    0.9707    0.0543    1.8628    1.1994
[1] 2400.0000    0.7700    0.9764    0.0589    1.8311    1.0594
[1] 2500.0000    0.0765    0.9668   -0.0486    1.9107    0.8475
[1] 2600.0000    0.0605    0.9658   -0.1081    1.9297    1.0023
[1] 2700.0000    0.0329    0.9335   -0.0794    1.8803    0.9591
[1] 2800.0000    0.0269    0.9777   -0.0554    1.9646    0.8625
[1] 2900.0000    0.0706    0.8994   -0.0417    1.8386    1.0050
[1] 3000.0000    0.0652    0.9996   -0.0582    1.9667    0.9286
[1] 3100.0000    0.1027    0.9751   -0.0286    1.9416    1.0618
[1] 3200.0000    0.5787    0.9676   -0.0616    1.8095    1.1339
[1] 3300.0000    0.0022    0.9877   -0.0284    1.9096    0.9428
[1] 3400.0000    0.0870    0.9515   -0.1267    1.7799    1.1198
[1] 3500.0000    0.8333    0.9338   -0.1171    1.9648    0.8830
[1] 3600.0000    0.0237    0.9676   -0.0524    1.8378    1.0085
[1] 3700.0000    0.2100    0.9950   -0.0678    1.8875    1.0085
[1] 3800.0000    0.0061    0.9791   -0.0168    1.8281    1.0179
[1] 3900.0000    0.0146    0.9837   -0.1013    1.8774    1.1370
[1] 4000.0000    1.0000    0.9388   -0.0568    1.8606    0.8131
[1] 4100.0000    0.8849    0.9779   -0.0393    2.0093    0.9562
[1] 4200.0000    0.0356    0.9756   -0.0508    1.9982    0.9752
[1] 4300.0000    0.0002    0.9986   -0.0393    1.9837    0.9026
[1] 4400.0000    0.0042    0.9571    0.0746    1.9276    0.9932
[1] 4500.0000    0.0454    0.9366   -0.0282    1.9961    1.0448
[1] 4600.0000    0.2730    0.9525   -0.0911    1.9374    1.1110
[1] 4700.0000    0.0041    0.9516   -0.0119    1.9432    1.1937
[1] 4800.0000    0.0024    0.9888   -0.0354    1.8956    0.9751
[1] 4900.0000    0.0132    0.9222    0.0303    1.9833    0.9837
[1] 5000.0000    0.4057    0.9273    0.0570    1.9141    1.0348
[1] 5100.0000    0.0289    0.9679   -0.0685    1.8962    1.1951
[1] 5200.0000    0.0091    0.9660   -0.0993    2.0441    1.0797
[1] 5300.0000    0.5337    0.8379   -0.0714    1.8596    1.0434
[1] 5400.0000    0.0085    0.9974   -0.1687    1.8703    1.1725
[1] 5500.0000    0.2131    0.9492   -0.0360    2.0170    0.8995
[1] 5600.0000    0.0002    0.9989   -0.2029    1.9577    1.0046
[1] 5700.0000    1.0000    0.9639   -0.0770    1.8239    1.0846
[1] 5800.0000    0.0064    0.9831   -0.0263    1.9553    1.0737
[1] 5900.0000    0.1216    0.9682    0.0008    1.8463    0.9987
[1] 6000.0000    0.0028    0.9892   -0.0643    1.8272    0.9479
[1] 6100.0000    0.0025    0.9517   -0.0350    1.9930    0.9216
[1] 6200.0000    0.0383    0.9787   -0.0134    1.8024    1.1364
[1] 6300.0000    0.0224    0.9569    0.0204    1.8891    0.8080
[1] 6400.0000    0.1242    0.9885    0.1013    1.9273    0.8165
[1] 6500.0000    1.0000    0.9478    0.0198    1.9062    1.0656
[1] 6600.0000    0.3865    0.9801   -0.0203    1.8670    1.0197
[1] 6700.0000    0.0575    0.9726   -0.0937    1.8114    1.0730
[1] 6800.0000    0.0258    0.9947   -0.0553    1.8474    0.8549
[1] 6900.0000    0.0321    0.9783   -0.0651    1.8397    1.0604
[1] 7000.0000    1.0000    0.9910   -0.0944    1.8629    1.0078
[1] 7100.0000    0.0195    0.9857   -0.0367    1.8784    1.0571
[1] 7200.0000    0.0013    0.9995   -0.0750    2.0136    0.8671
[1] 7300.0000    0.2499    0.9914    0.0479    1.9306    1.0536
[1] 7400.0000    0.2678    0.9257   -0.0744    1.9125    1.0951
[1] 7500.0000    0.0978    0.9538    0.0089    1.8745    1.0728
[1] 7600.0000    0.0091    0.9974   -0.0938    1.8536    1.0017
[1] 7700.0000    0.0194    0.9975   -0.0044    1.8809    1.1871
[1] 7800.0000    0.0873    0.9829   -0.1085    1.9219    1.0003
[1] 7900.0000    0.0489    0.9654   -0.1299    1.9395    1.1831
[1] 8000.0000    0.0085    0.9888   -0.1146    1.8566    0.8620
[1] 8100.0000    0.0046    0.9605    0.0694    1.9521    0.9407
[1] 8200.0000    0.0006    0.9803    0.0067    1.9412    0.8647
[1] 8300.0000    0.0038    0.9853    0.0096    1.9502    1.0503
[1] 8400.0000    0.0184    0.9589   -0.0414    2.0055    1.0527
[1] 8500.0000    0.0009    0.9939   -0.0179    1.8458    1.0648
[1] 8600.0000    0.0824    0.9835   -0.0990    1.9670    0.9563
[1] 8700.0000    0.0031    0.9956   -0.0112    1.8253    1.1637
[1] 8800.0000    1.0000    0.9324   -0.0520    1.8488    0.8066
[1] 8900.0000    0.7021    0.9431   -0.0586    1.9398    1.1381
[1] 9000.0000    0.4794    0.9025   -0.0121    1.8602    0.9096
[1] 9100.0000    0.0286    0.9978   -0.0326    1.9493    0.9039
[1] 9200.0000    0.0714    0.9966   -0.0005    1.9018    1.1317
[1] 9300.0000    0.0013    0.9915    0.0053    1.8341    0.9316
[1] 9400.0000    0.0016    0.9943    0.1300    1.9136    1.0986
[1] 9500.0000    1.0000    0.9477   -0.0784    1.9396    1.0427
[1] 9600.0000    0.2316    0.9975   -0.0701    1.8669    0.8759
[1] 9700.0000    0.0883    0.9657   -0.0041    1.8332    0.9166
[1] 9800.0000    0.0017    0.9959   -0.0439    1.9816    1.1171
[1] 9900.0000    0.0006    0.9529   -0.0341    1.8078    0.9335
[1] 10000.0000     0.2562     0.9167    -0.0619     1.8760     1.1877
[1] 10100.0000     0.8354     0.9049    -0.0705     1.8929     1.0751
[1] 10200.0000     0.4353     0.9808    -0.1674     1.9081     0.8342
[1] 10300.0000     0.1203     0.9517    -0.0188     1.8344     0.8407
[1] 1.040e+04 3.800e-03 9.870e-01 2.280e-02 1.922e+00 8.317e-01
[1] 10500.0000     0.0156     0.8159     0.0084     1.9742     1.1284
[1] 10600.0000     0.1728     0.9813    -0.1105     2.0523     1.0459
[1] 10700.0000     0.0008     0.9608     0.0218     1.9330     1.1293
[1] 10800.0000     0.0087     0.9785    -0.0948     1.9419     1.1554
[1] 10900.0000     0.0003     0.9660    -0.1098     1.9218     1.1970
[1] 11000.0000     0.0022     0.9998    -0.0318     1.9940     0.9957
[1] 11100.0000     0.0081     0.9709    -0.0356     2.0216     0.9321
[1] 11200.0000     0.3852     0.9796    -0.0063     1.9862     0.8111
[1] 11300.0000     0.4187     0.9738    -0.0871     1.8395     1.1215
[1] 11400.0000     0.4297     0.9830     0.0219     1.8185     1.0526
[1] 11500.0000     0.0009     0.9311    -0.0961     1.8953     0.8792
[1] 11600.0000     0.3356     0.9382    -0.0754     1.8413     0.8033
[1] 11700.0000     0.1857     0.9810    -0.1675     1.7743     0.9386
[1] 11800.0000     0.0000     0.9849     0.0580     1.8954     1.0283
[1] 11900.0000     0.1501     0.9950    -0.0636     1.9353     1.0414
[1] 12000.0000     1.0000     0.9595    -0.0298     1.9185     1.1960
[1] 12100.0000     0.0647     0.9940    -0.0958     2.0097     1.0808
[1] 12200.0000     0.0120     0.9853    -0.0225     1.8584     1.1443
[1] 12300.0000     0.0575     0.9936     0.0757     1.8816     0.8996
[1] 12400.0000     0.0255     0.9803    -0.1052     2.0158     1.0988
[1] 12500.0000     0.0291     0.9749     0.0240     1.9554     0.8736
[1] 12600.0000     0.3616     0.9564     0.0162     1.8797     1.1675
[1] 12700.0000     0.0001     0.9486    -0.0492     2.0306     0.8166
[1] 12800.0000     0.4965     0.9902    -0.1173     2.0277     0.9345
[1] 12900.0000     0.0591     0.9728    -0.0181     1.8800     0.8641
[1] 13000.0000     0.0282     0.9696    -0.0440     1.8062     0.9346
[1] 13100.0000     0.5236     0.9591    -0.1559     1.9605     1.0507
[1] 13200.0000     0.1467     0.9801    -0.0596     1.7350     0.8746
[1] 13300.0000     0.1892     0.9911     0.0157     1.9608     1.1585
[1] 13400.0000     0.0885     0.9485    -0.0630     1.7811     1.0271
[1] 13500.0000     0.0031     0.9671     0.0043     1.9111     0.9422
[1] 13600.0000     0.0174     0.9601    -0.0241     1.8853     0.9762
[1] 13700.0000     0.0397     0.9962     0.0504     2.0117     0.9736
[1] 13800.0000     0.0044     0.9685    -0.0669     1.9208     0.9435
[1] 13900.0000     0.0066     0.9831    -0.0671     1.9355     1.1029
[1] 14000.0000     1.0000     0.9598    -0.0947     1.9212     0.8043
[1] 14100.0000     0.0014     0.9236     0.0859     1.9911     0.9106
[1] 14200.0000     1.0000     0.9100    -0.0360     1.8635     1.1948
[1] 14300.0000     0.5397     0.9874    -0.0928     1.9599     0.9095
[1] 14400.0000     0.0759     0.9825    -0.0479     2.0182     0.9794
[1] 14500.0000     1.0000     0.9833    -0.0717     1.8134     1.1771
[1] 14600.0000     0.0951     0.9850     0.0181     1.8184     0.9950
[1] 14700.0000     0.0397     0.9977    -0.0574     1.9005     1.0667
[1] 14800.0000     1.0000     0.8823    -0.0814     1.8892     0.8703
[1] 14900.0000     0.3750     0.9850    -0.0348     1.9155     1.1438
[1] 15000.0000     0.0000     0.9486    -0.0877     1.9334     0.9418
[1] 15100.0000     0.1091     0.9112    -0.0760     1.9169     1.0503
[1] 15200.0000     0.4549     0.9896     0.0543     1.9213     1.1186
[1] 15300.0000     0.2483     0.8856    -0.0076     1.9018     0.9730
[1] 15400.0000     1.0000     0.9829    -0.1012     1.8998     1.0368
[1] 15500.0000     0.0244     0.9973    -0.0508     1.9193     0.8711
[1] 15600.0000     0.3844     0.9912    -0.1268     1.8794     1.0551
[1] 15700.0000     0.1977     0.9225     0.0927     1.9031     0.9294
[1] 15800.0000     0.6952     0.9774    -0.0051     1.8447     1.1822
[1] 15900.0000     0.0000     0.9611    -0.0999     1.9832     1.0447
[1] 16000.0000     1.0000     0.9761    -0.0156     2.0313     1.0600
[1] 16100.0000     1.0000     0.9477    -0.1294     1.8997     0.9420
[1] 16200.0000     0.0662     0.9573    -0.1160     1.9655     0.8266
[1] 16300.0000     0.7607     0.9029    -0.0097     1.9659     1.0365
[1] 16400.0000     0.0182     0.9797    -0.0275     1.8617     1.0271
[1] 16500.0000     0.3720     0.9894     0.1129     1.9673     0.9222
[1] 16600.0000     0.2900     0.9294    -0.1436     1.9512     0.8662
[1] 16700.0000     0.2601     0.9862     0.0621     1.9637     1.1746
[1] 16800.0000     1.0000     0.9593    -0.0949     1.8400     0.8375
[1] 16900.0000     0.1473     0.9996    -0.0146     1.9159     0.8218
[1] 17000.0000     0.0103     0.9815    -0.1194     1.9791     0.9010
[1] 1.710e+04 2.470e-02 9.262e-01 6.790e-02 1.868e+00 9.696e-01
[1] 17200.0000     0.0153     0.9497    -0.0188     1.8782     0.8252
[1] 17300.0000     0.0466     0.9564    -0.1099     1.8234     0.9524
[1] 17400.0000     1.0000     0.9623    -0.1128     1.9194     1.1696
[1] 17500.0000     0.8145     0.9645    -0.0794     1.9963     0.9956
[1] 17600.0000     0.9140     0.9918    -0.1783     1.8668     0.8969
[1] 17700.0000     0.0006     0.9944    -0.0281     1.7776     0.9167
[1] 17800.0000     1.0000     0.9968    -0.1271     1.9094     0.8268
[1] 17900.0000     0.2020     0.9929    -0.0630     1.9253     0.8382
[1] 18000.0000     0.5488     0.9109     0.0287     1.9153     0.8712
[1] 18100.0000     1.0000     0.8499    -0.0423     1.9370     1.0097
[1] 18200.0000     0.0233     0.9180     0.0065     1.9858     0.9221
[1] 18300.0000     0.1606     0.9706    -0.0299     1.8814     1.1685
[1] 18400.0000     0.0000     0.9243    -0.1997     1.9177     1.1066
[1] 18500.0000     1.0000     0.8751    -0.0142     2.0034     0.8892
[1] 18600.0000     0.3779     0.8933    -0.0066     2.0161     0.9588
[1] 18700.0000     0.0544     0.9668    -0.0687     1.8897     1.1913
[1] 18800.0000     0.8693     0.9422    -0.0637     1.9856     0.8265
[1] 18900.0000     0.0005     0.9734    -0.0255     1.9307     1.0104
[1] 19000.0000     0.0206     0.9527    -0.1652     2.0298     0.8936
[1] 19100.0000     0.3509     0.9272     0.0139     1.9848     0.8583
[1] 19200.0000     0.0258     0.9838     0.0591     1.8211     1.0840
[1] 19300.0000     0.1506     0.9851    -0.0576     1.9161     0.8583
[1] 19400.0000     0.0207     0.9097     0.0378     1.9800     1.0433
[1] 19500.0000     0.0011     0.9633     0.0434     1.8980     1.1823
[1] 19600.0000     1.0000     0.9648    -0.0824     1.9896     1.1447
[1] 19700.0000     0.0322     0.9939    -0.1165     1.9628     0.9385
[1] 19800.0000     0.1165     0.9869    -0.0291     1.9284     0.9076
[1] 19900.0000     0.5796     0.9981     0.0119     2.0584     1.0280
[1] 20000.0000     1.0000     0.9605    -0.0885     1.9322     0.8244
[1] 20100.0000     0.0005     0.9942    -0.0581     1.9569     0.9182
[1] 20200.0000     1.0000     0.9840    -0.1027     1.9157     1.1380
[1] 20300.0000     1.0000     0.9019    -0.1332     1.8659     1.0263
[1] 20400.0000     0.0521     0.9596    -0.0479     1.8698     1.0259
[1] 20500.0000     0.0061     0.9905     0.0572     1.9621     1.0353
[1] 20600.0000     0.0550     0.9981     0.0024     2.0006     1.1462
[1] 20700.0000     0.0077     0.9923    -0.0314     1.9337     1.0695
[1] 20800.0000     1.0000     0.9981    -0.0411     2.0685     1.0246
[1] 20900.0000     1.0000     0.9455    -0.0953     1.9849     1.1141
[1] 21000.0000     0.0415     0.9912     0.0744     1.9177     1.0875
[1] 21100.0000     0.0040     0.9440    -0.1137     1.9160     1.0640
[1] 21200.0000     1.0000     0.9611     0.0550     1.9764     0.8029
[1] 21300.0000     1.0000     0.9067     0.1201     1.9252     0.8492
[1] 21400.0000     0.0282     0.8276    -0.0280     1.9715     0.8233
[1] 21500.0000     0.0051     0.9988    -0.0563     1.9102     0.8682
[1] 21600.0000     0.3775     0.9719    -0.1576     1.9122     0.8354
[1] 21700.0000     0.0732     0.9973     0.0085     1.8308     0.9605
[1] 21800.0000     0.0445     0.9794    -0.0080     1.9307     1.1483
[1] 21900.0000     0.3387     0.9598     0.0691     1.9318     0.8497
[1] 22000.0000     0.2707     0.8850    -0.0509     1.8572     0.9555
[1] 22100.0000     0.0941     0.9862     0.0439     1.8746     0.9706
[1] 22200.0000     0.0241     0.9960    -0.0398     1.8880     0.9858
[1] 22300.0000     1.0000     0.9726    -0.0843     1.9002     0.8521
[1] 22400.0000     1.0000     0.9971    -0.1045     1.7917     0.9354
[1] 22500.0000     0.0050     0.9695     0.0422     1.8437     0.9016
[1] 22600.0000     0.0608     0.9490    -0.0548     1.9021     1.0906
[1] 22700.0000     0.0252     0.9920     0.0223     1.8777     1.1651
[1] 22800.0000     0.0821     0.8972     0.0099     1.8055     1.0231
[1] 22900.0000     1.0000     0.8956    -0.0354     1.7816     1.1446
[1] 2.300e+04 9.800e-03 9.955e-01 4.140e-02 1.939e+00 9.113e-01
[1] 23100.0000     0.0038     0.9340     0.0378     1.9957     1.1779
[1] 23200.0000     0.0016     0.9832    -0.0503     2.0149     0.9881
[1] 23300.0000     0.9127     0.9627    -0.0230     1.8803     0.8504
[1] 23400.0000     0.2181     0.8888    -0.0504     1.9730     1.0444
[1] 23500.0000     0.3188     0.9986    -0.0380     1.9010     1.0082
[1] 23600.0000     0.2624     0.8573    -0.0940     1.9579     0.9429
[1] 23700.0000     1.0000     0.9564    -0.0226     1.8055     0.9153
[1] 23800.0000     0.0759     0.9791    -0.1113     1.8639     0.9998
[1] 23900.0000     0.0412     0.9920    -0.0365     1.9063     1.0485
[1] 24000.0000     0.0177     0.9851    -0.0429     1.9321     1.0873
[1] 24100.0000     1.0000     0.9214    -0.0753     1.8379     0.8541
[1] 24200.0000     1.0000     0.9905    -0.1753     1.8947     1.0102
[1] 24300.0000     0.0318     0.8950    -0.0303     1.9344     0.9587
[1] 24400.0000     0.4785     0.9947     0.0267     1.8868     0.9697
[1] 24500.0000     0.0148     0.9726    -0.0329     1.9776     1.0605
[1] 24600.0000     0.0011     0.9866    -0.0744     1.9523     1.1519
[1] 24700.0000     0.2151     0.9889    -0.0696     1.9466     0.9077
[1] 24800.0000     0.8440     0.9497    -0.0426     1.9306     1.0764
[1] 24900.0000     0.0372     0.9495    -0.1136     1.8881     0.8626
[1] 25000.0000     0.0512     0.8801    -0.0412     1.8995     0.8235
[1] 25100.0000     0.0723     0.9249    -0.0351     1.9331     1.0516
[1] 25200.0000     0.2028     0.9507    -0.0679     1.8746     0.9719
[1] 25300.0000     0.0071     0.9779    -0.0889     1.8578     0.8977
[1] 25400.0000     0.0256     0.9621     0.0544     1.8986     0.9516
[1] 25500.0000     0.5057     0.8417    -0.0707     1.8358     0.8432
[1] 25600.0000     0.0004     0.9926     0.0240     2.0108     0.9855
[1] 25700.0000     0.0077     0.9659    -0.0460     1.8875     0.9398
[1] 25800.0000     0.2241     0.9689    -0.1171     1.8749     1.1962
[1] 25900.0000     0.0370     0.9618    -0.0934     1.8338     1.1247
[1] 26000.0000     0.3099     0.9492    -0.0132     1.8351     1.0058
[1] 26100.0000     0.0019     0.9935    -0.1142     2.0131     1.0009
[1] 26200.0000     0.1242     0.9529     0.0543     1.9738     1.0017
[1] 26300.0000     0.1230     0.9342    -0.0148     1.8573     1.1434
[1] 26400.0000     0.0037     0.9644     0.0803     1.8954     0.8566
[1] 26500.0000     0.9337     0.9678    -0.0766     1.8112     0.9418
[1] 26600.0000     0.0191     0.9993    -0.0137     1.8538     1.0988
[1] 26700.0000     0.1377     0.9721    -0.0089     1.8834     0.8075
[1] 26800.0000     1.0000     0.9542    -0.1440     1.8353     1.1594
[1] 26900.0000     0.0178     0.9586     0.0127     1.9010     1.0279
[1] 27000.0000     0.0969     0.9862    -0.0369     2.0217     0.8958
[1] 27100.0000     0.1907     0.9897    -0.0015     1.8852     0.9084
[1] 27200.0000     0.0115     0.9713    -0.0755     1.9204     1.0324
[1] 27300.0000     0.7320     0.9857    -0.1618     1.8464     1.1356
[1] 27400.0000     0.0082     0.9728    -0.1046     1.8287     1.1655
[1] 27500.0000     0.0318     0.9534    -0.0580     1.8952     0.8238
[1] 27600.0000     0.1837     0.9952    -0.1131     1.9115     1.1217
[1] 27700.0000     0.0020     0.9491     0.0624     1.8797     1.1275
[1] 27800.0000     0.3264     0.8828    -0.0005     2.0330     1.1030
[1] 27900.0000     0.0766     0.9774    -0.0006     1.8289     0.8741
[1] 28000.0000     0.0002     0.9430    -0.0489     1.8806     0.9743
[1] 28100.0000     0.0010     0.9857     0.0316     2.0338     0.9345
[1] 28200.0000     0.1052     0.9920    -0.0041     1.9446     1.1206
[1] 28300.0000     0.0348     0.8510    -0.0616     1.9338     0.8048
[1] 28400.0000     1.0000     0.9594    -0.0416     1.8135     0.8105
[1] 28500.0000     0.2547     0.8919     0.0233     1.7955     1.0165
[1] 28600.0000     0.5066     0.9775    -0.0403     1.8175     0.9079
[1] 28700.0000     0.0350     0.9755    -0.1282     1.8413     0.8792
[1] 28800.0000     0.7877     0.9743    -0.0726     1.8510     0.8723
[1] 28900.0000     0.4334     0.9457    -0.1357     2.0254     1.0466
[1] 29000.0000     0.0013     0.9692     0.0372     1.9464     0.9910
[1] 29100.0000     0.5041     0.9799    -0.0130     1.9927     1.1704
[1] 29200.0000     0.0135     0.9889    -0.0823     1.8391     1.0979
[1] 29300.0000     0.0541     0.9749    -0.0711     1.8761     0.9782
[1] 29400.0000     0.0926     0.9512    -0.0467     1.8615     1.1262
[1] 29500.0000     0.0888     0.9853     0.0840     1.9004     0.8054
[1] 29600.0000     0.3703     0.9770     0.0182     2.0163     1.1651
[1] 29700.0000     0.0179     0.9798    -0.0715     1.8947     0.9838
[1] 29800.0000     0.0372     0.9840    -0.0285     1.8986     0.9981
[1] 29900.0000     1.0000     0.9798    -0.0596     2.0150     1.0014
[1] 30000.0000     0.3108     0.9561     0.0134     1.9508     1.0811
[1] 0.2673893
Time difference of 9.853254 hours
null device 
          1 
