[1] "El numero de nodos X particion es: 10"
[1] "Model = M2 / Data = sim_data/datasetSVCMatern16.Rdata"
[1] 100.0000   0.0279   0.8087  -0.0075   1.9868   0.8554
[1] 200.0000   0.0000   0.8224  -0.0117   1.9886   0.8107
[1] 300.0000   0.0000   0.8739   0.0021   1.9877   0.8565
[1] 400.0000   0.0000   0.8045   0.0293   1.9877   0.8124
[1] 500.0000   0.0107   0.8380  -0.0071   1.9877   0.8203
[1] 600.0000   0.0000   0.8148   0.0606   1.9837   0.8457
[1] 700.0000   0.0001   0.8121   0.0842   1.9738   0.8234
[1] 800.0000   0.0000   0.8391   0.1580   1.9611   0.8955
[1] 900.0000   0.0000   0.8019  -0.0913   1.9542   0.8122
[1] 1000.0000    0.0000    0.8287    0.0710    1.9295    0.8229
[1] 1100.0000    0.0000    0.8482    0.0285    1.8475    0.8025
[1] 1200.0000    0.0001    0.8066   -0.1029    1.7821    0.8120
[1] 1300.0000    0.0000    0.8460    0.0141    1.7431    0.8277
[1] 1400.0000    0.0022    0.9546   -0.0505    1.7256    0.8056
[1] 1500.0000    0.0129    0.8802    0.0239    1.7489    0.8068
[1] 1600.0000    0.0000    0.8802    0.0239    1.7489    0.8068
[1] 1700.0000    0.0000    0.8163    0.0810    1.7668    0.8247
[1] 1800.0000    0.0000    0.8457   -0.0089    1.7554    0.8098
[1] 1900.0000    0.0000    0.8025    0.0305    1.7273    0.8224
[1] 2000.0000    0.4607    0.8107    0.0746    1.7184    0.8113
[1] 2100.0000    0.0000    0.8967    0.0685    1.8669    0.8513
[1] 2200.0000    0.0000    0.8161   -0.0025    1.7192    0.8622
[1] 2300.0000    0.0000    0.8377    0.0973    1.6606    0.8487
[1] 2400.0000    0.0000    0.8626    0.0354    1.8015    0.8401
[1] 2500.0000    0.0000    0.8049   -0.1018    1.7369    0.8298
[1] 2600.0000    0.0877    0.8140   -0.0770    1.7589    0.8066
[1] 2700.0000    1.0000    0.8052   -0.0346    1.7687    0.8603
[1] 2800.0000    0.0012    0.8432   -0.0336    1.7347    0.8036
[1] 2900.0000    0.0000    0.8231   -0.0038    1.8086    0.8025
[1] 3000.0000    0.0000    0.8231   -0.0038    1.8086    0.8025
[1] 3100.0000    0.0001    0.8016    0.0264    1.7127    0.8208
[1] 3200.0000    0.0000    0.8016    0.0264    1.7127    0.8208
[1] 3300.0000    0.0000    0.8016    0.0264    1.7127    0.8208
[1] 3400.0000    0.0000    0.8220   -0.0407    1.8179    0.8432
[1] 3500.0000    0.0004    0.8208    0.0444    1.7656    0.8172
[1] 3600.0000    0.0000    0.8991   -0.0032    1.7358    0.8323
[1] 3700.0000    0.0051    0.8385   -0.0399    1.7683    0.8150
[1] 3800.0000    0.0000    0.8393   -0.0744    1.7626    0.8113
[1] 3900.0000    0.0000    0.8319    0.0186    1.6770    0.8180
[1] 4000.0000    0.0182    0.8042    0.0447    1.7656    0.8321
[1] 4100.0000    0.0035    0.8162    0.0561    1.8725    0.8188
[1] 4200.0000    0.0053    0.9309    0.0279    1.7809    0.8077
[1] 4300.0000    0.0000    0.8260    0.0372    1.7331    0.8160
[1] 4400.0000    0.0000    0.8260    0.0372    1.7331    0.8160
[1] 4500.0000    0.0000    0.8737    0.0068    1.7759    0.8061
[1] 4600.0000    0.0000    0.8008    0.0577    1.6794    0.8055
[1] 4700.0000    0.0000    0.9384    0.0403    1.7593    0.8151
[1] 4800.0000    0.0000    0.8150    0.0057    1.7683    0.8017
[1] 4900.0000    0.0000    0.8150    0.0057    1.7683    0.8017
[1] 5000.0000    0.0000    0.8150    0.0057    1.7683    0.8017
[1] 5100.0000    0.0106    0.8150    0.0057    1.7683    0.8017
[1] 5200.0000    0.0004    0.8150    0.0057    1.7683    0.8017
[1] 5300.0000    0.0000    0.8150    0.0057    1.7683    0.8017
[1] 5400.0000    0.0000    0.8150    0.0057    1.7683    0.8017
[1] 5500.0000    0.0000    0.8219    0.0610    1.7447    0.8388
[1] 5600.0000    0.0001    0.8075   -0.0577    1.8052    0.8140
[1] 5700.0000    0.0000    0.9310   -0.0199    1.6801    0.8071
[1] 5800.0000    0.0000    0.8413    0.1163    1.7787    0.8017
[1] 5900.0000    0.0000    0.8022    0.1109    1.7221    0.8011
[1] 6000.0000    0.1616    0.8164    0.0633    1.7641    0.8358
[1] 6100.0000    0.0000    0.8694    0.0066    1.8062    0.8580
[1] 6200.0000    0.0004    0.8186   -0.0418    1.6418    0.8051
[1] 6300.0000    0.0022    0.8419    0.0021    1.8648    0.8536
[1] 6400.0000    0.1730    0.8340   -0.0686    1.7444    0.8897
[1] 6500.0000    0.0000    0.8462    0.0412    1.6884    0.8176
[1] 6600.0000    0.0000    0.8031   -0.0518    1.7456    0.8382
[1] 6700.0000    0.0000    0.8420    0.0479    1.8146    0.8199
[1] 6800.0000    0.0001    0.8172   -0.0298    1.7482    0.8175
[1] 6900.0000    0.0000    0.8088   -0.0018    1.6636    0.8270
[1] 7000.0000    0.0000    0.8088   -0.0018    1.6636    0.8270
[1] 7100.0000    0.0023    0.8088   -0.0018    1.6636    0.8270
[1] 7200.0000    1.0000    0.8089    0.0940    1.7604    0.8029
[1] 7300.0000    0.0000    0.8192    0.0422    1.8171    0.8273
[1] 7400.0000    0.0000    0.8109   -0.0853    1.7565    0.8328
[1] 7500.0000    0.0000    0.8063   -0.1248    1.6461    0.8003
[1] 7600.0000    0.0000    0.8822   -0.0642    1.7256    0.8394
[1] 7700.0000    0.1654    0.8008   -0.0048    1.7130    0.8546
[1] 7800.0000    0.0000    0.8217    0.0854    1.7482    0.8115
[1] 7900.0000    0.0000    0.8365   -0.0924    1.7361    0.8247
[1] 8000.0000    0.0000    0.8026   -0.0237    1.6933    0.8136
[1] 8100.0000    0.0000    0.8026   -0.0237    1.6933    0.8136
[1] 8200.0000    0.0000    0.8642   -0.0360    1.7371    0.8389
[1] 8300.0000    0.0000    0.8222    0.0352    1.7877    0.8438
[1] 8400.0000    0.0203    0.8198   -0.0256    1.7092    0.8278
[1] 8500.0000    0.0000    0.8070    0.0980    1.7607    0.8807
[1] 8600.0000    0.0000    0.8214    0.1518    1.7444    0.8066
[1] 8700.0000    1.0000    0.8293   -0.0061    1.7863    0.8767
[1] 8800.0000    0.0213    0.9324    0.0698    1.7549    0.8066
[1] 8900.0000    0.0000    0.8279   -0.0291    1.7328    0.8018
[1] 9000.0000    0.0000    0.8279   -0.0291    1.7328    0.8018
[1] 9100.0000    0.0000    0.8060   -0.0009    1.6661    0.8104
[1] 9200.0000    0.0000    0.8060   -0.0009    1.6661    0.8104
[1] 9300.0000    0.0000    0.8010   -0.0101    1.9207    0.8005
[1] 9400.0000    0.0976    0.8513    0.0188    1.7934    0.8222
[1] 9500.0000    0.0000    0.8962   -0.0603    1.7095    0.8302
[1] 9600.0000    0.0000    0.8108    0.0078    1.7007    0.8137
[1] 9700.0000    0.0000    0.8110   -0.0627    1.7000    0.8190
[1] 9800.0000    0.1881    0.8286   -0.0085    1.7823    0.8022
[1] 9900.0000    0.0000    0.8466    0.0391    1.7702    0.8248
[1] 10000.0000     0.2109     0.8017     0.0625     1.8466     0.8055
[1] 10100.0000     0.0000     0.8950    -0.0219     1.8067     0.8076
[1] 1.020e+04 1.000e-04 8.142e-01 3.980e-02 1.777e+00 8.101e-01
[1] 1.030e+04 0.000e+00 8.142e-01 3.980e-02 1.777e+00 8.101e-01
[1] 10400.0000     0.0000     0.8261    -0.0365     1.7697     0.8673
[1] 10500.0000     0.0000     0.8804    -0.0086     1.8217     0.8344
[1] 10600.0000     0.0000     0.8032     0.0345     1.7931     0.8260
[1] 1.070e+04 0.000e+00 8.531e-01 5.330e-02 1.831e+00 8.181e-01
[1] 10800.0000     0.6560     0.8284    -0.0317     1.7589     0.8263
[1] 1.090e+04 5.770e-02 8.191e-01 6.300e-03 1.699e+00 8.008e-01
[1] 1.100e+04 1.280e-02 8.321e-01 7.600e-03 1.795e+00 8.194e-01
[1] 1.110e+04 0.000e+00 8.321e-01 7.600e-03 1.795e+00 8.194e-01
[1] 11200.0000     0.0054     0.8127    -0.0418     1.6874     0.8276
[1] 11300.0000     0.0000     0.8279    -0.0298     1.7364     0.8073
[1] 11400.0000     0.0000     0.8279    -0.0298     1.7364     0.8073
[1] 11500.0000     0.0003     0.8034    -0.0248     1.6838     0.8501
[1] 11600.0000     0.0588     0.9382    -0.0225     1.6881     0.8033
[1] 11700.0000     0.0117     0.8884    -0.1209     1.5757     0.8082
[1] 11800.0000     1.0000     0.8044    -0.0753     1.8388     0.8621
[1] 11900.0000     0.0000     0.8207    -0.0615     1.7406     0.8030
[1] 12000.0000     0.0000     0.8207    -0.0615     1.7406     0.8030
[1] 12100.0000     0.0000     0.8051    -0.0292     1.7674     0.8368
[1] 12200.0000     0.0320     0.8279     0.0099     1.6839     0.8199
[1] 12300.0000     0.0000     0.8010    -0.0644     1.7482     0.8810
[1] 12400.0000     0.6672     0.8046    -0.0221     1.6311     0.8797
[1] 12500.0000     0.0000     0.8011     0.0355     1.7416     0.8469
[1] 12600.0000     0.0000     0.8011     0.0355     1.7416     0.8469
[1] 12700.0000     0.0061     0.8490    -0.0639     1.7511     0.8012
[1] 12800.0000     0.0000     0.8490    -0.0639     1.7511     0.8012
[1] 12900.0000     0.0000     0.8176    -0.1377     1.7303     0.8160
[1] 13000.0000     0.0000     0.8086    -0.0477     1.6745     0.8549
[1] 13100.0000     0.0000     0.8064    -0.0410     1.7326     0.8307
[1] 13200.0000     0.0000     0.8064    -0.0410     1.7326     0.8307
[1] 13300.0000     0.0000     0.8636    -0.0200     1.8223     0.8054
[1] 13400.0000     0.0000     0.8505    -0.0379     1.7342     0.8557
[1] 13500.0000     0.0000     0.8101    -0.0760     1.7623     0.8158
[1] 13600.0000     0.0000     0.8183    -0.0659     1.7220     0.8379
[1] 13700.0000     0.0104     0.8120     0.0119     1.6853     0.8011
[1] 13800.0000     0.0001     0.8363    -0.0130     1.7169     0.8169
[1] 13900.0000     0.1388     0.8260     0.0147     1.7572     0.8385
[1] 14000.0000     0.0548     0.9598    -0.0108     1.7852     0.8043
[1] 14100.0000     0.0000     0.9157    -0.0395     1.7800     0.8035
[1] 14200.0000     0.0000     0.8334     0.0443     1.7809     0.8144
[1] 14300.0000     0.0000     0.8050     0.0515     1.8133     0.8010
[1] 14400.0000     0.0000     0.8050     0.0515     1.8133     0.8010
[1] 14500.0000     0.0000     0.8800     0.0316     1.7407     0.8375
[1] 14600.0000     0.0055     0.8084    -0.0205     1.7163     0.8928
[1] 14700.0000     0.0000     0.8327    -0.0601     1.8281     0.8645
[1] 14800.0000     0.0005     0.8390     0.0169     1.7479     0.8089
[1] 14900.0000     0.0000     0.8246    -0.0713     1.7026     0.8054
[1] 15000.0000     0.0000     0.8246    -0.0713     1.7026     0.8054
[1] 15100.0000     0.0139     0.8384     0.0528     1.7885     0.8510
[1] 15200.0000     0.0000     0.8445     0.0232     1.8043     0.8027
[1] 15300.0000     0.0000     0.8445     0.0232     1.8043     0.8027
[1] 15400.0000     0.0000     0.8567     0.0224     1.8676     0.8028
[1] 15500.0000     0.0000     0.8279     0.0883     1.7223     0.8509
[1] 15600.0000     0.0000     0.8279     0.0883     1.7223     0.8509
[1] 15700.0000     0.0000     0.8837    -0.0011     1.7687     0.8247
[1] 15800.0000     0.0000     0.8620     0.0020     1.7515     0.8301
[1] 15900.0000     0.0067     0.8645    -0.0367     1.6956     0.8057
[1] 1.600e+04 0.000e+00 8.823e-01 4.270e-02 1.674e+00 8.169e-01
[1] 1.610e+04 2.000e-04 8.439e-01 1.005e-01 1.852e+00 8.370e-01
[1] 1.620e+04 0.000e+00 8.074e-01 4.790e-02 1.669e+00 8.047e-01
[1] 16300.0000     0.0000     0.8497    -0.0729     1.6986     0.8064
[1] 16400.0000     0.0000     0.8236    -0.0596     1.7637     0.8029
[1] 16500.0000     0.0000     0.8273    -0.0714     1.7237     0.8232
[1] 16600.0000     0.0000     0.8153     0.0639     1.8036     0.9176
[1] 16700.0000     0.0000     0.8724     0.0483     1.7352     0.8357
[1] 16800.0000     0.0734     0.8465     0.0742     1.8053     0.8708
[1] 16900.0000     0.0000     0.8273     0.0005     1.7308     0.8066
[1] 17000.0000     0.0013     0.8134    -0.0477     1.6893     0.8135
[1] 17100.0000     0.4902     0.8247    -0.0087     1.8413     0.8448
[1] 17200.0000     0.0000     0.8035     0.0043     1.6767     0.8079
[1] 17300.0000     0.0006     0.9116    -0.0901     1.6268     0.8190
[1] 17400.0000     0.0000     0.8171    -0.1644     1.7608     0.8097
[1] 17500.0000     0.0000     0.8632     0.0131     1.7626     0.8344
[1] 17600.0000     0.0000     0.8221     0.0172     1.6871     0.8153
[1] 17700.0000     0.0000     0.8709    -0.0792     1.7392     0.8094
[1] 17800.0000     0.0006     0.8071    -0.0587     1.6032     0.8689
[1] 17900.0000     0.0000     0.8170    -0.0806     1.6213     0.8018
[1] 18000.0000     0.0007     0.8051     0.0256     1.7045     0.8021
[1] 18100.0000     0.0000     0.8051     0.0256     1.7045     0.8021
[1] 18200.0000     0.0394     0.8127     0.0092     1.7755     0.8547
[1] 18300.0000     0.0000     0.8289     0.0239     1.7339     0.8326
[1] 18400.0000     0.0003     0.8275    -0.0153     1.6438     0.8162
[1] 18500.0000     0.0610     0.8153     0.0455     1.7572     0.8766
[1] 18600.0000     0.0000     0.8092    -0.0186     1.8173     0.8171
[1] 18700.0000     0.0000     0.8092    -0.0186     1.8173     0.8171
[1] 18800.0000     0.0043     0.8090    -0.0234     1.7421     0.8362
[1] 18900.0000     0.0000     0.8065    -0.0900     1.8006     0.8385
[1] 19000.0000     0.0000     0.8366    -0.1073     1.6828     0.8015
[1] 19100.0000     0.0098     0.8039    -0.0305     1.6535     0.8465
[1] 19200.0000     0.0000     0.8039    -0.0305     1.6535     0.8465
[1] 19300.0000     0.0000     0.8184     0.0815     1.8064     0.8281
[1] 19400.0000     0.0001     0.8177     0.0662     1.7255     0.8087
[1] 19500.0000     0.0000     0.8177     0.0662     1.7255     0.8087
[1] 19600.0000     0.0000     0.8389    -0.0250     1.7281     0.8271
[1] 19700.0000     0.0000     0.8143     0.0518     1.7319     0.8081
[1] 19800.0000     0.0000     0.8143     0.0518     1.7319     0.8081
[1] 19900.0000     0.0001     0.8143     0.0518     1.7319     0.8081
[1] 20000.0000     0.0002     0.8209     0.0204     1.7245     0.8037
[1] 20100.0000     0.0000     0.8073     0.0045     1.7139     0.8085
[1] 20200.0000     0.0000     0.8308     0.0060     1.7195     0.8365
[1] 20300.0000     0.0000     0.8233    -0.0461     1.7370     0.9126
[1] 20400.0000     0.0000     0.8285    -0.0452     1.7680     0.8248
[1] 20500.0000     0.0006     0.8285    -0.0452     1.7680     0.8248
[1] 20600.0000     0.0000     0.8285    -0.0452     1.7680     0.8248
[1] 20700.0000     0.0000     0.8340     0.0135     1.8385     0.8428
[1] 20800.0000     0.0000     0.8900     0.0203     1.8523     0.8340
[1] 20900.0000     0.0000     0.8352    -0.0488     1.8083     0.8133
[1] 21000.0000     0.0000     0.8111    -0.0169     1.8195     0.8016
[1] 21100.0000     0.0000     0.8564    -0.0255     1.6793     0.8115
[1] 21200.0000     0.0140     0.8541    -0.0312     1.7623     0.8134
[1] 21300.0000     0.6965     0.8260    -0.0532     1.6705     0.9202
[1] 21400.0000     1.0000     0.8276    -0.0560     1.6436     0.8233
[1] 21500.0000     0.0000     0.8085    -0.0621     1.7195     0.8256
[1] 21600.0000     0.0000     0.8069     0.0029     1.7401     0.8555
[1] 21700.0000     0.0000     0.8634    -0.1126     1.7608     0.8122
[1] 21800.0000     0.0000     0.8385     0.0197     1.8287     0.8059
[1] 21900.0000     0.0001     0.8203     0.0922     1.7886     0.8284
[1] 2.200e+04 0.000e+00 8.604e-01 9.210e-02 1.705e+00 8.555e-01
[1] 22100.0000     0.0000     0.8263    -0.0509     1.6810     0.8135
[1] 22200.0000     0.0214     0.8263    -0.0509     1.6810     0.8135
[1] 22300.0000     0.0002     0.8054     0.0141     1.6926     0.8175
[1] 22400.0000     0.0000     0.8145    -0.0184     1.7851     0.8604
[1] 22500.0000     0.0000     0.8623    -0.0291     1.7748     0.8008
[1] 22600.0000     0.0000     0.8006     0.0524     1.8659     0.8902
[1] 22700.0000     0.0000     0.8470     0.0303     1.6598     0.8148
[1] 22800.0000     0.0000     0.8002    -0.0261     1.6587     0.8609
[1] 22900.0000     0.0000     0.8665     0.0644     1.7857     0.8097
[1] 23000.0000     0.0000     0.8266     0.0134     1.7855     0.8187
[1] 23100.0000     0.0000     0.8224    -0.0972     1.7181     0.8086
[1] 23200.0000     0.0062     0.8048     0.0916     1.7259     0.8027
[1] 23300.0000     0.0000     0.8048     0.0916     1.7259     0.8027
[1] 23400.0000     0.0000     0.8048     0.0916     1.7259     0.8027
[1] 23500.0000     0.0000     0.8797     0.1386     1.8328     0.8266
[1] 23600.0000     0.0002     0.8415     0.0670     1.7417     0.8137
[1] 23700.0000     0.0000     0.8408    -0.0726     1.7234     0.8309
[1] 23800.0000     0.0000     0.8749     0.0555     1.7372     0.8200
[1] 23900.0000     0.0065     0.8157     0.0178     1.8688     0.8034
[1] 24000.0000     0.0001     0.8384    -0.0640     1.6590     0.8235
[1] 24100.0000     0.0002     0.8144    -0.0908     1.7366     0.8160
[1] 24200.0000     0.0000     0.8144    -0.0908     1.7366     0.8160
[1] 24300.0000     0.0000     0.8141    -0.1207     1.8076     0.8114
[1] 24400.0000     0.0000     0.8185    -0.0664     1.8395     0.8380
[1] 24500.0000     0.1036     0.8108    -0.0168     1.6681     0.8449
[1] 24600.0000     0.0986     0.8866    -0.0717     1.6976     0.8055
[1] 24700.0000     0.0016     0.8984    -0.0808     1.6882     0.8021
[1] 24800.0000     0.0000     0.8375    -0.0782     1.7358     0.8028
[1] 24900.0000     0.0000     0.8313     0.0451     1.7963     0.8314
[1] 25000.0000     0.0683     0.8801     0.0423     1.7508     0.8235
[1] 25100.0000     0.9574     0.8419     0.1248     1.6962     0.8544
[1] 25200.0000     0.0000     0.8480     0.0975     1.7934     0.8149
[1] 25300.0000     0.0000     0.8008    -0.0162     1.6418     0.8196
[1] 25400.0000     0.0000     0.8105    -0.0981     1.7163     0.8003
[1] 25500.0000     0.0001     0.8417    -0.0012     1.7210     0.8432
[1] 25600.0000     0.0030     0.8372    -0.0405     1.7581     0.8099
[1] 25700.0000     0.0000     0.8228    -0.0460     1.6629     0.8012
[1] 25800.0000     0.0000     0.8306    -0.0244     1.6576     0.8151
[1] 25900.0000     0.0000     0.8683     0.1251     1.7631     0.8098
[1] 26000.0000     0.0000     0.8677     0.1251     1.6872     0.8040
[1] 26100.0000     0.0001     0.8324    -0.0717     1.7679     0.8113
[1] 26200.0000     0.0027     0.8151    -0.1305     1.7070     0.8623
[1] 26300.0000     0.0000     0.8093    -0.0978     1.7726     0.8284
[1] 26400.0000     0.0000     0.8767     0.0043     1.7129     0.8041
[1] 26500.0000     0.0000     0.8084     0.0428     1.7945     0.8192
[1] 26600.0000     0.0000     0.8083    -0.0124     1.6957     0.8096
[1] 26700.0000     0.0001     0.8285    -0.0358     1.8224     0.8378
[1] 26800.0000     0.0000     0.8087    -0.0280     1.8247     0.8226
[1] 26900.0000     0.0003     0.8175    -0.0575     1.7360     0.8037
[1] 27000.0000     0.0164     0.8384     0.0069     1.7176     0.8457
[1] 27100.0000     0.0000     0.8024    -0.0376     1.7034     0.8285
[1] 27200.0000     0.2674     0.8304    -0.0141     1.8019     0.8580
[1] 27300.0000     0.0000     0.8121    -0.0093     1.8777     0.8244
[1] 27400.0000     0.0000     0.8173     0.0016     1.7725     0.8023
[1] 27500.0000     0.0000     0.8360     0.0196     1.6667     0.8038
[1] 27600.0000     0.0000     0.8606    -0.0078     1.6689     0.8002
[1] 27700.0000     0.0000     0.8219     0.0273     1.8782     0.8500
[1] 27800.0000     0.0000     0.8085     0.0399     1.8419     0.8672
[1] 27900.0000     0.0008     0.8746     0.1028     1.7591     0.8180
[1] 28000.0000     0.0002     0.8699    -0.0408     1.6251     0.8155
[1] 28100.0000     0.0000     0.8536    -0.0929     1.6372     0.8286
[1] 28200.0000     0.0000     0.8099    -0.0042     1.6856     0.8097
[1] 28300.0000     0.0071     0.8099    -0.0042     1.6856     0.8097
[1] 28400.0000     0.0020     0.8099    -0.0042     1.6856     0.8097
[1] 28500.0000     0.0022     0.8257    -0.0113     1.6222     0.8766
[1] 28600.0000     0.0000     0.8229     0.0118     1.6428     0.8012
[1] 28700.0000     0.0889     0.8456    -0.0652     1.7556     0.8349
[1] 28800.0000     0.0000     0.8366    -0.1277     1.7076     0.8214
[1] 28900.0000     0.0000     0.8362     0.0456     1.7973     0.8240
[1] 29000.0000     0.0000     0.8123     0.0125     1.7188     0.8323
[1] 29100.0000     0.0000     0.8012    -0.0035     1.7017     0.8075
[1] 29200.0000     0.0000     0.8470     0.0164     1.7106     0.8568
[1] 29300.0000     0.0000     0.8018     0.0693     1.7595     0.8279
[1] 29400.0000     0.0010     0.8181     0.0001     1.8129     0.8335
[1] 29500.0000     1.0000     0.8146    -0.0124     1.8339     0.8093
[1] 29600.0000     0.0000     0.8135     0.0096     1.8123     0.8030
[1] 29700.0000     0.2619     0.8135    -0.0039     1.7207     0.9081
[1] 29800.0000     1.0000     0.8701    -0.0456     1.6995     0.8024
[1] 29900.0000     0.0000     0.8567     0.0098     1.6575     0.8569
[1] 30000.0000     0.0001     0.8610    -0.1281     1.7702     0.8032
[1] 0.03427863
Time difference of 11.91337 hours
null device 
          1 
