[1] "El numero de nodos X particion es: 10"
[1] "Model = M2 / Data = sim_data/datasetSVCExponential16.Rdata"
[1] 100.0000   0.0000   0.9703  -0.0011   1.4818   1.1428
[1] 200.0000   0.6314   0.9804  -0.1212   1.3296   1.0297
[1] 300.0000   0.0153   0.9777  -0.2366   1.4718   1.0100
[1] 400.0000   0.0184   0.9217  -0.1049   1.4210   0.9692
[1] 500.0000   0.0007   0.9906  -0.1868   1.5045   0.8160
[1] 600.0000   0.0025   0.8891  -0.0566   1.3937   0.8464
[1] 700.0000   0.0154   0.9912  -0.1663   1.5169   1.0784
[1] 800.0000   0.0378   0.9936  -0.1589   1.4519   0.8472
[1] 900.0000   0.3869   0.9357  -0.1944   1.5387   1.0743
[1] 1000.0000    1.0000    0.9692   -0.0792    1.4971    0.9576
[1] 1100.0000    0.9053    0.9726   -0.2018    1.4190    1.0201
[1] 1200.0000    0.3319    0.8603   -0.1548    1.4759    0.9164
[1] 1300.0000    0.0477    0.9909   -0.0957    1.4752    0.8581
[1] 1400.0000    0.0040    0.9303   -0.1604    1.4881    1.1894
[1] 1500.0000    0.0000    0.9694   -0.1576    1.3303    1.1238
[1] 1600.0000    0.0057    0.9998   -0.2101    1.5137    1.1214
[1] 1700.0000    0.0001    0.9937   -0.1789    1.4583    0.8095
[1] 1800.0000    0.0170    0.9234   -0.1004    1.4999    1.1307
[1] 1900.0000    0.6703    0.9957   -0.2086    1.4092    1.1822
[1] 2000.0000    0.0138    0.9978   -0.1843    1.4934    1.1535
[1] 2100.0000    0.0068    0.9401   -0.1385    1.4089    1.0501
[1] 2200.0000    1.0000    0.8897   -0.1730    1.5484    1.0133
[1] 2300.0000    0.0785    0.9818   -0.1320    1.4589    0.8709
[1] 2400.0000    0.4468    0.9764   -0.0208    1.3742    1.0594
[1] 2500.0000    0.0649    0.9668   -0.1719    1.4619    0.8475
[1] 2600.0000    0.0039    0.9658   -0.1192    1.4276    1.0023
[1] 2700.0000    0.0072    0.9335   -0.1803    1.5279    0.9591
[1] 2800.0000    0.1077    0.8906   -0.1813    1.4378    0.8787
[1] 2900.0000    0.0026    0.9982   -0.1128    1.4301    0.9626
[1] 3000.0000    0.0319    0.9996   -0.1810    1.4449    0.9286
[1] 3100.0000    0.0885    0.9751   -0.1287    1.4651    1.0618
[1] 3200.0000    0.1124    0.9371   -0.1107    1.4480    1.1278
[1] 3300.0000    0.0016    0.9877   -0.1395    1.4280    0.9428
[1] 3400.0000    0.0121    0.9912   -0.1943    1.3790    1.1933
[1] 3500.0000    0.8579    0.9338   -0.1987    1.4834    0.8830
[1] 3600.0000    0.0876    0.9676   -0.2080    1.4324    1.0085
[1] 3700.0000    0.1979    0.9950   -0.1964    1.4323    1.0085
[1] 3800.0000    0.1199    0.9380   -0.1837    1.3985    1.1005
[1] 3900.0000    0.0774    0.9991   -0.2305    1.5290    0.8391
[1] 4000.0000    0.2910    0.9388   -0.1422    1.3768    0.8131
[1] 4100.0000    1.0000    0.9426   -0.2056    1.4687    0.8764
[1] 4200.0000    0.0064    0.9756   -0.2210    1.5091    0.9752
[1] 4300.0000    0.0000    0.9986   -0.1311    1.5406    0.9026
[1] 4400.0000    0.0037    0.9882   -0.0310    1.4686    1.1147
[1] 4500.0000    0.0743    0.9366   -0.1106    1.5679    1.0448
[1] 4600.0000    0.1396    0.9525   -0.1766    1.4201    1.1110
[1] 4700.0000    0.0000    0.9863   -0.0736    1.4322    1.1102
[1] 4800.0000    0.0005    0.9888   -0.1422    1.4480    0.9751
[1] 4900.0000    0.0058    0.9924   -0.0764    1.5161    1.1836
[1] 5000.0000    0.5511    0.9273   -0.1274    1.5023    1.0348
[1] 5100.0000    0.0390    0.9679   -0.1086    1.4339    1.1951
[1] 5200.0000    0.1884    0.8440   -0.1817    1.5629    1.1937
[1] 5300.0000    0.2930    0.8379   -0.1577    1.3811    1.0434
[1] 5400.0000    0.0276    0.9974   -0.1056    1.4711    1.1725
[1] 5500.0000    1.0000    0.9295   -0.0673    1.4390    1.1335
[1] 5600.0000    0.0011    0.9595   -0.2376    1.5235    1.1319
[1] 5700.0000    0.7266    0.9979   -0.2156    1.4089    1.0573
[1] 5800.0000    0.0164    0.9831   -0.1782    1.4753    1.0737
[1] 5900.0000    0.0067    0.9936   -0.1776    1.3702    1.1548
[1] 6000.0000    0.0008    0.9892   -0.1553    1.3841    0.9479
[1] 6100.0000    0.0061    0.9517   -0.1523    1.5259    0.9216
[1] 6200.0000    0.0282    0.9887   -0.1708    1.3743    1.1493
[1] 6300.0000    0.0125    0.9569   -0.2064    1.4872    0.8080
[1] 6400.0000    0.0649    0.9885   -0.0287    1.4458    0.8165
[1] 6500.0000    1.0000    0.9478   -0.1022    1.3942    1.0656
[1] 6600.0000    0.0748    0.9801   -0.1792    1.3900    1.0197
[1] 6700.0000    0.0651    0.9726   -0.2652    1.3386    1.0730
[1] 6800.0000    0.0188    0.9947   -0.1451    1.4457    0.8549
[1] 6900.0000    0.0359    0.9783   -0.1447    1.4171    1.0604
[1] 7000.0000    0.4650    0.9910   -0.2105    1.4824    1.0078
[1] 7100.0000    0.0166    0.9857   -0.1129    1.3939    1.0571
[1] 7200.0000    0.0009    0.9995   -0.1314    1.4574    0.8671
[1] 7300.0000    1.0000    0.9616   -0.0989    1.5279    0.8824
[1] 7400.0000    0.2076    0.9257   -0.1862    1.4515    1.0951
[1] 7500.0000    0.0264    0.9538   -0.0212    1.4971    1.0728
[1] 7600.0000    0.0277    0.9979   -0.1275    1.4771    1.1442
[1] 7700.0000    0.0139    0.9975   -0.1921    1.3819    1.1871
[1] 7800.0000    0.0039    0.9829   -0.2057    1.3928    1.0003
[1] 7900.0000    0.0090    0.9605   -0.2116    1.3821    0.8727
[1] 8000.0000    0.0026    0.9888   -0.2305    1.4192    0.8620
[1] 8100.0000    0.0586    0.9605   -0.1250    1.4611    0.9407
[1] 8200.0000    0.0006    0.9636   -0.0952    1.4627    1.1811
[1] 8300.0000    0.0133    0.9677   -0.0799    1.5345    1.0370
[1] 8400.0000    0.0201    0.9589   -0.1377    1.5222    1.0527
[1] 8500.0000    0.0000    0.9939   -0.1078    1.3242    1.0648
[1] 8600.0000    0.1034    0.9648   -0.2138    1.4634    1.1411
[1] 8700.0000    0.0004    0.9956   -0.1238    1.3563    1.1637
[1] 8800.0000    0.3897    0.9324   -0.0601    1.3654    0.8066
[1] 8900.0000    0.2616    0.9431   -0.1371    1.4634    1.1381
[1] 9000.0000    0.0123    0.9901   -0.1457    1.4022    0.8211
[1] 9100.0000    0.0353    0.9978   -0.1314    1.4740    0.9039
[1] 9200.0000    0.0320    0.9878   -0.1374    1.4754    0.9872
[1] 9300.0000    0.0019    0.9856   -0.1082    1.4135    1.1370
[1] 9400.0000    0.0034    0.9943    0.0116    1.4742    1.0986
[1] 9500.0000    0.1484    0.9899   -0.0886    1.4234    1.0167
[1] 9600.0000    0.1690    0.9993   -0.1770    1.4395    0.8928
[1] 9700.0000    0.0545    0.9939   -0.1326    1.3930    0.9010
[1] 9800.0000    0.0073    0.9959   -0.1649    1.4911    1.1171
[1] 9900.0000    0.0005    0.9529   -0.1083    1.4317    0.9335
[1] 10000.0000     0.2897     0.9167    -0.1217     1.4055     1.1877
[1] 10100.0000     0.0658     0.9831    -0.1570     1.3598     0.9082
[1] 10200.0000     1.0000     0.9808    -0.1945     1.4268     0.8342
[1] 10300.0000     0.0298     0.9907    -0.0977     1.4027     0.9111
[1] 10400.0000     0.0122     0.9928    -0.0243     1.4422     1.1007
[1] 10500.0000     0.0355     0.8159    -0.0882     1.4905     1.1284
[1] 10600.0000     0.0184     0.9813    -0.1551     1.5395     1.0459
[1] 10700.0000     0.0029     0.9754    -0.1144     1.4931     1.0595
[1] 10800.0000     0.0100     0.9785    -0.2013     1.4862     1.1554
[1] 10900.0000     0.0002     0.9660    -0.1978     1.4406     1.1970
[1] 11000.0000     0.0041     0.9998    -0.1774     1.5009     0.9957
[1] 11100.0000     0.0299     0.9602    -0.0987     1.5273     0.8572
[1] 11200.0000     0.3779     0.9796    -0.1206     1.4782     0.8111
[1] 11300.0000     0.3643     0.9738    -0.2251     1.4614     1.1215
[1] 11400.0000     0.6213     0.9830    -0.0867     1.4110     1.0526
[1] 11500.0000     0.0000     0.9311    -0.1270     1.4102     0.8792
[1] 11600.0000     0.2497     0.9382    -0.1720     1.4007     0.8033
[1] 11700.0000     0.0572     0.9810    -0.2416     1.3892     0.9386
[1] 11800.0000     0.0002     0.9849    -0.0777     1.4145     1.0283
[1] 11900.0000     0.0554     0.9950    -0.1064     1.4903     1.0414
[1] 12000.0000     1.0000     0.9595    -0.0644     1.4767     1.1960
[1] 12100.0000     0.7159     0.9452    -0.2176     1.4701     0.8400
[1] 12200.0000     0.0086     0.9853    -0.1570     1.3877     1.1443
[1] 12300.0000     0.2220     0.9623    -0.0382     1.4681     1.1420
[1] 12400.0000     0.0425     0.9803    -0.1846     1.5498     1.0988
[1] 12500.0000     0.0210     0.9960    -0.0738     1.5124     0.9530
[1] 12600.0000     0.6461     0.9564    -0.0816     1.4394     1.1675
[1] 12700.0000     0.0008     0.9486    -0.0954     1.5454     0.8166
[1] 12800.0000     0.1715     0.9087    -0.2205     1.4739     1.0631
[1] 12900.0000     0.1373     0.9378    -0.1346     1.3910     1.1252
[1] 13000.0000     0.0144     0.9696    -0.1317     1.3649     0.9346
[1] 13100.0000     0.1298     0.9667    -0.1964     1.4457     1.1263
[1] 13200.0000     0.1383     0.9801    -0.1643     1.2846     0.8746
[1] 13300.0000     0.0616     0.9911    -0.1051     1.5452     1.1585
[1] 13400.0000     0.0654     0.9485    -0.1219     1.4718     1.0271
[1] 13500.0000     0.0034     0.9671    -0.0783     1.4636     0.9422
[1] 13600.0000     0.0136     0.9601    -0.1350     1.4519     0.9762
[1] 13700.0000     0.0282     0.9962    -0.1280     1.5318     0.9736
[1] 13800.0000     0.0162     0.9685    -0.1423     1.5614     0.9435
[1] 13900.0000     0.0059     0.9916    -0.1500     1.4631     1.1838
[1] 14000.0000     1.0000     0.9598    -0.1869     1.4752     0.8043
[1] 14100.0000     0.0168     0.9803    -0.1053     1.4306     1.0983
[1] 14200.0000     0.9205     0.9100    -0.1554     1.3991     1.1948
[1] 14300.0000     0.5505     0.9874    -0.1936     1.4941     0.9095
[1] 14400.0000     0.0634     0.9825    -0.1961     1.4704     0.9794
[1] 14500.0000     0.6143     0.9833    -0.1400     1.3797     1.1771
[1] 14600.0000     0.0043     0.9670    -0.1130     1.4422     1.1151
[1] 14700.0000     0.0259     0.9923    -0.1604     1.4356     1.0723
[1] 14800.0000     1.0000     0.8823    -0.2534     1.4222     0.8703
[1] 14900.0000     0.4036     0.9850    -0.1097     1.4450     1.1438
[1] 15000.0000     0.0000     0.9447    -0.1488     1.4801     0.8911
[1] 15100.0000     0.0386     0.9112    -0.1197     1.4530     1.0503
[1] 15200.0000     0.4319     0.9896    -0.0439     1.4520     1.1186
[1] 15300.0000     0.1976     0.8856    -0.1662     1.3910     0.9730
[1] 15400.0000     0.4694     0.9940    -0.2003     1.4458     1.1917
[1] 15500.0000     0.0156     0.9973    -0.1495     1.4643     0.8711
[1] 15600.0000     0.3990     0.9912    -0.2460     1.4466     1.0551
[1] 15700.0000     0.2876     0.9225    -0.0712     1.4294     0.9294
[1] 15800.0000     0.6369     0.9774    -0.1059     1.3848     1.1822
[1] 15900.0000     0.0000     0.9611    -0.2076     1.5081     1.0447
[1] 16000.0000     1.0000     0.9761    -0.1640     1.5152     1.0600
[1] 16100.0000     0.1598     0.9304    -0.1358     1.5472     1.0894
[1] 16200.0000     0.1065     0.9573    -0.2411     1.4685     0.8266
[1] 16300.0000     0.0437     0.9981    -0.1820     1.4010     0.9160
[1] 16400.0000     0.0098     0.9797    -0.0806     1.3969     1.0271
[1] 16500.0000     0.5423     0.9894    -0.0124     1.4819     0.9222
[1] 16600.0000     0.5873     0.9294    -0.2502     1.4247     0.8662
[1] 16700.0000     0.3047     0.9897    -0.0525     1.4586     1.0076
[1] 16800.0000     1.0000     0.9593    -0.1967     1.4150     0.8375
[1] 16900.0000     0.2254     0.9996    -0.1155     1.4708     0.8218
[1] 17000.0000     0.0147     0.9815    -0.1869     1.5055     0.9010
[1] 17100.0000     0.0243     0.9262    -0.0212     1.4275     0.9696
[1] 17200.0000     0.0089     0.9497    -0.1024     1.3919     0.8252
[1] 17300.0000     0.0204     0.9564    -0.2181     1.3773     0.9524
[1] 17400.0000     1.0000     0.9623    -0.2209     1.4680     1.1696
[1] 17500.0000     0.7221     0.9677    -0.2076     1.5063     1.1479
[1] 17600.0000     0.6320     0.9563    -0.1635     1.4127     1.0643
[1] 17700.0000     0.0003     0.9944    -0.1362     1.3637     0.9167
[1] 17800.0000     1.0000     0.9968    -0.2649     1.4647     0.8268
[1] 17900.0000     0.1641     0.9291    -0.2750     1.4213     0.9192
[1] 18000.0000     0.1056     0.9947    -0.1104     1.4792     0.8849
[1] 18100.0000     1.0000     0.8499    -0.1492     1.4885     1.0097
[1] 18200.0000     0.0025     0.9984    -0.1490     1.4047     0.8927
[1] 18300.0000     0.1265     0.9706    -0.1283     1.4364     1.1685
[1] 18400.0000     0.0000     0.9243    -0.2237     1.4293     1.1066
[1] 18500.0000     0.0823     0.9597    -0.1236     1.4864     1.1397
[1] 18600.0000     0.0775     0.8932    -0.0891     1.6074     0.8460
[1] 18700.0000     0.1470     0.9071    -0.1011     1.5286     1.1143
[1] 18800.0000     1.0000     0.9422    -0.1729     1.5204     0.8265
[1] 18900.0000     0.0015     0.9734    -0.1342     1.4663     1.0104
[1] 19000.0000     0.0172     0.9527    -0.2071     1.4894     0.8936
[1] 19100.0000     0.2595     0.9272    -0.1239     1.5353     0.8583
[1] 19200.0000     0.0201     0.9838    -0.0432     1.3734     1.0840
[1] 19300.0000     0.3424     0.9996    -0.1608     1.4022     0.8073
[1] 19400.0000     0.0626     0.9097    -0.0538     1.5040     1.0433
[1] 19500.0000     0.0016     0.9633    -0.0581     1.4137     1.1823
[1] 19600.0000     0.3437     0.9797    -0.2002     1.4498     1.1185
[1] 19700.0000     0.3517     0.8764    -0.1732     1.4451     0.8717
[1] 19800.0000     0.0503     0.9869    -0.1072     1.5184     0.9076
[1] 19900.0000     0.2115     0.9981    -0.1515     1.5153     1.0280
[1] 20000.0000     1.0000     0.9605    -0.1821     1.4136     0.8244
[1] 20100.0000     0.0003     0.9942    -0.1491     1.4991     0.9182
[1] 20200.0000     1.0000     0.9840    -0.1933     1.4607     1.1380
[1] 20300.0000     0.5805     0.9938    -0.2304     1.2999     0.8685
[1] 20400.0000     0.0366     0.9596    -0.1532     1.4713     1.0259
[1] 20500.0000     0.0187     0.9905    -0.0775     1.4763     1.0353
[1] 20600.0000     0.0516     0.9981    -0.1833     1.4744     1.1462
[1] 20700.0000     0.0114     0.9752    -0.1334     1.3988     1.1178
[1] 20800.0000     1.0000     0.9981    -0.1456     1.4964     1.0246
[1] 20900.0000     1.0000     0.9455    -0.1925     1.5224     1.1141
[1] 21000.0000     0.0336     0.9912    -0.0347     1.4599     1.0875
[1] 21100.0000     0.0029     0.9440    -0.2064     1.4844     1.0640
[1] 21200.0000     0.6265     0.9611    -0.1107     1.5185     0.8029
[1] 21300.0000     1.0000     0.9067    -0.0387     1.4399     0.8492
[1] 21400.0000     0.0305     0.8276    -0.1098     1.4205     0.8233
[1] 21500.0000     0.0016     0.9988    -0.1636     1.4294     0.8682
[1] 21600.0000     0.3862     0.9719    -0.2564     1.4422     0.8354
[1] 21700.0000     0.1216     0.9973    -0.1467     1.4203     0.9605
[1] 21800.0000     0.0615     0.9794    -0.0860     1.4070     1.1483
[1] 21900.0000     0.0735     0.9832    -0.0426     1.4338     1.1273
[1] 22000.0000     0.0463     0.9312    -0.1508     1.3928     1.0052
[1] 22100.0000     0.1155     0.9623    -0.0738     1.4913     1.1965
[1] 22200.0000     0.1214     0.9218    -0.1521     1.4546     0.8208
[1] 22300.0000     0.6177     0.9726    -0.1809     1.4974     0.8521
[1] 22400.0000     1.0000     0.9971    -0.2194     1.3736     0.9354
[1] 22500.0000     0.0101     0.9946    -0.0602     1.4440     1.0356
[1] 22600.0000     0.0413     0.9923    -0.1221     1.4639     1.0394
[1] 22700.0000     0.0148     0.9920    -0.1050     1.3687     1.1651
[1] 22800.0000     0.0993     0.8972    -0.0752     1.3877     1.0231
[1] 22900.0000     0.1388     0.9916    -0.0839     1.3976     0.9621
[1] 23000.0000     0.2106     0.8997    -0.0516     1.5038     0.9381
[1] 23100.0000     0.0398     0.9231    -0.1216     1.4898     0.8179
[1] 23200.0000     0.0047     0.9832    -0.1570     1.5349     0.9881
[1] 23300.0000     0.4908     0.9904    -0.1438     1.5262     1.1810
[1] 23400.0000     0.0523     0.8888    -0.1955     1.4304     1.0444
[1] 23500.0000     0.1732     0.9986    -0.1199     1.4144     1.0082
[1] 23600.0000     0.5436     0.8573    -0.1988     1.4808     0.9429
[1] 23700.0000     0.0374     0.9809    -0.1312     1.3616     1.1074
[1] 23800.0000     0.0381     0.9935    -0.1879     1.4032     0.8458
[1] 23900.0000     0.0399     0.9920    -0.1310     1.4459     1.0485
[1] 24000.0000     0.0055     0.9851    -0.1072     1.5014     1.0873
[1] 24100.0000     0.7576     0.8747    -0.1617     1.4565     1.0767
[1] 24200.0000     1.0000     0.9905    -0.2569     1.4571     1.0102
[1] 24300.0000     0.0397     0.8950    -0.1616     1.5048     0.9587
[1] 24400.0000     0.4856     0.9947    -0.0797     1.4316     0.9697
[1] 24500.0000     0.0162     0.9726    -0.0900     1.5795     1.0605
[1] 24600.0000     0.0056     0.9866    -0.1435     1.4635     1.1519
[1] 24700.0000     0.1446     0.9889    -0.0995     1.4893     0.9077
[1] 24800.0000     0.5152     0.9785    -0.1682     1.4527     0.9465
[1] 24900.0000     0.0232     0.9781    -0.1583     1.4529     0.9351
[1] 25000.0000     0.0612     0.8801    -0.0746     1.4350     0.8235
[1] 25100.0000     0.0337     0.9249    -0.1977     1.3976     1.0516
[1] 25200.0000     0.0120     0.9920    -0.1813     1.5316     0.8420
[1] 25300.0000     0.0013     0.9779    -0.2073     1.4573     0.8977
[1] 25400.0000     0.0228     0.9621    -0.0392     1.4440     0.9516
[1] 25500.0000     0.0238     0.9666    -0.1824     1.4241     0.9250
[1] 25600.0000     0.0011     0.9926    -0.0644     1.5218     0.9855
[1] 25700.0000     0.0132     0.9659    -0.1359     1.4679     0.9398
[1] 25800.0000     0.0776     0.9689    -0.1864     1.4513     1.1962
[1] 25900.0000     0.0064     0.9827    -0.1198     1.4018     0.8279
[1] 26000.0000     0.2303     0.9492    -0.1139     1.3663     1.0058
[1] 26100.0000     0.0052     0.9935    -0.1899     1.5200     1.0009
[1] 26200.0000     0.3132     0.9529    -0.0243     1.5213     1.0017
[1] 26300.0000     0.1037     0.9342    -0.0882     1.3865     1.1434
[1] 26400.0000     0.0035     0.9644    -0.0153     1.4275     0.8566
[1] 26500.0000     0.6984     0.9678    -0.1586     1.3645     0.9418
[1] 26600.0000     0.0178     0.9993    -0.0917     1.4166     1.0988
[1] 26700.0000     0.1171     0.9721    -0.0842     1.4606     0.8075
[1] 26800.0000     1.0000     0.9542    -0.2014     1.4304     1.1594
[1] 26900.0000     0.0106     0.9586    -0.0939     1.4584     1.0279
[1] 27000.0000     0.0953     0.9862    -0.1456     1.5473     0.8958
[1] 27100.0000     0.0604     0.9897    -0.1373     1.4369     0.9084
[1] 27200.0000     0.0045     0.9713    -0.2124     1.4469     1.0324
[1] 27300.0000     0.1664     0.9608    -0.2464     1.4751     0.8492
[1] 27400.0000     0.0182     0.9728    -0.1966     1.4609     1.1655
[1] 27500.0000     0.0367     0.9534    -0.1468     1.4319     0.8238
[1] 27600.0000     0.0971     0.9952    -0.1997     1.4852     1.1217
[1] 27700.0000     0.0053     0.9491    -0.0996     1.4551     1.1275
[1] 27800.0000     0.6177     0.9539    -0.1827     1.6375     1.0619
[1] 27900.0000     0.0831     0.9774    -0.1402     1.4373     0.8741
[1] 28000.0000     0.0000     0.9430    -0.0854     1.4722     0.9743
[1] 28100.0000     0.0008     0.9857    -0.1044     1.5646     0.9345
[1] 28200.0000     0.1173     0.9920    -0.1087     1.4750     1.1206
[1] 28300.0000     0.0015     0.9817    -0.1410     1.4980     0.9109
[1] 28400.0000     1.0000     0.9594    -0.1190     1.4478     0.8105
[1] 28500.0000     0.7273     0.8206    -0.0835     1.4848     1.0447
[1] 28600.0000     0.0641     0.9775    -0.1870     1.4151     0.9079
[1] 28700.0000     0.0188     0.9755    -0.2212     1.3898     0.8792
[1] 28800.0000     0.6860     0.9743    -0.1865     1.4592     0.8723
[1] 28900.0000     1.0000     0.9689    -0.2299     1.4663     1.0738
[1] 29000.0000     0.0033     0.9692    -0.0515     1.4780     0.9910
[1] 29100.0000     0.1390     0.9836    -0.1018     1.5023     1.0211
[1] 29200.0000     0.0968     0.9889    -0.2500     1.4226     1.0979
[1] 29300.0000     0.1532     0.9749    -0.0877     1.4647     0.9782
[1] 29400.0000     0.0539     0.9512    -0.1331     1.3521     1.1262
[1] 29500.0000     0.0039     0.9868    -0.1216     1.4614     0.9941
[1] 29600.0000     0.0970     0.9989    -0.0086     1.5569     1.0390
[1] 29700.0000     0.0038     0.9798    -0.1953     1.3905     0.9838
[1] 29800.0000     0.0770     0.9840    -0.1554     1.3783     0.9981
[1] 29900.0000     1.0000     0.9798    -0.1233     1.4589     1.0014
[1] 30000.0000     0.3825     0.9561    -0.1001     1.4979     1.0811
[1] 0.2479901
Time difference of 10.98113 hours
null device 
          1 
