[1] "El numero de nodos X particion es: 10"
[1] "Model = M1 / Data = sim_data/datasetSVIExponential11.Rdata"
[1] 100.0000   0.8872   0.8291   0.0975   1.9130   0.9331
[1] 200.0000   0.0046   0.9592   0.1337   1.7812   1.1736
[1] 300.0000   0.7342   0.8776   0.2191   1.8012   1.0665
[1] 400.0000   0.0000   0.8775  -0.5375   2.5868   1.0971
[1] 500.0000   0.0000   0.8673   0.7444   1.2658   1.1452
[1] 600.0000   0.0006   0.8988  -0.4935   2.5158   1.1191
[1] 700.0000   0.0000   0.8871   0.4583   1.5083   1.1955
[1] 800.0000   0.0000   0.8728   0.6757   1.3522   0.9084
[1] 900.0000   0.0000   0.9606   0.7255   1.2112   1.0158
[1] 1000.0000    0.0000    0.8209   -0.7090    2.6875    0.9374
[1] 1100.0000    0.0000    0.9319    0.2876    1.6799    0.8930
[1] 1200.0000    0.1867    0.8603    0.4038    1.6851    0.9164
[1] 1300.0000    0.4136    0.8617   -0.3818    2.2263    1.0550
[1] 1400.0000    0.0000    0.9303   -1.4420    3.3232    1.1894
[1] 1500.0000    0.0000    0.9584   -0.1646    2.1349    1.0940
[1] 1600.0000    0.0000    0.9658   -0.4333    2.3901    1.0950
[1] 1700.0000    0.0000    0.9419   -0.1292    2.1983    1.0966
[1] 1800.0000    0.0000    0.9376    0.4839    1.5319    0.8302
[1] 1900.0000    0.0000    0.9875   -0.7706    2.7628    0.8532
[1] 2000.0000    0.0000    0.8550    0.8407    1.2302    1.0762
[1] 2100.0000    0.0000    0.8676   -0.4951    2.4724    0.9194
[1] 2200.0000    0.0000    0.8668    0.0241    2.0331    1.0989
[1] 2300.0000    0.0000    0.9142    0.0736    1.8496    0.8527
[1] 2400.0000    0.0000    0.9355   -0.0168    1.9503    1.1578
[1] 2500.0000    0.0094    0.9668    0.2345    1.6706    0.8029
[1] 2600.0000    0.0000    0.8617   -0.3993    2.3092    0.8044
[1] 2700.0000    0.0000    0.8492   -0.5456    2.5696    0.9140
[1] 2800.0000    0.1269    0.8906   -0.0115    1.8458    0.8787
[1] 2900.0000    0.0000    0.9057   -0.5686    2.5064    0.9581
[1] 3000.0000    0.0000    0.8454   -0.2411    2.2325    0.9669
[1] 3100.0000    0.0000    0.9787    0.5083    1.4978    0.9283
[1] 3200.0000    0.0000    0.9190    0.4831    1.5001    0.9575
[1] 3300.0000    0.0000    0.9312    0.2600    1.7545    0.9302
[1] 3400.0000    0.3247    0.8983    1.2163    0.8059    1.1525
[1] 3500.0000    0.0000    0.9035    0.5987    1.3829    0.9507
[1] 3600.0000    0.0000    0.9027    0.2996    1.6752    1.1569
[1] 3700.0000    0.2028    0.8237    0.8649    1.1299    0.8398
[1] 3800.0000    0.0000    0.9791    1.6146    0.3291    1.0179
[1] 3900.0000    0.0000    0.8319   -0.0873    2.1623    0.8180
[1] 4000.0000    0.0000    0.9448   -0.8585    2.8598    1.0791
[1] 4100.0000    0.0000    0.8388   -0.7794    2.7945    0.8864
[1] 4200.0000    0.0000    0.9756   -0.7030    2.6130    0.9752
[1] 4300.0000    0.1022    0.8028   -0.7307    2.7376    0.9927
[1] 4400.0000    0.0000    0.9832    0.8216    1.1800    1.0903
[1] 4500.0000    0.0773    0.8404   -0.2531    2.2882    1.1577
[1] 4600.0000    0.0000    0.9581    1.0101    1.0569    0.8180
[1] 4700.0000    0.0000    0.8536    0.9355    1.0665    0.9410
[1] 4800.0000    0.0000    0.9576   -0.6732    2.6495    1.0847
[1] 4900.0000    0.0000    0.8114   -1.2301    3.1932    0.8255
[1] 5000.0000    0.0000    0.9762   -1.2128    3.0886    0.8665
[1] 5100.0000    0.0000    0.9679   -1.5962    3.4846    1.1951
[1] 5200.0000    0.0000    0.8051   -0.5720    2.5451    0.8965
[1] 5300.0000    0.0000    0.8845    0.1430    1.8227    1.0022
[1] 5400.0000    0.0000    0.8536    1.0799    0.9398    0.9337
[1] 5500.0000    0.0000    0.8913    1.1483    0.7985    1.1131
[1] 5600.0000    0.0000    0.9929   -0.2776    2.1450    1.1085
[1] 5700.0000    0.0000    0.9445    0.7018    1.3392    1.0237
[1] 5800.0000    0.0000    0.8612   -0.3598    2.4196    1.0327
[1] 5900.0000    0.0000    0.9433    0.1091    1.7878    0.8670
[1] 6000.0000    0.0000    0.9870    0.4375    1.5197    1.0819
[1] 6100.0000    0.0000    0.8793   -0.0081    1.9123    0.8792
[1] 6200.0000    0.0000    0.8741    0.2009    1.7692    0.8043
[1] 6300.0000    0.0000    0.9569   -0.7445    2.6973    0.8080
[1] 6400.0000    0.0000    0.9918   -0.3162    2.4614    1.1860
[1] 6500.0000    0.0000    0.9084   -0.8764    2.8808    1.0918
[1] 6600.0000    0.0000    0.8401   -0.3433    2.2188    1.0889
[1] 6700.0000    0.0000    0.8253   -0.3287    2.4230    0.9280
[1] 6800.0000    0.0987    0.8794    0.1866    1.8145    0.9381
[1] 6900.0000    0.0000    0.8857   -0.9121    2.9503    0.9847
[1] 7000.0000    0.0000    0.8521   -0.2672    2.2670    1.0680
[1] 7100.0000    0.0000    0.9857    0.1162    1.8563    1.0571
[1] 7200.0000    0.0000    0.8247   -0.3491    2.4061    0.8913
[1] 7300.0000    0.0000    0.9346   -0.4366    2.4754    1.1740
[1] 7400.0000    0.0000    0.8045   -0.7102    2.5990    0.8734
[1] 7500.0000    0.0000    0.8866   -2.2770    4.2154    1.1948
[1] 7600.0000    0.0000    0.9974   -0.3417    2.3077    1.0017
[1] 7700.0000    0.0000    0.8440   -1.2257    3.2443    0.8976
[1] 7800.0000    0.0000    0.9477    0.0579    1.8450    0.8206
[1] 7900.0000    0.0000    0.9654   -0.2132    2.0904    1.1831
[1] 8000.0000    0.0000    0.9309   -0.6580    2.5784    1.0835
[1] 8100.0000    0.0000    0.8250   -0.3683    2.3053    1.1136
[1] 8200.0000    0.0000    0.9110   -0.5296    2.5213    0.9989
[1] 8300.0000    0.0000    0.8222   -0.5521    2.5500    0.8438
[1] 8400.0000    0.0000    0.9658    0.3175    1.6146    0.9286
[1] 8500.0000    0.0000    0.8325   -0.4216    2.4723    1.0750
[1] 8600.0000    0.0000    0.8576   -1.0802    3.0367    1.0835
[1] 8700.0000    0.0000    0.8940   -0.9932    2.9791    1.0236
[1] 8800.0000    0.0000    0.9735   -0.8823    2.7857    1.0381
[1] 8900.0000    0.0000    0.8674    0.1077    1.8879    1.0474
[1] 9000.0000    0.0000    0.8301    1.1493    0.7886    1.1387
[1] 9100.0000    0.0000    0.8755   -0.1526    2.1268    0.8812
[1] 9200.0000    0.0000    0.8129   -0.7662    2.7606    1.1264
[1] 9300.0000    0.0000    0.9270   -0.7719    2.7695    1.1117
[1] 9400.0000    0.0000    0.8413    0.4596    1.4464    1.0761
[1] 9500.0000    0.0000    0.9934   -0.3303    2.3590    1.0697
[1] 9600.0000    0.0000    0.8149    0.1214    1.8498    0.9056
[1] 9700.0000    0.0000    0.8918    1.0779    0.8437    0.8845
[1] 9800.0000    0.0000    0.8667    0.5057    1.4376    0.9410
[1] 9900.0000    0.0000    0.9876    1.3164    0.6632    0.9739
[1] 10000.0000     0.3900     0.9984    -0.4796     2.4355     0.9987
[1] 10100.0000     0.0000     0.9390    -0.3504     2.3383     1.0815
[1] 10200.0000     0.0000     0.8458     0.2728     1.6558     1.1044
[1] 10300.0000     0.3825     0.9549     0.7894     1.1852     0.8021
[1] 10400.0000     0.0000     0.9109    -0.1629     2.1179     0.9653
[1] 10500.0000     0.0000     0.9035     0.7142     1.2095     0.9966
[1] 10600.0000     0.0000     0.8442     0.5734     1.4763     0.9495
[1] 10700.0000     0.0000     0.8398     0.6934     1.3287     1.0590
[1] 10800.0000     0.0041     0.8310     0.3088     1.6671     0.9940
[1] 10900.0000     0.0000     0.9660     0.6653     1.3499     1.1970
[1] 11000.0000     0.0020     0.8555     0.9724     1.0841     1.1761
[1] 11100.0000     0.0000     0.9587    -0.0488     1.9751     0.9308
[1] 11200.0000     0.1555     0.8258    -0.8324     2.8000     1.0628
[1] 11300.0000     0.0000     0.8936    -0.8317     2.8207     1.0961
[1] 11400.0000     0.0000     0.9548     0.7008     1.2986     1.0047
[1] 11500.0000     0.0000     0.8034    -0.3968     2.3607     0.8501
[1] 11600.0000     0.0000     0.9104    -0.1759     2.1848     0.8269
[1] 11700.0000     0.0000     0.8224     0.4400     1.5564     0.8539
[1] 11800.0000     0.0000     0.8027    -0.6142     2.5903     0.8530
[1] 11900.0000     0.0000     0.8460    -1.0199     2.9929     0.8150
[1] 12000.0000     0.0000     0.8056     0.3857     1.6568     1.1142
[1] 12100.0000     0.0000     0.8666    -0.9359     2.9545     0.9630
[1] 12200.0000     0.0658     0.9853     0.1122     1.9246     1.1443
[1] 12300.0000     0.0000     0.8010    -0.1737     2.1027     0.8810
[1] 12400.0000     1.0000     0.8046    -0.1828     2.1712     0.8797
[1] 12500.0000     0.0000     0.9939     0.1645     1.9071     0.9707
[1] 12600.0000     0.0000     0.8126    -0.6189     2.6426     1.1805
[1] 12700.0000     0.0000     0.9614    -0.1990     2.0308     0.8958
[1] 12800.0000     0.0000     0.8257    -0.3360     2.3520     0.8904
[1] 12900.0000     0.0233     0.8545    -0.1640     2.1884     1.0312
[1] 13000.0000     0.0000     0.8069    -0.0131     1.9824     1.0997
[1] 13100.0000     0.0000     0.9404     1.4077     0.5981     0.9822
[1] 13200.0000     0.0000     0.8843     0.4290     1.5444     0.9997
[1] 13300.0000     0.0000     0.8427    -0.9696     2.8971     1.0281
[1] 13400.0000     0.0000     0.8092    -0.6845     2.6727     1.1676
[1] 13500.0000     0.0000     0.8358    -0.6870     2.7179     1.1234
[1] 13600.0000     0.0000     0.8917     0.0277     1.9251     1.0301
[1] 13700.0000     0.0000     0.8951     0.1208     1.8034     1.0363
[1] 13800.0000     0.0000     0.8787    -0.6752     2.6369     1.0611
[1] 13900.0000     0.0000     0.8573    -0.4442     2.4325     0.8372
[1] 14000.0000     0.0000     0.9588     0.4640     1.5014     0.9662
[1] 14100.0000     0.0000     0.8844     0.7157     1.1198     1.1867
[1] 14200.0000     0.0000     0.8479     0.5933     1.3928     0.8739
[1] 14300.0000     0.0000     0.8548    -0.2744     2.1694     0.8231
[1] 14400.0000     0.0053     0.8623     0.8957     1.0521     0.8985
[1] 14500.0000     0.2524     0.9963    -0.0525     2.0140     1.0788
[1] 14600.0000     0.0000     0.9850     0.6914     1.3683     0.9950
[1] 14700.0000     0.0000     0.8734    -0.1543     2.0045     1.0676
[1] 1.480e+04 0.000e+00 9.988e-01 1.271e+00 7.564e-01 9.067e-01
[1] 14900.0000     0.0094     0.9582     0.3051     1.6792     1.0321
[1] 15000.0000     0.0661     0.8279     0.7320     1.2709     1.0826
[1] 15100.0000     0.7000     0.8384     0.2875     1.6286     0.8510
[1] 15200.0000     0.0000     0.8242     0.0423     1.9079     1.0800
[1] 15300.0000     0.3708     0.8059    -0.2041     2.2422     0.9091
[1] 15400.0000     0.0002     0.8072    -1.1693     3.1531     1.0717
[1] 15500.0000     0.0000     0.8701    -1.2025     3.2182     1.0212
[1] 15600.0000     0.0000     0.8520    -0.5821     2.6486     1.1912
[1] 15700.0000     0.0000     0.8475    -0.1242     2.0607     0.9690
[1] 15800.0000     0.0000     0.9108     0.0059     1.9554     0.9068
[1] 15900.0000     0.0000     0.8876     0.0317     1.9004     0.9067
[1] 16000.0000     0.0000     0.8124    -0.5099     2.4635     1.1160
[1] 16100.0000     0.0000     0.9566     1.1062     0.9356     1.0234
[1] 16200.0000     0.0000     0.9466     0.2077     1.7227     0.9477
[1] 16300.0000     0.0000     0.9158    -0.4301     2.4556     0.9491
[1] 16400.0000     0.0000     0.9401    -0.2025     2.1391     0.9237
[1] 16500.0000     0.4023     0.9646     0.3068     1.6296     1.1820
[1] 16600.0000     0.0000     0.8294    -0.5908     2.6241     0.8835
[1] 16700.0000     0.0000     0.9287     0.4161     1.4359     0.9633
[1] 16800.0000     0.0000     0.8621     0.1702     1.7625     1.1596
[1] 16900.0000     0.0000     0.8583     0.8002     1.1551     0.9158
[1] 17000.0000     0.0000     0.9790    -0.4429     2.4287     0.8822
[1] 17100.0000     0.0000     0.9305     0.6935     1.3245     0.9283
[1] 17200.0000     0.0000     0.9497     1.1085     0.7986     0.8252
[1] 17300.0000     1.0000     0.8396     0.0931     1.8692     1.0131
[1] 17400.0000     0.0000     0.8593     0.2262     1.7914     1.1450
[1] 17500.0000     0.0000     0.9677    -0.3677     2.3782     1.1479
[1] 17600.0000     0.0000     0.8280     0.2213     1.7173     1.1486
[1] 17700.0000     0.0000     0.8794     0.6216     1.3232     0.9707
[1] 17800.0000     0.0000     0.9383    -0.0781     2.1929     1.0084
[1] 17900.0000     0.0000     0.9083     0.0000     2.0049     0.9495
[1] 18000.0000     1.0000     0.9109     0.0530     1.9585     0.8712
[1] 18100.0000     0.0000     0.9461    -0.0056     1.8521     0.9222
[1] 18200.0000     0.0048     0.8582     1.0309     0.8730     0.9652
[1] 18300.0000     0.0000     0.9012    -0.1737     2.1413     1.0710
[1] 18400.0000     0.0000     0.9529     0.5608     1.4474     0.8173
[1] 18500.0000     0.0000     0.8451     0.5131     1.5013     0.9054
[1] 18600.0000     0.0000     0.8656    -0.2294     2.2463     0.8624
[1] 18700.0000     0.0000     0.8903    -0.1644     2.2306     1.1340
[1] 1.880e+04 0.000e+00 8.537e-01 1.849e-01 1.853e+00 9.005e-01
[1] 18900.0000     0.0000     0.9918    -0.1503     2.1213     0.9887
[1] 19000.0000     0.0000     0.8366     0.1619     1.7778     0.8015
[1] 19100.0000     0.0000     0.8142     0.2626     1.5749     1.0716
[1] 19200.0000     0.0000     0.8001     0.3254     1.5687     0.9641
[1] 19300.0000     0.0000     0.8035     0.2815     1.6397     1.0886
[1] 19400.0000     0.0000     0.9330    -0.1995     2.1616     1.0363
[1] 1.950e+04 0.000e+00 9.654e-01 3.690e-01 1.635e+00 9.669e-01
[1] 19600.0000     1.0000     0.9648    -1.0613     3.0949     1.1447
[1] 19700.0000     0.0000     0.8982    -0.4786     2.3707     1.1826
[1] 19800.0000     0.0000     0.9408     0.1833     1.8544     0.9927
[1] 19900.0000     0.0000     0.9981    -0.5823     2.5980     1.0280
[1] 20000.0000     0.0000     0.8708    -0.4668     2.4362     1.0213
[1] 20100.0000     0.0000     0.9080     0.9045     1.1099     1.0402
[1] 20200.0000     0.6757     0.9840    -0.4517     2.3975     1.1380
[1] 20300.0000     0.0000     0.8028    -0.0760     2.1221     0.9708
[1] 20400.0000     0.0034     0.9072    -0.0312     1.9947     0.9991
[1] 20500.0000     0.0000     0.9083    -1.0849     3.1148     0.8030
[1] 20600.0000     0.7865     0.9169    -0.4624     2.4766     1.1057
[1] 20700.0000     1.0000     0.8107     0.2216     1.6793     1.0874
[1] 20800.0000     0.0000     0.9606    -0.8632     2.8958     1.0886
[1] 20900.0000     0.0000     0.9109     0.0289     1.9748     0.9980
[1] 21000.0000     0.0000     0.9912     1.1358     0.8333     1.0875
[1] 21100.0000     0.0000     0.9732    -0.2312     2.1800     0.8253
[1] 21200.0000     0.0181     0.8263     0.4781     1.4905     1.1324
[1] 21300.0000     0.0000     0.8399    -0.3212     2.1880     1.0171
[1] 21400.0000     0.0000     0.9719    -0.2397     2.1929     0.9071
[1] 21500.0000     0.0000     0.9375    -0.0530     1.9847     1.0777
[1] 21600.0000     0.0000     0.8420     0.2266     1.7704     0.8926
[1] 21700.0000     0.0000     0.8258    -0.2310     2.2543     1.1265
[1] 21800.0000     0.0000     0.8709     0.2906     1.7743     1.0601
[1] 21900.0000     0.0000     0.9408     0.1415     1.7935     0.9421
[1] 22000.0000     0.0000     0.8850     1.7447     0.1693     0.9555
[1] 22100.0000     0.0000     0.9825    -0.5524     2.5336     1.1195
[1] 22200.0000     0.0000     0.9349    -0.4225     2.3129     0.9881
[1] 22300.0000     0.0004     0.8584    -0.1932     2.1542     0.9367
[1] 22400.0000     0.0000     0.9494     0.2897     1.6897     0.9207
[1] 22500.0000     0.3562     0.8623     1.1025     0.9929     0.8008
[1] 22600.0000     0.0000     0.8858     1.3325     0.7903     0.9064
[1] 22700.0000     0.0000     0.8271     0.8299     1.0659     1.1968
[1] 22800.0000     0.0000     0.9028    -0.2362     2.2909     1.1243
[1] 22900.0000     0.0000     0.9207     0.5417     1.3415     0.8362
[1] 23000.0000     0.0000     0.8448     0.0654     1.8708     1.1964
[1] 23100.0000     0.0000     0.8611    -0.1231     2.0840     1.0907
[1] 23200.0000     0.0000     0.8288    -0.4305     2.4136     0.8616
[1] 23300.0000     0.2514     0.8966    -0.2722     2.2423     1.0199
[1] 23400.0000     0.0000     0.9418    -0.3600     2.4129     0.8205
[1] 23500.0000     0.0000     0.8934    -0.5771     2.5523     1.1391
[1] 23600.0000     0.0000     0.8360     0.4518     1.5005     0.8406
[1] 2.370e+04 0.000e+00 8.580e-01 8.302e-01 1.185e+00 8.494e-01
[1] 23800.0000     0.0000     0.9509     0.1506     1.6814     0.9516
[1] 23900.0000     0.0000     0.8157     0.1219     1.8371     0.8034
[1] 24000.0000     0.0000     0.9653    -0.2895     2.2205     0.9324
[1] 24100.0000     0.0000     0.8289    -0.8741     2.8696     0.9877
[1] 24200.0000     0.0000     0.8399    -0.0888     1.9365     1.0287
[1] 24300.0000     0.0000     0.9879    -0.7297     2.7085     1.1930
[1] 24400.0000     1.0000     0.9947     0.8694     1.1092     0.9697
[1] 24500.0000     0.0000     0.9064     0.8402     1.0959     0.8345
[1] 24600.0000     0.0000     0.9062     0.3332     1.6053     0.8877
[1] 24700.0000     0.0000     0.9025    -0.6617     2.6382     0.8040
[1] 24800.0000     0.0000     0.8109    -0.0586     2.0464     1.1899
[1] 24900.0000     0.0000     0.9495    -0.5938     2.5010     0.8626
[1] 25000.0000     0.0001     0.9628     0.0143     1.9561     0.9362
[1] 25100.0000     0.0000     0.9605     0.4333     1.4901     1.0743
[1] 25200.0000     0.0000     0.8184    -0.2011     2.1863     0.8574
[1] 25300.0000     1.0000     0.8151    -0.2490     2.2189     1.0748
[1] 25400.0000     1.0000     0.8988    -0.3397     2.2548     1.0888
[1] 25500.0000     0.0000     0.8147     0.4060     1.5357     1.1844
[1] 25600.0000     0.0000     0.9746     0.0408     2.0290     1.1488
[1] 25700.0000     0.0000     0.8060     0.5665     1.4451     0.8422
[1] 25800.0000     0.0000     0.8043     0.1038     1.9237     0.8730
[1] 25900.0000     0.6353     0.8632     0.0331     1.8654     1.1254
[1] 26000.0000     0.3579     0.9492    -0.6401     2.7163     1.0058
[1] 26100.0000     0.0000     0.9196    -0.0963     1.9617     1.1722
[1] 26200.0000     0.0000     0.9768    -0.1814     2.0912     0.9801
[1] 26300.0000     0.0000     0.8530    -0.3858     2.3956     1.0678
[1] 2.640e+04 0.000e+00 8.767e-01 4.669e-01 1.535e+00 8.041e-01
[1] 26500.0000     0.0227     0.8611    -0.0467     2.0208     1.1675
[1] 26600.0000     0.0000     0.9293    -1.0375     3.1602     0.8497
[1] 26700.0000     0.0002     0.9890     0.3617     1.5254     0.9390
[1] 26800.0000     0.0000     0.8448    -1.4065     3.3296     0.8652
[1] 26900.0000     0.0000     0.9184    -0.4459     2.3462     1.1619
[1] 27000.0000     0.0000     0.8280    -0.4117     2.3151     0.9596
[1] 27100.0000     0.6604     0.8199     0.4325     1.5788     1.1580
[1] 27200.0000     0.0000     0.8628    -0.4049     2.4116     1.0265
[1] 27300.0000     0.0000     0.9185    -0.3564     2.2723     0.9822
[1] 27400.0000     0.0000     0.9754    -0.1179     2.0656     1.0598
[1] 27500.0000     0.0000     0.8301     0.1087     1.8374     0.9239
[1] 27600.0000     0.0000     0.8732     1.1319     0.9000     0.9172
[1] 27700.0000     0.0000     0.8317     0.5679     1.3837     1.1846
[1] 27800.0000     0.0000     0.8338     0.4868     1.4748     0.9440
[1] 27900.0000     1.0000     0.8904     0.8274     1.1404     0.9276
[1] 28000.0000     0.0000     0.9328    -0.0766     2.1193     0.9314
[1] 28100.0000     0.0000     0.9306    -1.2234     3.4066     0.8823
[1] 28200.0000     0.0000     0.9683    -1.5840     3.5816     0.8917
[1] 28300.0000     0.0000     0.9886    -1.5456     3.5006     1.1843
[1] 28400.0000     1.0000     0.9594    -0.8031     2.7841     0.8105
[1] 28500.0000     0.0000     0.8678     0.8303     1.1108     0.8688
[1] 28600.0000     0.0000     0.9775     0.1260     1.7875     0.9079
[1] 28700.0000     0.0000     0.9675    -0.4974     2.4745     1.1579
[1] 28800.0000     0.0000     0.8104     0.1151     1.8914     1.1940
[1] 28900.0000     0.0000     0.9137     0.5376     1.5638     0.8478
[1] 29000.0000     0.0000     0.9277    -0.4207     2.3834     1.1735
[1] 29100.0000     0.0000     0.8872    -0.6893     2.7228     1.0232
[1] 29200.0000     0.0598     0.9367     0.7241     1.2427     1.1465
[1] 29300.0000     0.0002     0.9749     0.5579     1.3587     0.9782
[1] 29400.0000     0.0000     0.9394     1.0825     0.9340     1.1754
[1] 29500.0000     0.0000     0.8094    -0.4567     2.4087     0.8253
[1] 29600.0000     0.0000     0.8335     0.6491     1.3137     1.1940
[1] 29700.0000     0.0000     0.9991     0.2255     1.7218     0.9357
[1] 29800.0000     0.0000     0.8030    -0.7702     2.7976     0.9421
[1] 29900.0000     0.8602     0.9798    -0.0300     2.0361     1.0014
[1] 30000.0000     0.0000     0.8841     0.8583     1.0781     1.0036
[1] 0.06887724
Time difference of 3.936611 hours
null device 
          1 
