[1] "El numero de nodos X particion es: 10"
[1] "Model = M3 / Data = sim_data/datasetSVCExponential2.Rdata"
[1] 100.0000   0.0000   0.9200   0.0011   2.2445   0.9288
[1] 200.0000   0.0000   0.8487   0.0162   2.1968   0.8384
[1] 300.0000   0.1409   0.8776   0.2016   2.2653   1.0665
[1] 400.0000   1.0000   0.8233   0.2046   2.2490   1.0774
[1] 500.0000   0.0000   0.9143   0.2109   2.2484   0.9327
[1] 600.0000   0.0014   0.8693   0.2590   2.2563   1.0610
[1] 700.0000   0.0893   0.9506   0.2070   2.2048   1.0413
[1] 800.0000   0.0035   0.8391   0.2338   2.2217   0.8955
[1] 900.0000   1.0000   0.9357   0.2242   2.2479   1.0743
[1] 1000.0000    0.0000    0.8568    0.2080    2.2120    0.8983
[1] 1100.0000    0.0001    0.9031    0.1683    2.2336    1.0781
[1] 1200.0000    0.0175    0.8467    0.2232    2.2239    1.0747
[1] 1300.0000    0.5131    0.8617    0.1890    2.2087    1.0550
[1] 1400.0000    0.0000    0.8624    0.2078    2.1961    0.9686
[1] 1500.0000    0.0032    0.9672    0.1803    2.2440    1.1986
[1] 1600.0000    0.0040    0.8099    0.2513    2.2528    1.0178
[1] 1700.0000    0.0298    0.8745    0.2029    2.2289    0.9148
[1] 1800.0000    0.1144    0.8314    0.2435    2.2023    0.9945
[1] 1900.0000    0.0001    0.9957    0.2504    2.2352    1.1822
[1] 2000.0000    0.7004    0.8107    0.2515    2.1900    0.8113
[1] 2100.0000    0.0000    0.8660    0.2212    2.2269    1.0019
[1] 2200.0000    0.0739    0.8580    0.2270    2.2335    1.0161
[1] 2300.0000    0.4472    0.9707    0.2481    2.1889    1.1994
[1] 2400.0000    0.1109    0.9764    0.2710    2.1966    1.0594
[1] 2500.0000    0.2776    0.9668    0.2146    2.2489    0.8029
[1] 2600.0000    0.0001    0.9109    0.2197    2.1878    1.0545
[1] 2700.0000    0.1785    0.9335    0.2250    2.2401    0.9591
[1] 2800.0000    0.4237    0.8906    0.1860    2.2351    0.8787
[1] 2900.0000    0.0120    0.8994    0.2337    2.2264    1.0050
[1] 3000.0000    0.0030    0.8033    0.2321    2.2783    1.0418
[1] 3100.0000    0.0063    0.8476    0.2106    2.2204    1.1528
[1] 3200.0000    0.0166    0.9309    0.2387    2.2175    1.1600
[1] 3300.0000    1.0000    0.8733    0.1887    2.2231    0.9733
[1] 3400.0000    0.0081    0.9515    0.2229    2.1767    1.1198
[1] 3500.0000    0.8779    0.9338    0.1832    2.2605    0.8830
[1] 3600.0000    0.0876    0.9027    0.1951    2.2247    1.1569
[1] 3700.0000    0.0064    0.9950    0.2545    2.2159    1.0085
[1] 3800.0000    0.0022    0.8653    0.1930    2.2042    0.9884
[1] 3900.0000    0.0053    0.8514    0.2056    2.2202    1.1876
[1] 4000.0000    1.0000    0.9388    0.2340    2.1941    0.8131
[1] 4100.0000    0.0452    0.8706    0.2527    2.1910    0.9194
[1] 4200.0000    0.0961    0.9756    0.2005    2.2521    0.9752
[1] 4300.0000    0.0375    0.8347    0.2484    2.2039    0.9291
[1] 4400.0000    0.0428    0.8077    0.2310    2.2637    1.0029
[1] 4500.0000    0.5921    0.8410    0.2070    2.2634    1.1520
[1] 4600.0000    0.0363    0.8039    0.2488    2.2354    1.1669
[1] 4700.0000    0.0019    0.9516    0.2287    2.2060    1.1937
[1] 4800.0000    0.0000    0.8985    0.1986    2.2395    0.9827
[1] 4900.0000    0.0450    0.9222    0.2430    2.2458    0.9837
[1] 5000.0000    1.0000    0.9273    0.2139    2.2080    1.0348
[1] 5100.0000    0.3478    0.9679    0.2223    2.2165    1.1951
[1] 5200.0000    0.0196    0.8350    0.1971    2.2730    1.0935
[1] 5300.0000    1.0000    0.8379    0.1972    2.1973    1.0434
[1] 5400.0000    0.6399    0.9974    0.2220    2.2222    1.1725
[1] 5500.0000    0.0127    0.8940    0.2153    2.2282    1.1671
[1] 5600.0000    0.0001    0.9095    0.1798    2.2302    0.9324
[1] 5700.0000    0.3820    0.9941    0.2143    2.2207    1.0272
[1] 5800.0000    0.1080    0.9141    0.2564    2.2059    1.0035
[1] 5900.0000    0.4264    0.8759    0.1893    2.1847    1.0113
[1] 6000.0000    0.4729    0.8325    0.1756    2.1983    0.8825
[1] 6100.0000    0.0007    0.9025    0.2533    2.2311    0.9119
[1] 6200.0000    1.0000    0.8336    0.2407    2.1939    0.9759
[1] 6300.0000    0.3159    0.8421    0.2467    2.2438    0.8693
[1] 6400.0000    0.7215    0.9022    0.2088    2.1980    0.8332
[1] 6500.0000    1.0000    0.9478    0.2298    2.2156    1.0656
[1] 6600.0000    0.0006    0.8918    0.1812    2.2236    1.0184
[1] 6700.0000    0.4025    0.8204    0.1929    2.2170    0.9264
[1] 6800.0000    0.8655    0.8496    0.2004    2.2211    0.9728
[1] 6900.0000    0.5909    0.9401    0.2093    2.1936    0.9220
[1] 7000.0000    0.2392    0.8011    0.2496    2.1996    1.0228
[1] 7100.0000    1.0000    0.8440    0.2029    2.2239    0.9302
[1] 7200.0000    0.0006    0.9995    0.2240    2.2154    0.8671
[1] 7300.0000    0.1753    0.8821    0.1958    2.2187    0.9361
[1] 7400.0000    0.1001    0.8164    0.1536    2.1969    0.8600
[1] 7500.0000    0.7603    0.8741    0.2067    2.2478    1.0979
[1] 7600.0000    0.9219    0.8898    0.2088    2.2005    1.1032
[1] 7700.0000    0.2958    0.9975    0.2318    2.2149    1.1871
[1] 7800.0000    0.0339    0.8225    0.2371    2.2169    0.9684
[1] 7900.0000    0.0429    0.8037    0.2146    2.2048    1.1632
[1] 8000.0000    0.0118    0.8855    0.2203    2.1828    1.0520
[1] 8100.0000    0.0004    0.9605    0.2412    2.2503    0.9407
[1] 8200.0000    0.0011    0.9273    0.2368    2.2413    0.9041
[1] 8300.0000    0.0711    0.8896    0.2353    2.2639    1.1748
[1] 8400.0000    0.5850    0.8563    0.1895    2.2137    1.0967
[1] 8500.0000    0.0146    0.9438    0.2060    2.1919    1.0608
[1] 8600.0000    0.1353    0.8012    0.1777    2.1963    0.8290
[1] 8700.0000    0.1488    0.8293    0.1907    2.1810    0.8767
[1] 8800.0000    1.0000    0.9324    0.2101    2.2111    0.8066
[1] 8900.0000    1.0000    0.9431    0.2233    2.2073    1.1381
[1] 9000.0000    0.9370    0.9825    0.1885    2.1695    1.0066
[1] 9100.0000    0.3155    0.8060    0.2392    2.2021    0.8104
[1] 9200.0000    1.0000    0.9069    0.2069    2.2185    1.1995
[1] 9300.0000    0.0001    0.8689    0.2543    2.2580    0.9976
[1] 9400.0000    0.5409    0.8458    0.2380    2.1624    1.0091
[1] 9500.0000    0.0051    0.8817    0.1957    2.2134    1.0875
[1] 9600.0000    0.2692    0.8467    0.1932    2.2188    0.9243
[1] 9700.0000    0.0036    0.8614    0.2641    2.1911    0.9692
[1] 9800.0000    0.3547    0.8153    0.2125    2.2000    1.1930
[1] 9900.0000    0.0000    0.9529    0.2387    2.1968    0.9335
[1] 10000.0000     1.0000     0.8618     0.1729     2.1937     0.8032
[1] 10100.0000     0.7264     0.9049     0.2446     2.2480     1.0751
[1] 10200.0000     0.2923     0.9808     0.1775     2.2293     0.8342
[1] 10300.0000     0.1909     0.8120     0.2377     2.1929     0.8804
[1] 10400.0000     0.0000     0.9274     0.2161     2.2196     0.8733
[1] 10500.0000     1.0000     0.8159     0.2453     2.2119     1.1284
[1] 10600.0000     1.0000     0.8189     0.2602     2.2002     1.1530
[1] 1.070e+04 0.000e+00 8.531e-01 2.801e-01 2.219e+00 8.181e-01
[1] 10800.0000     0.7364     0.9785     0.2349     2.2376     1.1554
[1] 1.090e+04 1.150e-02 8.264e-01 2.228e-01 2.237e+00 1.114e+00
[1] 11000.0000     0.5087     0.8012     0.1887     2.2555     0.9407
[1] 11100.0000     0.0645     0.8902     0.2235     2.2431     0.9114
[1] 11200.0000     0.8465     0.9412     0.1939     2.2075     0.8257
[1] 11300.0000     0.3283     0.9738     0.1797     2.2105     1.1215
[1] 11400.0000     0.4276     0.8271     0.2030     2.1884     1.1322
[1] 11500.0000     0.0000     0.9311     0.2213     2.1861     0.8792
[1] 11600.0000     0.8689     0.9382     0.1972     2.1774     0.8033
[1] 11700.0000     1.0000     0.8766     0.2127     2.2009     0.9110
[1] 11800.0000     0.0011     0.8440     0.2231     2.2123     0.8198
[1] 11900.0000     0.9238     0.9415     0.2413     2.2205     1.0738
[1] 1.200e+04 1.000e+00 9.595e-01 1.945e-01 2.211e+00 1.196e+00
[1] 12100.0000     0.3366     0.9452     0.1951     2.2315     0.8400
[1] 12200.0000     0.5666     0.8496     0.2205     2.1689     0.8460
[1] 1.230e+04 2.340e-01 8.229e-01 2.638e-01 2.203e+00 9.137e-01
[1] 12400.0000     1.0000     0.8046     0.2173     2.1916     0.8797
[1] 12500.0000     0.0132     0.9120     0.2709     2.2221     1.1259
[1] 12600.0000     1.0000     0.9564     0.2054     2.2131     1.1675
[1] 1.270e+04 1.000e-03 9.614e-01 2.208e-01 2.273e+00 8.958e-01
[1] 12800.0000     0.0172     0.9108     0.2368     2.2120     1.0765
[1] 12900.0000     0.2542     0.8554     0.1939     2.1939     0.9712
[1] 13000.0000     0.0359     0.8840     0.2498     2.2026     1.1100
[1] 13100.0000     0.1278     0.9404     0.2205     2.2271     0.9822
[1] 13200.0000     0.1884     0.9801     0.2131     2.1875     0.8746
[1] 13300.0000     0.8238     0.9675     0.2373     2.2384     1.1190
[1] 13400.0000     0.0052     0.9485     0.2306     2.1838     1.0271
[1] 13500.0000     0.0007     0.8240     0.2051     2.2581     1.0099
[1] 13600.0000     0.0333     0.8917     0.1801     2.2228     1.0301
[1] 13700.0000     0.7837     0.8314     0.1916     2.2182     0.8589
[1] 13800.0000     1.0000     0.8254     0.2576     2.2146     0.9444
[1] 13900.0000     0.2638     0.8125     0.2000     2.1798     1.1546
[1] 14000.0000     0.6339     0.9598     0.2489     2.2128     0.8043
[1] 14100.0000     0.0223     0.8801     0.2163     2.2278     1.1966
[1] 14200.0000     0.2412     0.9171     0.2381     2.2283     0.8964
[1] 1.430e+04 5.710e-01 9.874e-01 1.964e-01 2.237e+00 9.095e-01
[1] 14400.0000     0.7938     0.8984     0.2002     2.1989     1.1866
[1] 14500.0000     0.9411     0.9833     0.2450     2.2094     1.1771
