[1] "El numero de nodos X particion es: 10"
[1] "Model = M3 / Data = sim_data/datasetSVCExponential3.Rdata"
[1] 100.0000   1.0000   0.8291   0.0050   1.9437   0.9331
[1] 200.0000   1.0000   0.9804   0.0138   1.9587   1.0297
[1] 300.0000   0.6431   0.8776  -0.0159   1.9619   1.0665
[1] 400.0000   0.1115   0.9217  -0.0024   1.9625   0.9692
[1] 500.0000   1.0000   0.8902  -0.0060   1.9221   0.8863
[1] 600.0000   1.0000   0.9748   0.0131   1.9514   1.0386
[1] 700.0000   1.0000   0.8087   0.0029   1.9613   1.0605
[1] 800.0000   1.0000   0.8954   0.0026   1.9403   1.1490
[1] 900.0000   1.0000   0.9357  -0.0172   1.9358   1.0743
[1] 1000.0000    1.0000    0.9692    0.0001    1.9404    0.9576
[1] 1100.0000    0.4026    0.9726   -0.0119    1.9037    1.0201
[1] 1200.0000    1.0000    0.8603    0.0137    1.9412    0.9164
[1] 1300.0000    0.7825    0.8617   -0.0157    1.9493    1.0550
[1] 1400.0000    1.0000    0.8516    0.0198    1.9469    0.9483
[1] 1500.0000    0.0223    0.9694    0.0156    1.9129    1.1238
[1] 1600.0000    0.2050    0.8099   -0.0104    1.9550    1.0178
[1] 1700.0000    0.1425    0.8185   -0.0148    1.8854    1.1630
[1] 1800.0000    0.0027    0.9234   -0.0142    1.9849    1.1307
[1] 1900.0000    0.2462    0.9875    0.0077    1.9468    0.8532
[1] 2000.0000    1.0000    0.8107    0.0045    1.9468    0.8113
[1] 2100.0000    0.0884    0.8081    0.0301    1.9785    0.9300
[1] 2200.0000    0.3870    0.8580    0.0149    1.9496    1.0161
[1] 2300.0000    1.0000    0.9707    0.0084    1.9241    1.1994
[1] 2400.0000    0.7064    0.9764    0.0201    1.9278    1.0594
[1] 2500.0000    1.0000    0.9002   -0.0254    1.9218    1.1531
[1] 2600.0000    1.0000    0.8357    0.0143    1.9002    0.8701
[1] 2700.0000    1.0000    0.8052    0.0086    1.9373    0.8603
[1] 2800.0000    0.6335    0.8906   -0.0148    1.9525    0.8787
[1] 2900.0000    0.2117    0.8994   -0.0267    1.9132    1.0050
[1] 3000.0000    0.4230    0.9623   -0.0202    1.9850    1.1476
[1] 3100.0000    1.0000    0.9078   -0.0070    1.9210    0.9130
[1] 3200.0000    0.6727    0.9676    0.0044    1.9014    1.1339
[1] 3300.0000    1.0000    0.8733    0.0020    1.9337    0.9733
[1] 3400.0000    0.1995    0.8983   -0.0010    1.8672    1.1525
[1] 3500.0000    1.0000    0.9338   -0.0150    1.9511    0.8830
[1] 3600.0000    0.2624    0.8553    0.0395    1.9305    1.1349
[1] 3700.0000    0.5845    0.9624    0.0410    1.9366    0.8094
[1] 3800.0000    0.1568    0.9791   -0.0071    1.8993    1.0179
[1] 3900.0000    1.0000    0.8173    0.0011    1.9219    1.1134
[1] 4000.0000    1.0000    0.9388    0.0303    1.9211    0.8131
[1] 4100.0000    0.4962    0.8736    0.0317    1.9284    1.0843
[1] 4200.0000    0.2273    0.9756   -0.0131    1.9242    0.9752
[1] 4300.0000    0.1003    0.9986   -0.0128    1.9160    0.9026
[1] 4400.0000    0.2864    0.9571    0.0188    1.9774    0.9932
[1] 4500.0000    0.8630    0.8410    0.0123    1.9589    1.1520
[1] 4600.0000    1.0000    0.8859   -0.0084    1.9166    0.9442
[1] 4700.0000    0.0620    0.8767    0.0080    1.9351    1.1619
[1] 4800.0000    0.7674    0.8536   -0.0283    1.9229    1.1437
[1] 4900.0000    0.2511    0.9222    0.0318    1.9695    0.9837
[1] 5000.0000    0.8283    0.9273    0.0314    1.9182    1.0348
[1] 5100.0000    0.9102    0.8496   -0.0250    1.9535    0.8317
[1] 5200.0000    0.2221    0.8440   -0.0101    1.9557    1.1937
[1] 5300.0000    1.0000    0.8379   -0.0252    1.9382    1.0434
[1] 5400.0000    0.7093    0.8333   -0.0106    1.9512    0.9811
[1] 5500.0000    0.6080    0.8506   -0.0089    1.9374    1.1979
[1] 5600.0000    0.0241    0.9095   -0.0482    1.9504    0.9324
[1] 5700.0000    1.0000    0.9639    0.0069    1.8874    1.0846
[1] 5800.0000    0.2246    0.8612    0.0028    1.9570    1.0327
[1] 5900.0000    1.0000    0.8759   -0.0035    1.9031    1.0113
[1] 6000.0000    0.5442    0.8325   -0.0277    1.9305    0.8825
[1] 6100.0000    0.0545    0.9025   -0.0006    1.9691    0.9119
[1] 6200.0000    1.0000    0.8336    0.0147    1.8603    0.9759
[1] 6300.0000    0.4129    0.8421    0.0153    1.9636    0.8693
[1] 6400.0000    0.4336    0.9022   -0.0144    1.9068    0.8332
[1] 6500.0000    1.0000    0.9478    0.0153    1.9386    1.0656
[1] 6600.0000    0.3308    0.8918   -0.0018    1.9320    1.0184
[1] 6700.0000    0.0227    0.8229    0.0273    1.9030    1.0410
[1] 6800.0000    0.7600    0.9525   -0.0322    1.9117    0.9997
[1] 6900.0000    0.3728    0.9401   -0.0032    1.9012    0.9220
[1] 7000.0000    0.1749    0.8011   -0.0002    1.9439    1.0228
[1] 7100.0000    0.9193    0.8440    0.0016    1.9635    0.9302
[1] 7200.0000    0.1058    0.8343    0.0083    1.9123    0.9512
[1] 7300.0000    1.0000    0.9616   -0.0097    1.9464    0.8824
[1] 7400.0000    0.0368    0.8164   -0.0465    1.9079    0.8600
[1] 7500.0000    0.3838    0.9538    0.0341    1.9337    1.0728
[1] 7600.0000    0.9484    0.8898   -0.0066    1.9186    1.1032
[1] 7700.0000    0.1213    0.9975   -0.0224    1.9388    1.1871
[1] 7800.0000    0.0858    0.8812    0.0263    1.9316    1.0536
[1] 7900.0000    0.1409    0.9654   -0.0307    1.9390    1.1831
[1] 8000.0000    0.3606    0.9186   -0.0024    1.8813    1.0026
[1] 8100.0000    0.2296    0.8687   -0.0024    1.9442    1.0506
[1] 8200.0000    0.1707    0.9273    0.0082    1.9549    0.9041
[1] 8300.0000    0.6472    0.8444    0.0381    1.9598    1.1155
[1] 8400.0000    0.3236    0.8563   -0.0295    1.9583    1.0967
[1] 8500.0000    0.0041    0.8507   -0.0192    1.8793    1.0895
[1] 8600.0000    0.3731    0.9214   -0.0434    1.9670    1.0135
[1] 8700.0000    0.4029    0.8293   -0.0207    1.9100    0.8767
[1] 8800.0000    1.0000    0.9324    0.0094    1.9197    0.8066
[1] 8900.0000    1.0000    0.9431   -0.0028    1.9346    1.1381
[1] 9000.0000    0.0145    0.9878   -0.0059    1.9179    1.0272
[1] 9100.0000    1.0000    0.9156   -0.0116    1.9513    1.0916
[1] 9200.0000    1.0000    0.9069   -0.0433    1.9249    1.1995
[1] 9300.0000    0.0398    0.8689    0.0234    1.9359    0.9976
[1] 9400.0000    0.2980    0.8458    0.0338    1.9191    1.0091
[1] 9500.0000    0.0268    0.9329   -0.0286    1.9315    0.8817
[1] 9600.0000    0.5629    0.9975   -0.0199    1.9321    0.8759
[1] 9700.0000    0.0893    0.8614    0.0358    1.9260    0.9692
[1] 9800.0000    1.0000    0.8213    0.0134    1.9355    0.8104
[1] 9900.0000    0.0022    0.9529    0.0145    1.9107    0.9335
[1] 10000.0000     1.0000     0.8618    -0.0410     1.8886     0.8032
[1] 10100.0000     1.0000     0.9049    -0.0406     1.9540     1.0751
[1] 10200.0000     1.0000     0.9808    -0.0237     1.9297     0.8342
[1] 10300.0000     0.3375     0.8120     0.0234     1.9166     0.8804
[1] 10400.0000     0.0901     0.9274     0.0132     1.9429     0.8733
[1] 10500.0000     1.0000     0.8159     0.0081     1.9370     1.1284
[1] 10600.0000     1.0000     0.8189     0.0433     1.9303     1.1530
[1] 10700.0000     0.0098     0.8531     0.0371     1.9437     0.8181
[1] 10800.0000     0.9170     0.8056     0.0102     1.9443     0.8503
[1] 10900.0000     0.0168     0.8264    -0.0260     1.9567     1.1140
[1] 11000.0000     0.6455     0.8012    -0.0032     1.9715     0.9407
[1] 11100.0000     0.0510     0.8902     0.0202     1.9771     0.9114
[1] 11200.0000     0.9446     0.9412    -0.0188     1.9353     0.8257
[1] 11300.0000     1.0000     0.9738     0.0021     1.9215     1.1215
[1] 11400.0000     0.5321     0.8940     0.0095     1.9086     0.9892
[1] 11500.0000     0.0263     0.9311    -0.0313     1.9059     0.8792
[1] 11600.0000     0.6196     0.9382    -0.0370     1.8965     0.8033
[1] 11700.0000     1.0000     0.8766    -0.0266     1.9238     0.9110
[1] 11800.0000     0.0208     0.8440     0.0158     1.9278     0.8198
[1] 11900.0000     1.0000     0.9415     0.0116     1.9420     1.0738
[1] 12000.0000     1.0000     0.9595    -0.0020     1.9076     1.1960
[1] 12100.0000     1.0000     0.9650    -0.0267     1.9447     0.9420
[1] 12200.0000     1.0000     0.8496    -0.0026     1.9182     0.8460
[1] 12300.0000     1.0000     0.9337     0.0441     1.9476     1.0573
[1] 12400.0000     1.0000     0.8046    -0.0177     1.9298     0.8797
[1] 12500.0000     0.1206     0.9120     0.0429     1.9383     1.1259
[1] 12600.0000     1.0000     0.9564     0.0022     1.9298     1.1675
