[1] "El numero de nodos X particion es: 10"
[1] "Model = M2 / Data = sim_data/datasetSVCMatern4.Rdata"
[1] 100.0000   0.0000   0.9866   0.0187   1.9922   1.1254
[1] 200.0000   0.1654   0.9592  -0.0084   1.9981   1.1736
[1] 300.0000   0.0000   0.9841   0.0118   2.0049   1.1580
[1] 400.0000   0.0000   0.9953   0.0211   1.9793   1.1112
[1] 500.0000   0.0000   0.9947   0.0127   1.9787   1.1446
[1] 600.0000   0.0333   0.9900  -0.0041   1.9474   1.1724
[1] 700.0000   0.0000   0.9894   0.0043   1.8456   1.1984
[1] 800.0000   0.0012   0.9905  -0.0265   1.8834   1.1311
[1] 900.0000   0.0027   0.9806  -0.0734   1.8393   1.1985
[1] 1000.0000    0.0013    0.9892   -0.1806    1.8768    1.0735
[1] 1100.0000    0.0852    0.9949   -0.0549    1.9224    1.1046
[1] 1200.0000    0.0000    0.9975   -0.1031    1.7876    1.0941
[1] 1300.0000    0.0000    0.9498   -0.1068    1.7639    1.1653
[1] 1400.0000    0.0000    0.9303   -0.2070    1.8856    1.1894
[1] 1500.0000    0.0000    0.9672   -0.1361    1.7978    1.1986
[1] 1600.0000    0.0001    0.9917   -0.1803    1.7975    1.1949
[1] 1700.0000    0.0000    0.9847   -0.1422    1.9323    1.1732
[1] 1800.0000    0.0108    0.9886   -0.0356    1.8039    1.1888
[1] 1900.0000    0.0183    0.9957   -0.0801    1.8016    1.1822
[1] 2000.0000    0.0000    0.9978   -0.1351    1.8433    1.1535
[1] 2100.0000    0.0000    0.9978   -0.1351    1.8433    1.1535
[1] 2200.0000    0.0000    0.9881   -0.1569    1.9120    1.1782
[1] 2300.0000    0.4121    0.9707   -0.0261    1.7248    1.1994
[1] 2400.0000    0.0509    0.9764    0.0378    1.9287    1.0594
[1] 2500.0000    0.0007    0.9991    0.0036    1.9153    1.1106
[1] 2600.0000    0.0000    0.9901   -0.0815    1.8950    1.1640
[1] 2700.0000    0.0000    0.9889   -0.1542    1.7599    1.1169
[1] 2800.0000    0.0000    0.9946   -0.0454    1.7823    1.1337
[1] 2900.0000    0.0000    0.9862   -0.0409    1.7773    1.1255
[1] 3000.0000    0.8828    0.9623   -0.2119    1.8199    1.1476
[1] 3100.0000    0.0000    0.9853   -0.1160    1.8346    1.0891
[1] 3200.0000    0.0009    0.9878   -0.1131    1.7878    1.1652
[1] 3300.0000    0.0000    0.9877   -0.1182    1.8662    0.9428
[1] 3400.0000    0.0003    0.9912   -0.0712    1.8467    1.1933
[1] 3500.0000    0.0000    0.9912   -0.0712    1.8467    1.1933
[1] 3600.0000    0.0000    0.9879   -0.1003    1.7988    1.1991
[1] 3700.0000    0.0000    0.9964   -0.3242    1.8670    1.1764
[1] 3800.0000    0.0003    0.9380   -0.1231    1.8203    1.1005
[1] 3900.0000    0.0000    0.9743   -0.1954    1.8815    1.1992
[1] 4000.0000    0.0000    0.9782   -0.2036    1.8730    1.1817
[1] 4100.0000    0.0000    0.9869   -0.1563    1.8262    1.1911
[1] 4200.0000    0.0000    0.9741   -0.0036    2.0253    1.1199
[1] 4300.0000    0.0000    0.9982   -0.1442    1.9045    1.0819
[1] 4400.0000    0.0000    0.9974   -0.0515    1.7588    1.0451
[1] 4500.0000    0.0001    0.9575   -0.1383    1.8633    1.1253
[1] 4600.0000    0.0000    0.9978   -0.0829    1.8094    1.1876
[1] 4700.0000    0.0000    0.9845   -0.0917    1.8393    1.1645
[1] 4800.0000    0.0000    0.9940   -0.0453    1.9359    1.1699
[1] 4900.0000    0.0000    0.9924   -0.0976    2.0063    1.1836
[1] 5000.0000    0.0002    0.9955   -0.1156    1.9814    1.1626
[1] 5100.0000    0.0000    0.9679   -0.1155    1.8759    1.1951
[1] 5200.0000    0.0000    0.9985   -0.1335    1.9039    1.1683
[1] 5300.0000    0.0000    0.9985   -0.1335    1.9039    1.1683
[1] 5400.0000    0.0000    0.9974   -0.2923    1.7675    1.1725
[1] 5500.0000    0.0031    0.9912   -0.1350    2.0213    1.1931
[1] 5600.0000    0.0000    0.9859   -0.2249    1.9854    1.1994
[1] 5700.0000    0.3008    0.9979   -0.1545    1.8337    1.0573
[1] 5800.0000    0.0000    0.9611   -0.1202    1.8566    1.1298
[1] 5900.0000    0.0000    0.9861   -0.1832    1.8180    1.1845
[1] 6000.0000    0.0000    0.9934   -0.1001    1.8589    1.0489
[1] 6100.0000    0.0000    0.9991   -0.1251    2.0249    1.1410
[1] 6200.0000    0.0000    0.9787   -0.0409    1.8083    1.1364
[1] 6300.0000    0.0000    0.9560   -0.0243    1.7845    1.1950
[1] 6400.0000    0.0000    0.9918   -0.1552    1.8611    1.1860
[1] 6500.0000    0.0061    0.9717   -0.0777    1.8563    1.1753
[1] 6600.0000    0.0109    0.9915   -0.1423    1.7305    1.1396
[1] 6700.0000    0.0124    0.9915   -0.1423    1.7305    1.1396
[1] 6800.0000    0.0000    0.9791    0.0677    1.8491    1.1802
[1] 6900.0000    0.0000    0.9874    0.0015    1.7250    1.1807
[1] 7000.0000    0.0964    0.9977   -0.0435    1.7994    1.0944
[1] 7100.0000    0.0000    0.9857   -0.1404    1.8773    1.0571
[1] 7200.0000    0.0000    0.9671   -0.0630    1.9038    1.1991
[1] 7300.0000    0.0000    0.9946   -0.0190    1.9189    1.1299
[1] 7400.0000    0.2244    0.9943   -0.1371    1.9261    1.0943
[1] 7500.0000    0.0001    0.9989   -0.0856    1.8007    1.1081
[1] 7600.0000    0.0001    0.9979   -0.0618    1.8568    1.1442
[1] 7700.0000    0.0000    0.9975   -0.0839    1.8394    1.1871
[1] 7800.0000    0.0000    0.9975   -0.0839    1.8394    1.1871
[1] 7900.0000    0.0005    0.9975   -0.0839    1.8394    1.1871
[1] 8000.0000    0.0000    0.9975   -0.0839    1.8394    1.1871
[1] 8100.0000    0.0000    0.9975   -0.0839    1.8394    1.1871
[1] 8200.0000    0.0000    0.9975   -0.0839    1.8394    1.1871
[1] 8300.0000    0.0000    0.9987   -0.0866    1.8601    1.1432
[1] 8400.0000    0.0000    0.9987   -0.0866    1.8601    1.1432
[1] 8500.0000    0.0000    0.9807   -0.0820    1.8331    1.1870
[1] 8600.0000    0.0006    0.9648   -0.1770    1.8350    1.1411
[1] 8700.0000    0.0000    0.9956   -0.2011    1.7287    1.1637
[1] 8800.0000    0.0000    0.9657   -0.0469    1.6942    1.1608
[1] 8900.0000    0.0632    0.9955   -0.1122    1.7772    1.1580
[1] 9000.0000    0.0001    0.9955   -0.1122    1.7772    1.1580
[1] 9100.0000    0.0009    0.9946   -0.1185    1.8327    1.1509
[1] 9200.0000    0.0216    0.9966   -0.0621    1.7961    1.1317
[1] 9300.0000    0.0000    0.9856   -0.1230    1.8563    1.1370
[1] 9400.0000    0.0000    0.9943    0.0176    1.8531    1.0986
[1] 9500.0000    0.0011    0.9865   -0.1959    1.7627    1.1450
[1] 9600.0000    0.4183    0.9687   -0.1994    1.9233    1.0909
[1] 9700.0000    0.0002    0.9991   -0.0378    1.8766    1.1269
[1] 9800.0000    0.0000    0.9959   -0.1032    1.9532    1.1171
[1] 9900.0000    0.0000    0.9197   -0.0664    1.8517    1.1953
[1] 10000.0000     0.0000     0.9167    -0.1560     1.7561     1.1877
[1] 10100.0000     0.0009     0.9856    -0.2055     1.7223     1.1672
[1] 10200.0000     0.0001     0.9985    -0.1169     1.7132     1.1837
[1] 10300.0000     0.0004     0.9685    -0.1517     1.7860     1.1817
[1] 10400.0000     0.0000     0.9661    -0.0230     1.8710     1.1445
[1] 10500.0000     0.0000     0.9348    -0.0669     1.7375     1.2000
[1] 10600.0000     0.0000     0.9970    -0.1196     1.9025     1.1399
[1] 10700.0000     0.0000     0.9970    -0.1196     1.9025     1.1399
[1] 10800.0000     0.0000     0.9785    -0.1489     1.9013     1.1554
[1] 10900.0000     0.0000     0.9660    -0.1027     1.9069     1.1970
[1] 11000.0000     0.0000     0.9959    -0.2583     1.8579     1.1413
[1] 11100.0000     0.0135     0.9957    -0.1081     1.8082     1.0813
[1] 11200.0000     0.0000     0.9906    -0.1854     1.8105     1.1385
[1] 11300.0000     1.0000     0.9738    -0.0936     1.9519     1.1215
[1] 11400.0000     0.0002     0.9884    -0.2399     1.8787     1.1985
[1] 11500.0000     0.0000     0.9884    -0.2399     1.8787     1.1985
[1] 11600.0000     0.0000     0.9852    -0.1866     1.8192     1.1710
[1] 11700.0000     0.0000     0.9895    -0.0687     1.8454     1.1864
[1] 11800.0000     0.0000     0.9849    -0.0198     1.8403     1.0283
[1] 11900.0000     0.0093     0.9987    -0.0642     1.7652     1.1263
[1] 12000.0000     1.0000     0.9595    -0.0586     1.8267     1.1960
[1] 12100.0000     0.0011     0.9779    -0.0438     1.8127     1.1991
[1] 12200.0000     0.0000     0.9853    -0.1202     1.8574     1.1443
[1] 12300.0000     0.0016     0.9928    -0.1625     1.8074     1.1502
[1] 12400.0000     0.0000     0.9823    -0.0509     1.8584     1.1857
[1] 12500.0000     0.0000     0.9990    -0.1491     1.8849     1.1618
[1] 12600.0000     0.0638     0.9959    -0.0363     1.9124     1.1805
[1] 12700.0000     0.0000     0.9959    -0.0363     1.9124     1.1805
[1] 12800.0000     0.0000     0.9708    -0.0903     1.8924     1.1637
[1] 12900.0000     0.0000     0.9684    -0.2644     1.8620     1.1554
[1] 13000.0000     0.0014     0.9313    -0.1018     1.8244     1.1678
[1] 13100.0000     0.0000     0.9814    -0.1257     2.0298     1.1758
[1] 13200.0000     0.0013     0.9589    -0.1149     1.7925     1.1555
[1] 13300.0000     0.0058     0.9911     0.0492     2.0012     1.1585
[1] 13400.0000     0.1282     0.9676    -0.1707     1.9129     1.1418
[1] 13500.0000     0.0000     0.9987    -0.0196     1.8978     1.1100
[1] 13600.0000     0.0000     0.9748    -0.1235     1.8523     1.1641
[1] 13700.0000     0.0000     0.9964    -0.1275     1.8564     1.1486
[1] 13800.0000     0.0000     0.9919    -0.0997     1.7744     1.1669
[1] 13900.0000     0.0000     0.9996    -0.1099     1.7660     1.1561
[1] 14000.0000     0.0000     0.9996    -0.1099     1.7660     1.1561
[1] 14100.0000     0.0000     0.9940    -0.1399     1.8815     1.1268
[1] 14200.0000     0.0034     0.9934    -0.1180     1.8216     1.1983
[1] 14300.0000     0.0004     0.9946    -0.1365     1.8495     1.1737
[1] 14400.0000     0.0025     0.9946    -0.1365     1.8495     1.1737
[1] 14500.0000     0.6117     0.9833    -0.0184     1.7550     1.1771
[1] 14600.0000     0.0000     0.9646     0.0012     1.8298     1.1720
[1] 14700.0000     0.0001     0.9923    -0.0691     1.8917     1.0723
[1] 14800.0000     0.0000     0.9461    -0.1023     1.8194     1.1950
[1] 14900.0000     0.2356     0.9850    -0.0076     1.9097     1.1438
[1] 15000.0000     0.0000     0.9853    -0.0922     1.7853     1.1126
[1] 15100.0000     0.0000     0.9995    -0.1023     1.8692     1.1724
[1] 15200.0000     0.0150     0.9995    -0.1023     1.8692     1.1724
[1] 15300.0000     0.0000     0.9934    -0.1205     1.7582     1.1691
[1] 15400.0000     0.0411     0.9912    -0.1046     1.8615     1.1712
[1] 15500.0000     0.0000     0.9969    -0.1830     1.8863     1.1403
[1] 15600.0000     0.3684     0.9912    -0.2061     1.8104     1.0551
[1] 15700.0000     0.0000     0.9927    -0.0476     1.8189     1.1554
[1] 15800.0000     0.1221     0.9774     0.0146     1.7913     1.1822
[1] 15900.0000     0.0000     0.9914    -0.1619     1.8353     1.1027
[1] 16000.0000     0.1941     0.9640    -0.0925     1.8726     1.1600
[1] 16100.0000     0.0000     0.9304    -0.1898     1.9001     1.0894
[1] 16200.0000     0.0000     0.9829    -0.0312     1.8008     1.1448
[1] 16300.0000     0.0013     0.9793    -0.2362     1.9154     1.1641
[1] 16400.0000     0.0023     0.9681    -0.0687     1.8261     1.1486
[1] 16500.0000     0.0030     0.9646    -0.0446     1.8089     1.1820
[1] 16600.0000     0.2136     0.9300    -0.0767     1.7656     1.1365
[1] 16700.0000     0.0036     0.9862    -0.1101     2.0079     1.1746
[1] 16800.0000     0.0001     0.9909     0.0168     1.9020     1.1256
[1] 16900.0000     0.1766     0.9993    -0.0930     1.9659     1.1521
[1] 17000.0000     0.0000     0.9932    -0.1156     1.8637     1.1603
[1] 17100.0000     0.0000     0.9967    -0.0186     2.0049     1.1023
[1] 17200.0000     0.0000     0.9648    -0.0593     1.7841     1.0628
[1] 17300.0000     0.0000     0.9491    -0.0751     1.7805     1.1870
[1] 17400.0000     0.2182     0.9950    -0.1940     1.8460     1.1876
[1] 17500.0000     0.0025     0.9937    -0.1354     1.8862     1.1555
[1] 17600.0000     0.0014     0.9860    -0.0590     1.8309     1.1792
[1] 17700.0000     0.0000     0.9898    -0.1109     2.0037     1.1555
[1] 17800.0000     0.0011     0.9877    -0.0949     1.7385     1.0638
[1] 17900.0000     0.0390     0.9912    -0.2690     1.8691     1.0408
[1] 18000.0000     0.0000     0.9818    -0.1240     1.7783     1.1484
[1] 18100.0000     0.0000     0.9780    -0.1391     1.8427     1.1255
[1] 18200.0000     0.0000     0.9843    -0.1138     1.7950     0.9780
[1] 18300.0000     0.0000     0.9972    -0.0900     1.8277     1.1965
[1] 18400.0000     0.0000     0.9972    -0.0900     1.8277     1.1965
[1] 18500.0000     0.0000     0.9972    -0.0900     1.8277     1.1965
[1] 18600.0000     0.0000     0.9913    -0.0735     1.9489     1.1595
[1] 18700.0000     0.0021     0.9668    -0.1608     1.8001     1.1913
[1] 18800.0000     0.0000     0.9736    -0.0383     1.9545     1.1906
[1] 18900.0000     0.0000     0.9694    -0.0645     1.9219     1.1975
[1] 19000.0000     0.0000     0.9697    -0.1621     1.8026     1.1667
[1] 19100.0000     0.0000     0.9451    -0.1388     1.9987     1.0897
[1] 19200.0000     0.0000     0.9914    -0.1443     1.8338     1.1847
[1] 19300.0000     0.0876     0.9937    -0.1289     1.7500     1.1956
[1] 19400.0000     0.0000     0.9609    -0.0602     1.8980     1.1894
[1] 19500.0000     0.0008     0.9633    -0.0285     1.6987     1.1823
[1] 19600.0000     0.4347     0.9797    -0.0887     1.9075     1.1185
[1] 19700.0000     0.0000     0.9970    -0.0763     1.9844     1.0708
[1] 19800.0000     0.0330     0.9731    -0.0297     1.9103     1.1372
[1] 19900.0000     0.0002     0.9775    -0.0505     1.8554     1.1706
[1] 20000.0000     0.0000     0.9962    -0.0357     1.7897     1.1288
[1] 20100.0000     0.0005     0.9774    -0.0961     1.7899     1.1834
[1] 20200.0000     1.0000     0.9840    -0.1043     1.7802     1.1380
[1] 20300.0000     0.0096     0.9770    -0.1965     1.7755     0.9882
[1] 20400.0000     0.0000     0.9906    -0.0664     1.8716     1.1718
[1] 20500.0000     0.0000     0.9705    -0.0902     1.8543     1.1468
[1] 20600.0000     0.0008     0.9981    -0.1437     1.9000     1.1462
[1] 20700.0000     0.0000     0.9923    -0.1414     1.8865     1.0695
[1] 20800.0000     0.0390     0.9983    -0.1568     1.8357     1.1503
[1] 20900.0000     0.0000     0.9926    -0.0990     1.9552     1.1969
[1] 21000.0000     0.0001     0.9912     0.0195     1.8108     1.0875
[1] 21100.0000     0.0002     0.9899    -0.0518     1.9475     1.1725
[1] 21200.0000     0.0000     0.9861    -0.1245     1.8910     1.1830
[1] 21300.0000     0.0000     0.9861    -0.1245     1.8910     1.1830
[1] 21400.0000     0.0000     0.9798    -0.1132     1.7644     1.1420
[1] 21500.0000     0.0000     0.9986    -0.1704     1.8395     1.1603
[1] 21600.0000     0.0019     0.9951    -0.1430     1.8299     1.0943
[1] 21700.0000     0.0322     0.9766    -0.1345     1.8210     1.1392
[1] 21800.0000     0.0006     0.9888    -0.0792     1.8077     1.1833
[1] 21900.0000     0.0000     0.9888    -0.0792     1.8077     1.1833
[1] 22000.0000     0.0000     0.9614    -0.2170     1.8732     1.1684
[1] 22100.0000     0.0000     0.9825    -0.0910     1.8541     1.1195
[1] 22200.0000     0.0000     0.9766    -0.2097     1.7339     1.0119
[1] 22300.0000     0.0001     0.9784    -0.1626     1.8844     1.0850
[1] 22400.0000     0.0043     0.9888    -0.2190     1.8855     1.1653
[1] 22500.0000     0.0018     0.9775    -0.2009     1.8501     1.1819
[1] 22600.0000     0.0001     0.9758    -0.1936     1.7941     1.1886
[1] 22700.0000     0.0000     0.9920    -0.0384     1.8573     1.1651
[1] 22800.0000     0.0001     0.9652    -0.1691     1.7747     1.1739
[1] 22900.0000     0.0014     0.9936    -0.0295     1.9108     1.1658
[1] 23000.0000     0.0000     0.9856    -0.1016     1.8494     1.1917
[1] 23100.0000     0.0000     0.9662    -0.1138     1.8851     1.1055
[1] 23200.0000     0.0000     0.9984    -0.0038     2.0215     1.1708
[1] 23300.0000     0.0000     0.9905     0.0089     1.9065     1.1869
[1] 23400.0000     0.0001     0.9658    -0.0879     1.8918     1.1770
[1] 23500.0000     1.0000     0.9916    -0.0892     1.7687     1.1297
[1] 23600.0000     0.0000     0.9759    -0.0656     1.8111     1.1213
[1] 23700.0000     0.0005     0.9508    -0.1292     1.7835     1.1015
[1] 23800.0000     0.0018     0.9669    -0.1140     1.8042     1.1998
[1] 23900.0000     0.0000     0.9920    -0.1038     1.8305     1.0485
[1] 24000.0000     0.0000     0.9801     0.0711     1.8687     1.1551
[1] 24100.0000     0.0000     0.9867    -0.0352     1.8855     1.0857
[1] 24200.0000     0.0084     0.9847    -0.2155     1.9356     1.1679
[1] 24300.0000     0.0000     0.9835    -0.1970     1.8523     1.1829
[1] 24400.0000     0.0248     0.9949    -0.1677     1.8620     1.1581
[1] 24500.0000     0.0000     0.9943    -0.1019     1.8838     1.0864
[1] 24600.0000     0.0000     0.9866    -0.1546     1.9402     1.1519
[1] 24700.0000     0.0000     0.9730    -0.0728     1.9871     1.1829
[1] 24800.0000     0.2722     0.9634    -0.1445     1.7974     1.1841
[1] 24900.0000     0.0000     0.9996    -0.0628     1.9195     1.1590
[1] 25000.0000     0.0000     0.9970    -0.0730     1.9613     1.1590
[1] 25100.0000     0.0000     0.9974    -0.0812     1.7173     1.1252
[1] 25200.0000     0.0000     0.9240    -0.1477     1.9074     1.1619
[1] 25300.0000     0.0000     0.9787    -0.0390     1.8890     1.1404
[1] 25400.0000     0.0002     0.9836    -0.0260     1.7517     1.0873
[1] 25500.0000     0.0000     0.9634    -0.1621     1.8064     1.1502
[1] 25600.0000     0.0000     0.9746    -0.2584     1.8950     1.1488
[1] 25700.0000     0.0000     0.9606    -0.0658     1.8130     1.1252
[1] 25800.0000     0.0000     0.9689    -0.1494     1.8622     1.1962
[1] 25900.0000     0.0000     0.9839    -0.1429     1.8137     1.1784
[1] 26000.0000     0.0040     0.9804    -0.0671     1.8114     1.1308
[1] 26100.0000     0.0000     0.9935    -0.0531     1.8344     1.0009
[1] 26200.0000     0.0000     0.9921    -0.0408     1.8222     1.1908
[1] 26300.0000     0.0000     0.9921    -0.0408     1.8222     1.1908
[1] 26400.0000     0.0000     0.9921    -0.0940     1.9143     1.1553
[1] 26500.0000     0.0288     0.9611    -0.1719     1.8022     1.0834
[1] 26600.0000     0.0000     0.9877    -0.0403     1.8600     1.1989
[1] 26700.0000     0.0000     0.9995    -0.0968     1.9965     1.1991
[1] 26800.0000     0.0236     0.9994    -0.2137     1.9060     1.1742
[1] 26900.0000     0.0000     0.9994    -0.2137     1.9060     1.1742
[1] 27000.0000     0.0000     0.9912    -0.1380     1.8822     1.1775
[1] 27100.0000     0.0005     0.9874    -0.0913     1.8564     1.1071
[1] 27200.0000     0.0000     0.9713    -0.1475     1.7993     1.0324
[1] 27300.0000     0.0117     0.9822    -0.0733     1.7991     1.1532
[1] 27400.0000     0.0000     0.9949    -0.0633     1.8108     1.1275
[1] 27500.0000     0.0000     0.9665    -0.0172     1.8588     1.1723
[1] 27600.0000     0.0003     0.9952    -0.0612     1.8383     1.1217
[1] 27700.0000     0.0001     0.9491    -0.1613     1.8203     1.1275
[1] 27800.0000     0.0007     0.9931    -0.1195     1.9202     1.0656
[1] 27900.0000     0.0000     0.9798    -0.0051     1.8123     1.1875
[1] 28000.0000     0.0000     0.9813    -0.0540     1.8546     1.1243
[1] 28100.0000     0.0003     0.9846    -0.0801     1.8448     1.0862
[1] 28200.0000     0.0000     0.9988     0.0475     1.8606     1.1369
[1] 28300.0000     0.0000     0.9962    -0.2189     1.8515     1.1131
[1] 28400.0000     0.0000     0.9962    -0.2189     1.8515     1.1131
[1] 28500.0000     0.0000     0.9646    -0.0856     1.7479     1.1454
[1] 28600.0000     0.0003     0.9856    -0.0640     1.7336     1.1641
[1] 28700.0000     0.0000     0.9945    -0.1726     1.7268     1.1888
[1] 28800.0000     0.0001     0.9716    -0.1387     1.9342     1.1797
[1] 28900.0000     0.0174     0.9964    -0.1318     1.9475     1.0933
[1] 29000.0000     0.0000     0.9902    -0.1061     1.9807     1.1485
[1] 29100.0000     0.5926     0.9799    -0.0587     1.9924     1.1704
[1] 29200.0000     0.0044     0.9889    -0.1439     1.9101     1.0979
[1] 29300.0000     0.0000     0.9996    -0.1396     1.8507     1.1465
[1] 29400.0000     0.0000     0.9771    -0.1825     1.9010     1.1868
[1] 29500.0000     0.0000     0.9688    -0.0960     1.7860     1.1567
[1] 29600.0000     0.2756     0.9770     0.0110     1.9523     1.1651
[1] 29700.0000     0.0000     0.9912    -0.1159     1.7474     1.0939
[1] 29800.0000     0.0000     0.9917    -0.0657     1.8351     1.0733
[1] 29900.0000     0.0424     0.9833    -0.1073     1.9267     1.1370
[1] 30000.0000     0.0000     0.9902     0.0269     1.8682     1.1766
[1] 0.04383825
Time difference of 11.20208 hours
null device 
          1 
