[1] "El numero de nodos X particion es: 10"
[1] "Model = M2 / Data = sim_data/datasetSVIExponential18.Rdata"
[1] 100.0000   0.7477   0.9429   0.0560   1.8657   1.1970
[1] 200.0000   0.0038   0.9592   0.0965   1.7915   1.1736
[1] 300.0000   1.0000   0.8776   0.0036   1.9072   1.0665
[1] 400.0000   0.0731   0.9217   0.0823   1.8192   0.9692
[1] 500.0000   0.0000   0.8350   0.9607   0.9467   0.9084
[1] 600.0000   0.0051   0.8988  -0.5912   2.5298   1.1191
[1] 700.0000   0.0000   0.8999   0.4922   1.4834   1.0702
[1] 800.0000   0.0000   0.8728  -0.2283   2.1729   0.9084
[1] 900.0000   0.0000   0.9606  -0.3718   2.2976   1.0158
[1] 1000.0000    0.0000    0.8209   -0.4804    2.3903    0.9374
[1] 1100.0000    0.0000    0.9319    0.5405    1.3461    0.8930
[1] 1200.0000    0.0577    0.8544    1.0199    0.9616    0.9984
[1] 1300.0000    0.0000    0.9498   -0.6959    2.5417    1.1653
[1] 1400.0000    0.0000    0.9303   -1.2192    3.0393    1.1894
[1] 1500.0000    0.0000    0.9584   -0.0845    1.9959    1.0940
[1] 1600.0000    0.0000    0.9894   -0.7423    2.6599    1.0856
[1] 1700.0000    0.0000    0.8163    0.0408    1.8443    0.8247
[1] 1800.0000    0.0000    0.8314   -0.0755    1.9931    0.9945
[1] 1900.0000    0.0000    0.9005   -0.8886    2.8126    0.9368
[1] 2000.0000    0.0000    0.9400   -0.1939    2.1412    1.1109
[1] 2100.0000    0.0000    0.8123   -1.1750    3.0435    1.1618
[1] 2200.0000    0.0000    0.8668   -0.0817    2.0617    1.0989
[1] 2300.0000    0.0000    0.8228    0.4119    1.4545    1.1776
[1] 2400.0000    0.0000    0.9355    0.1285    1.7992    1.1578
[1] 2500.0000    0.0346    0.8909    0.8037    1.0939    1.1217
[1] 2600.0000    0.0000    0.9100    0.2141    1.7622    1.1442
[1] 2700.0000    0.0000    0.9115   -0.9579    2.9092    1.0018
[1] 2800.0000    0.0423    0.9382    0.0344    1.9412    1.1558
[1] 2900.0000    0.0000    0.9057   -0.2767    2.1574    0.9581
[1] 3000.0000    0.0000    0.8454    0.0699    1.8681    0.9669
[1] 3100.0000    0.0000    0.9787    0.7999    1.1535    0.9283
[1] 3200.0000    0.0000    0.9190    0.7695    1.1618    0.9575
[1] 3300.0000    0.0000    0.9312    0.6164    1.2815    0.9302
[1] 3400.0000    0.3696    0.8983    0.8838    1.0661    1.1525
[1] 3500.0000    0.0000    0.8568    0.7336    1.1843    1.0820
[1] 3600.0000    0.0000    0.8412    0.1532    1.7611    0.8625
[1] 3700.0000    0.1976    0.8237    0.6291    1.3139    0.8398
[1] 3800.0000    0.0000    0.9791    1.3684    0.5257    1.0179
[1] 3900.0000    0.0000    0.8349    0.6459    1.3111    1.1538
[1] 4000.0000    0.0000    0.9782   -0.4019    2.3721    1.1817
[1] 4100.0000    0.0000    0.8388   -1.1488    3.1292    0.8864
[1] 4200.0000    0.0000    0.9756   -1.0755    2.9520    0.9752
[1] 4300.0000    0.3280    0.8741   -1.3735    3.3004    1.1249
[1] 4400.0000    0.0000    0.8310   -0.4944    2.3814    1.1572
[1] 4500.0000    0.1768    0.8404   -0.4034    2.3489    1.1577
[1] 4600.0000    0.0000    0.9525    0.0687    1.9153    1.1110
[1] 4700.0000    0.0000    0.8528   -1.1090    2.9967    0.8411
[1] 4800.0000    0.0000    0.8660   -1.5263    3.4403    1.0939
[1] 4900.0000    0.0000    0.9924   -1.2570    3.2330    1.1836
[1] 5000.0000    0.0000    0.9762   -1.9406    3.8012    0.8665
[1] 5100.0000    0.0000    0.9679   -1.1517    2.9749    1.1951
[1] 5200.0000    0.0000    0.8051   -0.0966    2.0049    0.8965
[1] 5300.0000    0.0000    0.8845    0.6339    1.2640    1.0022
[1] 5400.0000    0.0000    0.8536    0.2536    1.6857    0.9337
[1] 5500.0000    0.0000    0.8913    0.3215    1.5429    1.1131
[1] 5600.0000    0.0000    0.9929    0.2220    1.6160    1.1085
[1] 5700.0000    0.0000    0.9545    0.7419    1.0903    0.8805
[1] 5800.0000    0.0000    0.8612   -1.1016    3.1344    1.0327
[1] 5900.0000    0.0000    0.8278    0.7696    1.2097    1.0767
[1] 6000.0000    0.0000    0.9870    1.2455    0.5923    1.0819
[1] 6100.0000    0.0000    0.9284    0.8009    1.1749    0.9188
[1] 6200.0000    0.0000    0.8741   -0.0874    1.9998    0.8043
[1] 6300.0000    0.0000    0.9569   -0.5538    2.4059    0.8080
[1] 6400.0000    0.0000    0.9599   -0.1132    2.0720    0.9947
[1] 6500.0000    0.0001    0.9084    0.4048    1.5940    1.0918
[1] 6600.0000    0.0000    0.8401   -0.6127    2.4663    1.0889
[1] 6700.0000    0.0000    0.8253   -1.3996    3.4274    0.9280
[1] 6800.0000    0.0499    0.8794   -0.2113    2.1527    0.9381
[1] 6900.0000    0.0000    0.8857   -0.9034    2.7969    0.9847
[1] 7000.0000    0.0000    0.8521   -0.3665    2.2922    1.0680
[1] 7100.0000    0.0000    0.9857    0.0131    1.9222    1.0571
[1] 7200.0000    0.0000    0.9439    0.2830    1.6861    1.1769
[1] 7300.0000    0.0000    0.9838    0.8501    1.1416    1.0449
[1] 7400.0000    0.0000    0.8045    0.2746    1.5797    0.8734
[1] 7500.0000    0.0000    0.8475   -2.0911    3.9820    1.0597
[1] 7600.0000    0.0000    0.9493   -0.8379    2.7791    0.9281
[1] 7700.0000    0.0000    0.8440   -1.4839    3.3948    0.8976
[1] 7800.0000    0.0000    0.8350   -0.2399    2.2521    1.1361
[1] 7900.0000    0.0000    0.9654   -0.2708    2.1336    1.1831
[1] 8000.0000    0.0000    0.9309    0.1212    1.8040    1.0835
[1] 8100.0000    0.0000    0.8250    0.4003    1.5021    1.1136
[1] 8200.0000    0.0000    0.9207    0.0326    1.8319    1.1282
[1] 8300.0000    0.0000    0.8222   -0.8505    2.7341    0.8438
[1] 8400.0000    0.0000    0.9658   -0.7237    2.5372    0.9286
[1] 8500.0000    0.0000    0.8693   -0.2404    2.2495    1.1264
[1] 8600.0000    0.0000    0.8576   -0.9402    2.8525    1.0835
[1] 8700.0000    0.0000    0.8940   -1.2853    3.1560    1.0236
[1] 8800.0000    0.0000    0.8335    0.5204    1.4374    0.9256
[1] 8900.0000    0.0000    0.8248    0.6913    1.2130    1.0728
[1] 9000.0000    0.0000    0.8301    0.7421    1.1949    1.1387
[1] 9100.0000    0.0000    0.8755    0.7103    1.1798    0.8812
[1] 9200.0000    0.0000    0.8129    0.0550    1.8601    1.1264
[1] 9300.0000    0.0000    0.8342   -0.5562    2.4812    1.1103
[1] 9400.0000    0.0000    0.8413    0.7514    1.0693    1.0761
[1] 9500.0000    0.0000    0.9934   -0.0897    2.0464    1.0697
[1] 9600.0000    0.0000    0.8149    0.3991    1.5452    0.9056
[1] 9700.0000    0.0000    0.9657    1.4910    0.4213    0.9166
[1] 9800.0000    0.0000    0.8457    0.8443    1.0432    0.8235
[1] 9900.0000    0.0000    0.9876    1.7074    0.2148    0.9739
[1] 10000.0000     0.3768     0.9984    -0.2153     2.1217     0.9987
[1] 10100.0000     0.0001     0.9390    -0.1977     2.0859     1.0815
[1] 10200.0000     0.0001     0.9575     0.5715     1.3631     0.9628
[1] 10300.0000     0.0809     0.9549     1.4864     0.4988     0.8021
[1] 10400.0000     0.0000     0.9109    -0.2572     2.1611     0.9653
[1] 10500.0000     0.0000     0.9035     0.6918     1.1738     0.9966
[1] 10600.0000     0.0000     0.8442     0.5040     1.4811     0.9495
[1] 10700.0000     0.0000     0.8398     0.3233     1.6328     1.0590
[1] 10800.0000     0.0011     0.8310     0.4178     1.5088     0.9940
[1] 10900.0000     0.0000     0.9660     0.2322     1.7253     1.1970
[1] 11000.0000     0.0457     0.8555     0.0016     1.9126     1.1761
[1] 11100.0000     0.0000     0.8480    -0.5566     2.4274     1.1683
[1] 11200.0000     0.1159     0.8258    -1.3952     3.3145     1.0628
[1] 11300.0000     0.0000     0.8936    -1.3945     3.3369     1.0961
[1] 11400.0000     0.0000     0.9548     0.3614     1.5670     1.0047
[1] 1.150e+04 0.000e+00 9.619e-01 1.434e-01 1.758e+00 9.110e-01
[1] 11600.0000     0.0000     0.9104    -0.7068     2.6195     0.8269
[1] 11700.0000     0.0000     0.8224    -0.1117     2.0712     0.8539
[1] 11800.0000     0.0000     0.8027    -0.2346     2.2570     0.8530
[1] 11900.0000     0.0000     0.8460    -0.1884     2.0680     0.8150
[1] 12000.0000     0.0000     0.8056    -0.4563     2.4121     1.1142
[1] 12100.0000     0.0000     0.8005    -1.5171     3.4560     0.8375
[1] 12200.0000     0.1569     0.8359     0.1076     1.8244     0.9745
[1] 12300.0000     0.0000     0.8010     0.3280     1.5554     0.8810
[1] 12400.0000     0.2973     0.8046    -0.2837     2.3040     0.8797
[1] 12500.0000     0.0000     0.9939     0.3160     1.6948     0.9707
[1] 12600.0000     0.0000     0.8126    -0.3502     2.3680     1.1805
[1] 12700.0000     0.0000     0.9614    -0.8302     2.6795     0.8958
[1] 12800.0000     0.0000     0.8257    -0.4200     2.4109     0.8904
[1] 1.290e+04 1.000e-02 9.204e-01 3.625e-01 1.597e+00 8.219e-01
[1] 13000.0000     0.0000     0.9313    -0.1353     2.0391     1.1678
[1] 1.310e+04 0.000e+00 9.404e-01 1.407e+00 5.276e-01 9.822e-01
[1] 13200.0000     0.0000     0.8843     0.3460     1.5596     0.9997
[1] 13300.0000     0.0000     0.8427     0.0881     1.7501     1.0281
[1] 13400.0000     0.0000     0.9882     0.3993     1.5148     1.1072
[1] 13500.0000     0.0000     0.8466    -0.4007     2.2950     0.8143
[1] 13600.0000     0.0000     0.8917     0.0565     1.8911     1.0301
[1] 13700.0000     0.0000     0.8421     0.2553     1.7057     0.9544
[1] 13800.0000     0.0000     0.8787    -0.5911     2.5486     1.0611
[1] 13900.0000     0.0000     0.8573     0.2875     1.6519     0.8372
[1] 14000.0000     0.0000     0.9588     0.0550     1.7744     0.9662
[1] 14100.0000     0.0000     0.8411     0.1734     1.6451     1.1804
[1] 14200.0000     0.0000     0.8479    -0.1776     2.0336     0.8739
[1] 14300.0000     0.0000     0.9227    -0.9426     2.8225     1.0001
[1] 14400.0000     0.0014     0.8623     0.2913     1.5887     0.8985
[1] 14500.0000     0.1073     0.8647     0.7390     1.2148     1.0877
[1] 14600.0000     0.0000     0.8570    -0.2522     2.0750     1.1138
[1] 14700.0000     0.0000     0.8734     0.0119     1.8498     1.0676
[1] 14800.0000     0.0000     0.9996     1.4514     0.4482     1.1359
[1] 14900.0000     0.0098     0.8051     0.0190     1.8881     1.0614
[1] 15000.0000     0.0001     0.9447     0.2735     1.5707     0.8911
[1] 15100.0000     0.9149     0.8384    -0.0295     1.8889     0.8510
[1] 15200.0000     0.0000     0.8242     0.8076     1.1008     1.0800
[1] 15300.0000     0.2611     0.9517     0.6561     1.3046     1.1636
[1] 15400.0000     0.0001     0.8072    -0.3998     2.3344     1.0717
[1] 15500.0000     0.0000     0.9734    -0.9675     2.9436     1.1714
[1] 15600.0000     0.0000     0.8520    -0.7814     2.7638     1.1912
[1] 15700.0000     0.0000     0.8475     0.2219     1.6616     0.9690
[1] 15800.0000     0.0000     0.9108     0.4303     1.4353     0.9068
[1] 15900.0000     0.0000     0.8876     0.4551     1.3796     0.9067
[1] 16000.0000     0.0002     0.8124    -0.0617     1.9954     1.1160
[1] 16100.0000     0.0000     0.8125     0.7743     1.1324     0.8885
[1] 1.620e+04 0.000e+00 9.466e-01 6.324e-01 1.221e+00 9.477e-01
[1] 16300.0000     0.0000     0.9158    -0.0325     1.9899     0.9491
[1] 16400.0000     0.0000     0.9401    -0.3893     2.2770     0.9237
[1] 16500.0000     0.2540     0.9646     0.1419     1.7422     1.1820
[1] 16600.0000     0.0000     0.8294    -0.7935     2.7850     0.8835
[1] 16700.0000     0.0000     0.8462    -0.0579     1.9989     0.9538
[1] 16800.0000     0.0000     0.8621     0.3719     1.4934     1.1596
[1] 16900.0000     0.0000     0.8583     1.0298     0.8555     0.9158
[1] 17000.0000     0.0000     0.9790    -0.2699     2.1946     0.8822
[1] 1.710e+04 0.000e+00 9.305e-01 1.103e+00 9.345e-01 9.283e-01
[1] 1.720e+04 0.000e+00 9.497e-01 7.828e-01 1.090e+00 8.252e-01
[1] 17300.0000     1.0000     0.8396     1.0631     0.8634     1.0131
[1] 17400.0000     0.0000     0.8593     0.3426     1.6436     1.1450
[1] 17500.0000     0.0000     0.9677     0.0718     1.8521     1.1479
[1] 17600.0000     0.0000     0.8280     0.3113     1.5826     1.1486
[1] 17700.0000     0.0000     0.8794     0.7275     1.1712     0.9707
[1] 17800.0000     0.0000     0.8771    -0.9145     2.9192     0.9481
[1] 17900.0000     0.0000     0.8750    -0.3319     2.2928     0.9636
[1] 18000.0000     1.0000     0.9109     0.7631     1.1967     0.8712
[1] 18100.0000     0.0000     0.8078    -0.9402     2.9012     0.9064
[1] 18200.0000     0.0174     0.8582     0.2072     1.6267     0.9652
[1] 18300.0000     0.0000     0.9012     0.6529     1.2604     1.0710
[1] 18400.0000     0.0000     0.9529    -0.2043     2.1398     0.8173
[1] 18500.0000     0.0000     0.8045    -0.2376     2.1605     1.0038
[1] 1.860e+04 0.000e+00 8.420e-01 3.194e-01 1.660e+00 8.224e-01
[1] 18700.0000     0.0000     0.8080    -0.2224     2.1834     0.9308
[1] 18800.0000     0.0000     0.8537     0.6464     1.3415     0.9005
[1] 18900.0000     0.0000     0.9024    -0.8521     2.7344     1.0613
[1] 19000.0000     0.0000     0.8770    -0.1615     2.1421     1.0394
[1] 19100.0000     0.0000     0.8613     0.0671     1.7753     0.8317
[1] 19200.0000     0.0000     0.8001     0.0855     1.7499     0.9641
[1] 19300.0000     0.0000     0.8035     0.0397     1.8241     1.0886
[1] 19400.0000     0.0000     0.9330    -0.4611     2.3698     1.0363
[1] 19500.0000     0.0000     0.8527     0.4852     1.4404     1.1208
[1] 19600.0000     0.8637     0.9162    -0.7391     2.7278     0.8038
[1] 19700.0000     0.0000     0.8982    -0.3975     2.2098     1.1826
[1] 19800.0000     0.0000     0.9408     0.2914     1.6706     0.9927
[1] 19900.0000     0.0000     0.9981    -0.5055     2.4473     1.0280
[1] 20000.0000     0.0000     0.8708    -0.3855     2.2786     1.0213
[1] 20100.0000     0.0000     0.9080     0.7207     1.2694     1.0402
[1] 20200.0000     0.9970     0.9840     0.1936     1.7645     1.1380
[1] 20300.0000     0.0000     0.8028    -0.1373     2.1614     0.9708
[1] 20400.0000     0.0000     0.9596    -0.1546     1.9676     1.0259
[1] 20500.0000     0.0000     0.9505    -1.3946     3.3742     0.9891
[1] 20600.0000     0.2954     0.9169    -0.2629     2.2542     1.1057
[1] 20700.0000     1.0000     0.8107    -0.2668     2.1191     1.0874
[1] 20800.0000     0.0000     0.9606    -1.0872     2.9681     1.0886
[1] 20900.0000     0.0000     0.9109     0.3881     1.5825     0.9980
[1] 21000.0000     0.0000     0.9613     0.5166     1.4101     1.0378
[1] 21100.0000     0.0000     0.8005    -0.1985     2.2148     0.9291
[1] 21200.0000     0.0247     0.8263    -0.0605     1.9974     1.1324
[1] 21300.0000     0.0000     0.8399    -0.8852     2.7193     1.0171
[1] 21400.0000     0.0000     0.9719    -0.1787     2.0809     0.9071
[1] 21500.0000     0.0000     0.8732    -0.6976     2.5153     1.0565
[1] 21600.0000     0.0000     0.8010    -1.0488     2.9413     1.1966
[1] 21700.0000     0.0000     0.8416    -1.1141     3.0678     1.0860
[1] 21800.0000     0.0000     0.8218    -0.4597     2.4873     1.1739
[1] 21900.0000     0.0000     0.9408     0.2971     1.5611     0.9421
[1] 2.200e+04 0.000e+00 8.850e-01 9.050e-01 1.075e+00 9.555e-01
[1] 22100.0000     0.0000     0.9825    -0.8660     2.7929     1.1195
[1] 22200.0000     0.0000     0.8403    -0.8027     2.7079     1.1277
[1] 22300.0000     0.0000     0.8584     0.1089     1.8203     0.9367
[1] 22400.0000     0.0000     0.9494     0.2233     1.7131     0.9207
[1] 22500.0000     0.0000     0.9610     1.4466     0.4195     0.9963
[1] 22600.0000     0.0000     0.8858     0.0615     1.9713     0.9064
[1] 22700.0000     0.0000     0.8271     0.1640     1.6491     1.1968
[1] 22800.0000     0.0000     0.9630    -0.1522     2.1458     0.9437
[1] 22900.0000     0.0000     0.9207     0.7978     1.0787     0.8362
[1] 23000.0000     0.0000     0.9652     0.7391     1.1374     1.0264
[1] 23100.0000     0.0000     0.8611    -0.1024     1.9971     1.0907
[1] 23200.0000     0.0000     0.8288    -0.4225     2.3416     0.8616
[1] 23300.0000     0.1241     0.8966    -0.2578     2.1629     1.0199
[1] 23400.0000     0.0000     0.9703     0.1676     1.7604     0.9326
[1] 23500.0000     0.0000     0.8934    -0.1555     2.0744     1.1391
[1] 2.360e+04 0.000e+00 8.360e-01 9.152e-01 9.764e-01 8.406e-01
[1] 2.370e+04 0.000e+00 8.580e-01 9.925e-01 9.804e-01 8.494e-01
[1] 23800.0000     0.0000     0.9509     1.2076     0.5970     0.9516
[1] 23900.0000     0.0000     0.8157     0.6378     1.2594     0.8034
[1] 24000.0000     0.0000     0.9304    -0.0030     1.8686     0.8086
[1] 24100.0000     0.0000     0.8289    -1.2972     3.2275     0.9877
[1] 24200.0000     0.0000     0.8399    -0.4697     2.4135     1.0287
[1] 24300.0000     0.0000     0.8207    -1.0627     3.0244     1.1509
[1] 24400.0000     0.5466     0.9947     0.6341     1.3202     0.9697
[1] 24500.0000     0.0000     0.9064     0.7717     1.2077     0.8345
[1] 24600.0000     0.0000     0.9062    -0.2693     2.1739     0.8877
[1] 24700.0000     0.0000     0.9574    -0.1133     1.9360     1.0919
[1] 24800.0000     0.0000     0.8109     0.6157     1.3207     1.1899
[1] 24900.0000     0.0000     0.9495    -0.3629     2.2252     0.8626
[1] 25000.0000     0.0000     0.9628     0.0903     1.8268     0.9362
[1] 25100.0000     0.0000     0.8415     0.9517     0.8966     1.0265
[1] 25200.0000     0.0000     0.8184    -0.1212     2.0559     0.8574
[1] 25300.0000     1.0000     0.8151    -0.2812     2.2081     1.0748
[1] 25400.0000     1.0000     0.8988    -0.3773     2.2463     1.0888
[1] 25500.0000     0.0000     0.8147     0.4122     1.4823     1.1844
[1] 25600.0000     0.0000     0.8978    -0.1233     2.0385     1.1142
[1] 25700.0000     0.0000     0.8060     0.7617     1.2033     0.8422
[1] 25800.0000     0.0000     0.8043    -0.4925     2.2913     0.8730
[1] 25900.0000     1.0000     0.8632    -0.6250     2.5727     1.1254
[1] 26000.0000     1.0000     0.9492    -1.1743     3.1548     1.0058
[1] 26100.0000     0.0000     0.9196    -0.8928     2.6392     1.1722
[1] 26200.0000     0.0000     0.9529    -1.3528     3.1402     1.0017
[1] 26300.0000     0.0000     0.8530    -1.2794     3.2247     1.0678
[1] 26400.0000     0.0000     0.8767     0.5706     1.3828     0.8041
[1] 26500.0000     0.0058     0.8611     0.0130     1.9117     1.1675
[1] 26600.0000     0.0000     0.9958    -0.8053     2.6379     0.9534
[1] 26700.0000     0.0000     0.8184    -0.2692     2.1309     0.9177
[1] 26800.0000     0.0000     0.8448    -1.8446     3.7012     0.8652
[1] 26900.0000     0.0000     0.9184    -0.2560     2.1382     1.1619
[1] 27000.0000     0.0000     0.8102     0.0867     1.8347     1.1325
[1] 27100.0000     0.6842     0.8372     0.5630     1.3784     1.1930
[1] 27200.0000     0.0000     0.8628     1.4129     0.4984     1.0265
[1] 27300.0000     0.0000     0.8270    -0.3254     2.2586     1.1347
[1] 27400.0000     0.0000     0.8182     1.1948     0.7664     1.1040
[1] 27500.0000     0.0000     0.8677     1.3083     0.6306     0.9516
[1] 27600.0000     0.0000     0.8732     1.4193     0.5325     0.9172
[1] 27700.0000     0.0000     0.8317     0.2049     1.6430     1.1846
[1] 27800.0000     0.0000     0.8338    -0.4007     2.3420     0.9440
[1] 27900.0000     0.2347     0.8623     0.3942     1.5924     1.1492
[1] 28000.0000     0.0000     0.8025    -0.3165     2.3208     0.9240
[1] 28100.0000     0.0000     0.8054    -0.7697     2.7028     1.0663
[1] 28200.0000     0.0000     0.9683    -1.0532     3.0308     0.8917
[1] 28300.0000     0.0000     0.9744    -0.5191     2.4310     1.1468
[1] 28400.0000     1.0000     0.9594     0.0030     1.9217     0.8105
[1] 28500.0000     0.0000     0.8824     0.7488     1.1501     0.8003
[1] 28600.0000     0.0000     0.9775     0.1397     1.7076     0.9079
[1] 28700.0000     0.0000     0.8546    -1.2748     3.1098     0.9787
[1] 2.880e+04 0.000e+00 8.104e-01 2.513e-01 1.756e+00 1.194e+00
[1] 28900.0000     0.0000     0.9137     1.1853     0.7837     0.8478
[1] 29000.0000     0.0000     0.9277     0.3300     1.5852     1.1735
[1] 29100.0000     0.0000     0.8445    -0.0719     2.0290     0.8871
[1] 29200.0000     0.0220     0.9371     1.1034     0.8090     1.1436
[1] 29300.0000     0.0365     0.9749     0.5965     1.3636     0.9782
[1] 29400.0000     0.0000     0.9394     0.8891     0.9190     1.1754
[1] 29500.0000     0.0000     0.8294     0.0882     1.9439     1.1769
[1] 29600.0000     0.0000     0.8335    -0.2098     2.0285     1.1940
[1] 29700.0000     0.0000     0.8049    -0.4547     2.3615     0.9958
[1] 29800.0000     0.0000     0.8030    -1.2242     3.2202     0.9421
[1] 29900.0000     1.0000     0.9798    -0.7047     2.5984     1.0014
[1] 30000.0000     0.0000     0.8841     0.8230     1.0677     1.0036
[1] 0.06091756
Time difference of 10.99987 hours
null device 
          1 
