[1] "El numero de nodos X particion es: 10"
[1] "Model = M2 / Data = sim_data/datasetSVCMatern7.Rdata"
[1] 100.0000   0.0000   0.9429   0.3155   1.9936   1.1970
[1] 200.0000   0.1858   0.9645   0.1627   2.0158   1.1745
[1] 300.0000   0.6709   0.8776   0.1530   2.2843   1.0665
[1] 400.0000   0.0199   0.9953   0.1627   2.0811   1.1112
[1] 500.0000   0.0000   0.9724   0.1407   2.2649   1.1906
[1] 600.0000   0.0240   0.8693   0.2636   2.1522   1.0610
[1] 700.0000   0.0003   0.9396   0.1881   2.3431   1.0960
[1] 800.0000   0.6158   0.9999   0.1497   2.1954   1.0968
[1] 900.0000   1.0000   0.9357   0.0520   2.2944   1.0743
[1] 1000.0000    0.0004    0.9553    0.1183    2.2299    1.0429
[1] 1100.0000    0.1621    0.9949    0.2269    2.2665    1.1046
[1] 1200.0000    0.0000    0.9484    0.2381    2.2127    1.1699
[1] 1300.0000    0.0079    0.9498    0.2670    2.2108    1.1653
[1] 1400.0000    0.0005    0.9303    0.1057    2.3140    1.1894
[1] 1500.0000    0.0000    0.9672    0.1341    2.2172    1.1986
[1] 1600.0000    0.0133    0.9658    0.1183    2.2374    1.0950
[1] 1700.0000    0.0005    0.9752    0.1309    2.2207    1.1076
[1] 1800.0000    0.0000    0.9234    0.2024    2.3250    1.1307
[1] 1900.0000    0.2834    0.9957    0.2632    2.1891    1.1822
[1] 2000.0000    0.0000    0.9978    0.2453    2.2480    1.1535
[1] 2100.0000    0.0000    0.9401    0.2370    2.1728    1.0501
[1] 2200.0000    0.0076    0.9409    0.2686    2.1659    1.1550
[1] 2300.0000    0.0003    0.9390    0.3739    2.1487    1.1946
[1] 2400.0000    0.0592    0.9764    0.3795    2.2588    1.0594
[1] 2500.0000    0.0293    0.9991    0.3477    2.3058    1.1106
[1] 2600.0000    0.0000    0.9901    0.1879    2.1859    1.1640
[1] 2700.0000    0.0000    0.9335    0.2708    2.2347    0.9591
[1] 2800.0000    0.0000    0.9098    0.1241    2.2387    1.1572
[1] 2900.0000    0.0007    0.9982    0.2296    2.2118    0.9626
[1] 3000.0000    0.1951    0.9623    0.1299    2.2763    1.1476
[1] 3100.0000    0.0004    0.9291    0.2833    2.2861    1.1976
[1] 3200.0000    0.1438    0.9371    0.2878    2.2450    1.1278
[1] 3300.0000    0.0133    0.9877    0.2762    2.1232    0.9428
[1] 3400.0000    0.0150    0.9912    0.2375    2.1361    1.1933
[1] 3500.0000    0.0006    0.9339    0.1835    2.1811    1.1722
[1] 3600.0000    0.0039    0.9027    0.2752    2.2701    1.1569
[1] 3700.0000    0.0005    0.9950    0.1514    2.2023    1.0085
[1] 3800.0000    0.0003    0.9380    0.2413    2.2229    1.1005
[1] 3900.0000    0.0007    0.9837    0.1759    2.1560    1.1370
[1] 4000.0000    0.0000    0.9782    0.1611    2.2569    1.1817
[1] 4100.0000    0.0611    0.9779    0.2826    2.3052    0.9562
[1] 4200.0000    0.0006    0.9741    0.2916    2.4102    1.1199
[1] 4300.0000    0.0000    0.9982    0.1973    2.3318    1.0819
[1] 4400.0000    0.0002    0.9459    0.2712    2.1792    1.1887
[1] 4500.0000    0.0553    0.9805    0.1662    2.2033    1.0968
[1] 4600.0000    0.0021    0.9525    0.1271    2.1784    1.1110
[1] 4700.0000    0.0069    0.9516    0.2308    2.3120    1.1937
[1] 4800.0000    0.0040    0.9473    0.2445    2.1947    1.1404
[1] 4900.0000    0.0024    0.9345    0.3013    2.2661    1.1584
[1] 5000.0000    0.1359    0.9955    0.1910    2.1794    1.1626
[1] 5100.0000    0.0000    0.9679    0.1449    2.2251    1.1951
[1] 5200.0000    0.0000    0.9660    0.3025    2.3476    1.0797
[1] 5300.0000    0.0022    0.9320    0.2813    2.2844    1.1606
[1] 5400.0000    0.0294    0.9713    0.2071    2.1928    1.1011
[1] 5500.0000    0.4611    0.8506    0.2616    2.2933    1.1979
[1] 5600.0000    0.0000    0.9595    0.0452    2.2708    1.1319
[1] 5700.0000    1.0000    0.9639    0.1664    2.1615    1.0846
[1] 5800.0000    0.0016    0.9611    0.1277    2.2364    1.1298
[1] 5900.0000    0.0062    0.9276    0.2535    2.1562    1.1635
[1] 6000.0000    0.0000    0.8924    0.2168    2.1792    1.0716
[1] 6100.0000    0.0001    0.9546    0.2724    2.2136    1.1594
[1] 6200.0000    0.0000    0.9787    0.3092    2.2538    1.1364
[1] 6300.0000    0.0000    0.9560    0.1643    2.2297    1.1950
[1] 6400.0000    0.0000    0.9921    0.2437    2.2936    1.0376
[1] 6500.0000    0.3437    0.9084    0.2511    2.2232    1.0918
[1] 6600.0000    1.0000    0.9735    0.1725    2.1910    1.1163
[1] 6700.0000    0.0171    0.9231    0.1838    2.1458    1.1521
[1] 6800.0000    0.0012    0.9525    0.3500    2.2382    0.9997
[1] 6900.0000    0.0002    0.9370    0.2157    2.1210    1.1947
[1] 7000.0000    0.0228    0.9977    0.1750    2.1724    1.0944
[1] 7100.0000    0.0000    0.9436    0.1521    2.2342    1.1958
[1] 7200.0000    0.0000    0.9104    0.3170    2.1869    1.1472
[1] 7300.0000    0.0006    0.9465    0.2729    2.2346    1.1996
[1] 7400.0000    0.6340    0.9154    0.1710    2.2966    1.1958
[1] 7500.0000    0.0119    0.8906    0.2229    2.2763    1.1782
[1] 7600.0000    0.0043    0.9979    0.2503    2.1260    1.1442
[1] 7700.0000    0.0000    0.9030    0.1813    2.0819    1.1500
[1] 7800.0000    0.0097    0.9647    0.1442    2.1759    1.1723
[1] 7900.0000    0.0312    0.9654    0.1470    2.2317    1.1831
[1] 8000.0000    0.0117    0.9576    0.2419    2.2333    1.1932
[1] 8100.0000    0.0071    0.9727    0.2401    2.1887    1.1107
[1] 8200.0000    0.0000    0.9518    0.2063    2.2604    1.1546
[1] 8300.0000    0.0026    0.8896    0.2880    2.2663    1.1748
[1] 8400.0000    0.0003    0.9589    0.0732    2.1959    1.0527
[1] 8500.0000    0.0074    0.8716    0.1898    2.1578    1.1821
[1] 8600.0000    0.1402    0.8983    0.2007    2.1166    1.1453
[1] 8700.0000    0.0000    0.9367    0.1616    2.0916    1.1943
[1] 8800.0000    0.0000    0.9654    0.2820    2.1591    1.0528
[1] 8900.0000    0.7267    0.9431    0.1488    2.2319    1.1381
[1] 9000.0000    0.0078    0.9507    0.2004    2.2191    1.1191
[1] 9100.0000    0.0610    0.9538    0.2555    2.2555    1.0939
[1] 9200.0000    0.2993    0.9898    0.2864    2.2495    1.1648
[1] 9300.0000    0.0000    0.9856    0.2573    2.2241    1.1370
[1] 9400.0000    0.0000    0.9943    0.4178    2.2897    1.0986
[1] 9500.0000    0.4887    0.9477    0.1656    2.2764    1.0427
[1] 9600.0000    0.5421    0.9016    0.1630    2.1716    1.1712
[1] 9700.0000    0.1306    0.9791    0.1901    2.2079    1.1886
[1] 9800.0000    0.0000    0.9462    0.2648    2.2819    1.1275
[1] 9900.0000    0.0006    0.9197    0.2263    2.2576    1.1953
[1] 10000.0000     0.0000     0.9167     0.0986     2.2512     1.1877
[1] 10100.0000     0.0878     0.9550     0.1846     2.1446     1.1705
[1] 10200.0000     0.0235     0.9106     0.3097     2.1921     1.0967
[1] 10300.0000     0.0228     0.9446     0.1947     2.1604     1.1726
[1] 10400.0000     0.0004     0.9661     0.2683     2.1961     1.1445
[1] 10500.0000     0.0025     0.8159     0.2911     2.0985     1.1284
[1] 10600.0000     0.0019     0.9579     0.1991     2.2662     1.1829
[1] 10700.0000     0.0000     0.9608     0.3348     2.2764     1.1293
[1] 10800.0000     0.0000     0.9785     0.1309     2.2205     1.1554
[1] 10900.0000     0.0000     0.9660     0.1405     2.2196     1.1970
[1] 11000.0000     0.0000     0.9998     0.2171     2.2186     0.9957
[1] 11100.0000     0.1192     0.9810     0.3290     2.2785     1.0898
[1] 11200.0000     0.0003     0.9259     0.1981     2.2495     1.0931
[1] 11300.0000     1.0000     0.9738     0.2287     2.1930     1.1215
[1] 11400.0000     0.0063     0.8880     0.2466     2.1498     1.1915
[1] 11500.0000     0.0000     0.8735     0.1815     2.2032     1.1067
[1] 1.160e+04 3.000e-04 9.895e-01 1.953e-01 2.170e+00 9.569e-01
[1] 11700.0000     0.0000     0.9114     0.2330     2.2210     1.1949
[1] 11800.0000     0.0000     0.9246     0.2486     2.2097     1.1837
[1] 11900.0000     0.4403     0.9709     0.2253     2.1620     1.1102
[1] 12000.0000     1.0000     0.9595     0.3124     2.2141     1.1960
[1] 12100.0000     0.0058     0.9940     0.2144     2.2935     1.0808
[1] 12200.0000     0.0000     0.9184     0.1336     2.2616     1.1788
[1] 12300.0000     0.0474     0.9623     0.2324     2.1549     1.1420
[1] 12400.0000     0.0000     0.9803     0.1921     2.3741     1.0988
[1] 12500.0000     0.0008     0.9481     0.3287     2.2148     1.1908
[1] 12600.0000     1.0000     0.9564     0.2109     2.1733     1.1675
[1] 12700.0000     0.0000     0.9917     0.1736     2.2656     1.0988
[1] 12800.0000     0.0002     0.9029     0.1842     2.2583     1.1814
[1] 12900.0000     0.0009     0.9378     0.1510     2.1347     1.1252
[1] 13000.0000     0.0560     0.9313     0.2146     2.2243     1.1678
[1] 13100.0000     0.0019     0.9667     0.1823     2.3433     1.1263
[1] 13200.0000     0.0010     0.9589     0.2173     2.0967     1.1555
[1] 13300.0000     0.0969     0.9277     0.3036     2.3307     1.1855
[1] 13400.0000     1.0000     0.9322     0.2455     2.0462     1.1312
[1] 1.350e+04 0.000e+00 9.671e-01 2.628e-01 2.305e+00 9.422e-01
[1] 13600.0000     0.0001     0.9811     0.2147     2.1815     1.0983
[1] 13700.0000     0.0000     0.9578     0.2598     2.2369     1.1070
[1] 13800.0000     0.0000     0.9440     0.1129     2.1613     1.1918
[1] 13900.0000     0.0000     0.9916     0.2424     2.2592     1.1838
[1] 14000.0000     0.0000     0.8993     0.2987     2.2356     1.1992
[1] 14100.0000     0.0310     0.9803     0.1777     2.1673     1.0983
[1] 14200.0000     1.0000     0.9100     0.2213     2.2893     1.1948
[1] 14300.0000     0.0076     0.9946     0.1623     2.2212     1.1737
[1] 14400.0000     1.0000     0.8984     0.2718     2.2527     1.1866
[1] 14500.0000     0.1701     0.9496     0.2200     2.2352     1.1844
[1] 14600.0000     0.0000     0.9646     0.1188     2.1637     1.1720
[1] 14700.0000     0.0171     0.9359     0.3246     2.2557     1.1879
[1] 14800.0000     0.0001     0.9461     0.2680     2.0956     1.1950
[1] 14900.0000     1.0000     0.9485     0.2416     2.2492     1.1960
[1] 15000.0000     0.0000     0.9525     0.1341     2.1277     1.1640
[1] 15100.0000     0.0000     0.9983     0.2837     2.1423     1.1605
[1] 15200.0000     0.2662     0.9896     0.3359     2.2706     1.1186
[1] 15300.0000     0.0523     0.9803     0.2344     2.1137     1.0391
[1] 15400.0000     0.3765     0.9940     0.1902     2.1441     1.1917
[1] 15500.0000     0.0329     0.9013     0.2814     2.2403     1.0728
[1] 15600.0000     0.1805     0.9579     0.1842     2.1995     1.1521
[1] 15700.0000     0.0011     0.9332     0.2644     2.2775     1.1784
[1] 15800.0000     0.2561     0.9774     0.3099     2.1805     1.1822
[1] 15900.0000     0.0000     0.9524     0.1596     2.2703     1.0855
[1] 16000.0000     1.0000     0.9761     0.2680     2.3614     1.0600
[1] 16100.0000     0.0007     0.9304     0.1871     2.2636     1.0894
[1] 16200.0000     0.0003     0.9395     0.2043     2.3770     1.1789
[1] 16300.0000     0.0401     0.9793     0.1491     2.1128     1.1641
[1] 16400.0000     0.0557     0.9681     0.2652     2.1491     1.1486
[1] 16500.0000     0.2526     0.9668     0.3268     2.1654     1.0926
[1] 16600.0000     0.2946     0.9300     0.0830     2.1203     1.1365
[1] 1.670e+04 1.000e+00 9.070e-01 2.108e-01 2.258e+00 1.193e+00
[1] 16800.0000     0.0012     0.9378     0.2012     2.1592     1.0931
[1] 16900.0000     0.4512     0.9993     0.2197     2.3164     1.1521
[1] 17000.0000     0.0000     0.9932     0.2022     2.2007     1.1603
[1] 17100.0000     0.0000     0.9215     0.2382     2.2121     1.0634
[1] 17200.0000     0.0000     0.9255     0.2843     2.2584     1.1673
[1] 1.730e+04 4.000e-04 9.415e-01 2.222e-01 2.174e+00 1.193e+00
[1] 17400.0000     1.0000     0.9623     0.1969     2.1847     1.1696
[1] 17500.0000     0.1774     0.9677     0.1684     2.1876     1.1479
[1] 17600.0000     0.0198     0.9860     0.2523     2.1887     1.1792
[1] 17700.0000     0.0084     0.9198     0.2296     2.2709     1.1955
[1] 17800.0000     0.0085     0.9877     0.1385     2.1556     1.0638
[1] 17900.0000     0.0216     0.9195     0.0712     2.1886     1.1654
[1] 18000.0000     0.0002     0.8889     0.1940     2.2553     1.1728
[1] 18100.0000     0.0000     0.8667     0.1238     2.2122     1.1867
[1] 18200.0000     0.0000     0.9579     0.1964     2.1733     1.0913
[1] 18300.0000     0.0006     0.9706     0.1474     2.3149     1.1685
[1] 18400.0000     0.0000     0.9243     0.0311     2.2330     1.1066
[1] 18500.0000     0.0000     0.9597     0.2247     2.1898     1.1397
[1] 18600.0000     0.0011     0.9571     0.1895     2.2454     1.0820
[1] 18700.0000     0.0175     0.9668     0.1567     2.2517     1.1913
[1] 18800.0000     0.0001     0.9736     0.2886     2.3039     1.1906
[1] 18900.0000     0.0000     0.9702     0.2784     2.3383     1.1854
[1] 19000.0000     0.0008     0.9259     0.1300     2.2221     1.1781
[1] 19100.0000     0.0000     0.9457     0.2563     2.2974     1.0145
[1] 19200.0000     0.0002     0.9220     0.2298     2.1112     1.1567
[1] 19300.0000     0.1471     0.9684     0.1700     2.2199     1.1581
[1] 19400.0000     0.0007     0.9097     0.2558     2.2230     1.0433
[1] 19500.0000     0.0068     0.9633     0.2346     2.2223     1.1823
[1] 19600.0000     1.0000     0.9648     0.1864     2.2430     1.1447
[1] 19700.0000     0.0000     0.9970     0.2329     2.2728     1.0708
[1] 19800.0000     1.0000     0.9324     0.3240     2.3375     1.1958
[1] 19900.0000     0.0025     0.9775     0.2953     2.3022     1.1706
[1] 20000.0000     0.0000     0.9132     0.2775     2.2510     1.1473
[1] 20100.0000     0.0004     0.9884     0.2853     2.2594     1.1580
[1] 2.020e+04 1.000e+00 9.840e-01 1.334e-01 2.212e+00 1.138e+00
[1] 20300.0000     0.5484     0.8556     0.0974     2.1261     1.1580
[1] 20400.0000     0.0038     0.9596     0.2431     2.2675     1.0259
[1] 20500.0000     0.0000     0.9328     0.2073     2.3057     1.1326
[1] 20600.0000     0.1469     0.9981     0.2056     2.2631     1.1462
[1] 20700.0000     0.0009     0.9923     0.2301     2.2006     1.0695
[1] 20800.0000     0.3399     0.9606     0.1483     2.2302     1.0886
[1] 20900.0000     1.0000     0.9455     0.1087     2.2362     1.1141
[1] 21000.0000     0.1684     0.9540     0.2663     2.2903     1.1427
[1] 21100.0000     0.0030     0.9432     0.1567     2.0966     1.1917
[1] 21200.0000     0.0000     0.9861     0.2376     2.2741     1.1830
[1] 21300.0000     0.0000     0.8692     0.2836     2.2449     1.1915
[1] 21400.0000     0.0000     0.9065     0.2035     2.2902     1.1616
[1] 21500.0000     0.0004     0.9091     0.2848     2.2983     1.1988
[1] 21600.0000     0.0123     0.9334     0.2570     2.3058     1.1380
[1] 21700.0000     1.0000     0.9630     0.3108     2.1394     1.0642
[1] 21800.0000     1.0000     0.8733     0.2535     2.2393     1.1912
[1] 21900.0000     0.0005     0.9832     0.2765     2.1579     1.1273
[1] 22000.0000     0.0055     0.9614     0.2115     2.2296     1.1684
[1] 22100.0000     0.0000     0.9623     0.2724     2.3816     1.1965
[1] 22200.0000     0.0000     0.8918     0.1654     2.1683     1.1042
[1] 22300.0000     0.0010     0.9313     0.2481     2.2691     1.1390
[1] 22400.0000     0.1398     0.9556     0.1619     2.1523     1.0506
[1] 22500.0000     0.0014     0.9075     0.2847     2.2627     1.1971
[1] 22600.0000     0.9724     0.9248     0.1805     2.2602     1.0937
[1] 22700.0000     0.0144     0.9920     0.2718     2.1992     1.1651
[1] 22800.0000     0.4755     0.8972     0.1539     2.2313     1.0231
[1] 22900.0000     0.4957     0.9936     0.3199     2.2530     1.1658
[1] 23000.0000     0.5190     0.9247     0.3782     2.3501     1.1400
[1] 23100.0000     0.0000     0.9662     0.2844     2.3547     1.1055
[1] 23200.0000     0.0000     0.9586     0.2229     2.2340     1.0581
[1] 23300.0000     0.0002     0.9904     0.2336     2.2642     1.1810
[1] 23400.0000     0.0313     0.9432     0.2017     2.2972     1.1593
[1] 23500.0000     1.0000     0.9916     0.2394     2.2035     1.1297
[1] 23600.0000     0.0000     0.9485     0.2843     2.2966     1.0832
[1] 23700.0000     0.0018     0.9809     0.2580     2.0889     1.1074
[1] 23800.0000     0.0906     0.9566     0.2004     2.1865     1.1387
[1] 23900.0000     0.0000     0.9920     0.3066     2.3239     1.0485
[1] 24000.0000     0.0002     0.9851     0.2261     2.2488     1.0873
[1] 24100.0000     0.0015     0.8747     0.2504     2.1791     1.0767
[1] 24200.0000     0.0811     0.9331     0.1333     2.3079     1.1419
[1] 24300.0000     0.0019     0.9762     0.0479     2.1946     1.0932
[1] 24400.0000     0.0639     0.9739     0.2514     2.2480     1.1648
[1] 24500.0000     0.0000     0.9726     0.2437     2.3777     1.0605
[1] 24600.0000     0.0000     0.9866     0.1657     2.2535     1.1519
[1] 24700.0000     0.0002     0.9730     0.2360     2.2802     1.1829
[1] 24800.0000     0.1333     0.9368     0.2559     2.2491     1.1498
[1] 24900.0000     0.0140     0.9308     0.1123     2.2459     1.1784
[1] 25000.0000     0.0000     0.9949     0.2615     2.2951     1.0594
[1] 25100.0000     0.0000     0.9249     0.0953     2.1427     1.0516
[1] 25200.0000     0.0009     0.9240     0.1951     2.2556     1.1619
[1] 25300.0000     0.0001     0.9787     0.2437     2.2623     1.1404
[1] 25400.0000     0.0093     0.9836     0.2990     2.1335     1.0873
[1] 25500.0000     0.0002     0.9634     0.1783     2.1362     1.1502
[1] 25600.0000     0.0000     0.9746     0.1678     2.3338     1.1488
[1] 25700.0000     0.0000     0.9326     0.1551     2.1955     1.1000
[1] 25800.0000     0.0003     0.9689     0.1733     2.3172     1.1962
[1] 25900.0000     0.0671     0.9618     0.2090     2.2738     1.1247
[1] 26000.0000     0.0590     0.8879     0.2647     2.1126     1.1952
[1] 26100.0000     0.0000     0.9097     0.2362     2.2278     1.1652
[1] 26200.0000     0.0000     0.9522     0.1600     2.3154     1.1900
[1] 26300.0000     0.0241     0.9342     0.2696     2.2282     1.1434
[1] 26400.0000     0.0004     0.9386     0.2938     2.2675     1.1662
[1] 26500.0000     0.0234     0.9611     0.1506     2.0981     1.0834
[1] 26600.0000     0.1217     0.9993     0.3368     2.2379     1.0988
[1] 26700.0000     0.0003     0.9438     0.1599     2.2036     1.1874
[1] 26800.0000     1.0000     0.9542     0.1721     2.1259     1.1594
[1] 26900.0000     0.0000     0.9418     0.3292     2.2176     1.1870
[1] 27000.0000     0.0000     0.9303     0.2445     2.2745     1.1736
[1] 27100.0000     0.0071     0.9311     0.1789     2.2278     1.1623
[1] 27200.0000     0.0000     0.9713     0.0870     2.1989     1.0324
[1] 27300.0000     0.1529     0.9495     0.0991     2.2630     1.1077
[1] 27400.0000     0.0078     0.9728     0.1872     2.2407     1.1655
[1] 27500.0000     0.0002     0.9665     0.2807     2.2244     1.1723
[1] 27600.0000     0.0133     0.9722     0.2524     2.2386     1.1921
[1] 27700.0000     0.0010     0.9491     0.2321     2.2193     1.1275
[1] 27800.0000     0.0117     0.9667     0.3070     2.3988     1.1632
[1] 27900.0000     0.0002     0.9798     0.2651     2.2171     1.1875
[1] 28000.0000     0.0000     0.9472     0.2902     2.3170     1.1956
[1] 2.810e+04 1.143e-01 9.262e-01 2.282e-01 2.191e+00 1.071e+00
[1] 28200.0000     0.0041     0.9920     0.2712     2.2500     1.1206
[1] 28300.0000     0.0000     0.9962     0.1484     2.2770     1.1131
[1] 28400.0000     0.0001     0.9826     0.1997     2.2455     1.1671
[1] 28500.0000     0.0000     0.9646     0.3299     2.1783     1.1454
[1] 28600.0000     0.0704     0.9856     0.1655     2.0993     1.1641
[1] 28700.0000     0.0000     0.9102     0.1480     2.2176     1.1106
[1] 28800.0000     0.0101     0.9766     0.1539     2.1078     1.0494
[1] 28900.0000     1.0000     0.9689     0.1692     2.1779     1.0738
[1] 29000.0000     0.0001     0.9277     0.2672     2.1871     1.1735
[1] 29100.0000     0.2030     0.9453     0.1818     2.2459     1.1975
[1] 29200.0000     0.0019     0.9367     0.2324     2.1402     1.1465
[1] 29300.0000     0.0123     0.9631     0.2746     2.2620     1.1728
[1] 29400.0000     0.0002     0.9512     0.2040     2.1400     1.1262
[1] 29500.0000     0.0000     0.9688     0.2914     2.2625     1.1567
[1] 29600.0000     0.7040     0.9770     0.2744     2.3176     1.1651
[1] 29700.0000     0.0000     0.8693     0.2304     2.1908     1.1692
[1] 29800.0000     0.0000     0.8980     0.1651     2.1544     1.1905
[1] 29900.0000     0.1888     0.9798     0.1546     2.2609     1.0014
[1] 30000.0000     0.0019     0.9561     0.3439     2.2332     1.0811
[1] 0.1349946
Time difference of 11.23598 hours
null device 
          1 
