[1] "El numero de nodos X particion es: 10"
[1] "Model = M2 / Data = sim_data/datasetSVCMatern17.Rdata"
[1] 100.0000   0.0000   0.9866   0.0133   1.9925   1.1254
[1] 200.0000   0.1961   0.9592  -0.0046   1.9981   1.1736
[1] 300.0000   0.0052   0.9738  -0.0250   1.9840   0.9782
[1] 400.0000   0.0000   0.9953  -0.0802   1.8115   1.1112
[1] 500.0000   0.0000   0.9579  -0.4606   1.4395   1.0293
[1] 600.0000   0.0000   0.9900  -0.4938   1.2746   1.1724
[1] 700.0000   0.0000   0.9518  -0.5914   1.3485   1.0655
[1] 800.0000   0.0000   0.9905  -0.5555   1.4397   1.1311
[1] 900.0000   0.0000   0.9905  -0.5555   1.4397   1.1311
[1] 1000.0000    0.0000    0.9905   -0.5555    1.4397    1.1311
[1] 1100.0000    0.0000    0.9905   -0.5555    1.4397    1.1311
[1] 1200.0000    0.0000    0.9984   -0.5246    1.3261    1.1848
[1] 1300.0000    0.0000    0.9984   -0.5246    1.3261    1.1848
[1] 1400.0000    0.0000    0.9819   -0.4352    1.4468    1.1774
[1] 1500.0000    0.0000    0.9672   -0.4455    1.2589    1.1986
[1] 1600.0000    0.0000    0.9998   -0.6128    1.3807    1.1214
[1] 1700.0000    0.0000    0.9998   -0.6128    1.3807    1.1214
[1] 1800.0000    0.0000    0.9943   -0.4689    1.4524    1.0932
[1] 1900.0000    0.0621    0.9957   -0.4864    1.2194    1.1822
[1] 2000.0000    0.0000    0.9694   -0.6277    1.3047    1.1746
[1] 2100.0000    0.0000    0.9401   -0.5124    1.2837    1.0501
[1] 2200.0000    0.0000    0.9881   -0.5773    1.5049    1.1782
[1] 2300.0000    0.0001    0.9616   -0.4717    1.4683    0.9834
[1] 2400.0000    0.0001    0.9355   -0.3970    1.3841    1.1578
[1] 2500.0000    0.0000    0.8906   -0.4590    1.4572    1.1995
[1] 2600.0000    0.0000    0.9871   -0.4528    1.5362    1.1364
[1] 2700.0000    0.0000    0.9797   -0.5103    1.3800    1.0929
[1] 2800.0000    0.0000    0.9946   -0.4502    1.4733    1.1337
[1] 2900.0000    0.0000    0.9840   -0.3958    1.4733    1.1077
[1] 3000.0000    0.0000    0.9506   -0.5069    1.5093    1.1747
[1] 3100.0000    0.0000    0.9291   -0.5843    1.3679    1.1976
[1] 3200.0000    0.0000    0.9371   -0.4126    1.4207    1.1278
[1] 3300.0000    0.0000    0.9922   -0.5394    1.5233    1.0520
[1] 3400.0000    0.0033    0.9912   -0.7101    1.3740    1.1933
[1] 3500.0000    0.0001    0.9339   -0.4707    1.4122    1.1722
[1] 3600.0000    0.0000    0.9879   -0.5921    1.4496    1.1991
[1] 3700.0000    0.0000    0.9879   -0.5921    1.4496    1.1991
[1] 3800.0000    0.0000    0.9812   -0.5009    1.4230    1.1470
[1] 3900.0000    0.0000    0.9868   -0.4970    1.4593    1.1112
[1] 4000.0000    0.0000    0.9782   -0.5146    1.4382    1.1817
[1] 4100.0000    0.0000    0.9781   -0.5653    1.4455    1.1980
[1] 4200.0000    0.0000    0.9932   -0.5013    1.5079    1.0745
[1] 4300.0000    0.0000    0.9982   -0.5751    1.2856    1.0819
[1] 4400.0000    0.0000    0.9983   -0.3933    1.4562    1.0333
[1] 4500.0000    0.0008    0.9575   -0.4747    1.3998    1.1253
[1] 4600.0000    0.0000    0.9843   -0.4789    1.3743    1.1453
[1] 4700.0000    0.0000    0.9655   -0.4864    1.4236    1.1514
[1] 4800.0000    0.0000    0.9934   -0.4868    1.4139    1.1846
[1] 4900.0000    0.0000    0.9924   -0.4398    1.3756    1.1836
[1] 5000.0000    0.0030    0.9955   -0.5022    1.3824    1.1626
[1] 5100.0000    0.0000    0.9679   -0.5105    1.3846    1.1951
[1] 5200.0000    0.0000    0.9985   -0.5469    1.4450    1.1683
[1] 5300.0000    0.0000    0.9985   -0.5469    1.4450    1.1683
[1] 5400.0000    0.0010    0.9713   -0.4128    1.3428    1.1011
[1] 5500.0000    0.0000    0.9982   -0.4028    1.3807    1.1248
[1] 5600.0000    0.0000    0.9859   -0.5825    1.4310    1.1994
[1] 5700.0000    1.0000    0.9639   -0.4917    1.3684    1.0846
[1] 5800.0000    0.0000    0.9611   -0.5935    1.5147    1.1298
[1] 5900.0000    0.0000    0.9658   -0.4484    1.4430    1.1685
[1] 6000.0000    0.0000    0.9870   -0.4645    1.4289    1.0819
[1] 6100.0000    0.0000    0.9870   -0.4645    1.4289    1.0819
[1] 6200.0000    0.0000    0.9932   -0.4743    1.5012    1.1327
[1] 6300.0000    0.0000    0.9560   -0.4429    1.4549    1.1950
[1] 6400.0000    0.0000    0.9921   -0.4087    1.4550    1.0376
[1] 6500.0000    0.0054    0.9084   -0.4724    1.3820    1.0918
[1] 6600.0000    0.0001    0.9982   -0.5200    1.3201    1.1476
[1] 6700.0000    0.0000    0.9828   -0.5539    1.3045    1.1061
[1] 6800.0000    0.0000    0.9779   -0.3934    1.4981    1.0978
[1] 6900.0000    0.0000    0.9976   -0.3480    1.3696    1.1697
[1] 7000.0000    0.0016    0.9977   -0.4504    1.4290    1.0944
[1] 7100.0000    0.0000    0.9857   -0.4182    1.5256    1.0571
[1] 7200.0000    0.0000    0.9700   -0.5288    1.4282    1.0070
[1] 7300.0000    0.0000    0.9946   -0.5150    1.4119    1.1299
[1] 7400.0000    0.0000    0.9943   -0.4951    1.3571    1.0943
[1] 7500.0000    0.0001    0.9902   -0.4957    1.3914    1.0957
[1] 7600.0000    0.0000    0.9974   -0.4872    1.3811    1.0017
[1] 7700.0000    0.0000    0.9975   -0.5139    1.2856    1.1871
[1] 7800.0000    0.0000    0.9647   -0.5330    1.3846    1.1723
[1] 7900.0000    0.0003    0.9885   -0.5217    1.4508    1.1324
[1] 8000.0000    0.0001    0.9576   -0.4950    1.4654    1.1932
[1] 8100.0000    0.0000    0.9661   -0.4604    1.5207    1.1507
[1] 8200.0000    0.0000    0.9918   -0.4602    1.3198    1.1302
[1] 8300.0000    0.0000    0.9987   -0.4649    1.3581    1.1432
[1] 8400.0000    0.0000    0.9405   -0.5471    1.3787    1.1556
[1] 8500.0000    0.0000    0.9939   -0.5475    1.3768    1.0648
[1] 8600.0000    0.0010    0.9969   -0.4978    1.3993    1.1296
[1] 8700.0000    0.0000    0.9804   -0.5179    1.3284    1.1510
[1] 8800.0000    0.0000    0.9657   -0.4187    1.2912    1.1608
[1] 8900.0000    0.4651    0.9431   -0.4574    1.4682    1.1381
[1] 9000.0000    0.0002    0.9507   -0.4672    1.4581    1.1191
[1] 9100.0000    0.0000    0.9952   -0.5183    1.4820    1.1451
[1] 9200.0000    0.0001    0.9952   -0.5183    1.4820    1.1451
[1] 9300.0000    0.0000    0.9856   -0.4443    1.3609    1.1370
[1] 9400.0000    0.0000    0.9634   -0.4000    1.4265    1.1584
[1] 9500.0000    0.0017    0.9934   -0.5421    1.2873    1.0697
[1] 9600.0000    0.0680    0.9687   -0.6233    1.4003    1.0909
[1] 9700.0000    0.0042    0.9574   -0.5300    1.4121    1.1891
[1] 9800.0000    0.0000    0.9959   -0.4765    1.5148    1.1171
[1] 9900.0000    0.0000    0.9197   -0.4831    1.3361    1.1953
[1] 10000.0000     0.0000     0.9754    -0.4918     1.5170     1.1810
[1] 10100.0000     0.0063     0.9856    -0.5759     1.4574     1.1672
[1] 10200.0000     0.0000     0.9734    -0.5843     1.4176     1.1760
[1] 10300.0000     0.0007     0.9685    -0.5378     1.3809     1.1817
[1] 10400.0000     0.0000     0.9988    -0.5052     1.4177     1.1424
[1] 10500.0000     0.0000     0.9348    -0.4415     1.3935     1.2000
[1] 10600.0000     0.0000     0.9579    -0.5251     1.4072     1.1829
[1] 10700.0000     0.0000     0.9346    -0.4037     1.4191     1.0990
[1] 10800.0000     0.0000     0.9785    -0.4773     1.3891     1.1554
[1] 10900.0000     0.0000     0.9660    -0.4849     1.4674     1.1970
[1] 11000.0000     0.0000     0.9716    -0.5276     1.3868     1.0475
[1] 11100.0000     0.0854     0.9447    -0.4793     1.3680     1.1184
[1] 11200.0000     0.0004     0.9259    -0.5714     1.4248     1.0931
[1] 11300.0000     0.8765     0.9738    -0.5316     1.3173     1.1215
[1] 11400.0000     0.0007     0.9884    -0.4978     1.4244     1.1985
[1] 11500.0000     0.0000     0.9884    -0.4978     1.4244     1.1985
[1] 11600.0000     0.0000     0.9884    -0.4978     1.4244     1.1985
[1] 11700.0000     0.0000     0.9895    -0.4830     1.3779     1.1864
[1] 11800.0000     0.0000     0.9980    -0.4631     1.3560     1.1034
[1] 11900.0000     0.0070     0.9987    -0.4757     1.3707     1.1263
[1] 12000.0000     1.0000     0.9595    -0.4670     1.4722     1.1960
[1] 12100.0000     0.0043     0.9779    -0.4868     1.3640     1.1991
[1] 12200.0000     0.0000     0.9758    -0.4730     1.4485     1.1745
[1] 12300.0000     0.0010     0.9928    -0.5393     1.3660     1.1502
[1] 12400.0000     0.0000     0.9803    -0.4981     1.5078     1.0988
[1] 12500.0000     0.0001     0.9990    -0.5213     1.5003     1.1618
[1] 12600.0000     0.1307     0.9564    -0.4876     1.3137     1.1675
[1] 12700.0000     0.0000     0.9956    -0.4715     1.5057     1.1244
[1] 12800.0000     0.0000     0.9557    -0.5099     1.4268     1.1493
[1] 12900.0000     0.0000     0.9547    -0.5394     1.3273     1.0871
[1] 13000.0000     0.0635     0.9313    -0.6214     1.4525     1.1678
[1] 13100.0000     0.0001     0.9667    -0.5421     1.4732     1.1263
[1] 13200.0000     0.0003     0.9786    -0.4937     1.4308     1.1594
[1] 13300.0000     0.0450     0.9277    -0.4920     1.4825     1.1855
[1] 13400.0000     0.0024     0.9676    -0.5049     1.4444     1.1418
[1] 13500.0000     0.0000     0.9725    -0.3630     1.4284     1.0885
[1] 13600.0000     0.0000     0.9811    -0.4716     1.4331     1.0983
[1] 13700.0000     0.0000     0.9964    -0.5394     1.4257     1.1486
[1] 13800.0000     0.0000     0.9919    -0.4973     1.2956     1.1669
[1] 13900.0000     0.0000     0.9831    -0.4997     1.4666     1.1029
[1] 14000.0000     0.0000     0.9987    -0.4683     1.4518     1.1083
[1] 14100.0000     0.0000     0.9803    -0.4037     1.4492     1.0983
[1] 14200.0000     0.0119     0.9721    -0.6046     1.3792     1.0984
[1] 14300.0000     0.0017     0.9946    -0.4981     1.4183     1.1737
[1] 14400.0000     0.0166     0.9946    -0.4981     1.4183     1.1737
[1] 14500.0000     0.0443     0.9496    -0.5702     1.3643     1.1844
[1] 14600.0000     0.0000     0.9646    -0.5351     1.2966     1.1720
[1] 14700.0000     0.0003     0.9977    -0.4644     1.4194     1.0667
[1] 14800.0000     0.0000     0.9852    -0.4814     1.3664     1.0691
[1] 14900.0000     0.3214     0.9850    -0.4563     1.4487     1.1438
[1] 15000.0000     0.0000     0.9985    -0.5311     1.4336     1.0973
[1] 15100.0000     0.0000     0.9677    -0.4626     1.4585     1.1630
[1] 15200.0000     0.0001     0.9865    -0.4167     1.3886     1.1081
[1] 15300.0000     0.0000     0.9934    -0.5602     1.3549     1.1691
[1] 15400.0000     0.0820     0.9912    -0.5226     1.3917     1.1712
[1] 15500.0000     0.0000     0.9969    -0.5192     1.4687     1.1403
[1] 15600.0000     0.1653     0.9969    -0.5192     1.4687     1.1403
[1] 15700.0000     0.0000     0.9969    -0.5192     1.4687     1.1403
[1] 15800.0000     0.0085     0.9803    -0.4488     1.2787     1.1971
[1] 15900.0000     0.0000     0.9914    -0.4633     1.4195     1.1027
[1] 16000.0000     0.6013     0.9761    -0.4980     1.4235     1.0600
[1] 16100.0000     0.0000     0.9304    -0.5783     1.5496     1.0894
[1] 16200.0000     0.0000     0.9615    -0.4840     1.4206     1.1701
[1] 16300.0000     0.0002     0.9703    -0.5125     1.4591     1.1691
[1] 16400.0000     0.0011     0.9797    -0.4785     1.3643     1.0271
[1] 16500.0000     0.0192     0.9646    -0.4237     1.3556     1.1820
[1] 16600.0000     0.0092     0.9335    -0.5479     1.4643     1.1719
[1] 16700.0000     0.0096     0.9862    -0.5266     1.5403     1.1746
[1] 16800.0000     0.0000     0.9914    -0.5098     1.3996     1.1390
[1] 16900.0000     0.0032     0.9959    -0.4523     1.3796     1.0164
[1] 17000.0000     0.0000     0.9932    -0.5146     1.4323     1.1603
[1] 17100.0000     0.0000     0.9878    -0.5014     1.4090     1.1517
[1] 17200.0000     0.0000     0.9601    -0.4679     1.4456     1.1271
[1] 17300.0000     0.0000     0.9415    -0.5513     1.3418     1.1930
[1] 17400.0000     1.0000     0.9623    -0.5561     1.4004     1.1696
[1] 17500.0000     0.0030     0.9937    -0.4724     1.4606     1.1555
[1] 17600.0000     0.0004     0.9937    -0.4724     1.4606     1.1555
[1] 17700.0000     0.0000     0.9959    -0.4974     1.4728     1.1594
[1] 17800.0000     0.0012     0.9877    -0.5322     1.2889     1.0638
[1] 17900.0000     0.0087     0.9912    -0.5964     1.4782     1.0408
[1] 18000.0000     0.0003     0.8889    -0.4637     1.4378     1.1728
[1] 18100.0000     0.0000     0.9780    -0.4979     1.4817     1.1255
[1] 18200.0000     0.0000     0.9579    -0.4854     1.4256     1.0913
[1] 18300.0000     0.0000     0.9879    -0.5844     1.4528     1.1834
[1] 18400.0000     0.0000     0.9581    -0.6197     1.3349     1.1627
[1] 18500.0000     0.0000     0.9597    -0.5047     1.3899     1.1397
[1] 18600.0000     0.0000     0.9913    -0.5607     1.4664     1.1595
[1] 18700.0000     0.0007     0.9668    -0.5944     1.4013     1.1913
[1] 18800.0000     0.0000     0.9736    -0.4800     1.5354     1.1906
[1] 18900.0000     0.0000     0.9694    -0.4450     1.4315     1.1975
[1] 19000.0000     0.0000     0.9840    -0.4804     1.4246     1.1676
[1] 19100.0000     0.0000     0.9451    -0.5879     1.5079     1.0897
[1] 19200.0000     0.0000     0.9832    -0.5514     1.3799     1.1417
[1] 19300.0000     0.0190     0.9832    -0.5514     1.3799     1.1417
[1] 19400.0000     0.0000     0.9750    -0.4423     1.4298     1.1110
[1] 19500.0000     0.0001     0.9633    -0.4511     1.3156     1.1823
[1] 19600.0000     0.1653     0.9797    -0.5072     1.5264     1.1185
[1] 19700.0000     0.0001     0.9939    -0.5913     1.5315     0.9385
[1] 19800.0000     0.0107     0.9849    -0.4226     1.4958     1.0798
[1] 19900.0000     0.0007     0.9981    -0.5012     1.5507     1.0280
[1] 20000.0000     0.0000     0.9962    -0.4805     1.4558     1.1288
[1] 20100.0000     0.0000     0.9884    -0.4472     1.3998     1.1580
[1] 20200.0000     0.5706     0.9840    -0.5488     1.4420     1.1380
[1] 20300.0000     1.0000     0.9019    -0.5445     1.3687     1.0263
[1] 20400.0000     0.0000     0.9906    -0.5244     1.4738     1.1718
[1] 20500.0000     0.0000     0.9905    -0.5115     1.3952     1.0353
[1] 20600.0000     0.0032     0.9981    -0.5556     1.4458     1.1462
[1] 20700.0000     0.0000     0.9923    -0.5525     1.4265     1.0695
[1] 20800.0000     0.2239     0.9983    -0.5103     1.4751     1.1503
[1] 20900.0000     0.0000     0.9983    -0.5103     1.4751     1.1503
[1] 21000.0000     0.0000     0.9629    -0.4594     1.3958     1.1383
[1] 21100.0000     0.0010     0.9432    -0.4467     1.4139     1.1917
[1] 21200.0000     0.0000     0.9861    -0.4687     1.4087     1.1830
[1] 21300.0000     0.0000     0.9740    -0.4125     1.5030     1.0609
[1] 21400.0000     0.0000     0.9920    -0.6216     1.3477     1.0160
[1] 21500.0000     0.0000     0.9986    -0.4965     1.3535     1.1603
[1] 21600.0000     0.0058     0.9986    -0.4965     1.3535     1.1603
[1] 21700.0000     0.0287     0.9973    -0.3742     1.3078     0.9605
[1] 21800.0000     0.0160     0.9794    -0.5468     1.2874     1.1483
[1] 21900.0000     0.0003     0.9564    -0.5455     1.3694     1.1353
[1] 22000.0000     0.0000     0.9614    -0.6246     1.3599     1.1684
[1] 22100.0000     0.0000     0.9308    -0.4953     1.4862     1.1803
[1] 22200.0000     0.0000     0.9960    -0.5991     1.4128     0.9858
[1] 22300.0000     0.0001     0.9784    -0.4683     1.4933     1.0850
[1] 22400.0000     0.0069     0.9888    -0.5850     1.3719     1.1653
[1] 22500.0000     0.0000     0.9576    -0.4608     1.3457     1.1602
[1] 22600.0000     0.0002     0.9758    -0.5249     1.3834     1.1886
[1] 22700.0000     0.0000     0.9920    -0.4565     1.3323     1.1651
[1] 22800.0000     0.0043     0.9796    -0.4130     1.4382     0.9697
[1] 22900.0000     0.0200     0.9973    -0.4677     1.4782     1.0539
[1] 23000.0000     0.0000     0.9856    -0.4564     1.2975     1.1917
[1] 23100.0000     0.0000     0.9340    -0.4555     1.4663     1.1779
[1] 23200.0000     0.0000     0.9741    -0.5718     1.4280     1.1699
[1] 23300.0000     0.0000     0.9904    -0.4623     1.4703     1.1810
[1] 23400.0000     0.0026     0.9527    -0.4699     1.4500     1.1135
[1] 23500.0000     0.3180     0.9986    -0.4754     1.3821     1.0082
[1] 23600.0000     0.0000     0.9759    -0.4851     1.5225     1.1213
[1] 23700.0000     0.0000     0.9999    -0.5182     1.4344     1.1352
[1] 23800.0000     0.0036     0.9999    -0.5182     1.4344     1.1352
[1] 23900.0000     0.0000     0.9920    -0.4794     1.4404     1.0485
[1] 24000.0000     0.0000     0.9801    -0.4760     1.3633     1.1551
[1] 24100.0000     0.0000     0.9867    -0.5365     1.3774     1.0857
[1] 24200.0000     0.3204     0.9946    -0.4518     1.5596     1.0711
[1] 24300.0000     0.0000     0.9954    -0.5784     1.4021     1.1070
[1] 24400.0000     0.0395     0.9949    -0.5389     1.4157     1.1581
[1] 24500.0000     0.0000     0.9762    -0.4573     1.4668     1.0573
[1] 24600.0000     0.0000     0.9866    -0.4800     1.4605     1.1519
[1] 24700.0000     0.0000     0.9730    -0.6081     1.4838     1.1829
[1] 24800.0000     0.1413     0.9634    -0.5575     1.3834     1.1841
[1] 24900.0000     0.0066     0.9853    -0.4681     1.4970     0.9831
[1] 25000.0000     0.0000     0.9970    -0.4738     1.5088     1.1590
[1] 25100.0000     0.0000     0.9523    -0.4966     1.3160     1.1803
[1] 25200.0000     0.0001     0.9240    -0.4835     1.4303     1.1619
[1] 25300.0000     0.0000     0.9724    -0.4660     1.5004     1.1529
[1] 25400.0000     0.0001     0.9836    -0.4485     1.3105     1.0873
[1] 25500.0000     0.0000     0.9634    -0.5005     1.3048     1.1502
[1] 25600.0000     0.0000     0.9746    -0.5834     1.4678     1.1488
[1] 25700.0000     0.0000     0.9917    -0.4776     1.4425     1.1938
[1] 25800.0000     0.0000     0.9689    -0.4544     1.4985     1.1962
[1] 25900.0000     0.0001     0.9839    -0.4599     1.4413     1.1784
[1] 26000.0000     0.0095     0.9804    -0.4702     1.4197     1.1308
[1] 26100.0000     0.0000     0.9935    -0.5060     1.4931     1.0009
[1] 26200.0000     0.0000     0.9921    -0.5200     1.4074     1.1908
[1] 26300.0000     0.0005     0.9342    -0.4803     1.3303     1.1434
[1] 26400.0000     0.0000     0.9921    -0.4024     1.4221     1.1553
[1] 26500.0000     0.0003     0.9903    -0.4677     1.3893     1.1966
[1] 26600.0000     0.0037     0.9993    -0.3862     1.5173     1.0988
[1] 26700.0000     0.0000     0.9438    -0.5083     1.3907     1.1874
[1] 26800.0000     0.0017     0.9955    -0.5372     1.4023     1.1884
[1] 26900.0000     0.0000     0.9955    -0.5372     1.4023     1.1884
[1] 27000.0000     0.0000     0.9912    -0.4389     1.3700     1.1775
[1] 27100.0000     0.0005     0.9796    -0.5200     1.3983     1.1353
[1] 27200.0000     0.0000     0.9840    -0.4805     1.4185     1.1510
[1] 27300.0000     0.0528     0.9673    -0.4922     1.4616     1.1798
[1] 27400.0000     0.0000     0.9843    -0.5381     1.4153     1.1629
[1] 27500.0000     0.0000     0.9665    -0.3891     1.4149     1.1723
[1] 27600.0000     0.0003     0.9952    -0.4899     1.4466     1.1217
[1] 27700.0000     0.0002     0.9491    -0.5411     1.3601     1.1275
[1] 27800.0000     0.0024     0.9712    -0.4743     1.4195     1.1544
[1] 27900.0000     0.0000     0.9798    -0.4471     1.3943     1.1875
[1] 28000.0000     0.0000     0.9740    -0.5019     1.3955     1.1317
[1] 28100.0000     0.0000     0.9906    -0.4734     1.4623     1.0992
[1] 28200.0000     0.0003     0.9920    -0.4464     1.3945     1.1206
[1] 28300.0000     0.0000     0.9962    -0.6253     1.4145     1.1131
[1] 28400.0000     0.0000     0.9998    -0.5983     1.3771     1.1956
[1] 28500.0000     0.0000     0.9929    -0.5109     1.3826     1.0716
[1] 28600.0000     0.0001     0.9929    -0.5467     1.3964     1.0625
[1] 28700.0000     0.0000     0.9736    -0.5522     1.3573     1.1918
[1] 28800.0000     0.0003     0.9716    -0.5294     1.4646     1.1797
[1] 28900.0000     0.0232     0.9964    -0.5206     1.4822     1.0933
[1] 29000.0000     0.0000     0.9902    -0.4880     1.5262     1.1485
[1] 29100.0000     1.0000     0.9799    -0.4619     1.4655     1.1704
[1] 29200.0000     0.0041     0.9773    -0.6037     1.4364     1.1977
[1] 29300.0000     0.0000     0.9631    -0.5616     1.4467     1.1728
[1] 29400.0000     0.0000     0.9996    -0.5364     1.3176     1.0468
[1] 29500.0000     0.0000     0.9688    -0.3737     1.3474     1.1567
[1] 29600.0000     0.4015     0.9770    -0.4526     1.5480     1.1651
[1] 29700.0000     0.0000     0.9912    -0.6049     1.3004     1.0939
[1] 29800.0000     0.0000     0.9917    -0.4993     1.4799     1.0733
[1] 29900.0000     0.1104     0.9798    -0.5266     1.5274     1.0014
[1] 30000.0000     0.0000     0.9972    -0.4087     1.4433     1.1259
[1] 0.04791808
Time difference of 11.75442 hours
null device 
          1 
