[1] "El numero de nodos X particion es: 10"
[1] "Model = M1 / Data = sim_data/datasetSVCMatern25.Rdata"
[1] 100.0000   0.5288   0.9429   0.0276   1.9765   1.1970
[1] 200.0000   1.0000   0.9804   0.0136   2.0348   1.0297
[1] 300.0000   0.4049   0.8776  -0.0706   2.0812   1.0665
[1] 400.0000   1.0000   0.8233  -0.1035   1.9350   1.0774
[1] 500.0000   0.8046   0.8902  -0.0213   1.9463   0.8863
[1] 600.0000   0.0362   0.8693   0.0443   1.9726   1.0610
[1] 700.0000   1.0000   0.8087  -0.2118   1.8667   1.0605
[1] 800.0000   1.0000   0.8954  -0.1104   1.8909   1.1490
[1] 900.0000   1.0000   0.9357  -0.1775   1.8429   1.0743
[1] 1000.0000    1.0000    0.9692    0.0390    2.0503    0.9576
[1] 1100.0000    0.4684    0.9726   -0.1631    1.8171    1.0201
[1] 1200.0000    0.3928    0.8603   -0.0815    2.0145    0.9164
[1] 1300.0000    0.1226    0.9151   -0.0309    2.0901    0.9862
[1] 1400.0000    0.0001    0.9303   -0.0832    1.9943    1.1894
[1] 1500.0000    0.0007    0.9672    0.0539    2.1107    1.1986
[1] 1600.0000    1.0000    0.9427   -0.0239    2.0641    1.0957
[1] 1700.0000    0.0000    0.9259   -0.0571    1.9264    1.0764
[1] 1800.0000    0.0000    0.9234   -0.1190    2.0170    1.1307
[1] 1900.0000    0.3247    0.9957    0.0402    2.0530    1.1822
[1] 2000.0000    0.0081    0.9978    0.1026    2.0366    1.1535
[1] 2100.0000    0.1369    0.8081    0.2085    2.2049    0.9300
[1] 2200.0000    0.6791    0.8580    0.0446    2.0430    1.0161
[1] 2300.0000    0.0475    0.8377   -0.0714    1.9803    0.8487
[1] 2400.0000    0.0366    0.9764    0.0890    1.9131    1.0594
[1] 2500.0000    0.3010    0.9668   -0.0257    2.0539    0.8475
[1] 2600.0000    0.0847    0.9658   -0.1253    1.9331    1.0023
[1] 2700.0000    0.0755    0.8044   -0.1057    1.9628    1.0835
[1] 2800.0000    0.1308    0.8906   -0.2271    1.8980    0.8787
[1] 2900.0000    0.0058    0.8994   -0.2522    1.8079    1.0050
[1] 3000.0000    0.0910    0.9297    0.0931    2.0733    1.1984
[1] 3100.0000    0.4223    0.8708    0.0624    2.0377    0.9667
[1] 3200.0000    0.1721    0.9371   -0.0243    2.0035    1.1278
[1] 3300.0000    0.0000    0.9877   -0.0605    1.9284    0.9428
[1] 3400.0000    0.0300    0.8189   -0.2900    1.7242    0.9632
[1] 3500.0000    0.3402    0.9339   -0.0412    2.1132    1.1722
[1] 3600.0000    0.0771    0.9027   -0.0696    1.9649    1.1569
[1] 3700.0000    0.0029    0.9950    0.0950    2.0705    1.0085
[1] 3800.0000    0.0001    0.8842   -0.0976    1.8977    1.1682
[1] 3900.0000    0.0037    0.8514   -0.0866    1.9375    1.1876
[1] 4000.0000    0.8757    0.9388   -0.0287    1.9272    0.8131
[1] 4100.0000    0.8081    0.9193    0.2176    2.1565    1.0337
[1] 4200.0000    0.4056    0.9756   -0.0298    2.0166    0.9752
[1] 4300.0000    0.0000    0.9986   -0.1389    1.9576    0.9026
[1] 4400.0000    0.0730    0.9571    0.0897    2.0491    0.9932
[1] 4500.0000    0.6157    0.8410    0.0976    2.1220    1.1520
[1] 4600.0000    0.0692    0.9525   -0.0855    1.9052    1.1110
[1] 4700.0000    0.0018    0.9516   -0.0226    2.0464    1.1937
[1] 4800.0000    0.0122    0.8985   -0.1661    1.8474    0.9827
[1] 4900.0000    0.3396    0.9222    0.1852    2.2318    0.9837
[1] 5000.0000    0.6669    0.9273   -0.0048    2.0583    1.0348
[1] 5100.0000    0.1767    0.9679   -0.0260    1.9498    1.1951
[1] 5200.0000    0.0028    0.8350    0.0352    2.1966    1.0935
[1] 5300.0000    1.0000    0.8379    0.0084    1.9862    1.0434
[1] 5400.0000    1.0000    0.8515   -0.0780    1.9561    1.1120
[1] 5500.0000    0.0028    0.8506   -0.0504    1.8955    1.1979
[1] 5600.0000    0.0956    0.9328   -0.2046    1.9611    1.1365
[1] 5700.0000    0.2375    0.9403   -0.1198    1.8289    0.9236
[1] 5800.0000    0.0494    0.8612    0.0194    2.1391    1.0327
[1] 5900.0000    0.1229    0.8706   -0.1457    1.8694    1.1672
[1] 6000.0000    0.1979    0.8924    0.0537    2.0027    1.0716
[1] 6100.0000    0.1138    0.9517    0.0850    2.0672    0.9216
[1] 6200.0000    0.9619    0.8336   -0.0709    1.7908    0.9759
[1] 6300.0000    0.0066    0.8959   -0.0800    2.0296    1.1826
[1] 6400.0000    0.4790    0.9022    0.1016    2.0013    0.8332
[1] 6500.0000    1.0000    0.9478   -0.0790    1.8792    1.0656
[1] 6600.0000    0.0263    0.8918   -0.1934    1.9135    1.0184
[1] 6700.0000    0.0000    0.9290   -0.2699    1.7060    1.1408
[1] 6800.0000    0.6509    0.9036    0.0452    2.0753    1.0862
[1] 6900.0000    0.0229    0.8556   -0.0947    1.8780    1.1638
[1] 7000.0000    0.0273    0.9977   -0.0129    1.9495    1.0944
[1] 7100.0000    0.4198    0.8440   -0.0071    1.9642    0.9302
[1] 7200.0000    0.0005    0.9645    0.0524    2.0339    0.9109
[1] 7300.0000    0.0007    0.8821    0.0106    2.0965    0.9361
[1] 7400.0000    0.0004    0.8164   -0.2561    1.8369    0.8600
[1] 7500.0000    0.1064    0.9538    0.1703    2.1489    1.0728
[1] 7600.0000    0.1069    0.8511   -0.0422    1.9643    1.0027
[1] 7700.0000    0.0008    0.8552   -0.2280    1.8026    1.0850
[1] 7800.0000    0.0012    0.8350   -0.0190    2.0032    1.1361
[1] 7900.0000    0.5595    0.8881   -0.0384    1.9792    1.1887
[1] 8000.0000    0.1582    0.8855   -0.1621    1.7913    1.0520
[1] 8100.0000    0.0279    0.9605    0.0238    1.9690    0.9407
[1] 8200.0000    0.0000    0.9636    0.0187    2.0339    1.1811
[1] 8300.0000    0.0085    0.8397    0.0553    2.0633    1.0813
[1] 8400.0000    1.0000    0.9278   -0.0075    1.9722    0.8107
[1] 8500.0000    0.0025    0.8716   -0.1639    1.8655    1.1821
[1] 8600.0000    0.2607    0.9835    0.0402    2.0861    0.9563
[1] 8700.0000    0.7012    0.8293   -0.0902    1.8997    0.8767
[1] 8800.0000    0.9075    0.9324    0.0115    2.0621    0.8066
[1] 8900.0000    0.8301    0.9431   -0.1396    1.9344    1.1381
[1] 9000.0000    0.1096    0.9025   -0.0339    1.9796    0.9096
[1] 9100.0000    0.1284    0.9538    0.0509    2.0798    1.0939
[1] 9200.0000    0.7568    0.9069    0.0637    2.1413    1.1995
[1] 9300.0000    0.0003    0.9856   -0.0991    1.8327    1.1370
[1] 9400.0000    0.0071    0.9943    0.2982    2.1005    1.0986
[1] 9500.0000    0.0000    0.9329   -0.1853    1.9264    0.8817
[1] 9600.0000    1.0000    0.9566   -0.1544    1.8799    1.1182
[1] 9700.0000    0.1372    0.9791   -0.0017    2.0149    1.1886
[1] 9800.0000    0.1045    0.9450   -0.0148    1.9814    1.0855
[1] 9900.0000    0.0000    0.9529    0.1477    1.9939    0.9335
[1] 10000.0000     0.1160     0.9167    -0.4238     1.7052     1.1877
[1] 10100.0000     1.0000     0.9049     0.0042     2.0197     1.0751
[1] 10200.0000     0.0008     0.9106    -0.0634     1.9083     1.0967
[1] 10300.0000     0.0928     0.8120     0.1066     2.0414     0.8804
[1] 10400.0000     0.3067     0.9337     0.0448     1.9479     1.0990
[1] 10500.0000     0.9465     0.8159     0.1406     2.0153     1.1284
[1] 10600.0000     0.0092     0.9579     0.0582     2.1045     1.1829
[1] 1.070e+04 2.000e-04 8.531e-01 1.405e-01 2.147e+00 8.181e-01
[1] 10800.0000     0.1580     0.9785     0.1177     2.1432     1.1554
[1] 10900.0000     0.0000     0.9660    -0.0528     2.0345     1.1970
[1] 1.100e+04 7.890e-02 9.998e-01 6.070e-02 2.149e+00 9.957e-01
[1] 11100.0000     0.0003     0.9447     0.2321     2.2698     1.1184
[1] 11200.0000     0.8690     0.9412    -0.0862     2.0168     0.8257
[1] 11300.0000     0.9609     0.9738    -0.0574     1.9102     1.1215
[1] 11400.0000     1.0000     0.9866     0.0778     2.0286     0.8664
[1] 11500.0000     0.0000     0.9311    -0.1803     1.8477     0.8792
[1] 11600.0000     0.3210     0.9382    -0.3176     1.7870     0.8033
[1] 11700.0000     0.3800     0.9810    -0.1960     1.8922     0.9386
[1] 11800.0000     0.0221     0.8440    -0.1154     1.7912     0.8198
[1] 11900.0000     1.0000     0.9415     0.0186     2.0027     1.0738
[1] 12000.0000     0.0187     0.8543    -0.0149     2.0069     1.1591
[1] 12100.0000     0.2174     0.9452     0.0683     2.0714     0.8400
[1] 12200.0000     1.0000     0.8496    -0.1083     1.8934     0.8460
[1] 12300.0000     0.0048     0.9623     0.0222     1.8914     1.1420
[1] 12400.0000     1.0000     0.8046    -0.0354     1.9849     0.8797
[1] 12500.0000     0.3943     0.9120     0.0647     2.1184     1.1259
[1] 12600.0000     0.0949     0.9931     0.0832     2.1307     1.0638
[1] 1.270e+04 0.000e+00 9.486e-01 1.870e-01 2.178e+00 8.166e-01
[1] 12800.0000     0.0031     0.9108    -0.1826     1.8429     1.0765
[1] 12900.0000     0.0258     0.8535    -0.1959     1.8653     1.1966
[1] 13000.0000     0.0571     0.8069    -0.0178     1.9590     1.0997
[1] 13100.0000     0.0041     0.9404     0.0006     2.0085     0.9822
[1] 13200.0000     0.0083     0.9589    -0.2735     1.7211     1.1555
[1] 13300.0000     1.0000     0.9675     0.1318     2.1758     1.1190
[1] 13400.0000     0.0002     0.9485    -0.0343     1.9420     1.0271
[1] 13500.0000     0.0001     0.8240     0.1317     2.1489     1.0099
[1] 13600.0000     0.0188     0.8917     0.0005     1.9059     1.0301
[1] 13700.0000     0.4446     0.9578     0.0549     2.0562     1.1070
[1] 13800.0000     0.0025     0.9394    -0.1645     1.9382     0.9910
[1] 13900.0000     0.5098     0.8125    -0.1323     1.8347     1.1546
[1] 14000.0000     0.3466     0.9598     0.0978     2.0527     0.8043
[1] 14100.0000     0.0003     0.9236     0.1749     2.1523     0.9106
[1] 14200.0000     0.2566     0.9171    -0.0975     1.8719     0.8964
[1] 14300.0000     0.0564     0.9867    -0.0812     1.9499     0.9748
[1] 14400.0000     1.0000     0.8984    -0.0326     2.0223     1.1866
[1] 14500.0000     0.0346     0.8302    -0.1548     1.9264     1.1813
[1] 14600.0000     0.0000     0.8084    -0.0651     1.9700     0.8928
[1] 14700.0000     0.5992     0.8840    -0.1222     1.9008     1.0394
[1] 14800.0000     0.0000     0.9533    -0.0861     1.8339     0.8106
[1] 14900.0000     0.4328     0.9850     0.1458     2.1670     1.1438
[1] 15000.0000     0.0000     0.9486    -0.1748     1.8269     0.9418
[1] 15100.0000     0.0191     0.9112    -0.0539     1.9700     1.0503
[1] 15200.0000     0.7103     0.9896     0.0978     2.0149     1.1186
[1] 15300.0000     0.0435     0.8296     0.1525     2.2276     1.1944
[1] 15400.0000     1.0000     0.9829     0.0528     2.0986     1.0368
[1] 15500.0000     0.7676     0.8761    -0.1108     1.9323     0.9901
[1] 15600.0000     1.0000     0.9912    -0.0615     1.9730     1.0551
[1] 1.570e+04 2.000e-04 9.705e-01 1.922e-01 2.147e+00 8.969e-01
[1] 15800.0000     0.0094     0.9670    -0.0342     1.9195     1.0411
[1] 15900.0000     0.0000     0.9524     0.0240     2.1141     1.0855
[1] 16000.0000     1.0000     0.9761    -0.0765     1.9599     1.0600
[1] 16100.0000     0.5213     0.9477    -0.1106     2.0375     0.9420
[1] 16200.0000     0.7613     0.8455     0.0038     2.0448     1.0509
[1] 16300.0000     1.0000     0.9029     0.1119     2.0548     1.0365
[1] 16400.0000     1.0000     0.8844    -0.0882     1.8709     1.1913
[1] 16500.0000     0.1022     0.9894     0.1022     2.1151     0.9222
[1] 16600.0000     1.0000     0.9292    -0.1088     1.9292     1.0485
[1] 16700.0000     0.3050     0.8804     0.0255     2.0540     1.1815
[1] 16800.0000     0.2156     0.8165    -0.2782     1.7048     1.0376
[1] 16900.0000     0.1198     0.8221    -0.0992     1.8730     1.1575
[1] 17000.0000     0.3428     0.9815     0.0374     1.9945     0.9010
[1] 17100.0000     0.0880     0.9262     0.0102     2.0069     0.9696
[1] 17200.0000     0.5288     0.9497    -0.1780     1.8749     0.8252
[1] 17300.0000     0.8372     0.8396    -0.3893     1.7034     1.0131
[1] 17400.0000     1.0000     0.9623     0.0203     2.1610     1.1696
[1] 17500.0000     1.0000     0.9645    -0.1355     1.8594     0.9956
[1] 17600.0000     0.5788     0.9193     0.0204     1.9339     0.8193
[1] 17700.0000     0.0031     0.9944    -0.0168     1.8758     0.9167
[1] 17800.0000     1.0000     0.9968     0.0119     1.9937     0.8268
[1] 17900.0000     0.6175     0.9881    -0.0865     2.0421     1.1028
[1] 18000.0000     0.8522     0.9109     0.1640     2.1661     0.8712
[1] 18100.0000     0.0005     0.9137    -0.1132     1.9727     0.9014
[1] 18200.0000     0.9442     0.8073     0.2428     2.1974     0.9256
[1] 18300.0000     0.0041     0.9706    -0.1179     1.9453     1.1685
[1] 18400.0000     0.0007     0.9243    -0.2374     1.9289     1.1066
[1] 18500.0000     0.0270     0.8611    -0.1061     1.9961     0.9812
[1] 18600.0000     0.0178     0.8932     0.0454     2.1325     0.8460
[1] 18700.0000     0.0959     0.8557     0.0462     2.0572     0.9105
[1] 18800.0000     0.0302     0.9415     0.0571     2.1189     0.8205
[1] 18900.0000     0.0000     0.8387    -0.0427     2.0614     0.8037
[1] 19000.0000     1.0000     0.8087     0.1024     2.1249     1.1060
[1] 19100.0000     0.0357     0.9457    -0.1544     1.8777     1.0145
[1] 19200.0000     0.3604     0.8319    -0.1793     1.7539     1.0132
[1] 19300.0000     0.3375     0.8940    -0.0238     1.9778     1.1248
[1] 19400.0000     1.0000     0.8507    -0.0545     2.0034     0.9744
[1] 19500.0000     0.0000     0.9633     0.3261     2.1928     1.1823
[1] 19600.0000     0.0760     0.9711    -0.0724     2.0300     1.0171
[1] 19700.0000     0.0206     0.8764    -0.0138     1.9431     0.8717
[1] 19800.0000     0.7947     0.9324     0.1610     2.1509     1.1958
[1] 1.990e+04 1.655e-01 9.981e-01 1.948e-01 2.242e+00 1.028e+00
[1] 20000.0000     0.0456     0.9729    -0.1493     1.8742     0.8904
[1] 20100.0000     0.0000     0.8622     0.0870     2.1363     0.8640
[1] 20200.0000     1.0000     0.9840     0.0006     2.0321     1.1380
[1] 20300.0000     0.0448     0.8028    -0.3697     1.7333     0.9708
[1] 20400.0000     0.6329     0.9596    -0.0180     1.9552     1.0259
[1] 20500.0000     0.0020     0.8964    -0.0803     1.9866     1.1285
[1] 20600.0000     0.2677     0.9169    -0.1417     1.9808     1.1057
[1] 20700.0000     0.3432     0.9923     0.1663     2.1552     1.0695
[1] 20800.0000     1.0000     0.9981     0.0364     2.0529     1.0246
[1] 20900.0000     0.0000     0.9109    -0.1424     1.9001     0.9980
[1] 21000.0000     0.2193     0.9354    -0.0869     1.9663     1.0932
[1] 21100.0000     0.0496     0.9291    -0.0799     1.9194     1.1428
[1] 21200.0000     0.1924     0.9704     0.1200     2.1083     1.1667
[1] 21300.0000     0.0015     0.8214    -0.0302     1.8687     1.0391
[1] 21400.0000     0.3034     0.8276     0.1909     2.1099     0.8233
[1] 21500.0000     0.0015     0.8906     0.1500     2.1154     0.8206
[1] 21600.0000     1.0000     0.9634    -0.1053     1.9554     0.9473
[1] 21700.0000     0.1211     0.9973    -0.0410     1.9442     0.9605
[1] 21800.0000     0.7721     0.8733     0.0783     2.2012     1.1912
[1] 21900.0000     0.4326     0.9598     0.1324     2.1367     0.8497
[1] 22000.0000     0.2267     0.8850     0.0080     1.9623     0.9555
[1] 22100.0000     0.1192     0.9623     0.0782     2.0643     1.1965
[1] 22200.0000     0.1967     0.8918    -0.0813     1.9848     1.1042
[1] 22300.0000     0.2435     0.9726    -0.1865     1.9410     0.8521
[1] 22400.0000     1.0000     0.9971     0.0351     2.0157     0.9354
[1] 22500.0000     0.0157     0.8239    -0.0767     2.0128     1.1368
[1] 22600.0000     0.0000     0.8433     0.0072     2.1652     1.1055
[1] 22700.0000     0.0001     0.8271    -0.1506     1.8878     1.1968
[1] 22800.0000     0.0861     0.8972    -0.0051     1.8718     1.0231
[1] 22900.0000     0.2960     0.8804    -0.2284     1.8079     0.9211
[1] 23000.0000     0.0000     0.8997     0.1801     2.0444     0.9381
[1] 23100.0000     0.2748     0.8119     0.1933     2.1592     1.0551
[1] 23200.0000     0.1610     0.8437     0.0434     2.0506     0.8877
[1] 23300.0000     0.0005     0.9905     0.0517     2.0957     1.1869
[1] 23400.0000     0.2626     0.8888     0.0661     1.9511     1.0444
[1] 23500.0000     1.0000     0.9916     0.0221     1.9811     1.1297
[1] 23600.0000     0.6452     0.8573    -0.0427     2.0583     0.9429
[1] 23700.0000     0.2062     0.9977    -0.0939     1.9029     0.9083
[1] 23800.0000     1.0000     0.9299    -0.1054     1.8029     1.0580
[1] 23900.0000     0.2724     0.9920     0.1138     2.0340     1.0485
[1] 24000.0000     0.2581     0.9851     0.0521     1.9804     1.0873
[1] 24100.0000     1.0000     0.9214    -0.1282     1.9231     0.8541
[1] 24200.0000     0.0982     0.9445    -0.0814     1.9954     1.1588
[1] 24300.0000     0.0736     0.9595    -0.1232     1.9351     0.9607
[1] 24400.0000     1.0000     0.9947     0.0395     1.9823     0.9697
[1] 24500.0000     0.0133     0.8969     0.0361     2.0419     1.0480
[1] 24600.0000     0.0000     0.9866    -0.0466     1.9793     1.1519
[1] 2.470e+04 3.746e-01 9.195e-01 1.121e-01 2.023e+00 8.781e-01
[1] 24800.0000     0.0004     0.8460    -0.0343     1.9605     0.9489
[1] 24900.0000     1.0000     0.8569    -0.0503     1.9818     1.1414
[1] 25000.0000     0.4030     0.8801     0.2107     2.1163     0.8235
[1] 25100.0000     0.6873     0.8419    -0.0866     1.9706     0.8544
[1] 25200.0000     0.1227     0.8495    -0.0186     2.0493     1.1739
[1] 25300.0000     0.0004     0.9779    -0.0284     2.0346     0.8977
[1] 25400.0000     0.5692     0.8988    -0.0446     1.8811     1.0888
[1] 25500.0000     0.6695     0.8159    -0.0740     1.8717     1.0385
[1] 25600.0000     0.0262     0.9926     0.0978     2.0784     0.9855
[1] 25700.0000     0.0248     0.9659    -0.1267     1.9032     0.9398
[1] 25800.0000     0.0228     0.9689    -0.0884     1.9596     1.1962
[1] 25900.0000     0.0099     0.8683     0.0437     2.0006     0.8098
[1] 26000.0000     0.5322     0.9492    -0.0894     1.8571     1.0058
[1] 26100.0000     0.0211     0.9935    -0.1683     1.9829     1.0009
[1] 26200.0000     0.2656     0.9529     0.0184     2.0002     1.0017
[1] 26300.0000     0.8112     0.8623    -0.2737     1.8083     1.0835
[1] 26400.0000     0.5005     0.8855     0.2003     2.1194     1.0131
[1] 26500.0000     0.0985     0.8034    -0.2664     1.7702     1.1338
[1] 26600.0000     0.1843     0.9993    -0.1318     1.9082     1.0988
[1] 26700.0000     0.5446     0.8892    -0.0055     2.0717     0.9428
[1] 26800.0000     0.2796     0.8173     0.0283     2.0293     0.9752
[1] 26900.0000     0.0000     0.8955     0.1361     2.3106     1.0592
[1] 27000.0000     1.0000     0.8977     0.0451     2.0598     0.8661
[1] 27100.0000     0.0009     0.8095    -0.0674     1.9346     1.0497
[1] 27200.0000     0.0001     0.9713    -0.0999     2.0861     1.0324
[1] 27300.0000     0.0099     0.9608    -0.0679     1.9339     0.8492
[1] 27400.0000     0.3439     0.8806    -0.1467     1.8354     1.0468
[1] 27500.0000     0.4582     0.9534    -0.0703     1.9471     0.8238
[1] 27600.0000     0.1249     0.8069    -0.0455     1.9853     0.9996
[1] 27700.0000     0.0197     0.8620     0.1965     2.2619     1.0941
[1] 27800.0000     0.0000     0.8358     0.1323     2.1181     1.1051
[1] 27900.0000     0.7362     0.8904     0.0433     1.9842     0.9276
[1] 28000.0000     0.0101     0.9430    -0.1079     2.0073     0.9743
[1] 28100.0000     0.0000     0.9262    -0.1861     1.9095     1.0710
[1] 28200.0000     0.3076     0.9920     0.0940     2.0671     1.1206
[1] 28300.0000     0.0205     0.8510     0.0116     1.9845     0.8048
[1] 28400.0000     0.7076     0.9594    -0.1976     1.7902     0.8105
[1] 28500.0000     0.1166     0.8257     0.0766     2.0079     0.8766
[1] 28600.0000     0.0115     0.9775    -0.0754     1.9171     0.9079
[1] 28700.0000     0.2604     0.9045     0.0086     1.9900     1.0095
[1] 28800.0000     0.9565     0.9743    -0.1166     1.9362     0.8723
[1] 28900.0000     1.0000     0.9689    -0.1998     1.9415     1.0738
[1] 29000.0000     0.0569     0.9401     0.1166     2.1262     1.1755
[1] 29100.0000     0.0733     0.9156     0.0406     2.0471     0.8172
[1] 29200.0000     0.0024     0.9889    -0.1789     1.8979     1.0979
[1] 29300.0000     0.2644     0.9749    -0.1324     1.7975     0.9782
[1] 29400.0000     0.0765     0.9512    -0.0830     1.8780     1.1262
[1] 29500.0000     0.0012     0.9688    -0.0719     1.9176     1.1567
[1] 29600.0000     0.0213     0.8267     0.1146     2.1340     1.0464
[1] 29700.0000     0.0172     0.9571    -0.1684     1.8229     0.9736
[1] 29800.0000     0.4668     0.8701    -0.0588     1.9939     0.8024
[1] 29900.0000     0.9856     0.9798    -0.0624     1.9227     1.0014
[1] 30000.0000     0.1263     0.8172    -0.0228     1.9629     1.1626
[1] 0.3479861
Time difference of 4.50395 hours
null device 
          1 
