[1] "El numero de nodos X particion es: 10"
[1] "Model = M1 / Data = sim_data/datasetSVCExponential26.Rdata"
[1] 100.0000   1.0000   0.8291   0.0836   2.1436   0.9331
[1] 200.0000   1.0000   0.9804   0.0591   2.0828   1.0297
[1] 300.0000   0.6972   0.8776  -0.1704   1.9673   1.0665
[1] 400.0000   0.4792   0.9217  -0.0199   1.9939   0.9692
[1] 500.0000   0.8809   0.8902  -0.0756   1.9485   0.8863
[1] 600.0000   0.0075   0.8693   0.1174   2.1259   1.0610
[1] 700.0000   1.0000   0.8087  -0.2066   1.8627   1.0605
[1] 800.0000   0.5427   0.8830   0.0326   2.1079   0.9772
[1] 900.0000   0.2156   0.9357  -0.1648   2.0471   1.0743
[1] 1000.0000    0.3018    0.8257   -0.0447    1.9968    0.8662
[1] 1100.0000    0.2241    0.8326   -0.1208    1.9406    1.0285
[1] 1200.0000    0.7008    0.8603   -0.0995    2.0492    0.9164
[1] 1300.0000    0.5533    0.8617   -0.1436    1.9717    1.0550
[1] 1400.0000    0.0000    0.9303   -0.0353    2.1065    1.1894
[1] 1500.0000    0.0000    0.9672    0.1491    2.2158    1.1986
[1] 1600.0000    0.7169    0.8673    0.1618    2.2301    0.9237
[1] 1700.0000    0.0000    0.9259   -0.1004    1.9334    1.0764
[1] 1800.0000    0.0000    0.9234   -0.0260    2.1691    1.1307
[1] 1900.0000    0.1743    0.9875    0.1647    2.1560    0.8532
[1] 2000.0000    0.8402    0.8107    0.0358    2.0319    0.8113
[1] 2100.0000    0.4580    0.8081    0.0719    2.1918    0.9300
[1] 2200.0000    0.7082    0.8580    0.0226    2.0697    1.0161
[1] 2300.0000    0.7800    0.9707    0.0631    2.0003    1.1994
[1] 2400.0000    0.1049    0.9764    0.0245    1.9297    1.0594
[1] 2500.0000    0.3199    0.8529    0.0317    2.1686    0.9541
[1] 2600.0000    0.0549    0.8617   -0.0515    2.0293    0.8044
[1] 2700.0000    0.2876    0.8044   -0.0564    2.0137    1.0835
[1] 2800.0000    0.0067    0.9204   -0.0904    2.0268    1.0405
[1] 2900.0000    0.0004    0.8994   -0.2244    1.8262    1.0050
[1] 3000.0000    0.0247    0.9297    0.0941    2.1505    1.1984
[1] 3100.0000    0.2464    0.8265    0.0261    2.0580    1.1652
[1] 3200.0000    0.8203    0.9676    0.0273    1.9889    1.1339
[1] 3300.0000    0.0000    0.9877    0.0083    2.0788    0.9428
[1] 3400.0000    0.0005    0.9515   -0.2293    1.7323    1.1198
[1] 3500.0000    0.7609    0.9338   -0.0730    2.0800    0.8830
[1] 3600.0000    0.0511    0.9538   -0.1552    1.8813    1.1717
[1] 3700.0000    0.0267    0.8505    0.1115    2.1743    1.1374
[1] 3800.0000    0.0001    0.8653   -0.1666    1.8507    0.9884
[1] 3900.0000    0.0288    0.8553   -0.0926    2.0033    1.0542
[1] 4000.0000    0.6805    0.9388    0.0247    2.0010    0.8131
[1] 4100.0000    0.5086    0.9193    0.1645    2.1670    1.0337
[1] 4200.0000    0.5380    0.9756   -0.1043    2.0312    0.9752
[1] 4300.0000    0.0000    0.9986   -0.1069    1.9650    0.9026
[1] 4400.0000    0.2212    0.9571    0.1116    2.1469    0.9932
[1] 4500.0000    0.8038    0.8410    0.1292    2.2228    1.1520
[1] 4600.0000    0.0378    0.8039   -0.0344    1.9527    1.1669
[1] 4700.0000    0.0673    0.9516    0.0491    2.1921    1.1937
[1] 4800.0000    0.0944    0.8985   -0.0456    2.0094    0.9827
[1] 4900.0000    0.6268    0.8201    0.1972    2.2363    1.1747
[1] 5000.0000    1.0000    0.9273   -0.0610    1.9454    1.0348
[1] 5100.0000    0.3147    0.9679   -0.1623    1.9172    1.1951
[1] 5200.0000    0.0118    0.8350    0.0701    2.2392    1.0935
[1] 5300.0000    0.7292    0.8379   -0.1199    1.9194    1.0434
[1] 5400.0000    0.9731    0.8515    0.0184    2.1132    1.1120
[1] 5500.0000    0.5402    0.8940   -0.0778    2.0432    1.1671
[1] 5600.0000    0.0491    0.8407   -0.3490    1.8633    1.1085
[1] 5700.0000    0.1494    0.9403   -0.0755    1.8992    0.9236
[1] 5800.0000    0.3669    0.8520    0.1821    2.2532    1.0482
[1] 5900.0000    0.3557    0.8759   -0.2010    1.9176    1.0113
[1] 6000.0000    0.5960    0.8325   -0.1646    1.9679    0.8825
[1] 6100.0000    0.1337    0.9517    0.1756    2.1668    0.9216
[1] 6200.0000    1.0000    0.8336   -0.1458    1.8726    0.9759
[1] 6300.0000    0.0112    0.8959   -0.1552    2.0520    1.1826
[1] 6400.0000    0.4886    0.9022    0.0859    2.0279    0.8332
[1] 6500.0000    0.1022    0.8697    0.0512    2.1446    0.9040
[1] 6600.0000    0.0261    0.8918   -0.2083    1.8839    1.0184
[1] 6700.0000    0.0000    0.8229   -0.1235    1.8640    1.0410
[1] 6800.0000    0.9273    0.8496   -0.1544    1.9494    0.9728
[1] 6900.0000    0.2233    0.9401   -0.2273    1.7745    0.9220
[1] 7000.0000    0.0024    0.8011   -0.0287    2.0231    1.0228
[1] 7100.0000    1.0000    0.8440   -0.0519    1.9468    0.9302
[1] 7200.0000    0.0088    0.9645    0.0140    2.0666    0.9109
[1] 7300.0000    0.0334    0.8821    0.1680    2.1967    0.9361
[1] 7400.0000    0.0000    0.8045   -0.1875    1.8842    0.8734
[1] 7500.0000    0.6296    0.9538    0.2002    2.1712    1.0728
[1] 7600.0000    0.1275    0.8332   -0.0441    2.0246    1.0877
[1] 7700.0000    0.0136    0.8552   -0.1230    1.9064    1.0850
[1] 7800.0000    0.0000    0.8812    0.0584    2.0154    1.0536
[1] 7900.0000    0.2213    0.8037   -0.1311    1.9511    1.1632
[1] 8000.0000    0.2291    0.9186   -0.2432    1.7867    1.0026
[1] 8100.0000    0.3818    0.8687   -0.0199    2.0776    1.0506
[1] 8200.0000    0.0000    0.8989    0.0646    2.1027    1.1363
[1] 8300.0000    0.0029    0.8896    0.1104    2.1465    1.1748
[1] 8400.0000    0.9029    0.8563   -0.0649    1.9243    1.0967
[1] 8500.0000    0.0014    0.8716   -0.2310    1.8333    1.1821
[1] 8600.0000    0.6664    0.9214   -0.0222    2.0916    1.0135
[1] 8700.0000    0.6667    0.8293   -0.0531    1.9320    0.8767
[1] 8800.0000    0.6680    0.9324    0.0629    2.1563    0.8066
[1] 8900.0000    0.5253    0.9431   -0.1194    2.0260    1.1381
[1] 9000.0000    0.5280    0.9025    0.0556    2.0515    0.9096
[1] 9100.0000    0.2195    0.9538    0.0928    2.1482    1.0939
[1] 9200.0000    0.2264    0.8777    0.0435    2.0542    1.1489
[1] 9300.0000    0.0044    0.9856   -0.0102    2.0213    1.1370
[1] 9400.0000    0.1288    0.9943    0.1813    2.0483    1.0986
[1] 9500.0000    0.0000    0.9329   -0.0792    2.0432    0.8817
[1] 9600.0000    0.7331    0.9566   -0.1104    1.9648    1.1182
[1] 9700.0000    0.1981    0.8614   -0.0396    2.0102    0.9692
[1] 9800.0000    0.1747    0.8196    0.0195    2.0174    0.9680
[1] 9900.0000    0.0000    0.9529    0.1218    2.0771    0.9335
[1] 10000.0000     0.6651     0.9167    -0.2765     1.8687     1.1877
[1] 10100.0000     0.8674     0.9049     0.0718     2.0909     1.0751
[1] 10200.0000     0.0004     0.9084    -0.0766     1.9525     0.8386
[1] 1.030e+04 8.600e-03 8.120e-01 1.514e-01 2.077e+00 8.804e-01
[1] 10400.0000     0.0337     0.8213     0.0509     2.1031     1.0055
[1] 10500.0000     1.0000     0.8159     0.1716     2.1411     1.1284
[1] 10600.0000     0.2025     0.8330     0.1971     2.3088     0.9483
[1] 10700.0000     0.0015     0.8531     0.0340     2.1234     0.8181
[1] 10800.0000     0.7090     0.8541     0.0026     2.1309     0.9792
[1] 10900.0000     0.0000     0.8264    -0.0078     2.1503     1.1140
[1] 11000.0000     0.5129     0.8012    -0.0341     2.1168     0.9407
[1] 1.110e+04 6.000e-04 8.902e-01 1.775e-01 2.278e+00 9.114e-01
[1] 11200.0000     1.0000     0.9412     0.0649     2.1601     0.8257
[1] 11300.0000     0.8276     0.9738    -0.0309     1.9752     1.1215
[1] 11400.0000     0.5884     0.8271    -0.0350     2.0211     1.1322
[1] 11500.0000     0.0000     0.9311    -0.1766     1.9265     0.8792
[1] 11600.0000     1.0000     0.9382    -0.2401     1.8230     0.8033
[1] 11700.0000     0.7876     0.9810    -0.1724     1.9549     0.9386
[1] 11800.0000     0.0779     0.8440    -0.1139     1.8722     0.8198
[1] 11900.0000     0.2905     0.8272     0.1239     2.1386     0.8962
[1] 12000.0000     0.0127     0.8543    -0.1472     1.9315     1.1591
[1] 12100.0000     0.0810     0.9452     0.0348     2.1249     0.8400
[1] 12200.0000     1.0000     0.8496    -0.1362     1.8862     0.8460
[1] 12300.0000     0.0078     0.9623     0.1194     2.0296     1.1420
[1] 12400.0000     1.0000     0.8046    -0.1821     1.8926     0.8797
[1] 12500.0000     0.1356     0.9120     0.1916     2.2633     1.1259
[1] 12600.0000     0.1831     0.9564     0.1009     2.0079     1.1675
[1] 12700.0000     0.0002     0.9486     0.1495     2.1774     0.8166
[1] 12800.0000     0.0103     0.9108    -0.1015     1.9564     1.0765
[1] 12900.0000     0.0108     0.8554    -0.3193     1.8201     0.9712
[1] 13000.0000     0.0115     0.8840     0.0187     2.0045     1.1100
[1] 13100.0000     0.0127     0.9404    -0.0214     2.0097     0.9822
[1] 13200.0000     0.0030     0.9589    -0.1603     1.8384     1.1555
[1] 13300.0000     0.1746     0.8522     0.0192     2.0547     1.0074
[1] 13400.0000     0.0000     0.9485     0.1419     2.0053     1.0271
[1] 13500.0000     0.0004     0.8240    -0.0296     2.0562     1.0099
[1] 13600.0000     0.0324     0.8917     0.0519     1.9946     1.0301
[1] 13700.0000     1.0000     0.8314     0.0270     2.0486     0.8589
[1] 13800.0000     0.0000     0.8418    -0.1203     1.9196     1.1127
[1] 13900.0000     1.0000     0.8104    -0.0535     2.0104     0.8994
[1] 14000.0000     1.0000     0.9598    -0.0130     1.9894     0.8043
[1] 14100.0000     0.0000     0.9236     0.0144     2.1094     0.9106
[1] 14200.0000     0.0868     0.9171    -0.0063     2.0059     0.8964
[1] 14300.0000     0.0199     0.8359    -0.0970     2.0087     1.0907
[1] 14400.0000     0.7806     0.8984    -0.0187     2.0836     1.1866
[1] 14500.0000     0.0005     0.8302    -0.0049     2.0584     1.1813
[1] 14600.0000     0.0000     0.8084    -0.1847     1.9614     0.8928
[1] 14700.0000     0.8438     0.8840    -0.0991     1.9913     1.0394
[1] 14800.0000     0.0000     0.8106    -0.1733     1.9871     1.0978
[1] 14900.0000     0.7446     0.9485     0.0006     2.1057     1.1960
[1] 15000.0000     0.0000     0.9486    -0.1058     1.9173     0.9418
[1] 15100.0000     0.0957     0.9112    -0.1145     1.9760     1.0503
[1] 15200.0000     0.4397     0.9896     0.0942     2.0621     1.1186
[1] 15300.0000     0.1518     0.8856    -0.0255     2.0584     0.9730
[1] 15400.0000     0.5121     0.8005     0.0270     2.1328     0.8812
[1] 15500.0000     0.2478     0.9013    -0.0041     1.9310     1.0728
[1] 15600.0000     0.6636     0.9912    -0.0974     1.9827     1.0551
[1] 15700.0000     0.0003     0.8668     0.1336     2.1549     1.0399
[1] 15800.0000     0.7425     0.9774    -0.1073     1.8573     1.1822
[1] 15900.0000     0.0000     0.9524     0.0165     2.1479     1.0855
[1] 16000.0000     0.5446     0.9761    -0.1395     1.9803     1.0600
[1] 16100.0000     0.0157     0.8888     0.1503     2.2668     0.9906
[1] 16200.0000     1.0000     0.8455    -0.0313     2.0277     1.0509
[1] 16300.0000     0.2404     0.9320    -0.0003     2.1187     1.0407
[1] 16400.0000     0.4542     0.8090    -0.0057     2.0678     0.8978
[1] 16500.0000     0.0938     0.9894     0.0684     2.1466     0.9222
[1] 16600.0000     0.5743     0.9300    -0.1975     1.8491     1.1365
[1] 16700.0000     0.2880     0.8804    -0.0140     2.0491     1.1815
[1] 16800.0000     0.2216     0.8165    -0.1742     1.8376     1.0376
[1] 16900.0000     0.0421     0.8221    -0.1133     1.8919     1.1575
[1] 1.700e+04 7.222e-01 8.355e-01 6.010e-02 2.131e+00 9.526e-01
[1] 17100.0000     0.0234     0.9483     0.2578     2.2513     0.9775
[1] 17200.0000     0.3312     0.9497    -0.1213     1.9158     0.8252
[1] 17300.0000     0.2439     0.8396    -0.1871     1.9783     1.0131
[1] 17400.0000     1.0000     0.9623     0.0352     2.2150     1.1696
[1] 17500.0000     1.0000     0.9645    -0.1153     1.8894     0.9956
[1] 17600.0000     0.0140     0.8018     0.0091     2.0230     1.0705
[1] 17700.0000     0.1346     0.8382     0.0513     1.9598     1.1091
[1] 17800.0000     0.5454     0.9877    -0.0244     2.0262     1.0638
[1] 17900.0000     0.0021     0.8644    -0.0766     2.0186     1.0507
[1] 1.800e+04 8.823e-01 9.109e-01 8.150e-02 2.163e+00 8.712e-01
[1] 18100.0000     0.0011     0.9137    -0.0899     2.0310     0.9014
[1] 18200.0000     1.0000     0.8073     0.1931     2.2076     0.9256
[1] 18300.0000     0.0526     0.9706    -0.0325     2.0275     1.1685
[1] 18400.0000     0.0008     0.9243    -0.3028     1.8681     1.1066
[1] 18500.0000     0.0927     0.8299    -0.1150     1.9715     1.0883
[1] 18600.0000     0.0274     0.8932     0.1045     2.2203     0.8460
[1] 18700.0000     0.3012     0.9071     0.1444     2.2141     1.1143
[1] 18800.0000     0.0169     0.9415     0.0836     2.2219     0.8205
[1] 18900.0000     0.0006     0.8387    -0.2342     1.8595     0.8037
[1] 19000.0000     1.0000     0.8087    -0.0211     2.0515     1.1060
[1] 19100.0000     0.0023     0.8142    -0.0757     2.0594     1.0716
[1] 19200.0000     0.7480     0.8319    -0.1450     1.8572     1.0132
[1] 19300.0000     0.1304     0.8940     0.1471     2.1057     1.1248
[1] 19400.0000     0.2799     0.8040    -0.0098     1.9849     1.1551
[1] 19500.0000     0.0011     0.8243     0.2023     2.2354     0.8751
[1] 19600.0000     0.1598     0.9711    -0.0579     2.0441     1.0171
[1] 19700.0000     0.0690     0.8143     0.0167     2.0599     0.8081
[1] 19800.0000     0.3045     0.8357     0.2410     2.2342     1.1647
[1] 1.990e+04 5.653e-01 9.981e-01 2.398e-01 2.322e+00 1.028e+00
[1] 20000.0000     0.2669     0.9729    -0.1223     1.9826     0.8904
[1] 20100.0000     0.0000     0.8622     0.0125     2.0713     0.8640
[1] 20200.0000     0.2946     0.9282     0.0760     2.1056     0.9678
[1] 20300.0000     0.0010     0.8028    -0.1862     1.9929     0.9708
[1] 20400.0000     1.0000     0.8446    -0.0445     1.9824     1.0333
[1] 20500.0000     0.0050     0.8964    -0.0231     2.0822     1.1285
[1] 20600.0000     0.2544     0.9169    -0.1095     2.0542     1.1057
[1] 20700.0000     0.7823     0.8107     0.2054     2.1968     1.0874
[1] 20800.0000     1.0000     0.9981     0.1139     2.2595     1.0246
[1] 20900.0000     0.0000     0.8547    -0.0137     2.0287     0.9562
[1] 21000.0000     0.4011     0.8369    -0.0027     2.0587     1.0355
[1] 21100.0000     0.5180     0.8682    -0.1691     1.9478     1.1577
[1] 21200.0000     1.0000     0.9611    -0.0323     2.0164     0.8029
[1] 21300.0000     0.0004     0.8214     0.0465     1.9516     1.0391
[1] 21400.0000     1.0000     0.8276     0.0098     2.0955     0.8233
[1] 21500.0000     0.0638     0.8906    -0.0209     2.0841     0.8206
[1] 21600.0000     0.4295     0.8069     0.0014     2.0398     0.8555
[1] 21700.0000     0.0207     0.9973    -0.1225     1.8526     0.9605
[1] 21800.0000     0.5956     0.8778     0.1113     2.2788     1.0685
[1] 2.190e+04 4.854e-01 9.598e-01 1.101e-01 2.182e+00 8.497e-01
[1] 22000.0000     0.4108     0.8874     0.0753     2.0129     1.0182
[1] 22100.0000     0.6693     0.8953     0.1186     2.1348     0.9321
[1] 22200.0000     0.4759     0.8579    -0.1440     1.9789     0.8534
[1] 22300.0000     0.0094     0.8289    -0.1790     1.9753     0.9998
[1] 22400.0000     1.0000     0.9971     0.0660     2.1337     0.9354
[1] 22500.0000     0.0061     0.8239    -0.0578     2.0712     1.1368
[1] 22600.0000     0.0002     0.8207     0.0040     2.0949     0.8039
[1] 22700.0000     0.0096     0.8271     0.0050     2.0206     1.1968
[1] 22800.0000     0.0925     0.8972    -0.0470     1.8768     1.0231
[1] 22900.0000     0.1238     0.8804    -0.2025     1.8837     0.9211
[1] 23000.0000     0.0000     0.8188     0.1392     2.0749     1.0070
[1] 23100.0000     0.3631     0.8119     0.1651     2.1526     1.0551
[1] 23200.0000     0.0293     0.8437     0.0814     2.2047     0.8877
[1] 23300.0000     0.0001     0.9727     0.0596     2.1136     0.9482
[1] 23400.0000     0.5801     0.8888     0.1195     2.0756     1.0444
[1] 23500.0000     1.0000     0.9916     0.0363     2.0739     1.1297
[1] 23600.0000     0.0410     0.9324    -0.0280     2.0470     0.8634
[1] 23700.0000     0.1604     0.9328    -0.1328     1.9535     1.0180
[1] 23800.0000     0.7011     0.9299    -0.0984     1.8802     1.0580
[1] 23900.0000     0.9503     0.8722     0.0683     2.0177     0.8735
[1] 24000.0000     0.0375     0.9851     0.0215     2.0963     1.0873
[1] 24100.0000     1.0000     0.9214    -0.0479     2.1458     0.8541
[1] 24200.0000     0.1188     0.8467    -0.1150     1.9827     0.8230
[1] 24300.0000     1.0000     0.8163    -0.0509     2.0500     1.0906
[1] 24400.0000     1.0000     0.9947    -0.0170     2.0018     0.9697
[1] 24500.0000     0.0301     0.8969     0.0325     2.0886     1.0480
[1] 24600.0000     0.0005     0.9237    -0.0378     2.0139     1.0127
[1] 24700.0000     0.4416     0.9195    -0.2090     1.7800     0.8781
[1] 24800.0000     0.0032     0.8460     0.0669     2.1584     0.9489
[1] 24900.0000     1.0000     0.8569    -0.1156     1.9460     1.1414
[1] 25000.0000     1.0000     0.8801     0.1536     2.2154     0.8235
[1] 25100.0000     0.8234     0.8419    -0.0721     2.0433     0.8544
[1] 25200.0000     0.0506     0.9507     0.0882     2.2313     0.9719
[1] 25300.0000     0.0013     0.9779    -0.0499     2.0536     0.8977
[1] 25400.0000     0.3443     0.8988    -0.0567     1.8930     1.0888
[1] 25500.0000     0.2585     0.8303    -0.0187     2.0130     1.1248
[1] 25600.0000     0.0726     0.9926     0.1342     2.1543     0.9855
[1] 25700.0000     0.2765     0.8976    -0.2031     1.8973     0.9408
[1] 25800.0000     0.0611     0.9689    -0.0038     2.0578     1.1962
[1] 25900.0000     0.0010     0.8683     0.1134     2.0752     0.8098
[1] 26000.0000     1.0000     0.9492    -0.0687     1.9691     1.0058
[1] 26100.0000     0.0685     0.8951    -0.0080     2.1191     0.8249
[1] 26200.0000     0.5723     0.8601     0.0129     2.1503     0.9041
[1] 26300.0000     0.4064     0.8448    -0.1609     1.7997     0.9973
[1] 26400.0000     0.0292     0.8446     0.0649     2.1104     0.9223
[1] 26500.0000     0.0855     0.8034    -0.3287     1.7506     1.1338
[1] 26600.0000     1.0000     0.8531    -0.0567     1.9263     1.1347
[1] 26700.0000     0.1673     0.9721    -0.0107     2.0425     0.8075
[1] 26800.0000     0.0952     0.8173    -0.1046     1.9861     0.9752
[1] 26900.0000     0.0029     0.9241     0.0964     2.1762     1.0646
[1] 27000.0000     0.7816     0.8977    -0.0749     2.0276     0.8661
[1] 27100.0000     0.0013     0.8095    -0.1150     1.9139     1.0497
[1] 27200.0000     0.0264     0.8628    -0.0732     2.0257     1.0265
[1] 27300.0000     0.0009     0.9608    -0.0996     1.9115     0.8492
[1] 27400.0000     0.1180     0.8725    -0.1412     1.8879     1.1899
[1] 27500.0000     0.2390     0.9635    -0.0295     1.9915     1.1809
[1] 27600.0000     0.0102     0.8069     0.0545     2.1127     0.9996
[1] 27700.0000     0.0090     0.8768     0.1338     2.2011     1.0202
[1] 27800.0000     0.0000     0.8358     0.0861     2.1582     1.1051
[1] 27900.0000     0.5959     0.8774     0.1088     2.1365     1.0564
[1] 28000.0000     0.0002     0.9003    -0.0624     2.0265     0.9918
[1] 28100.0000     0.0002     0.9262     0.0013     2.0115     1.0710
[1] 28200.0000     0.4846     0.9920     0.1621     2.2001     1.1206
[1] 28300.0000     0.0405     0.8510     0.0022     2.0154     0.8048
[1] 28400.0000     1.0000     0.9594    -0.0305     2.0128     0.8105
[1] 28500.0000     1.0000     0.8206     0.0874     2.1733     1.0447
[1] 28600.0000     0.0073     0.9775    -0.0777     1.9735     0.9079
[1] 28700.0000     0.1300     0.8497     0.0089     1.9929     1.1155
[1] 28800.0000     1.0000     0.9743    -0.0133     2.0110     0.8723
[1] 28900.0000     0.5820     0.8662    -0.2060     1.9152     0.8550
[1] 29000.0000     0.2490     0.8251    -0.0149     2.0311     0.9007
[1] 29100.0000     0.0152     0.9156     0.0536     2.1258     0.8172
[1] 29200.0000     0.0059     0.9889    -0.2237     1.8985     1.0979
[1] 29300.0000     0.0314     0.8435    -0.1607     1.8461     1.1245
[1] 29400.0000     0.0264     0.9512     0.0319     1.9637     1.1262
[1] 29500.0000     0.0011     0.9711    -0.1781     1.8768     0.9025
[1] 29600.0000     0.0067     0.8267     0.0074     2.0964     1.0464
[1] 29700.0000     0.0355     0.8203    -0.1184     1.9071     1.1249
[1] 29800.0000     1.0000     0.8701    -0.0942     1.9998     0.8024
[1] 29900.0000     1.0000     0.9798     0.0397     2.0911     1.0014
[1] 30000.0000     0.1389     0.8172    -0.0269     2.0161     1.1626
[1] 0.374185
Time difference of 3.586983 hours
null device 
          1 
