[1] "El numero de nodos X particion es: 10"
[1] "Model = M1 / Data = sim_data/datasetSVIExponential9.Rdata"
[1] 100.0000   0.7939   0.9429   0.1102   1.9034   1.1970
[1] 200.0000   0.0001   0.8487   0.2326   1.7541   0.8384
[1] 300.0000   0.1071   0.8776   0.1739   1.9550   1.0665
[1] 400.0000   0.0000   0.8775   0.0988   1.9858   1.0971
[1] 500.0000   0.0000   0.8350   0.7689   1.2264   0.9084
[1] 600.0000   0.0312   0.8148   0.7256   1.2921   0.8457
[1] 700.0000   0.0002   0.8999   1.3038   0.7479   1.0702
[1] 800.0000   0.0000   0.9999   1.1177   0.8939   1.0968
[1] 900.0000   0.0000   0.9606   0.9233   1.0448   1.0158
[1] 1000.0000    0.0000    0.8209   -0.3488    2.3813    0.9374
[1] 1100.0000    0.0000    0.9319    0.6237    1.3847    0.8930
[1] 1200.0000    0.1592    0.8544    0.6069    1.3975    0.9984
[1] 1300.0000    0.0000    0.9498    0.3659    1.5549    1.1653
[1] 1400.0000    0.0000    0.9303    0.1929    1.7094    1.1894
[1] 1500.0000    0.0000    0.9584    0.8449    1.1984    1.0940
[1] 1600.0000    0.0000    0.9658   -1.2301    3.2348    1.0950
[1] 1700.0000    0.0000    0.8163   -0.8684    2.8340    0.8247
[1] 1800.0000    0.0000    0.8314   -0.3147    2.3912    0.9945
[1] 1900.0000    0.0000    0.9005    0.2226    1.7491    0.9368
[1] 2000.0000    0.0000    0.8550    0.9672    1.1221    1.0762
[1] 2100.0000    0.0000    0.8676   -0.5150    2.5110    0.9194
[1] 2200.0000    0.0000    0.8668    0.7731    1.3198    1.0989
[1] 2300.0000    0.0000    0.9142    0.8197    1.1212    0.8527
[1] 2400.0000    0.0000    0.9355    0.4851    1.5315    1.1578
[1] 2500.0000    0.0025    0.8909    0.8202    1.1228    1.1217
[1] 2600.0000    0.0000    0.9100    0.1385    1.9004    1.1442
[1] 2700.0000    0.0000    0.9527   -1.4304    3.4409    0.9546
[1] 2800.0000    0.0019    0.9382    0.0862    1.9795    1.1558
[1] 2900.0000    0.0000    0.9057   -0.6539    2.6332    0.9581
[1] 3000.0000    0.0000    0.8471   -0.6716    2.6549    1.0872
[1] 3100.0000    0.0000    0.9514   -0.0727    2.0259    0.9478
[1] 3200.0000    0.0000    0.9190   -0.7554    2.7492    0.9575
[1] 3300.0000    0.0000    0.9312    0.5363    1.5055    0.9302
[1] 3400.0000    0.2566    0.8983    1.2210    0.8272    1.1525
[1] 3500.0000    0.0000    0.8786    0.0738    1.9651    0.8547
[1] 3600.0000    0.0000    0.9625   -0.2137    2.2039    0.8525
[1] 3700.0000    0.3524    0.8898    0.4970    1.5465    1.0833
[1] 3800.0000    0.0000    0.9791    1.3706    0.6192    1.0179
[1] 3900.0000    0.0000    0.9762    0.0107    1.9611    1.0087
[1] 4000.0000    0.0000    0.9448   -0.3306    2.3353    1.0791
[1] 4100.0000    0.0000    0.8388   -1.0303    3.1046    0.8864
[1] 4200.0000    0.0000    0.9756   -0.9455    2.9024    0.9752
[1] 4300.0000    0.5407    0.8741   -1.2814    3.2931    1.1249
[1] 4400.0000    0.0000    0.8970    1.1111    0.8820    0.8215
[1] 4500.0000    0.1728    0.8404    0.1435    1.8769    1.1577
[1] 4600.0000    0.0000    0.9581    0.3848    1.7480    0.8180
[1] 4700.0000    0.0000    0.8528    0.0205    1.9372    0.8411
[1] 4800.0000    0.0000    0.8660   -0.5322    2.5828    1.0939
[1] 4900.0000    0.0000    0.8114   -0.3345    2.3418    0.8255
[1] 5000.0000    0.0000    0.8074   -0.0985    2.0135    1.0307
[1] 5100.0000    0.0000    0.9679   -0.4793    2.4094    1.1951
[1] 5200.0000    0.0000    0.8051    0.5053    1.5077    0.8965
[1] 5300.0000    0.0000    0.9010    0.7683    1.2289    1.0910
[1] 5400.0000    0.0000    0.8536    1.1602    0.8255    0.9337
[1] 5500.0000    0.0000    0.8506    0.5828    1.4537    1.1979
[1] 5600.0000    0.0000    0.9929    0.0508    1.8333    1.1085
[1] 5700.0000    0.0000    0.9445    0.9968    1.0527    1.0237
[1] 5800.0000    0.0000    0.8612   -0.8522    2.9613    1.0327
[1] 5900.0000    0.0000    0.8278    0.9262    1.1369    1.0767
[1] 6000.0000    0.0000    0.9870    0.9676    1.0053    1.0819
[1] 6100.0000    0.0000    0.9284    0.3696    1.6843    0.9188
[1] 6200.0000    0.0000    0.8741    0.4566    1.5425    0.8043
[1] 6300.0000    0.0000    0.9569   -0.4838    2.4690    0.8080
[1] 6400.0000    0.0000    0.9924   -0.7132    2.6283    1.0322
[1] 6500.0000    0.0013    0.9084    0.5558    1.5312    1.0918
[1] 6600.0000    0.0000    0.8710    0.2361    1.6757    0.9001
[1] 6700.0000    0.0000    0.9587   -0.8127    2.8863    1.0766
[1] 6800.0000    0.0002    0.8794    0.3260    1.5687    0.9381
[1] 6900.0000    0.0000    0.8857   -0.3531    2.3385    0.9847
[1] 7000.0000    0.0000    0.8521    0.1347    1.8829    1.0680
[1] 7100.0000    0.0000    0.9857    0.5123    1.4772    1.0571
[1] 7200.0000    0.0000    0.9439    0.3771    1.7130    1.1769
[1] 7300.0000    0.0000    0.9346    0.8164    1.2069    1.1740
[1] 7400.0000    0.0000    0.8045    0.0288    1.9544    0.8734
[1] 7500.0000    0.0000    0.8475   -0.9833    2.9368    1.0597
[1] 7600.0000    0.0000    0.9493    0.1169    1.8875    0.9281
[1] 7700.0000    0.0000    0.8552   -1.2096    3.1129    1.0850
[1] 7800.0000    0.0000    0.8350   -0.0035    2.0628    1.1361
[1] 7900.0000    0.0000    0.8303    0.1264    1.8521    0.8084
[1] 8000.0000    0.0000    0.9309    0.3501    1.5724    1.0835
[1] 8100.0000    0.0000    0.8483   -0.3221    2.2736    0.8203
[1] 8200.0000    0.0000    0.9110   -0.4719    2.4749    0.9989
[1] 8300.0000    0.0000    0.8222   -0.3783    2.4295    0.8438
[1] 8400.0000    0.0000    0.9658   -0.5626    2.4778    0.9286
[1] 8500.0000    0.0000    0.8325    0.4077    1.6950    1.0750
[1] 8600.0000    0.0108    0.9045   -0.0516    2.1451    1.0515
[1] 8700.0000    0.0000    0.8940    0.2139    1.7481    1.0236
[1] 8800.0000    0.0000    0.9735   -0.0135    1.9039    1.0381
[1] 8900.0000    0.0000    0.8674    1.4106    0.6552    1.0474
[1] 9000.0000    0.0000    0.8301    0.0142    1.9302    1.1387
[1] 9100.0000    0.0000    0.8755   -0.2089    2.1917    0.8812
[1] 9200.0000    0.0000    0.8777    0.0254    2.0295    1.1489
[1] 9300.0000    0.0000    0.9270   -0.4110    2.4365    1.1117
[1] 9400.0000    0.0000    0.8413    0.7397    1.1969    1.0761
[1] 9500.0000    0.0000    0.8817   -1.1714    3.1559    1.0875
[1] 9600.0000    0.0000    0.8149   -0.1488    2.1547    0.9056
[1] 9700.0000    0.0000    0.9657    0.6099    1.3986    0.9166
[1] 9800.0000    0.0000    0.8196    0.0342    1.9474    0.8766
[1] 9900.0000    0.0000    0.9876    1.6425    0.3408    0.9739
[1] 10000.0000     0.8125     0.8618    -0.4616     2.5209     0.8032
[1] 10100.0000     0.0001     0.9390    -0.4089     2.4135     1.0815
[1] 10200.0000     0.0000     0.8458     0.4225     1.5556     1.1044
[1] 10300.0000     0.0969     0.9549     1.6476     0.4224     0.8021
[1] 10400.0000     0.0000     0.9109     0.1038     1.8659     0.9653
[1] 10500.0000     0.0000     0.9828     0.9956     1.0024     0.8036
[1] 10600.0000     0.0000     0.9089    -0.1629     2.1449     1.1257
[1] 10700.0000     0.0000     0.9346     1.2764     0.7842     1.0990
[1] 10800.0000     1.0000     0.8056     0.6149     1.4666     0.8503
[1] 10900.0000     0.0000     0.9660     0.7777     1.3244     1.1970
[1] 11000.0000     0.3816     0.8012     0.8573     1.2384     0.9407
[1] 11100.0000     0.0000     0.9587    -0.1169     2.0896     0.9308
[1] 11200.0000     0.1066     0.9398    -0.4857     2.4604     0.9513
[1] 11300.0000     0.0000     0.8936    -0.4850     2.4801     1.0961
[1] 11400.0000     0.0007     0.9548     0.9533     1.1371     1.0047
[1] 11500.0000     0.0000     0.9619    -0.0710     2.0454     0.9110
[1] 11600.0000     0.0001     0.9104    -0.0527     2.0973     0.8269
[1] 11700.0000     0.0001     0.9616     0.4485     1.5734     1.1733
[1] 11800.0000     0.0000     0.8027    -0.5561     2.5596     0.8530
[1] 11900.0000     0.0000     0.8460    -0.9434     2.9442     0.8150
[1] 12000.0000     0.0000     0.8014    -0.3263     2.3257     1.0595
[1] 12100.0000     0.0000     0.8666    -0.6973     2.6759     0.9630
[1] 12200.0000     0.9700     0.8496     0.7177     1.3122     0.8460
[1] 12300.0000     0.0000     0.8010    -0.4789     2.5063     0.8810
[1] 12400.0000     1.0000     0.8046    -1.1452     3.1847     0.8797
[1] 12500.0000     0.0000     0.9939    -0.3670     2.4752     0.9707
[1] 12600.0000     0.0000     0.8126    -0.6206     2.7564     1.1805
[1] 12700.0000     0.0000     0.9614    -0.2183     2.0755     0.8958
[1] 12800.0000     0.0000     0.8257    -0.3543     2.3948     0.8904
[1] 12900.0000     0.0200     0.8545    -0.1832     2.2319     1.0312
[1] 13000.0000     0.0000     0.9313     0.0313     1.9587     1.1678
[1] 13100.0000     0.0000     0.9404     1.4452     0.5809     0.9822
[1] 13200.0000     0.0000     0.8843     0.4725     1.5217     0.9997
[1] 13300.0000     0.0000     0.8427    -0.9159     2.8648     1.0281
[1] 13400.0000     0.0000     0.8092    -0.6327     2.6418     1.1676
[1] 13500.0000     0.0000     0.8466    -0.5988     2.6206     0.8143
[1] 13600.0000     0.0000     0.8917     0.4191     1.6143     1.0301
[1] 13700.0000     0.0000     0.8421    -0.4284     2.4516     0.9544
[1] 13800.0000     0.0000     0.9432    -0.3293     2.2981     1.1717
[1] 13900.0000     0.0000     0.8573    -0.0996     2.0947     0.8372
[1] 14000.0000     0.0000     0.9588     0.2013     1.7901     0.9662
[1] 14100.0000     0.0000     0.8844     0.4525     1.4107     1.1867
[1] 14200.0000     0.0000     0.8479     0.3332     1.6781     0.8739
[1] 14300.0000     0.0000     0.8548    -0.5166     2.4385     0.8231
[1] 14400.0000     0.0059     0.8623     0.6312     1.3429     0.8985
[1] 14500.0000     0.3794     0.9963    -0.2913     2.2781     1.0788
[1] 14600.0000     0.0000     0.8177    -0.1034     2.0496     1.0920
[1] 14700.0000     0.0000     0.8734     0.0375     1.8609     1.0676
[1] 14800.0000     0.0000     0.8093     1.1385     0.7692     1.1283
[1] 14900.0000     0.0012     0.9582     0.4284     1.6299     1.0321
[1] 15000.0000     0.0001     0.9447     0.1318     1.7877     0.8911
[1] 15100.0000     1.0000     0.8292    -0.0466     2.0955     0.9249
[1] 15200.0000     0.0000     0.8242     0.5898     1.4213     1.0800
[1] 15300.0000     0.5224     0.8059     0.3092     1.7552     0.9091
[1] 15400.0000     0.0003     0.8072    -0.6336     2.6441     1.0717
[1] 15500.0000     0.0000     0.9734    -1.5747     3.6297     1.1714
[1] 15600.0000     0.0000     0.8520    -0.6350     2.6938     1.1912
[1] 15700.0000     0.0000     0.8475    -0.1853     2.1171     0.9690
[1] 15800.0000     0.0000     0.9108     0.0730     1.8816     0.9068
[1] 15900.0000     0.0000     0.8841     0.4646     1.5128     0.8192
[1] 16000.0000     0.0002     0.8124    -0.0691     2.0674     1.1160
[1] 16100.0000     0.0000     0.9566     1.0702     1.0190     1.0234
[1] 16200.0000     0.0000     0.9466     0.8051     1.1327     0.9477
[1] 1.630e+04 0.000e+00 9.158e-01 1.769e-01 1.854e+00 9.491e-01
[1] 16400.0000     0.0000     0.8807     0.1012     1.9183     0.8691
[1] 16500.0000     0.7078     0.9407    -0.4127     2.4826     0.9877
[1] 16600.0000     0.0000     0.8294    -0.6452     2.7092     0.8835
[1] 1.670e+04 0.000e+00 9.287e-01 3.472e-01 1.539e+00 9.633e-01
[1] 16800.0000     0.0000     0.8621     0.1052     1.8602     1.1596
[1] 16900.0000     0.0000     0.8138     0.1116     1.8209     1.1004
[1] 17000.0000     0.0000     0.9790    -0.1771     2.1626     0.8822
[1] 17100.0000     0.0000     0.9305     1.3489     0.7447     0.9283
[1] 17200.0000     0.0000     0.9497     1.0474     0.8903     0.8252
[1] 17300.0000     1.0000     0.8396     0.0522     1.9380     1.0131
[1] 1.740e+04 0.000e+00 8.593e-01 1.836e-01 1.861e+00 1.145e+00
[1] 17500.0000     0.0000     0.9677    -0.3975     2.4341     1.1479
[1] 17600.0000     0.0000     0.8280     0.1803     1.7868     1.1486
[1] 17700.0000     0.0000     0.8794     0.5731     1.4006     0.9707
[1] 17800.0000     0.0000     0.9383    -0.1123     2.2514     1.0084
[1] 17900.0000     0.0000     0.9083     0.5295     1.5142     0.9495
[1] 1.800e+04 1.000e+00 9.109e-01 5.245e-01 1.523e+00 8.712e-01
[1] 18100.0000     0.0000     0.9461     0.4671     1.4189     0.9222
[1] 18200.0000     0.0315     0.9706     2.2339    -0.3352     0.8923
[1] 18300.0000     0.0000     0.9983     0.7641     1.3416     1.0327
[1] 18400.0000     0.0000     0.9529    -0.4385     2.4852     0.8173
[1] 18500.0000     0.0000     0.8451     0.6982     1.3444     0.9054
[1] 18600.0000     0.0000     0.8656    -0.0427     2.0874     0.8624
[1] 18700.0000     0.0000     0.8903     0.0222     2.0717     1.1340
[1] 18800.0000     0.0000     0.8537     0.3707     1.6952     0.9005
[1] 18900.0000     0.0000     0.9024    -0.3056     2.3319     1.0613
[1] 19000.0000     0.0000     0.8366     0.0067     1.9886     0.8015
[1] 19100.0000     0.0000     0.8878     0.6023     1.2960     1.0323
[1] 19200.0000     0.0000     0.8001     0.0543     1.8884     0.9641
[1] 19300.0000     0.0000     0.8035     0.0106     1.9591     1.0886
[1] 19400.0000     0.0000     0.9330    -0.4689     2.4789     1.0363
[1] 19500.0000     0.0000     0.8527     0.1121     1.8546     1.1208
[1] 19600.0000     0.4989     0.8529    -0.5383     2.5278     0.8752
[1] 19700.0000     0.0000     0.8982     0.0108     1.8715     1.1826
[1] 19800.0000     0.0000     0.9408     0.6708     1.3573     0.9927
[1] 19900.0000     0.0000     0.9981     0.1780     1.8699     1.0280
[1] 20000.0000     0.0000     0.8708    -0.2172     2.2305     1.0213
[1] 20100.0000     0.0000     0.9080     0.4053     1.6580     1.0402
[1] 20200.0000     0.6736     0.9840    -0.2282     2.1897     1.1380
[1] 20300.0000     0.0000     0.8028     0.1461     1.9156     0.9708
[1] 20400.0000     0.0021     0.9072     0.1907     1.7888     0.9991
[1] 20500.0000     0.0000     0.8964    -0.6133     2.6747     1.1285
[1] 20600.0000     0.1177     0.8137    -0.1561     2.1953     0.9497
[1] 20700.0000     1.0000     0.8107     0.1765     1.7247     1.0874
[1] 20800.0000     0.0000     0.9606    -0.6713     2.7000     1.0886
[1] 20900.0000     0.0001     0.9109     0.7991     1.2347     0.9980
[1] 21000.0000     0.0000     0.9912     1.3973     0.6314     1.0875
[1] 21100.0000     0.0000     0.9732    -0.0813     2.0384     0.8253
[1] 21200.0000     0.0209     0.8263     0.3919     1.6100     1.1324
[1] 21300.0000     0.0000     0.8399    -0.4025     2.3021     1.0171
[1] 21400.0000     0.0000     0.9719     0.3607     1.6237     0.9071
[1] 21500.0000     0.0000     0.8732    -0.1396     2.0406     1.0565
[1] 21600.0000     0.0000     0.8010    -0.4785     2.4498     1.1966
[1] 21700.0000     0.0000     0.8258    -0.9367     2.9336     1.1265
[1] 21800.0000     0.0000     0.8709    -0.4252     2.4474     1.0601
[1] 21900.0000     0.0000     0.9408     0.0818     1.8739     0.9421
[1] 22000.0000     0.0000     0.8850     1.0749     0.9500     0.9555
[1] 22100.0000     0.0000     0.9825    -0.3163     2.3276     1.1195
[1] 22200.0000     0.0000     0.9349    -0.1868     2.1077     0.9881
[1] 22300.0000     0.0003     0.8584     0.0422     1.9496     0.9367
[1] 22400.0000     0.0000     0.9494     0.5243     1.4867     0.9207
[1] 22500.0000     0.0000     0.9610     1.6929     0.2564     0.9963
[1] 22600.0000     0.0000     0.8858     0.6732     1.4822     0.9064
[1] 22700.0000     0.0000     0.8271     0.1713     1.7572     1.1968
[1] 22800.0000     0.0017     0.8616    -1.3769     3.4857     1.1425
[1] 22900.0000     0.0000     0.9207     0.4101     1.5163     0.8362
[1] 23000.0000     0.0000     0.9652     0.4162     1.6052     1.0264
[1] 23100.0000     0.0000     0.9231    -0.4434     2.4447     0.8179
[1] 23200.0000     0.0000     0.9741    -0.4796     2.4945     1.1699
[1] 23300.0000     0.2958     0.8966    -0.3208     2.3228     1.0199
[1] 23400.0000     0.0000     0.8015     0.7309     1.3374     0.8904
[1] 23500.0000     0.0000     0.9561     0.6146     1.4215     1.0572
[1] 23600.0000     0.0000     0.8360     0.4515     1.5752     0.8406
[1] 23700.0000     0.0000     0.8580     0.9671     1.0801     0.8494
[1] 23800.0000     0.0000     0.9509     0.2840     1.5791     0.9516
[1] 23900.0000     0.0000     0.8157     0.2551     1.7355     0.8034
[1] 24000.0000     0.0000     0.9653    -0.1584     2.1209     0.9324
[1] 24100.0000     0.0000     0.8289    -0.7460     2.7732     0.9877
[1] 24200.0000     0.0000     0.8399    -0.1289     2.0343     1.0287
[1] 24300.0000     0.0000     0.8207    -0.5680     2.5771     1.1509
[1] 2.440e+04 1.000e+00 9.947e-01 1.042e+00 9.671e-01 9.697e-01
[1] 24500.0000     0.0000     0.9064     1.0122     0.9540     0.8345
[1] 24600.0000     0.0000     0.9062     0.5013     1.4673     0.8877
[1] 24700.0000     0.0000     0.9025    -0.1499     2.1614     0.8040
[1] 24800.0000     0.0000     0.8109    -0.3579     2.3876     1.1899
[1] 24900.0000     0.0000     0.9495    -0.1432     2.1169     0.8626
[1] 25000.0000     0.0000     0.9628    -0.0319     2.0223     0.9362
[1] 25100.0000     0.0000     0.9605     0.3900     1.5533     1.0743
[1] 25200.0000     0.0000     0.8184    -0.2485     2.2538     0.8574
[1] 25300.0000     0.5602     0.8206    -0.1261     2.1261     0.8645
[1] 25400.0000     1.0000     0.8988    -0.2175     2.1623     1.0888
[1] 25500.0000     0.0000     0.8147     0.5331     1.4387     1.1844
[1] 25600.0000     0.0000     0.8978     0.0240     1.9655     1.1142
[1] 25700.0000     0.0000     0.8060     0.8654     1.1746     0.8422
[1] 25800.0000     0.0000     0.8043     0.3991     1.6568     0.8730
[1] 25900.0000     1.0000     0.8632     0.2429     1.7886     1.1254
[1] 26000.0000     1.0000     0.9492    -0.2801     2.3400     1.0058
[1] 26100.0000     0.0000     0.9196    -0.0149     1.8565     1.1722
[1] 26200.0000     0.0000     0.9529    -0.4484     2.3273     1.0017
[1] 26300.0000     0.0000     0.8530    -0.9913     3.0076     1.0678
[1] 2.640e+04 0.000e+00 8.767e-01 1.181e-01 1.798e+00 8.041e-01
[1] 26500.0000     0.0011     0.9903     0.3285     1.7314     1.1966
[1] 26600.0000     0.0000     0.9293    -0.7958     2.9505     0.8497
[1] 26700.0000     0.0000     0.8184     0.2308     1.7476     0.9177
[1] 26800.0000     0.0000     0.8180    -1.5209     3.5643     0.8719
[1] 26900.0000     0.0000     0.9184     0.2994     1.7574     1.1619
[1] 27000.0000     0.0000     0.8102    -0.3490     2.3391     1.1325
[1] 27100.0000     1.0000     0.9280    -0.3379     2.3435     1.0348
[1] 27200.0000     0.0000     0.8628    -0.6675     2.6842     1.0265
[1] 2.730e+04 0.000e+00 9.326e-01 6.500e-02 1.925e+00 8.298e-01
[1] 27400.0000     0.0000     0.9843     0.2731     1.7327     1.1629
[1] 27500.0000     0.0000     0.8677     0.5542     1.4466     0.9516
[1] 27600.0000     0.0000     0.8732     1.5777     0.4505     0.9172
[1] 27700.0000     0.0000     0.8768     0.3934     1.6797     1.0202
[1] 27800.0000     0.0000     0.8338     0.4140     1.5589     0.9440
[1] 27900.0000     1.0000     0.8904     0.7605     1.2189     0.9276
[1] 28000.0000     0.0000     0.8025    -0.4545     2.4644     0.9240
[1] 28100.0000     0.0000     0.9262     0.8998     1.1667     1.0710
[1] 28200.0000     0.0000     0.9683     0.3783     1.6262     0.8917
[1] 28300.0000     0.0000     0.9886    -0.1456     2.1362     1.1843
[1] 28400.0000     1.0000     0.9594    -0.6243     2.5679     0.8105
[1] 28500.0000     0.0000     0.8678     1.1386     0.8604     0.8688
[1] 28600.0000     0.0000     0.9856     0.1860     1.7100     1.1641
[1] 28700.0000     0.0000     0.9675    -0.9833     3.0106     1.1579
[1] 28800.0000     0.0000     0.8104     0.1074     1.9714     1.1940
[1] 28900.0000     0.0000     0.9137     0.9671     1.0787     0.8478
[1] 29000.0000     0.0000     0.9277     0.3709     1.6461     1.1735
[1] 29100.0000     0.0000     0.8445     0.0017     2.0528     0.8871
[1] 29200.0000     0.0703     0.9367     0.7718     1.2292     1.1465
[1] 29300.0000     0.0027     0.9749     1.5149     0.4559     0.9782
[1] 29400.0000     0.0000     0.9394     1.1475     0.7606     1.1754
[1] 29500.0000     0.0000     0.8094    -0.5178     2.4731     0.8253
[1] 29600.0000     0.0000     0.8335     0.5929     1.3756     1.1940
[1] 29700.0000     0.0000     0.9991     0.1677     1.7844     0.9357
[1] 29800.0000     0.0000     0.8030    -0.8852     2.9636     0.9421
[1] 29900.0000     0.4787     0.9798     0.1497     1.9450     1.0014
[1] 30000.0000     0.0000     0.9250     1.2545     0.7227     1.0393
[1] 0.07059718
Time difference of 3.936924 hours
null device 
          1 
