[1] "El numero de nodos X particion es: 10"
[1] "Model = M1 / Data = sim_data/datasetSVIMatern16.Rdata"
[1] 100.0000   0.4617   0.9429   0.0423   1.9649   1.1970
[1] 200.0000   1.0000   0.9804  -0.0773   2.1895   1.0297
[1] 300.0000   1.0000   0.8776  -0.1195   2.2081   1.0665
[1] 400.0000   0.3310   0.9217  -0.0769   2.1384   0.9692
[1] 500.0000   0.1036   0.9813  -0.0343   2.1842   0.8492
[1] 600.0000   1.0000   0.9748  -0.3329   2.3694   1.0386
[1] 700.0000   0.1029   0.9506   0.1286   1.9502   1.0413
[1] 800.0000   0.0000   0.9381   0.4801   1.5948   1.1219
[1] 900.0000   0.0000   0.9606  -0.5745   2.6096   1.0158
[1] 1000.0000    0.0000    0.8209   -0.6226    2.6991    0.9374
[1] 1100.0000    0.0000    0.9949    0.3582    1.7127    1.1046
[1] 1200.0000    0.5320    0.8603    0.7421    1.4130    0.9164
[1] 1300.0000    0.0001    0.9498   -0.0474    2.0413    1.1653
[1] 1400.0000    0.0000    0.9303   -0.5424    2.5181    1.1894
[1] 1500.0000    0.0000    0.9584    0.2123    1.8947    1.0940
[1] 1600.0000    0.0000    0.9998   -1.4821    3.6141    1.1214
[1] 1700.0000    0.0000    0.9419   -0.3326    2.4934    1.0966
[1] 1800.0000    0.0000    0.9376    0.2399    1.8810    0.8302
[1] 1900.0000    0.0000    0.9875   -0.3539    2.4861    0.8532
[1] 2000.0000    0.0000    0.9400   -0.9324    3.0600    1.1109
[1] 2100.0000    0.0000    0.9433   -1.0591    3.0101    1.0825
[1] 2200.0000    0.0000    0.8688    0.1761    2.0119    1.1477
[1] 2300.0000    0.0000    0.9906   -0.1515    2.0960    0.8768
[1] 2400.0000    0.0000    0.9355   -0.1030    2.2409    1.1578
[1] 2500.0000    0.0097    0.8909    1.2371    0.7800    1.1217
[1] 2600.0000    0.0000    0.8617   -0.1399    2.1802    0.8044
[1] 2700.0000    0.0000    0.9527   -1.0463    3.0979    0.9546
[1] 2800.0000    0.0000    0.9382   -0.1345    2.1273    1.1558
[1] 2900.0000    0.0000    0.9911   -0.1634    2.2226    1.0669
[1] 3000.0000    0.0000    0.9485   -0.3723    2.4031    1.1645
[1] 3100.0000    0.0000    0.9751    0.6382    1.4395    1.0618
[1] 3200.0000    0.0000    0.8205    0.6143    1.4789    0.8873
[1] 3300.0000    0.0000    0.9312   -0.1612    2.2465    0.9302
[1] 3400.0000    1.0000    0.8983    0.3273    1.8114    1.1525
[1] 3500.0000    0.0000    0.9035   -0.0104    2.0613    0.9507
[1] 3600.0000    0.0000    0.9027   -0.3932    2.5303    1.1569
[1] 3700.0000    1.0000    0.9624    0.1560    1.9575    0.8094
[1] 3800.0000    0.0000    0.9791    0.6779    1.3564    1.0179
[1] 3900.0000    0.0000    0.9566   -0.2145    2.3216    1.1344
[1] 4000.0000    0.0000    0.9448   -0.5069    2.5810    1.0791
[1] 4100.0000    0.0000    0.8388   -0.8045    2.9001    0.8864
[1] 4200.0000    0.0000    0.9756   -0.7431    2.7578    0.9752
[1] 4300.0000    1.0000    0.8741   -0.9690    3.0597    1.1249
[1] 4400.0000    0.0000    0.9983    0.3027    1.7438    1.0333
[1] 4500.0000    0.5577    0.8410    0.6182    1.5266    1.1520
[1] 4600.0000    0.0000    0.9525    0.7067    1.5077    1.1110
[1] 4700.0000    0.0000    0.9642    0.3315    1.7887    0.8886
[1] 4800.0000    0.0000    0.9934   -0.2332    2.1979    1.1846
[1] 4900.0000    0.0000    0.9924   -0.9303    3.1262    1.1836
[1] 5000.0000    0.0000    0.9762   -0.6124    2.6588    0.8665
[1] 5100.0000    0.0000    0.9679   -0.0731    2.2280    1.1951
[1] 5200.0000    0.0000    0.8051    0.1511    1.9942    0.8965
[1] 5300.0000    0.0000    0.8845    0.0558    2.0090    1.0022
[1] 5400.0000    0.0000    0.9354   -0.2420    2.1743    1.1012
[1] 5500.0000    0.0000    0.8506    0.8880    1.1705    1.1979
[1] 5600.0000    0.0000    0.9929   -0.6209    2.6017    1.1085
[1] 5700.0000    0.0000    0.9445    0.0033    2.1285    1.0237
[1] 5800.0000    0.0000    0.8612   -0.4139    2.5299    1.0327
[1] 5900.0000    0.0000    0.9311   -0.2877    2.3784    0.8983
[1] 6000.0000    0.0000    0.9870    0.5267    1.5115    1.0819
[1] 6100.0000    0.0000    0.9284    0.0733    2.0270    0.9188
[1] 6200.0000    0.0000    0.9400    0.5512    1.4424    0.8404
[1] 6300.0000    0.0000    0.9569    0.9640    1.1960    0.8080
[1] 6400.0000    0.0000    0.9599   -0.0192    2.1243    0.9947
[1] 6500.0000    0.0008    0.9084    0.2291    1.8619    1.0918
[1] 6600.0000    0.0000    0.8401    0.2890    1.7625    1.0889
[1] 6700.0000    0.0000    0.9231   -0.4726    2.6707    1.1521
[1] 6800.0000    0.0292    0.8642    0.1840    1.8669    1.0905
[1] 6900.0000    0.0000    0.9607   -0.8302    2.9271    0.8534
[1] 7000.0000    0.0000    0.8521   -0.1796    2.2502    1.0680
[1] 7100.0000    0.0000    0.9857    0.0692    2.0358    1.0571
[1] 7200.0000    0.0000    0.9439    0.3089    1.8306    1.1769
[1] 7300.0000    0.0000    0.9346    0.0908    2.0236    1.1740
[1] 7400.0000    0.0000    0.8045   -0.3330    2.3835    0.8734
[1] 7500.0000    0.0000    0.9902   -1.7407    3.7329    1.0957
[1] 7600.0000    0.0000    0.9493   -0.6279    2.6746    0.9281
[1] 7700.0000    0.0000    0.8552   -1.2062    3.2172    1.0850
[1] 7800.0000    0.0000    0.8350   -0.1467    2.2947    1.1361
[1] 7900.0000    0.0000    0.9654   -0.1714    2.2038    1.1831
[1] 8000.0000    0.0000    0.9309    0.2109    1.7819    1.0835
[1] 8100.0000    0.0000    0.8483   -0.4639    2.4902    0.8203
[1] 8200.0000    0.0000    0.9518   -0.5283    2.5143    1.1546
[1] 8300.0000    0.0000    0.8222   -0.6703    2.8205    0.8438
[1] 8400.0000    0.0000    0.9658   -0.4829    2.5631    0.9286
[1] 8500.0000    0.0000    0.8325    0.3616    1.7734    1.0750
[1] 8600.0000    0.0005    0.9648   -0.7828    2.8855    1.1411
[1] 8700.0000    0.0000    0.8940    0.2481    1.7883    1.0236
[1] 8800.0000    0.0000    0.9735   -0.2492    2.2866    1.0381
[1] 8900.0000    0.0000    0.8674    0.3282    1.6971    1.0474
[1] 9000.0000    0.0000    0.8301    0.6968    1.3031    1.1387
[1] 9100.0000    0.0000    0.9178    0.0423    1.9815    0.8722
[1] 9200.0000    0.0000    0.8777   -0.9949    3.1541    1.1489
[1] 9300.0000    0.0000    0.8689    0.0269    2.0903    0.9976
[1] 9400.0000    0.0000    0.9737    0.3609    1.6859    1.0570
[1] 9500.0000    0.0000    0.8817    0.0992    1.9120    1.0875
[1] 9600.0000    0.0000    0.8993    0.1167    2.0323    0.8299
[1] 9700.0000    0.0000    0.9657    1.8081    0.1946    0.9166
[1] 9800.0000    0.0000    0.9514    0.1589    1.9131    1.0521
[1] 9900.0000    0.0000    0.9369    1.3357    0.7983    1.1404
[1] 10000.0000     0.1295     0.9984     0.3588     1.7027     0.9987
[1] 10100.0000     1.0000     0.9049     0.5799     1.5814     1.0751
[1] 10200.0000     0.0001     0.9575     0.4622     1.5673     0.9628
[1] 10300.0000     0.2921     0.9549     1.5728     0.5394     0.8021
[1] 10400.0000     0.0000     0.9109     0.1724     1.8734     0.9653
[1] 10500.0000     0.0000     0.9828     0.2125     1.8101     0.8036
[1] 10600.0000     0.0000     0.9864     0.0776     1.9574     0.9817
[1] 10700.0000     0.0000     0.8398     1.0876     1.0221     1.0590
[1] 10800.0000     1.0000     0.8056    -0.0852     2.1675     0.8503
[1] 10900.0000     0.0000     0.9660     0.8724     1.2606     1.1970
[1] 11000.0000     0.0607     0.8555     0.8927     1.1822     1.1761
[1] 11100.0000     0.0000     0.9587    -0.3345     2.3390     0.9308
[1] 11200.0000     0.2477     0.9398    -0.2907     2.3706     0.9513
[1] 11300.0000     0.0000     0.9481    -0.2147     2.1788     1.1448
[1] 11400.0000     0.0007     0.9548     0.2210     1.9154     1.0047
[1] 11500.0000     0.0000     0.8061    -0.1097     2.2356     1.1646
[1] 11600.0000     0.0000     0.9104    -0.2865     2.3542     0.8269
[1] 11700.0000     0.0034     0.9616     0.8476     1.1994     1.1733
[1] 11800.0000     0.0000     0.8027    -0.5644     2.6243     0.8530
[1] 11900.0000     0.0000     0.9950    -0.8231     2.9130     1.0414
[1] 12000.0000     0.0000     0.8056     0.1908     1.9071     1.1142
[1] 12100.0000     0.0000     0.8005    -0.8353     2.9595     0.8375
[1] 12200.0000     0.0127     0.9853     0.5604     1.5887     1.1443
[1] 12300.0000     0.0002     0.9057     0.4725     1.6729     1.1159
[1] 12400.0000     0.0700     0.8019    -0.3969     2.5400     1.1971
[1] 12500.0000     0.0000     0.9939     0.0920     2.0449     0.9707
[1] 12600.0000     0.0000     0.9125    -0.2343     2.4378     1.1924
[1] 12700.0000     0.0000     0.9614    -0.4326     2.3531     0.8958
[1] 12800.0000     0.0000     0.9902    -1.2966     3.3009     0.9345
[1] 12900.0000     0.0184     0.9728    -0.1117     2.2188     0.8641
[1] 13000.0000     0.0000     0.9285     0.0682     1.9254     1.1063
[1] 13100.0000     0.0000     0.9339     1.4789     0.5262     1.1193
[1] 13200.0000     0.0000     0.8843     0.8836     1.2554     0.9997
[1] 13300.0000     0.0000     0.9271     0.1299     1.9026     0.8364
[1] 13400.0000     0.0000     0.9882     1.0082     1.0454     1.1072
[1] 13500.0000     0.0000     0.8358     0.5756     1.5347     1.1234
[1] 13600.0000     0.0000     0.8917     0.6637     1.3919     1.0301
[1] 13700.0000     0.0000     0.9842     0.4931     1.5546     0.9828
[1] 13800.0000     0.0000     0.8787    -0.1044     2.2020     1.0611
[1] 13900.0000     0.0000     0.8960     0.6732     1.4582     0.9798
[1] 1.400e+04 0.000e+00 9.588e-01 3.352e-01 1.713e+00 9.662e-01
[1] 14100.0000     0.0000     0.8844    -0.5211     2.4980     1.1867
[1] 14200.0000     0.0000     0.9491     0.0318     2.0417     1.1885
[1] 14300.0000     0.0000     0.9227     0.0667     1.9456     1.0001
[1] 14400.0000     0.3337     0.8623     0.6547     1.4412     0.8985
[1] 14500.0000     0.6477     0.9833     0.3367     1.6737     1.1771
[1] 14600.0000     0.0000     0.9850     1.1144     1.0172     0.9950
[1] 14700.0000     0.0000     0.9977    -0.8416     2.8350     1.0667
[1] 14800.0000     0.0000     0.9996     1.1509     0.8740     1.1359
[1] 14900.0000     0.0003     0.9582     0.7758     1.4465     1.0321
[1] 15000.0000     0.0020     0.9447    -0.2816     2.3577     0.8911
[1] 1.510e+04 1.000e+00 8.292e-01 4.941e-01 1.548e+00 9.249e-01
[1] 15200.0000     0.0000     0.9307     0.4758     1.6215     0.9934
[1] 15300.0000     0.9875     0.8282    -0.5596     2.5977     1.1177
[1] 15400.0000     1.0000     0.9829    -0.9080     2.8727     1.0368
[1] 15500.0000     0.0000     0.9734    -1.4106     3.5910     1.1714
[1] 15600.0000     0.0000     0.8520    -1.1477     3.2100     1.1912
[1] 15700.0000     0.0000     0.8475    -0.3577     2.3743     0.9690
[1] 15800.0000     0.0004     0.9687    -0.7771     2.7926     1.0771
[1] 15900.0000     0.0000     0.8560    -0.3416     2.3598     0.9619
[1] 16000.0000     0.3914     0.9761    -0.7434     2.7053     1.0600
[1] 16100.0000     0.0000     0.9566     0.7007     1.4343     1.0234
[1] 16200.0000     0.0000     0.9466     0.4525     1.5411     0.9477
[1] 16300.0000     0.0000     0.9327     0.0298     2.1186     0.9714
[1] 16400.0000     0.0000     0.9648     1.5165     0.5658     0.9493
[1] 16500.0000     0.5381     0.9646     0.5339     1.4907     1.1820
[1] 16600.0000     0.0000     0.8294    -0.4144     2.5601     0.8835
[1] 16700.0000     0.0000     0.9287    -0.3859     2.3868     0.9633
[1] 16800.0000     0.0000     0.8621    -0.6007     2.6063     1.1596
[1] 16900.0000     0.0000     0.8138    -0.7092     2.7508     1.1004
[1] 17000.0000     0.0000     0.9790    -0.9442     3.0457     0.8822
[1] 17100.0000     0.0001     0.9305     1.3162     0.6911     0.9283
[1] 17200.0000     0.0000     0.9497     1.7324     0.3090     0.8252
[1] 17300.0000     1.0000     0.8396     1.7876     0.2968     1.0131
[1] 17400.0000     0.0000     0.8593     1.3439     0.8413     1.1450
[1] 17500.0000     0.0000     0.9677     0.0379     2.0456     1.1479
[1] 17600.0000     0.0000     0.8280     0.6206     1.3930     1.1486
[1] 17700.0000     0.0000     0.8794     0.9016     1.2569     0.9707
[1] 17800.0000     0.0000     0.9383    -0.7477     2.9831     1.0084
[1] 1.790e+04 0.000e+00 9.083e-01 4.696e-01 1.626e+00 9.495e-01
[1] 18000.0000     0.8281     0.9109     0.6053     1.5101     0.8712
[1] 18100.0000     0.0000     0.9461     0.2092     1.7589     0.9222
[1] 18200.0000     0.0001     0.9706     1.2839     0.7675     0.8923
[1] 18300.0000     0.0000     0.9012    -0.5052     2.6653     1.0710
[1] 18400.0000     0.0000     0.9529    -0.9579     3.1055     0.8173
[1] 18500.0000     0.0000     0.9525    -0.0392     2.0835     0.9333
[1] 18600.0000     0.0000     0.8420     0.8897     1.2485     0.8224
[1] 18700.0000     0.0000     0.8080    -0.1007     2.2880     0.9308
[1] 18800.0000     0.0000     0.8635     0.6402     1.4147     1.1693
[1] 18900.0000     0.0000     0.9024     0.2194     1.7764     1.0613
[1] 19000.0000     0.0000     0.8366    -0.7699     2.8391     0.8015
[1] 19100.0000     0.0000     0.8142    -0.9096     2.9737     1.0716
[1] 19200.0000     0.0000     0.8001    -0.3770     2.4128     0.9641
[1] 19300.0000     0.0000     0.9669    -0.6043     2.6504     1.0123
[1] 19400.0000     0.0000     0.8040    -0.4077     2.5834     1.1551
[1] 19500.0000     0.0000     0.9654    -0.1142     2.2219     0.9669
[1] 19600.0000     1.0000     0.9648    -1.1459     3.2012     1.1447
[1] 19700.0000     0.0000     0.8982    -0.3519     2.4033     1.1826
[1] 19800.0000     0.0000     0.9408    -0.0605     2.1786     0.9927
[1] 19900.0000     0.0000     0.9981    -0.1456     2.2684     1.0280
[1] 20000.0000     0.0000     0.9962    -0.0007     2.0382     1.1288
[1] 20100.0000     0.0000     0.9080     0.5769     1.5733     1.0402
[1] 20200.0000     1.0000     0.9840     0.2693     1.7802     1.1380
[1] 20300.0000     0.0000     0.9921     0.8476     1.2740     1.1096
[1] 20400.0000     0.0063     0.8862     0.6157     1.4655     1.1935
[1] 20500.0000     0.0000     0.8964    -0.3977     2.4613     1.1285
[1] 20600.0000     0.3550     0.9169    -0.3466     2.5096     1.1057
[1] 20700.0000     0.8336     0.8107     0.3966     1.5816     1.0874
[1] 20800.0000     0.0000     0.9606    -0.1621     2.1760     1.0886
[1] 20900.0000     0.0001     0.9109     0.9994     1.1501     0.9980
[1] 21000.0000     0.0000     0.9613     0.8688     1.1642     1.0378
[1] 21100.0000     0.0000     0.9732    -0.0140     2.0353     0.8253
[1] 21200.0000     0.0896     0.9704     0.4859     1.6359     1.1667
[1] 21300.0000     0.0000     0.9596    -0.6450     2.6482     1.0815
[1] 21400.0000     0.0000     0.9719    -0.1438     2.2028     0.9071
[1] 21500.0000     0.0000     0.9774    -0.2412     2.2328     1.0785
[1] 21600.0000     0.0000     0.8010    -0.5999     2.6880     1.1966
[1] 21700.0000     0.0000     0.9766    -0.5153     2.6046     1.1392
[1] 21800.0000     0.0000     0.8709    -0.4440     2.5403     1.0601
[1] 21900.0000     0.0000     0.9084     0.1281     1.8960     1.1067
[1] 22000.0000     0.0000     0.8850     1.1127     0.8965     0.9555
[1] 22100.0000     0.0000     0.9825     0.0804     2.0592     1.1195
[1] 22200.0000     0.0000     0.9882    -0.2423     2.2328     0.9514
[1] 22300.0000     0.0019     0.8584    -0.0129     2.0746     0.9367
[1] 22400.0000     0.0000     0.9494     0.5308     1.5624     0.9207
[1] 22500.0000     0.0008     0.9610     1.4353     0.6594     0.9963
[1] 22600.0000     0.0000     0.8858     0.8493     1.2516     0.9064
[1] 22700.0000     0.0000     0.9832     1.6481     0.4484     1.1311
[1] 22800.0000     0.0000     0.9552     0.1394     2.0121     0.9364
[1] 22900.0000     0.0000     0.9973    -0.0538     2.1281     1.0539
[1] 23000.0000     0.0000     0.9652     0.1037     1.9412     1.0264
[1] 23100.0000     0.0000     0.9231    -0.0902     2.1508     0.8179
[1] 23200.0000     0.0000     0.9741    -0.1274     2.2753     1.1699
[1] 23300.0000     0.1257     0.8966     0.0179     2.0327     1.0199
[1] 23400.0000     0.0000     0.9418     1.0756     1.0229     0.8205
[1] 23500.0000     0.0000     0.8934     0.1252     1.9864     1.1391
[1] 23600.0000     0.0000     0.9891     0.3841     1.7222     1.1571
[1] 23700.0000     0.0000     0.9977     0.7724     1.2791     0.9083
[1] 23800.0000     0.0000     0.9509    -0.0160     1.9811     0.9516
[1] 23900.0000     0.0000     0.9496     1.1869     0.8811     1.1869
[1] 2.400e+04 0.000e+00 9.653e-01 7.734e-01 1.265e+00 9.324e-01
[1] 24100.0000     0.0000     0.8643    -0.8423     2.9298     0.9462
[1] 24200.0000     0.0000     0.8399    -0.2874     2.2630     1.0287
[1] 24300.0000     0.0000     0.9879    -1.2646     3.3267     1.1930
[1] 24400.0000     0.0292     0.9020     0.4813     1.7266     1.0534
[1] 24500.0000     0.0000     0.9674     0.9888     1.1132     1.1315
[1] 24600.0000     0.0000     0.9062     0.4007     1.6408     0.8877
[1] 24700.0000     0.0016     0.9025    -0.0180     2.1407     0.8040
[1] 24800.0000     0.0002     0.8109     0.3267     1.7663     1.1899
[1] 24900.0000     0.0898     0.9126    -1.0194     3.2185     1.0268
[1] 25000.0000     0.0001     0.9467     0.3892     1.6986     1.0393
[1] 25100.0000     0.0000     0.9605     1.5436     0.4950     1.0743
[1] 25200.0000     0.0000     0.9920     0.0156     2.0843     0.8420
[1] 25300.0000     0.4704     0.9787     0.3712     1.7908     1.1404
[1] 25400.0000     0.4640     0.8988     0.4950     1.6022     1.0888
[1] 25500.0000     0.0000     0.9954     0.6172     1.4259     0.9606
[1] 25600.0000     0.0000     0.8978     0.1013     1.9581     1.1142
[1] 25700.0000     0.0000     0.8662     0.1749     1.8838     1.1677
[1] 25800.0000     0.0000     0.8043    -0.7786     2.8145     0.8730
[1] 25900.0000     1.0000     0.8632    -0.6541     2.7294     1.1254
[1] 26000.0000     0.2914     0.9492    -0.1607     2.3598     1.0058
[1] 26100.0000     0.0000     0.9196    -0.1673     2.0826     1.1722
[1] 26200.0000     0.0000     0.9768    -0.4562     2.4621     0.9801
[1] 26300.0000     0.0000     0.9342    -0.3642     2.2352     1.1434
[1] 26400.0000     0.0000     0.8767     0.9952     1.1107     0.8041
[1] 26500.0000     0.0233     0.8611     0.4676     1.6083     1.1675
[1] 26600.0000     0.0000     0.9293     0.1377     2.0782     0.8497
[1] 26700.0000     0.0001     0.9890     0.0285     1.9601     0.9390
[1] 26800.0000     0.0000     0.8448    -1.5509     3.5684     0.8652
[1] 26900.0000     0.0000     0.9241    -0.6550     2.8575     1.0646
[1] 27000.0000     0.0000     0.9618     0.4712     1.6506     1.1838
[1] 27100.0000     0.4118     0.9618     0.4712     1.6506     1.1838
[1] 27200.0000     0.0000     0.9701    -0.4363     2.4816     1.0683
[1] 27300.0000     0.0000     0.9185    -0.1109     2.1291     0.9822
[1] 27400.0000     0.0000     0.9754     0.3437     1.7245     1.0598
[1] 27500.0000     0.0000     0.8463     0.9980     1.1603     0.8762
[1] 27600.0000     0.0000     0.8732     0.6070     1.5455     0.9172
[1] 27700.0000     0.0000     0.8317     0.5741     1.5323     1.1846
[1] 27800.0000     0.0000     0.8338     0.6778     1.3896     0.9440
[1] 27900.0000     1.0000     0.8904     0.2733     1.7931     0.9276
[1] 28000.0000     0.0000     0.9328    -0.5020     2.6474     0.9314
[1] 28100.0000     0.0000     0.9262     0.9793     1.1408     1.0710
[1] 2.820e+04 0.000e+00 9.683e-01 5.726e-01 1.578e+00 8.917e-01
[1] 28300.0000     0.0000     0.9886    -0.5895     2.5963     1.1843
[1] 28400.0000     1.0000     0.9594    -0.2101     2.2607     0.8105
[1] 28500.0000     0.0000     0.9130     1.0198     1.1071     1.1129
[1] 28600.0000     0.0000     0.9856     0.3808     1.6927     1.1641
[1] 28700.0000     0.0000     0.9675    -0.3189     2.3899     1.1579
[1] 28800.0000     0.0000     0.8104     0.2648     1.8022     1.1940
[1] 28900.0000     0.0000     0.9137     0.8188     1.3769     0.8478
[1] 29000.0000     0.0000     0.9277     0.5793     1.4963     1.1735
[1] 2.910e+04 0.000e+00 8.848e-01 2.860e-02 2.073e+00 8.090e-01
[1] 29200.0000     0.0156     0.9367     1.2571     0.7897     1.1465
[1] 29300.0000     0.0763     0.9749     0.7538     1.3681     0.9782
[1] 29400.0000     0.0000     0.9394     0.5508     1.5229     1.1754
[1] 29500.0000     0.0000     0.9697    -0.0280     2.1059     0.9614
[1] 29600.0000     0.0000     0.8335     0.1032     1.9486     1.1940
[1] 29700.0000     0.0000     0.9991    -0.2057     2.2008     0.9357
[1] 29800.0000     0.0000     0.8030    -1.0843     3.2039     0.9421
[1] 29900.0000     1.0000     0.9798    -0.3416     2.4434     1.0014
[1] 30000.0000     0.0000     0.9561     1.3244     0.7159     1.0811
[1] 0.07155714
Time difference of 4.565911 hours
null device 
          1 
