[1] "El numero de nodos X particion es: 10"
[1] "Model = M2 / Data = sim_data/datasetSVCExponential27.Rdata"
[1] 100.0000   0.0417   0.9429   0.0054   1.7429   1.1970
[1] 200.0000   1.0000   0.9804  -0.1640   1.7282   1.0297
[1] 300.0000   0.1070   0.8776  -0.2125   1.7920   1.0665
[1] 400.0000   0.0427   0.9217  -0.0858   1.7761   0.9692
[1] 500.0000   0.1095   0.9813  -0.2041   1.8365   0.8492
[1] 600.0000   0.0958   0.9748  -0.0736   1.5831   1.0386
[1] 700.0000   0.1026   0.8999  -0.2783   1.7601   1.0702
[1] 800.0000   1.0000   0.8954  -0.1806   1.7053   1.1490
[1] 900.0000   0.7831   0.9357  -0.2661   1.7938   1.0743
[1] 1000.0000    0.1688    0.9945   -0.2579    1.6461    0.8801
[1] 1100.0000    1.0000    0.9726   -0.2431    1.7003    1.0201
[1] 1200.0000    0.2566    0.8603   -0.2324    1.7381    0.9164
[1] 1300.0000    0.5652    0.8617   -0.1659    1.7726    1.0550
[1] 1400.0000    0.0842    0.9303   -0.3289    1.7124    1.1894
[1] 1500.0000    0.0204    0.9672   -0.2639    1.7420    1.1986
[1] 1600.0000    0.0041    0.9998   -0.2891    1.7688    1.1214
[1] 1700.0000    0.0001    0.9937   -0.2476    1.6925    0.8095
[1] 1800.0000    0.0152    0.9234   -0.2705    1.7882    1.1307
[1] 1900.0000    0.2290    0.9957   -0.2192    1.7331    1.1822
[1] 2000.0000    0.0185    0.9978   -0.1928    1.8337    1.1535
[1] 2100.0000    0.0029    0.9401   -0.2161    1.7244    1.0501
[1] 2200.0000    1.0000    0.8897   -0.2201    1.8093    1.0133
[1] 2300.0000    0.1335    0.9818   -0.2062    1.7240    0.8709
[1] 2400.0000    0.1891    0.9764   -0.0763    1.6182    1.0594
[1] 2500.0000    0.2929    0.9668   -0.2620    1.7553    0.8475
[1] 2600.0000    0.1100    0.9658   -0.2784    1.7942    1.0023
[1] 2700.0000    0.0114    0.9335   -0.2732    1.7307    0.9591
[1] 2800.0000    0.0922    0.9777   -0.2199    1.6801    0.8625
[1] 2900.0000    0.0037    0.9982   -0.2993    1.5960    0.9626
[1] 3000.0000    0.6255    0.9623   -0.2777    1.8046    1.1476
[1] 3100.0000    1.0000    0.9078   -0.2029    1.7784    0.9130
[1] 3200.0000    0.4667    0.9676   -0.2890    1.6401    1.1339
[1] 3300.0000    0.0090    0.9877   -0.1978    1.7127    0.9428
[1] 3400.0000    0.0108    0.9515   -0.2214    1.5960    1.1198
[1] 3500.0000    0.8989    0.9338   -0.2737    1.7882    0.8830
[1] 3600.0000    0.0202    0.9676   -0.2402    1.6676    1.0085
[1] 3700.0000    0.2341    0.9950   -0.1792    1.7532    1.0085
[1] 3800.0000    0.0125    0.9791   -0.2382    1.6368    1.0179
[1] 3900.0000    0.0095    0.9837   -0.2537    1.7491    1.1370
[1] 4000.0000    0.8570    0.9388   -0.1931    1.7083    0.8131
[1] 4100.0000    1.0000    0.9426   -0.2731    1.7438    0.8764
[1] 4200.0000    0.0035    0.9756   -0.3173    1.7739    0.9752
[1] 4300.0000    0.0002    0.9982   -0.2492    1.7795    1.0819
[1] 4400.0000    0.0133    0.9571   -0.1411    1.7437    0.9932
[1] 4500.0000    0.0840    0.9366   -0.1909    1.7864    1.0448
[1] 4600.0000    0.2187    0.9525   -0.2733    1.6838    1.1110
[1] 4700.0000    0.0000    0.9863   -0.1548    1.7099    1.1102
[1] 4800.0000    0.0229    0.8985   -0.1829    1.7608    0.9827
[1] 4900.0000    0.0192    0.9222   -0.1482    1.7675    0.9837
[1] 5000.0000    0.6789    0.9273   -0.1804    1.7241    1.0348
[1] 5100.0000    0.0512    0.9679   -0.1443    1.7260    1.1951
[1] 5200.0000    0.6864    0.9005   -0.2033    1.8995    0.8630
[1] 5300.0000    1.0000    0.8379   -0.2030    1.7812    1.0434
[1] 5400.0000    0.0182    0.9974   -0.2412    1.6977    1.1725
[1] 5500.0000    1.0000    0.9295   -0.1117    1.7479    1.1335
[1] 5600.0000    0.0004    0.9989   -0.2776    1.7743    1.0046
[1] 5700.0000    1.0000    0.9639   -0.2406    1.6454    1.0846
[1] 5800.0000    0.1127    0.9141   -0.1253    1.6970    1.0035
[1] 5900.0000    0.0318    0.9936   -0.2122    1.6630    1.1548
[1] 6000.0000    0.0001    0.9432   -0.3263    1.8165    0.9611
[1] 6100.0000    0.0025    0.9517   -0.1471    1.8474    0.9216
[1] 6200.0000    0.0189    0.9787   -0.1697    1.5599    1.1364
[1] 6300.0000    0.0235    0.9569   -0.2634    1.7605    0.8080
[1] 6400.0000    0.0868    0.9885   -0.2142    1.7264    0.8165
[1] 6500.0000    1.0000    0.9478   -0.2982    1.6615    1.0656
[1] 6600.0000    0.2680    0.9801   -0.2213    1.7316    1.0197
[1] 6700.0000    0.0775    0.9726   -0.2514    1.6491    1.0730
[1] 6800.0000    0.0206    0.9947   -0.2494    1.6831    0.8549
[1] 6900.0000    0.1461    0.9783   -0.1888    1.7089    1.0604
[1] 7000.0000    1.0000    0.9910   -0.2622    1.7413    1.0078
[1] 7100.0000    0.0280    0.9857   -0.1866    1.7608    1.0571
[1] 7200.0000    0.0028    0.9995   -0.2214    1.7712    0.8671
[1] 7300.0000    1.0000    0.9616   -0.1664    1.7763    0.8824
[1] 7400.0000    0.4471    0.9257   -0.2719    1.7360    1.0951
[1] 7500.0000    0.0401    0.9538   -0.0742    1.7914    1.0728
[1] 7600.0000    0.0332    0.9979   -0.2140    1.7185    1.1442
[1] 7700.0000    0.0494    0.9975   -0.1978    1.6861    1.1871
[1] 7800.0000    0.0346    0.9829   -0.2492    1.7166    1.0003
[1] 7900.0000    0.0891    0.9605   -0.2167    1.6894    0.8727
[1] 8000.0000    0.0049    0.9888   -0.3017    1.6696    0.8620
[1] 8100.0000    0.0763    0.9405   -0.2067    1.8177    1.1590
[1] 8200.0000    0.0063    0.9636   -0.2014    1.7866    1.1811
[1] 8300.0000    0.1666    0.8896   -0.1628    1.8654    1.1748
[1] 8400.0000    0.0645    0.9658   -0.1978    1.7452    0.9286
[1] 8500.0000    0.0002    0.9939   -0.2059    1.6401    1.0648
[1] 8600.0000    0.2749    0.9564   -0.2508    1.7486    0.9963
[1] 8700.0000    0.0005    0.9956   -0.1917    1.6345    1.1637
[1] 8800.0000    0.5812    0.9324   -0.1806    1.6896    0.8066
[1] 8900.0000    0.6176    0.9431   -0.2355    1.7797    1.1381
[1] 9000.0000    0.4371    0.9025   -0.1896    1.7068    0.9096
[1] 9100.0000    0.1985    0.9538   -0.1970    1.7432    1.0939
[1] 9200.0000    0.3260    0.9239   -0.2211    1.7292    0.9769
[1] 9300.0000    0.0070    0.9856   -0.2115    1.6867    1.1370
[1] 9400.0000    0.0152    0.9943   -0.0855    1.7247    1.0986
[1] 9500.0000    0.0301    0.9653   -0.2537    1.7048    0.8505
[1] 9600.0000    1.0000    0.9566   -0.1925    1.7474    1.1182
[1] 9700.0000    0.1112    0.9657   -0.1870    1.6190    0.9166
[1] 9800.0000    0.0104    0.9462   -0.1823    1.7658    1.1275
[1] 9900.0000    0.0001    0.9529   -0.1356    1.6993    0.9335
[1] 10000.0000     0.1861     0.9167    -0.2699     1.7217     1.1877
[1] 10100.0000     0.8573     0.9049    -0.2634     1.6608     1.0751
[1] 10200.0000     1.0000     0.9808    -0.3581     1.6509     0.8342
[1] 10300.0000     0.2429     0.9290    -0.2075     1.6621     0.8292
[1] 10400.0000     0.0072     0.9870    -0.1238     1.7716     0.8317
[1] 10500.0000     0.0524     0.8159    -0.1374     1.7694     1.1284
[1] 10600.0000     0.1081     0.9579    -0.1487     1.8523     1.1829
[1] 10700.0000     0.0003     0.9608    -0.1174     1.7425     1.1293
[1] 10800.0000     0.0079     0.9785    -0.2807     1.7530     1.1554
[1] 10900.0000     0.0004     0.9660    -0.2344     1.7681     1.1970
[1] 11000.0000     0.0069     0.9778    -0.2196     1.7224     0.9372
[1] 11100.0000     0.0313     0.9709    -0.1606     1.8402     0.9321
[1] 11200.0000     0.6602     0.9412    -0.1881     1.7463     0.8257
[1] 11300.0000     0.4559     0.9738    -0.2743     1.6803     1.1215
[1] 11400.0000     0.5306     0.9830    -0.2274     1.6484     1.0526
[1] 11500.0000     0.0002     0.9311    -0.2293     1.7819     0.8792
[1] 11600.0000     0.4349     0.9382    -0.2588     1.6232     0.8033
[1] 11700.0000     0.0825     0.9810    -0.3130     1.5735     0.9386
[1] 11800.0000     0.0001     0.9849    -0.1345     1.6743     1.0283
[1] 11900.0000     0.2430     0.9675    -0.1712     1.7236     0.9621
[1] 12000.0000     0.6021     0.9595    -0.1375     1.8131     1.1960
[1] 12100.0000     0.9096     0.9650    -0.1648     1.7860     0.9420
[1] 12200.0000     0.0477     0.9853    -0.2399     1.7445     1.1443
[1] 12300.0000     0.1139     0.9623    -0.1778     1.6486     1.1420
[1] 12400.0000     0.0431     0.9803    -0.2745     1.8223     1.0988
[1] 12500.0000     0.0412     0.9939    -0.1314     1.7381     0.9707
[1] 12600.0000     1.0000     0.9564    -0.2481     1.6898     1.1675
[1] 12700.0000     0.0001     0.9486    -0.1922     1.9155     0.8166
[1] 12800.0000     0.0298     0.9087    -0.3161     1.7111     1.0631
[1] 12900.0000     0.0625     0.9378    -0.2570     1.5777     1.1252
[1] 13000.0000     0.0148     0.9696    -0.1943     1.6462     0.9346
[1] 13100.0000     0.0358     0.9404    -0.3547     1.7517     0.9822
[1] 13200.0000     0.5104     0.9589    -0.2894     1.5330     1.1555
[1] 13300.0000     0.6526     0.9324    -0.1489     1.7623     1.1427
[1] 13400.0000     0.1097     0.9485    -0.2258     1.6818     1.0271
[1] 13500.0000     0.0091     0.9671    -0.2182     1.7379     0.9422
[1] 13600.0000     0.0035     0.9601    -0.2012     1.6695     0.9762
[1] 13700.0000     0.0179     0.9962    -0.1738     1.7422     0.9736
[1] 13800.0000     0.0635     0.9685    -0.2477     1.8398     0.9435
[1] 13900.0000     0.0161     0.9575    -0.1628     1.7064     1.0672
[1] 14000.0000     1.0000     0.9598    -0.1699     1.7134     0.8043
[1] 14100.0000     0.0031     0.9236    -0.0963     1.8220     0.9106
[1] 14200.0000     0.8297     0.9100    -0.2292     1.7762     1.1948
[1] 14300.0000     0.8883     0.9874    -0.2371     1.7934     0.9095
[1] 14400.0000     1.0000     0.8984    -0.1962     1.7438     1.1866
[1] 14500.0000     1.0000     0.9833    -0.2392     1.6644     1.1771
[1] 14600.0000     0.0010     0.9646    -0.2551     1.6473     1.1720
[1] 14700.0000     0.5051     0.8840    -0.2489     1.7120     1.0394
[1] 14800.0000     1.0000     0.8823    -0.2627     1.7244     0.8703
[1] 14900.0000     0.3928     0.9850    -0.2229     1.8207     1.1438
[1] 15000.0000     0.0005     0.9486    -0.2277     1.6754     0.9418
[1] 15100.0000     0.0189     0.9112    -0.2023     1.7180     1.0503
[1] 15200.0000     0.0493     0.9851    -0.1662     1.6672     0.9800
[1] 15300.0000     0.2416     0.8856    -0.1473     1.7345     0.9730
[1] 15400.0000     1.0000     0.9829    -0.2475     1.6871     1.0368
[1] 15500.0000     0.2778     0.9423    -0.1616     1.7670     0.8091
[1] 15600.0000     1.0000     0.9912    -0.2886     1.7682     1.0551
[1] 15700.0000     0.6215     0.9225    -0.1006     1.7241     0.9294
[1] 15800.0000     0.9762     0.9774    -0.1566     1.7410     1.1822
[1] 15900.0000     0.0000     0.9611    -0.2878     1.7789     1.0447
[1] 16000.0000     1.0000     0.9761    -0.2418     1.7355     1.0600
[1] 16100.0000     0.4672     0.9477    -0.3366     1.7657     0.9420
[1] 16200.0000     0.1266     0.9573    -0.3235     1.7618     0.8266
[1] 16300.0000     0.8262     0.9029    -0.1571     1.8195     1.0365
[1] 16400.0000     0.0192     0.9797    -0.1731     1.6779     1.0271
[1] 16500.0000     0.8214     0.9407    -0.1143     1.8248     0.9877
[1] 16600.0000     1.0000     0.9292    -0.3082     1.8092     1.0485
[1] 16700.0000     0.6633     0.9070    -0.2239     1.7621     1.1930
[1] 16800.0000     0.9668     0.9593    -0.2961     1.6267     0.8375
[1] 16900.0000     0.5191     0.9993    -0.1334     1.7063     1.1521
[1] 17000.0000     0.0239     0.9815    -0.2336     1.8089     0.9010
[1] 17100.0000     0.0231     0.9262    -0.0940     1.7000     0.9696
[1] 17200.0000     0.0015     0.9497    -0.2132     1.6359     0.8252
[1] 17300.0000     0.0090     0.9564    -0.3240     1.6295     0.9524
[1] 17400.0000     1.0000     0.9623    -0.2449     1.7848     1.1696
[1] 17500.0000     1.0000     0.9645    -0.2239     1.7681     0.9956
[1] 17600.0000     0.0361     0.9563    -0.3017     1.7213     1.0643
[1] 17700.0000     0.0000     0.9944    -0.2371     1.5733     0.9167
[1] 17800.0000     1.0000     0.9968    -0.3195     1.6410     0.8268
[1] 17900.0000     0.1273     0.9929    -0.2595     1.7326     0.8382
[1] 18000.0000     0.6270     0.9109    -0.1389     1.7076     0.8712
[1] 18100.0000     0.1024     0.9382    -0.1428     1.7373     1.0047
[1] 18200.0000     0.1277     0.9180    -0.1720     1.9054     0.9221
[1] 18300.0000     0.3772     0.9706    -0.1727     1.7480     1.1685
[1] 18400.0000     0.0000     0.9243    -0.3825     1.7189     1.1066
[1] 18500.0000     1.0000     0.8751    -0.1740     1.8020     0.8892
[1] 18600.0000     0.5619     0.8933    -0.1157     1.8368     0.9588
[1] 18700.0000     0.0178     0.9972    -0.1853     1.7158     1.0906
[1] 18800.0000     1.0000     0.9422    -0.2202     1.8372     0.8265
[1] 18900.0000     0.0036     0.9734    -0.1389     1.7504     1.0104
[1] 19000.0000     0.0084     0.9527    -0.3328     1.7949     0.8936
[1] 19100.0000     0.0698     0.9272    -0.2241     1.8758     0.8583
[1] 19200.0000     0.0131     0.9220    -0.2281     1.6342     1.1567
[1] 19300.0000     0.0363     0.9851    -0.1947     1.7529     0.8583
[1] 19400.0000     0.0260     0.9750    -0.2038     1.7410     1.1110
[1] 19500.0000     0.0005     0.9633    -0.1142     1.7615     1.1823
[1] 19600.0000     0.2630     0.9711    -0.3232     1.7539     1.0171
[1] 19700.0000     0.2307     0.8665    -0.2343     1.7264     1.1248
[1] 19800.0000     0.2736     0.9869    -0.2141     1.7389     0.9076
[1] 19900.0000     1.0000     0.9655    -0.1896     1.8378     0.8660
[1] 20000.0000     1.0000     0.9605    -0.3004     1.6748     0.8244
[1] 20100.0000     0.3173     0.9273    -0.1709     1.8880     1.0799
[1] 20200.0000     1.0000     0.9840    -0.2805     1.7626     1.1380
[1] 20300.0000     0.8499     0.9019    -0.2848     1.6615     1.0263
[1] 20400.0000     0.0460     0.9596    -0.2170     1.7520     1.0259
[1] 20500.0000     0.0348     0.9905    -0.1844     1.7651     1.0353
[1] 20600.0000     0.1020     0.9981    -0.2868     1.7797     1.1462
[1] 20700.0000     0.0083     0.9923    -0.2028     1.7191     1.0695
[1] 20800.0000     1.0000     0.9981    -0.2166     1.8275     1.0246
[1] 20900.0000     1.0000     0.9455    -0.2280     1.7754     1.1141
[1] 21000.0000     0.0191     0.9912    -0.1202     1.7095     1.0875
[1] 21100.0000     0.0185     0.9440    -0.2052     1.7083     1.0640
[1] 21200.0000     1.0000     0.9611    -0.2131     1.7594     0.8029
[1] 21300.0000     1.0000     0.9067    -0.1545     1.7778     0.8492
[1] 21400.0000     0.0104     0.9623    -0.2297     1.6701     0.8024
[1] 21500.0000     0.0005     0.9986    -0.1476     1.6845     1.1603
[1] 21600.0000     0.4609     0.9719    -0.3012     1.7217     0.8354
[1] 21700.0000     0.1764     0.9973    -0.1700     1.6729     0.9605
[1] 21800.0000     0.1606     0.9447    -0.1118     1.7984     1.0321
[1] 21900.0000     0.5259     0.9598    -0.1003     1.7272     0.8497
[1] 22000.0000     0.1197     0.9312    -0.2125     1.7129     1.0052
[1] 22100.0000     0.3775     0.9862    -0.0856     1.6981     0.9706
[1] 22200.0000     0.1381     0.8918    -0.2359     1.6687     1.1042
[1] 22300.0000     0.5059     0.9726    -0.2366     1.7957     0.8521
[1] 22400.0000     0.9306     0.9971    -0.3007     1.5984     0.9354
[1] 22500.0000     0.0038     0.9695    -0.1139     1.6738     0.9016
[1] 22600.0000     0.6267     0.8433    -0.2138     1.8003     1.1055
[1] 22700.0000     0.0056     0.8893    -0.2481     1.7171     0.9545
[1] 22800.0000     0.1655     0.8972    -0.2046     1.6584     1.0231
[1] 22900.0000     1.0000     0.8956    -0.2603     1.6143     1.1446
[1] 23000.0000     0.0030     0.9955    -0.1901     1.6938     0.9113
[1] 23100.0000     0.0226     0.9231    -0.1888     1.7624     0.8179
[1] 23200.0000     0.0214     0.9832    -0.2420     1.7162     0.9881
[1] 23300.0000     0.2950     0.9904    -0.2267     1.7557     1.1810
[1] 23400.0000     0.1960     0.8888    -0.2323     1.6542     1.0444
[1] 23500.0000     1.0000     0.9916    -0.2307     1.6662     1.1297
[1] 23600.0000     0.1208     0.9485    -0.1893     1.6789     0.9403
[1] 23700.0000     0.1813     0.9328    -0.2078     1.6450     1.0180
[1] 23800.0000     0.1050     0.9299    -0.2929     1.6440     1.0580
[1] 23900.0000     0.0869     0.9920    -0.1629     1.7098     1.0485
[1] 24000.0000     0.0102     0.9851    -0.1157     1.7699     1.0873
[1] 24100.0000     0.4259     0.8747    -0.2396     1.6942     1.0767
[1] 24200.0000     0.4929     0.9331    -0.3663     1.6534     1.1419
[1] 24300.0000     0.0116     0.9595    -0.2719     1.7436     0.9607
[1] 24400.0000     0.6291     0.9947    -0.1467     1.6905     0.9697
[1] 24500.0000     0.0394     0.9726    -0.1661     1.8519     1.0605
[1] 24600.0000     0.0035     0.9866    -0.3235     1.7317     1.1519
[1] 24700.0000     0.8841     0.9195    -0.1162     1.7975     0.8781
[1] 24800.0000     0.3166     0.9368    -0.1797     1.7656     1.1498
[1] 24900.0000     0.0943     0.9126    -0.2386     1.8217     1.0268
[1] 25000.0000     0.2172     0.8801    -0.1504     1.7510     0.8235
[1] 25100.0000     0.0515     0.9249    -0.2162     1.7577     1.0516
[1] 25200.0000     0.1265     0.9507    -0.2057     1.7404     0.9719
[1] 25300.0000     0.0044     0.9779    -0.2455     1.6728     0.8977
[1] 25400.0000     0.2119     0.9621    -0.2159     1.7481     0.9516
[1] 25500.0000     0.3760     0.8417    -0.2465     1.6609     0.8432
[1] 25600.0000     0.0137     0.9926    -0.1532     1.7593     0.9855
[1] 25700.0000     0.0012     0.9659    -0.2513     1.6774     0.9398
[1] 25800.0000     0.0611     0.9689    -0.2479     1.7596     1.1962
[1] 25900.0000     0.0185     0.9618    -0.2787     1.6445     1.1247
[1] 26000.0000     0.2278     0.9492    -0.1557     1.5947     1.0058
[1] 26100.0000     0.0277     0.9935    -0.2664     1.7729     1.0009
[1] 26200.0000     1.0000     0.8601    -0.0840     1.8165     0.9041
[1] 26300.0000     0.0625     0.9342    -0.2348     1.6815     1.1434
[1] 26400.0000     0.0147     0.9644    -0.1332     1.6972     0.8566
[1] 26500.0000     0.4332     0.9678    -0.1942     1.6222     0.9418
[1] 26600.0000     0.0333     0.9993    -0.1038     1.6232     1.0988
[1] 26700.0000     0.1487     0.9721    -0.1696     1.7638     0.8075
[1] 26800.0000     1.0000     0.9542    -0.2373     1.6315     1.1594
[1] 26900.0000     0.0449     0.9787    -0.1750     1.6939     0.9041
[1] 27000.0000     1.0000     0.8977    -0.2104     1.7959     0.8661
[1] 27100.0000     0.2010     0.9897    -0.2016     1.6978     0.9084
[1] 27200.0000     0.0076     0.9713    -0.2700     1.7227     1.0324
[1] 27300.0000     0.0543     0.9608    -0.3871     1.7314     0.8492
[1] 27400.0000     0.0707     0.9728    -0.2356     1.7568     1.1655
[1] 27500.0000     0.0404     0.9534    -0.2319     1.7294     0.8238
[1] 27600.0000     0.0986     0.9952    -0.2394     1.7513     1.1217
[1] 27700.0000     0.0183     0.8620    -0.0919     1.8279     1.0941
[1] 27800.0000     0.1488     0.8828    -0.1428     1.8834     1.1030
[1] 27900.0000     0.1523     0.9774    -0.1534     1.7248     0.8741
[1] 28000.0000     0.0000     0.9430    -0.1362     1.7597     0.9743
[1] 28100.0000     0.0007     0.9857    -0.2539     1.8274     0.9345
[1] 28200.0000     0.1892     0.9920    -0.1140     1.8061     1.1206
[1] 28300.0000     0.0034     0.9817    -0.1974     1.7741     0.9109
[1] 28400.0000     0.9041     0.9594    -0.1770     1.6481     0.8105
[1] 28500.0000     0.4746     0.9568    -0.2378     1.5609     0.8755
[1] 28600.0000     0.1259     0.9775    -0.2372     1.6966     0.9079
[1] 28700.0000     1.0000     0.9143    -0.2896     1.6729     0.8158
[1] 28800.0000     0.8879     0.9743    -0.2508     1.6744     0.8723
[1] 28900.0000     0.4939     0.9457    -0.2895     1.7925     1.0466
[1] 29000.0000     0.0059     0.9692    -0.1662     1.7580     0.9910
[1] 29100.0000     0.8262     0.9799    -0.2318     1.7681     1.1704
[1] 29200.0000     0.0537     0.9889    -0.2268     1.7248     1.0979
[1] 29300.0000     0.5191     0.9749    -0.1612     1.6916     0.9782
[1] 29400.0000     0.0480     0.9512    -0.1974     1.6286     1.1262
[1] 29500.0000     0.2207     0.9800    -0.0756     1.7187     0.8944
[1] 29600.0000     0.2212     0.9770    -0.1199     1.8802     1.1651
[1] 29700.0000     0.0182     0.9571    -0.2822     1.7157     0.9736
[1] 29800.0000     0.1735     0.8701    -0.2696     1.6605     0.8024
[1] 29900.0000     1.0000     0.9798    -0.2398     1.7875     1.0014
[1] 30000.0000     0.4138     0.9561    -0.1665     1.7586     1.0811
[1] 0.3086677
Time difference of 10.3316 hours
null device 
          1 
