[1] "El numero de nodos X particion es: 10"
[1] "Model = M2 / Data = sim_data/datasetSVCMatern22.Rdata"
[1] 100.0000   1.0000   0.8291   0.0056   2.0227   0.9331
[1] 200.0000   0.1123   0.8487   0.0260   2.2285   0.8384
[1] 300.0000   0.5216   0.8776  -0.0630   2.2983   1.0665
[1] 400.0000   0.0761   0.9217  -0.0244   2.2450   0.9692
[1] 500.0000   0.5856   0.8902  -0.0185   2.0955   0.8863
[1] 600.0000   0.0473   0.8693   0.0627   2.2178   1.0610
[1] 700.0000   1.0000   0.8087  -0.0169   2.2569   1.0605
[1] 800.0000   1.0000   0.8954   0.0543   2.1725   1.1490
[1] 900.0000   1.0000   0.9357  -0.0207   2.1692   1.0743
[1] 1000.0000    0.0663    0.8568   -0.0189    2.1458    0.8983
[1] 1100.0000    0.0248    0.8326    0.0015    2.1662    1.0285
[1] 1200.0000    1.0000    0.8603    0.0806    2.1978    0.9164
[1] 1300.0000    1.0000    0.8617   -0.0060    2.2684    1.0550
[1] 1400.0000    0.3124    0.8624   -0.0115    2.2430    0.9686
[1] 1500.0000    0.1295    0.9942    0.0989    2.2503    0.9196
[1] 1600.0000    0.0328    0.8099   -0.0165    2.2431    1.0178
[1] 1700.0000    0.1244    0.8185    0.0077    2.0634    1.1630
[1] 1800.0000    0.0064    0.9234    0.0238    2.2529    1.1307
[1] 1900.0000    0.0273    0.9875    0.0915    2.2948    0.8532
[1] 2000.0000    0.6131    0.8107    0.0654    2.1803    0.8113
[1] 2100.0000    1.0000    0.8081    0.1294    2.2415    0.9300
[1] 2200.0000    0.4703    0.8580    0.0631    2.1890    1.0161
[1] 2300.0000    0.0311    0.8377    0.0533    2.2511    0.8487
[1] 2400.0000    0.8044    0.9764    0.0646    2.2687    1.0594
[1] 2500.0000    0.1886    0.9668   -0.0373    2.1436    0.8475
[1] 2600.0000    0.3717    0.8617    0.0135    2.1993    0.8044
[1] 2700.0000    0.6659    0.8044    0.0268    2.1738    1.0835
[1] 2800.0000    0.5671    0.8906   -0.0254    2.2086    0.8787
[1] 2900.0000    0.6940    0.8994   -0.1018    2.1733    1.0050
[1] 3000.0000    0.0084    0.8033    0.0037    2.2989    1.0418
[1] 3100.0000    0.2113    0.8265   -0.0201    2.1591    1.1652
[1] 3200.0000    0.0944    0.8228    0.1567    2.2131    0.8243
[1] 3300.0000    0.0146    0.8057    0.1013    2.2244    1.1802
[1] 3400.0000    0.1087    0.8189   -0.0101    2.1427    0.9632
[1] 3500.0000    0.9926    0.9338    0.0434    2.2119    0.8830
[1] 3600.0000    0.7118    0.8553    0.1141    2.2761    1.1349
[1] 3700.0000    0.4601    0.8797   -0.0079    2.2041    0.9234
[1] 3800.0000    1.0000    0.9141    0.0866    2.0861    0.9698
[1] 3900.0000    1.0000    0.8173    0.0497    2.1894    1.1134
[1] 4000.0000    0.4873    0.9388    0.0356    2.1383    0.8131
[1] 4100.0000    0.1230    0.8739    0.0825    2.1580    0.8968
[1] 4200.0000    1.0000    0.8436   -0.0738    2.1470    0.9733
[1] 4300.0000    0.0400    0.8347   -0.0172    2.1515    0.9291
[1] 4400.0000    1.0000    0.8372    0.0963    2.3089    1.0492
[1] 4500.0000    1.0000    0.8410    0.0549    2.3093    1.1520
[1] 4600.0000    0.1643    0.8039    0.1086    2.1875    1.1669
[1] 4700.0000    0.2643    0.8102   -0.0089    2.0621    1.1923
[1] 4800.0000    0.1215    0.8985    0.0049    2.2413    0.9827
[1] 4900.0000    0.4479    0.8201    0.1195    2.1902    1.1747
[1] 5000.0000    0.3313    0.8079    0.1299    2.1651    0.9328
[1] 5100.0000    1.0000    0.8496   -0.0065    2.1881    0.8317
[1] 5200.0000    0.0401    0.8350    0.0301    2.3111    1.0935
[1] 5300.0000    1.0000    0.8379    0.0561    2.2152    1.0434
[1] 5400.0000    1.0000    0.8515    0.0950    2.2056    1.1120
[1] 5500.0000    0.0317    0.8506    0.0832    2.1267    1.1979
[1] 5600.0000    0.0198    0.9095   -0.1295    2.2095    0.9324
[1] 5700.0000    0.1473    0.8052   -0.0347    2.1348    1.1157
[1] 5800.0000    0.5328    0.8520    0.0292    2.2749    1.0482
[1] 5900.0000    1.0000    0.8759   -0.0077    2.1594    1.0113
[1] 6000.0000    1.0000    0.8325    0.0054    2.1878    0.8825
[1] 6100.0000    0.1261    0.9025    0.0522    2.2342    0.9119
[1] 6200.0000    1.0000    0.8336   -0.0608    2.0353    0.9759
[1] 6300.0000    0.5869    0.8421    0.0159    2.3084    0.8693
[1] 6400.0000    1.0000    0.9022    0.0089    2.1283    0.8332
[1] 6500.0000    0.5796    0.8697   -0.0130    2.2618    0.9040
[1] 6600.0000    0.0526    0.8918    0.0138    2.2589    1.0184
[1] 6700.0000    0.0003    0.8204   -0.0011    2.0918    0.9264
[1] 6800.0000    0.9313    0.8496   -0.0595    2.1148    0.9728
[1] 6900.0000    0.2488    0.9401   -0.0585    2.1100    0.9220
[1] 7000.0000    0.1313    0.8011    0.0775    2.1271    1.0228
[1] 7100.0000    1.0000    0.8440    0.0088    2.2575    0.9302
[1] 7200.0000    0.0317    0.8343    0.0569    2.1897    0.9512
[1] 7300.0000    1.0000    0.9616    0.0016    2.2011    0.8824
[1] 7400.0000    0.0001    0.8164   -0.0798    2.0522    0.8600
[1] 7500.0000    0.1790    0.8682    0.0433    2.2582    0.9160
[1] 7600.0000    0.5326    0.8898   -0.0463    2.1543    1.1032
[1] 7700.0000    0.0691    0.8552   -0.0897    2.2012    1.0850
[1] 7800.0000    0.0176    0.8287    0.0117    2.1203    0.9077
[1] 7900.0000    0.0188    0.8037   -0.0568    2.1397    1.1632
[1] 8000.0000    0.3298    0.9186    0.0203    2.0601    1.0026
[1] 8100.0000    0.4319    0.8687   -0.0559    2.2723    1.0506
[1] 8200.0000    0.0555    0.8752    0.0617    2.2075    0.9898
[1] 8300.0000    1.0000    0.8444    0.1143    2.3085    1.1155
[1] 8400.0000    1.0000    0.9278   -0.0302    2.3057    0.8107
[1] 8500.0000    0.0039    0.8507   -0.0643    2.0559    1.0895
[1] 8600.0000    0.2674    0.8918   -0.0631    2.2544    1.0114
[1] 8700.0000    0.5092    0.8293   -0.0684    2.1563    0.8767
[1] 8800.0000    1.0000    0.9324    0.0436    2.1666    0.8066
[1] 8900.0000    0.1796    0.9431    0.0880    2.2870    1.1381
[1] 9000.0000    0.1281    0.9878    0.0401    2.1956    1.0272
[1] 9100.0000    0.2578    0.8799    0.0714    2.1828    0.8591
[1] 9200.0000    0.5194    0.9069   -0.0354    2.1633    1.1995
[1] 9300.0000    0.2399    0.8689    0.0221    2.2784    0.9976
[1] 9400.0000    0.1948    0.8458    0.1590    2.1093    1.0091
[1] 9500.0000    0.0131    0.9329   -0.0622    2.1756    0.8817
[1] 9600.0000    0.0504    0.8149   -0.0642    2.1941    0.9056
[1] 9700.0000    0.1339    0.8614    0.0576    2.1574    0.9692
[1] 9800.0000    1.0000    0.8213    0.0559    2.1693    0.8104
[1] 9900.0000    0.0027    0.8466    0.1031    2.2346    0.8248
[1] 1.000e+04 9.027e-01 8.618e-01 1.890e-02 2.112e+00 8.032e-01
[1] 10100.0000     0.6941     0.9049     0.0316     2.2746     1.0751
[1] 10200.0000     1.0000     0.9808    -0.0276     2.1969     0.8342
[1] 10300.0000     0.3443     0.8120     0.1827     2.2523     0.8804
[1] 10400.0000     0.0500     0.9274     0.0390     2.1824     0.8733
[1] 10500.0000     1.0000     0.8159     0.0677     2.2353     1.1284
[1] 10600.0000     1.0000     0.8189     0.0617     2.1355     1.1530
[1] 10700.0000     0.6732     0.8475     0.1057     2.1931     1.0594
[1] 10800.0000     1.0000     0.8056     0.1190     2.2782     0.8503
[1] 10900.0000     0.0328     0.8264    -0.0316     2.2067     1.1140
[1] 11000.0000     0.8967     0.8012     0.0020     2.2628     0.9407
[1] 11100.0000     0.1536     0.8902     0.1501     2.2525     0.9114
[1] 11200.0000     0.4860     0.8055    -0.0553     2.1930     0.9767
[1] 11300.0000     0.0528     0.8219    -0.0227     2.2455     0.9690
[1] 11400.0000     0.3887     0.8940     0.0354     2.1822     0.9892
[1] 11500.0000     0.0184     0.9311    -0.0252     2.1841     0.8792
[1] 11600.0000     1.0000     0.9382    -0.0200     2.1046     0.8033
[1] 11700.0000     1.0000     0.8766    -0.0020     2.1897     0.9110
[1] 11800.0000     1.0000     0.8044     0.0654     2.1585     0.8621
[1] 11900.0000     0.1720     0.8272     0.0553     2.1722     0.8962
[1] 12000.0000     0.3314     0.8543     0.0273     2.0768     1.1591
[1] 12100.0000     0.2215     0.8653    -0.0355     2.2168     1.1380
[1] 12200.0000     0.4568     0.8496     0.0595     2.1097     0.8460
[1] 12300.0000     0.2233     0.8229     0.1009     2.1958     0.9137
[1] 12400.0000     1.0000     0.8046    -0.0515     2.1211     0.8797
[1] 12500.0000     0.0990     0.9120     0.1922     2.2495     1.1259
[1] 12600.0000     0.6245     0.9564     0.0988     2.2236     1.1675
[1] 12700.0000     0.0760     0.9614     0.0627     2.2599     0.8958
[1] 12800.0000     0.0010     0.8032    -0.0451     2.1360     0.9473
[1] 12900.0000     0.3457     0.8554    -0.1315     2.0646     0.9712
[1] 13000.0000     0.5615     0.8840     0.0521     2.2396     1.1100
[1] 13100.0000     0.0911     0.9404    -0.0613     2.1859     0.9822
[1] 1.320e+04 2.227e-01 8.843e-01 3.250e-02 2.213e+00 9.997e-01
[1] 13300.0000     0.0239     0.8522     0.0029     2.2509     1.0074
[1] 13400.0000     0.0957     0.9485     0.0110     2.0714     1.0271
[1] 13500.0000     0.0033     0.8240    -0.0298     2.2821     1.0099
[1] 13600.0000     0.6933     0.8630     0.0193     2.1114     0.9698
[1] 13700.0000     0.8406     0.8314    -0.0620     2.2005     0.8589
[1] 13800.0000     1.0000     0.8254     0.0641     2.1133     0.9444
[1] 13900.0000     0.5961     0.8125    -0.0087     2.1485     1.1546
[1] 14000.0000     1.0000     0.9598    -0.0282     2.2639     0.8043
[1] 1.410e+04 7.200e-03 9.236e-01 9.980e-02 2.284e+00 9.106e-01
[1] 14200.0000     1.0000     0.9100     0.0675     2.2051     1.1948
[1] 14300.0000     0.1618     0.9874    -0.0511     2.2283     0.9095
[1] 14400.0000     0.4242     0.8510     0.0667     2.2212     1.0105
[1] 14500.0000     0.2614     0.8302    -0.0962     2.2730     1.1813
[1] 14600.0000     0.4098     0.8329     0.0563     2.1526     0.9630
[1] 14700.0000     1.0000     0.8840     0.1503     2.1839     1.0394
[1] 14800.0000     0.0004     0.8106    -0.0864     2.2053     1.0978
[1] 14900.0000     0.0499     0.8051    -0.0282     2.2104     1.0614
[1] 15000.0000     0.0060     0.8802    -0.0174     2.1236     0.9805
[1] 15100.0000     0.4910     0.9112     0.0591     2.1899     1.0503
[1] 15200.0000     0.0198     0.8360     0.0015     2.1792     1.1579
[1] 15300.0000     0.7987     0.8296    -0.0052     2.1748     1.1944
[1] 15400.0000     0.1574     0.8005     0.0355     2.2577     0.8812
[1] 15500.0000     0.4923     0.9013     0.0540     2.1333     1.0728
[1] 15600.0000     0.0836     0.8379     0.0760     2.1745     0.9455
[1] 15700.0000     0.4754     0.9225     0.1189     2.1578     0.9294
[1] 15800.0000     0.0473     0.8909    -0.0133     2.1575     1.1268
[1] 15900.0000     0.2140     0.9524     0.0349     2.2345     1.0855
[1] 16000.0000     0.1929     0.8844     0.0637     2.1923     0.8610
[1] 16100.0000     0.5807     0.9477    -0.0459     2.1392     0.9420
[1] 16200.0000     1.0000     0.8455    -0.0209     2.1674     1.0509
[1] 16300.0000     1.0000     0.9029     0.0648     2.2526     1.0365
[1] 16400.0000     0.0913     0.8090     0.0170     2.1624     0.8978
[1] 1.650e+04 6.976e-01 9.407e-01 6.200e-02 2.232e+00 9.877e-01
[1] 16600.0000     0.3434     0.8568    -0.0550     2.1537     1.0645
[1] 16700.0000     0.2800     0.8804    -0.0161     2.1523     1.1815
[1] 16800.0000     0.6623     0.9593     0.0002     2.1347     0.8375
[1] 16900.0000     0.0012     0.8221    -0.0083     2.1354     1.1575
[1] 17000.0000     0.7828     0.8355     0.0388     2.2365     0.9526
[1] 17100.0000     0.1548     0.9262     0.1526     2.1436     0.9696
[1] 17200.0000     1.0000     0.8059    -0.0130     2.1228     1.0244
[1] 17300.0000     1.0000     0.8396    -0.0822     2.1004     1.0131
[1] 17400.0000     0.0688     0.8470    -0.0422     2.2827     1.1018
[1] 17500.0000     0.2131     0.8174     0.0227     2.1864     0.9835
[1] 17600.0000     0.0106     0.8242    -0.0502     2.2195     0.9225
[1] 17700.0000     0.0354     0.8794    -0.0417     2.0923     0.9707
[1] 17800.0000     0.6788     0.9383     0.0283     2.1285     1.0084
[1] 17900.0000     0.0211     0.9291     0.0065     2.2401     0.9192
[1] 18000.0000     0.4447     0.9109     0.1749     2.2696     0.8712
[1] 18100.0000     1.0000     0.8499    -0.0192     2.1724     1.0097
[1] 18200.0000     0.2104     0.8127     0.1668     2.2755     0.8547
[1] 1.830e+04 1.000e+00 9.137e-01 4.900e-03 2.247e+00 9.901e-01
[1] 18400.0000     0.0030     0.9243    -0.0434     2.1483     1.1066
[1] 18500.0000     1.0000     0.8751     0.0107     2.2485     0.8892
[1] 18600.0000     0.3651     0.8656     0.0529     2.2445     0.8624
[1] 18700.0000     0.0342     0.8306     0.0651     2.1744     0.9156
[1] 18800.0000     0.4176     0.8360     0.0206     2.1924     0.8264
[1] 18900.0000     0.4558     0.8297    -0.0895     2.1507     0.8354
[1] 1.900e+04 1.000e+00 8.087e-01 1.130e-01 2.326e+00 1.106e+00
[1] 19100.0000     0.2025     0.9272    -0.0819     2.2885     0.8583
[1] 19200.0000     0.6496     0.8319    -0.0039     2.0855     1.0132
[1] 19300.0000     0.0017     0.8147     0.0454     2.2896     1.0465
[1] 19400.0000     1.0000     0.8507    -0.0051     2.2463     0.9744
[1] 19500.0000     0.0110     0.8243     0.0732     2.1655     0.8751
[1] 19600.0000     0.0782     0.8948     0.0288     2.2752     1.0740
[1] 19700.0000     0.6376     0.8293     0.0942     2.1717     1.0022
[1] 19800.0000     0.1265     0.9869    -0.0106     2.2803     0.9076
[1] 19900.0000     1.0000     0.9655     0.0893     2.2764     0.8660
[1] 20000.0000     0.6334     0.8545    -0.0215     2.2600     0.8923
[1] 20100.0000     0.0009     0.8622     0.0863     2.2583     0.8640
[1] 20200.0000     0.0505     0.9282     0.0257     2.2205     0.9678
[1] 20300.0000     1.0000     0.9019     0.0349     2.1232     1.0263
[1] 20400.0000     1.0000     0.8446    -0.0266     2.1466     1.0333
[1] 20500.0000     1.0000     0.8702     0.0017     2.2253     0.9048
[1] 20600.0000     0.3536     0.9169     0.0322     2.2476     1.1057
[1] 20700.0000     1.0000     0.8107     0.1073     2.2651     1.0874
[1] 20800.0000     0.4350     0.9367     0.0499     2.2775     1.0049
[1] 20900.0000     0.0484     0.9072     0.0139     2.1564     1.0199
[1] 21000.0000     0.0894     0.8708     0.0146     2.1556     1.1617
[1] 21100.0000     0.0807     0.8745    -0.0204     2.2444     0.8760
[1] 21200.0000     0.4784     0.8010     0.0423     2.1866     1.0057
[1] 21300.0000     0.2676     0.8214     0.0442     2.2201     1.0391
[1] 21400.0000     0.8345     0.8276     0.0941     2.1689     0.8233
[1] 21500.0000     1.0000     0.8291     0.0275     2.1585     1.0581
[1] 21600.0000     0.3282     0.9719    -0.0384     2.2306     0.8354
[1] 21700.0000     0.0513     0.9180     0.0156     2.1183     0.9753
[1] 21800.0000     0.4249     0.8443     0.1049     2.2557     0.9811
[1] 21900.0000     0.5910     0.9598    -0.0214     2.2594     0.8497
[1] 22000.0000     1.0000     0.8874     0.0808     2.1704     1.0182
[1] 22100.0000     0.4582     0.8953     0.0072     2.2543     0.9321
[1] 22200.0000     1.0000     0.8579    -0.0296     2.1539     0.8534
[1] 22300.0000     0.1372     0.9726    -0.1643     2.2114     0.8521
[1] 22400.0000     0.0671     0.8145    -0.0617     2.1033     0.8604
[1] 22500.0000     0.0167     0.8239     0.0497     2.1727     1.1368
[1] 22600.0000     0.1413     0.8433     0.0865     2.3699     1.1055
[1] 22700.0000     0.0186     0.8271    -0.0715     2.2277     1.1968
[1] 22800.0000     0.1870     0.8972    -0.0042     2.0690     1.0231
[1] 22900.0000     0.2226     0.8804    -0.0424     2.0942     0.9211
[1] 23000.0000     0.0084     0.8188     0.0453     2.1266     1.0070
[1] 23100.0000     1.0000     0.8119     0.0496     2.2051     1.0551
[1] 23200.0000     0.6998     0.8154     0.0746     2.1886     0.9644
[1] 23300.0000     0.3182     0.8429     0.0748     2.2932     1.0012
[1] 23400.0000     0.5423     0.8888     0.0267     2.1618     1.0444
[1] 23500.0000     0.0887     0.8797     0.0251     2.2625     0.8266
[1] 23600.0000     0.6443     0.8573    -0.0347     2.2719     0.9429
[1] 23700.0000     0.1512     0.9328     0.0261     2.1349     1.0180
[1] 23800.0000     0.0595     0.8409     0.0138     2.0482     1.0217
[1] 23900.0000     1.0000     0.8722     0.1064     2.1361     0.8735
[1] 24000.0000     1.0000     0.9239     0.1425     2.1899     0.9362
[1] 24100.0000     1.0000     0.9214    -0.0833     2.2904     0.8541
[1] 24200.0000     0.1994     0.9331    -0.0807     2.1401     1.1419
[1] 24300.0000     0.2955     0.8950    -0.0228     2.2618     0.9587
[1] 24400.0000     0.5223     0.9947     0.0314     2.2674     0.9697
[1] 24500.0000     0.1637     0.8969     0.0745     2.1851     1.0480
[1] 24600.0000     0.1056     0.8781     0.0618     2.2207     0.8812
[1] 24700.0000     0.4495     0.9195     0.0827     2.1626     0.8781
[1] 24800.0000     0.0558     0.8460    -0.0003     2.2473     0.9489
[1] 24900.0000     0.3118     0.8023    -0.0458     2.1502     1.0260
[1] 25000.0000     0.7692     0.8801    -0.0531     2.1996     0.8235
[1] 25100.0000     1.0000     0.8419     0.0071     2.2776     0.8544
[1] 25200.0000     0.1359     0.8495     0.0265     2.2729     1.1739
[1] 25300.0000     1.0000     0.8151    -0.0705     2.1325     1.0748
[1] 25400.0000     0.3001     0.8553    -0.0489     2.1284     1.0212
[1] 25500.0000     0.4194     0.8417     0.0983     2.1714     0.8432
[1] 25600.0000     0.0238     0.9041     0.0123     2.2803     1.0021
[1] 25700.0000     0.0357     0.8702    -0.0678     2.2624     1.0667
[1] 25800.0000     0.1833     0.9910     0.0334     2.2232     0.8240
[1] 25900.0000     0.0295     0.9087     0.1503     2.0677     0.8861
[1] 26000.0000     0.2868     0.9492     0.0778     2.1579     1.0058
[1] 26100.0000     0.6809     0.8603     0.0509     2.2585     0.9559
[1] 26200.0000     1.0000     0.8601     0.0382     2.2229     0.9041
[1] 26300.0000     0.3913     0.8448    -0.0934     2.1719     0.9973
[1] 26400.0000     0.1305     0.8855     0.1568     2.1466     1.0131
[1] 26500.0000     0.2573     0.8034    -0.0443     2.1730     1.1338
[1] 26600.0000     1.0000     0.8531    -0.0510     2.1313     1.1347
[1] 26700.0000     1.0000     0.8892     0.0245     2.1483     0.9428
[1] 26800.0000     0.0369     0.8173    -0.0380     2.2389     0.9752
[1] 26900.0000     0.0155     0.8396    -0.0748     2.2568     0.9391
[1] 27000.0000     1.0000     0.8977     0.0044     2.2742     0.8661
[1] 27100.0000     0.2822     0.8095     0.0411     2.1511     1.0497
[1] 27200.0000     0.0930     0.8135    -0.0968     2.2580     0.8529
[1] 27300.0000     0.0002     0.9608    -0.0515     2.1140     0.8492
[1] 27400.0000     0.4499     0.8806     0.0740     2.0627     1.0468
[1] 27500.0000     0.5790     0.8463     0.0502     2.0911     0.8762
[1] 27600.0000     0.0153     0.8732     0.0768     2.2551     0.9172
[1] 27700.0000     0.0037     0.8768     0.1885     2.2142     1.0202
[1] 27800.0000     0.0260     0.8358     0.0291     2.1625     1.1051
[1] 27900.0000     0.8178     0.8904     0.1117     2.2258     0.9276
[1] 28000.0000     0.0004     0.9430     0.0866     2.1886     0.9743
[1] 28100.0000     0.0844     0.9857    -0.0926     2.1652     0.9345
[1] 28200.0000     1.0000     0.9271     0.0810     2.3207     0.9591
[1] 28300.0000     1.0000     0.8124     0.0866     2.2676     0.9290
[1] 28400.0000     1.0000     0.9594     0.0050     2.1351     0.8105
[1] 28500.0000     0.3777     0.8257     0.1031     2.1339     0.8766
[1] 2.860e+04 8.870e-02 8.240e-01 7.700e-03 2.217e+00 9.940e-01
[1] 28700.0000     1.0000     0.9143    -0.0522     2.2143     0.8158
[1] 28800.0000     0.4568     0.8104     0.0581     2.1374     1.1940
[1] 28900.0000     0.2677     0.8662    -0.1283     2.1597     0.8550
[1] 29000.0000     1.0000     0.8095     0.0316     2.1695     1.0816
[1] 29100.0000     0.0134     0.9156    -0.0048     2.2187     0.8172
[1] 29200.0000     0.2034     0.8505    -0.0350     2.1885     0.9156
[1] 29300.0000     1.0000     0.9064     0.0075     2.1939     1.0368
[1] 29400.0000     0.8209     0.8709     0.1932     2.1315     0.9336
[1] 29500.0000     1.0000     0.8146    -0.0044     2.1854     0.8093
[1] 29600.0000     0.0103     0.8135     0.0111     2.2478     0.8030
[1] 29700.0000     0.1852     0.8203     0.0173     2.1261     1.1249
[1] 29800.0000     0.8536     0.8701     0.0099     2.2281     0.8024
[1] 29900.0000     0.4010     0.9798    -0.0239     2.2413     1.0014
[1] 30000.0000     0.4111     0.8307     0.0168     2.1912     1.0904
[1] 0.4555418
Time difference of 11.64403 hours
null device 
          1 
