[1] "El numero de nodos X particion es: 10"
[1] "Model = M1 / Data = sim_data/datasetSVIMatern2.Rdata"
[1] 100.0000   0.4940   0.9429   0.0250   2.0533   1.1970
[1] 200.0000   1.0000   0.9804  -0.0325   2.2147   1.0297
[1] 300.0000   0.9659   0.8776  -0.0849   2.2116   1.0665
[1] 400.0000   0.1787   0.9217  -0.2414   2.3736   0.9692
[1] 500.0000   0.0000   0.8380   0.2518   1.9526   0.8203
[1] 600.0000   0.4797   0.9748  -0.2817   2.3263   1.0386
[1] 700.0000   0.1366   0.9506  -0.2484   2.3642   1.0413
[1] 800.0000   0.0536   0.9313  -0.5915   2.6390   1.0430
[1] 900.0000   0.0001   0.9578  -0.7750   2.7629   0.9628
[1] 1000.0000    0.0000    0.8209   -0.7174    2.8616    0.9374
[1] 1100.0000    0.0000    0.9319    0.6188    1.4869    0.8930
[1] 1200.0000    0.3679    0.8603    1.1490    1.0910    0.9164
[1] 1300.0000    0.0000    0.9498    0.0616    1.9678    1.1653
[1] 1400.0000    0.0000    0.8099   -0.4404    2.5374    1.1384
[1] 1500.0000    0.0000    0.9584    0.1021    1.9881    1.0940
[1] 1600.0000    0.0000    0.9894   -0.8904    2.9703    1.0856
[1] 1700.0000    0.0000    0.9419   -0.3852    2.5927    1.0966
[1] 1800.0000    0.0000    0.9376    0.2078    1.9485    0.8302
[1] 1900.0000    0.0000    0.9875   -0.3972    2.5628    0.8532
[1] 2000.0000    0.0000    0.9400   -0.4336    2.6381    1.1109
[1] 2100.0000    0.0000    0.9433   -0.5574    2.5914    1.0825
[1] 2200.0000    0.0000    0.8668    0.4236    1.7613    1.0989
[1] 2300.0000    0.0009    0.8951   -0.3729    2.4816    0.9529
[1] 2400.0000    0.0000    0.9355    0.2217    1.8879    1.1578
[1] 2500.0000    0.0335    0.8909    0.8044    1.2695    1.1217
[1] 2600.0000    0.0000    0.8617   -0.9019    3.0037    0.8044
[1] 2700.0000    0.0000    0.9893   -0.6433    2.7461    0.9085
[1] 2800.0000    0.0031    0.9382    0.3801    1.7497    1.1558
[1] 2900.0000    0.0000    0.9982   -0.9778    3.0973    0.9626
[1] 3000.0000    0.0000    0.8454   -0.6066    2.7623    0.9669
[1] 3100.0000    0.0000    0.9751    0.0345    2.0057    1.0618
[1] 3200.0000    0.0000    0.9190    0.3176    1.8329    0.9575
[1] 3300.0000    0.0000    0.9312    0.3286    1.8069    0.9302
[1] 3400.0000    1.0000    0.8983    0.1809    2.0332    1.1525
[1] 3500.0000    0.0000    0.9256   -0.1440    2.2237    1.1684
[1] 3600.0000    0.0000    0.9027    0.3907    1.7497    1.1569
[1] 3700.0000    0.3235    0.9950    0.7459    1.4242    1.0085
[1] 3800.0000    0.0000    0.9791    1.2350    0.8636    1.0179
[1] 3900.0000    0.0000    0.9566    0.3888    1.7760    1.1344
[1] 4000.0000    0.0000    0.9448   -0.6291    2.7887    1.0791
[1] 4100.0000    0.0000    0.8388   -0.3392    2.4744    0.8864
[1] 4200.0000    0.0000    0.9756   -1.1965    3.2184    0.9752
[1] 4300.0000    1.0000    0.8741   -0.8313    2.9694    1.1249
[1] 4400.0000    0.0000    0.9983    0.4013    1.6981    1.0333
[1] 4500.0000    0.6366    0.8410    0.7077    1.4877    1.1520
[1] 4600.0000    0.0000    0.9525    0.7937    1.4695    1.1110
[1] 4700.0000    0.0000    0.9642    0.4280    1.7432    0.8886
[1] 4800.0000    0.0000    0.9576   -0.7508    2.7762    1.0847
[1] 4900.0000    0.0000    0.9924   -1.2771    3.4652    1.1836
[1] 5000.0000    0.0029    0.9988   -2.3420    4.3743    0.9542
[1] 5100.0000    0.0000    0.9679   -0.7788    2.8092    1.1951
[1] 5200.0000    0.0000    0.8051    0.3054    1.8523    0.8965
[1] 5300.0000    0.0000    0.9010    0.1612    1.9502    1.0910
[1] 5400.0000    0.0000    0.8536    0.2861    1.8240    0.9337
[1] 5500.0000    0.0000    0.8506    0.6630    1.5119    1.1979
[1] 5600.0000    0.0000    0.9929    0.1947    1.8842    1.1085
[1] 5700.0000    0.0000    0.9445    0.1573    2.0218    1.0237
[1] 5800.0000    0.0000    0.8612   -0.8925    3.1324    1.0327
[1] 5900.0000    0.0000    0.9311   -0.8429    2.9929    0.8983
[1] 6000.0000    0.0000    0.9870    0.1368    1.9511    1.0819
[1] 6100.0000    0.0000    0.9284   -0.3905    2.5504    0.9188
[1] 6200.0000    0.0000    0.9400    0.1799    1.8535    0.8404
[1] 6300.0000    0.0000    0.9569    0.3276    1.9360    0.8080
[1] 6400.0000    0.0000    0.9918    0.0156    2.2621    1.1860
[1] 6500.0000    0.0011    0.9084   -1.0613    3.2207    1.0918
[1] 6600.0000    0.0000    0.8710   -0.7609    2.8146    0.9001
[1] 6700.0000    0.0000    0.8204   -0.4346    2.5000    0.9264
[1] 6800.0000    0.2637    0.8642   -0.1534    2.3316    1.0905
[1] 6900.0000    0.0000    0.9210   -0.4539    2.5861    1.1099
[1] 7000.0000    0.0000    0.8521   -0.0049    2.1672    1.0680
[1] 7100.0000    0.0000    0.9857    0.1511    2.0866    1.0571
[1] 7200.0000    0.0000    0.9439    0.3989    1.8319    1.1769
[1] 7300.0000    0.0000    0.9946    0.1714    1.9401    1.1299
[1] 7400.0000    0.0000    0.9512   -0.5570    2.7260    0.8676
[1] 7500.0000    0.0000    0.8866   -1.6838    3.7163    1.1948
[1] 7600.0000    0.0000    0.9493   -0.3437    2.5732    0.9281
[1] 7700.0000    0.0000    0.8552   -1.2959    3.3284    1.0850
[1] 7800.0000    0.0000    0.8350   -0.1411    2.3274    1.1361
[1] 7900.0000    0.0000    0.9654   -0.1685    2.2297    1.1831
[1] 8000.0000    0.0000    0.9309    0.4323    1.6495    1.0835
[1] 8100.0000    0.0000    0.9055    0.6123    1.4822    1.0588
[1] 8200.0000    0.0000    0.9207   -0.6557    2.7514    1.1282
[1] 8300.0000    0.0000    0.8222   -0.5876    2.7657    0.8438
[1] 8400.0000    0.0000    0.9658   -0.2719    2.3215    0.9286
[1] 8500.0000    0.0000    0.9672   -0.0097    2.1655    1.1442
[1] 8600.0000    0.0009    0.9564   -0.6999    2.8811    0.9963
[1] 8700.0000    0.0000    0.8940    0.1443    1.9772    1.0236
[1] 8800.0000    0.0000    0.9735   -0.0730    2.1259    1.0381
[1] 8900.0000    0.0000    0.8674    0.5692    1.5528    1.0474
[1] 9000.0000    0.0000    0.9268    0.0325    2.0915    0.8237
[1] 9100.0000    0.0000    0.9178   -0.5490    2.6544    0.8722
[1] 9200.0000    0.0000    0.8777   -0.6958    2.8864    1.1489
[1] 9300.0000    0.0000    0.8689    0.2701    1.9402    0.9976
[1] 9400.0000    0.0000    0.9737    1.2968    0.7374    1.0570
[1] 9500.0000    0.0000    0.8817   -0.2450    2.3139    1.0875
[1] 9600.0000    0.0000    0.8993    0.3617    1.8788    0.8299
[1] 9700.0000    0.0000    0.9657    1.4378    0.6821    0.9166
[1] 9800.0000    0.0000    0.9462   -0.0071    2.1417    1.1275
[1] 9900.0000    0.0000    0.9876    1.5596    0.5728    0.9739
[1] 10000.0000     0.3987     0.9984     0.1491     1.9356     0.9987
[1] 10100.0000     0.0003     0.9832    -0.1137     2.2560     0.9199
[1] 10200.0000     0.0001     0.8458     0.4570     1.6285     1.1044
[1] 10300.0000     0.2227     0.9549     1.6498     0.5230     0.8021
[1] 10400.0000     0.0000     0.9109     0.1470     1.9562     0.9653
[1] 10500.0000     0.0000     0.9828     0.1900     1.8881     0.8036
[1] 10600.0000     0.0000     0.9864     0.0453     2.0464     0.9817
[1] 10700.0000     0.0000     0.9346     1.0297     1.1996     1.0990
[1] 10800.0000     0.0007     0.9785     0.2452     1.9165     1.1554
[1] 1.090e+04 0.000e+00 9.660e-01 8.719e-01 1.404e+00 1.197e+00
[1] 11000.0000     0.0034     0.8555     1.3979     0.8085     1.1761
[1] 11100.0000     0.0000     0.9587     0.0859     2.0468     0.9308
[1] 11200.0000     0.1765     0.9398    -0.2842     2.4114     0.9513
[1] 11300.0000     0.0000     0.8936    -0.2836     2.4309     1.0961
[1] 11400.0000     0.0000     0.9548     0.2542     1.9177     1.0047
[1] 11500.0000     0.0000     0.9267     0.2215     1.9161     0.8426
[1] 11600.0000     0.0045     0.9382    -0.3338     2.2709     0.8033
[1] 11700.0000     0.0002     0.8925     1.0961     1.0539     0.9798
[1] 11800.0000     0.0000     0.8027     0.1088     2.0608     0.8530
[1] 11900.0000     0.0000     0.9907    -0.1578     2.2854     0.9948
[1] 12000.0000     0.0000     0.8056     0.6435     1.5697     1.1142
[1] 12100.0000     0.0000     0.9611    -0.9644     2.9637     1.0656
[1] 12200.0000     0.0602     0.9853    -0.2023     2.3783     1.1443
[1] 12300.0000     0.0000     0.9691     0.4096     1.7747     1.1077
[1] 12400.0000     0.0531     0.8019    -0.4120     2.6221     1.1971
[1] 12500.0000     0.0000     0.9939     0.1129     2.0896     0.9707
[1] 12600.0000     0.0000     0.9125    -0.6356     2.8820     1.1924
[1] 12700.0000     0.0000     0.9614     0.0071     1.9969     0.8958
[1] 12800.0000     0.0000     0.9902    -0.9676     3.0112     0.9345
[1] 12900.0000     0.0075     0.9728     0.2999     1.8522     0.8641
[1] 13000.0000     0.0000     0.9313     0.2677     1.9059     1.1678
[1] 13100.0000     0.0000     0.9404     1.0318     1.1405     0.9822
[1] 13200.0000     0.0000     0.8843     0.2078     1.9589     0.9997
[1] 13300.0000     0.0000     0.9474    -0.6134     2.7776     1.1162
[1] 13400.0000     0.0000     0.9882     0.3069     1.8068     1.1072
[1] 13500.0000     0.0000     0.8358    -0.2545     2.3948     1.1234
[1] 13600.0000     0.0000     0.8917    -0.0718     2.1749     1.0301
[1] 13700.0000     0.0000     0.9094     0.4749     1.6878     0.8623
[1] 13800.0000     0.0000     0.8787    -0.2504     2.4446     1.0611
[1] 13900.0000     0.0000     0.8429     0.4388     1.7351     1.1426
[1] 1.400e+04 0.000e+00 9.588e-01 6.940e-02 1.995e+00 9.662e-01
[1] 14100.0000     0.0000     0.8411     0.3002     1.7240     1.1804
[1] 14200.0000     0.0000     0.8479     0.4555     1.6328     0.8739
[1] 14300.0000     0.0000     0.9227     0.0538     2.0668     1.0001
[1] 14400.0000     1.0000     0.8984     0.9946     1.0434     1.1866
[1] 14500.0000     0.3667     0.9963     0.0671     2.0657     1.0788
[1] 1.460e+04 0.000e+00 8.721e-01 1.172e-01 2.033e+00 9.912e-01
[1] 14700.0000     0.0000     0.8974    -0.5925     2.6527     1.0871
[1] 14800.0000     0.0000     0.9988     0.9326     1.2213     0.9067
[1] 14900.0000     0.0218     0.9582     0.0826     2.0731     1.0321
[1] 15000.0000     0.0002     0.9447    -0.3050     2.3901     0.8911
[1] 15100.0000     1.0000     0.8292    -0.1403     2.3043     0.9249
[1] 15200.0000     0.0000     0.9307     0.3186     1.8466     0.9934
[1] 15300.0000     0.4403     0.9517    -0.1057     2.3152     1.1636
[1] 15400.0000     0.0072     0.8397    -0.8199     2.9765     1.1015
[1] 15500.0000     0.0000     0.9734    -1.7230     3.9271     1.1714
[1] 15600.0000     0.0000     0.8520    -1.0391     3.2067     1.1912
[1] 15700.0000     0.0000     0.8475    -0.2286     2.3206     0.9690
[1] 15800.0000     0.0001     0.9687    -0.0833     2.1614     1.0771
[1] 15900.0000     0.0000     0.8876    -0.0002     2.0579     0.9067
[1] 16000.0000     0.0016     0.8124    -0.5700     2.6970     1.1160
[1] 16100.0000     0.0000     0.9566     0.2256     1.9623     1.0234
[1] 16200.0000     0.0000     0.9466     0.9378     1.1154     0.9477
[1] 1.630e+04 0.000e+00 9.158e-01 6.999e-01 1.491e+00 9.491e-01
[1] 1.640e+04 0.000e+00 8.807e-01 2.514e-01 1.866e+00 8.691e-01
[1] 16500.0000     0.2430     0.9646     0.7326     1.3818     1.1820
[1] 16600.0000     0.0000     0.8294    -0.7026     2.8892     0.8835
[1] 16700.0000     0.0000     0.8462     0.0793     2.0048     0.9538
[1] 16800.0000     0.0000     0.9358    -0.1268     2.2389     0.9778
[1] 16900.0000     0.0000     0.9254     0.7287     1.4015     0.9648
[1] 17000.0000     0.0000     0.9790    -0.1674     2.3052     0.8822
[1] 17100.0000     0.0001     0.9305     1.6359     0.4284     0.9283
[1] 17200.0000     0.0000     0.9497     0.8410     1.3019     0.8252
[1] 17300.0000     1.0000     0.8396     0.8888     1.2572     1.0131
[1] 17400.0000     0.0000     0.8593     0.4614     1.7852     1.1450
[1] 17500.0000     0.0000     0.9677    -0.3481     2.4879     1.1479
[1] 17600.0000     0.0000     0.8280     0.2168     1.8520     1.1486
[1] 1.770e+04 0.000e+00 8.794e-01 4.894e-01 1.719e+00 9.707e-01
[1] 17800.0000     0.0000     0.9383    -0.5958     2.8902     1.0084
[1] 17900.0000     0.0000     0.8750    -0.7225     2.9186     0.9636
[1] 18000.0000     1.0000     0.9109    -0.0021     2.1712     0.8712
[1] 18100.0000     0.0000     0.9981     0.0642     2.0992     1.0670
[1] 18200.0000     0.0000     0.9844     2.3664    -0.1942     1.0832
[1] 18300.0000     0.0000     0.9928     0.4618     1.7495     1.1096
[1] 1.840e+04 0.000e+00 9.529e-01 3.655e-01 1.806e+00 8.173e-01
[1] 18500.0000     0.0000     0.9525     0.4082     1.7326     0.9333
[1] 1.860e+04 0.000e+00 8.656e-01 5.410e-02 2.124e+00 8.624e-01
[1] 18700.0000     0.0000     0.8080    -0.0927     2.2739     0.9308
[1] 18800.0000     0.0000     0.8635     0.4008     1.7016     1.1693
[1] 18900.0000     0.0000     0.9024     0.7353     1.3342     1.0613
[1] 19000.0000     0.0000     0.8770    -0.3399     2.5534     1.0394
[1] 19100.0000     0.0000     0.8142    -0.7668     2.8727     1.0716
[1] 19200.0000     0.0000     0.8001    -0.6412     2.7819     0.9641
[1] 19300.0000     0.0000     0.9669    -0.5092     2.5988     1.0123
[1] 19400.0000     0.0000     0.9330    -0.0526     2.1791     1.0363
[1] 19500.0000     0.0000     0.9654     0.5078     1.6583     0.9669
[1] 19600.0000     1.0000     0.9648    -1.1749     3.3323     1.1447
[1] 19700.0000     0.0000     0.8982    -0.2191     2.2465     1.1826
[1] 19800.0000     0.0000     0.9408     0.4325     1.7367     0.9927
[1] 19900.0000     0.0000     0.9981     0.3475     1.8266     1.0280
[1] 20000.0000     0.0000     0.8708    -0.0429     2.1844     1.0213
[1] 20100.0000     0.0000     0.9080     0.5294     1.6319     1.0402
[1] 20200.0000     1.0000     0.9840     0.5262     1.5587     1.1380
[1] 20300.0000     0.0000     0.9921     0.3880     1.7277     1.1096
[1] 2.040e+04 5.400e-03 9.072e-01 1.549e-01 1.971e+00 9.991e-01
[1] 20500.0000     0.0000     0.8964    -0.3701     2.5327     1.1285
[1] 20600.0000     1.0000     0.9169     0.2055     2.0023     1.1057
[1] 20700.0000     0.7484     0.8107     0.4749     1.6783     1.0874
[1] 20800.0000     0.0000     0.9606     0.1168     2.0555     1.0886
[1] 20900.0000     0.0000     0.9109    -0.4206     2.6025     0.9980
[1] 21000.0000     0.0000     0.9912     0.4203     1.6519     1.0875
[1] 21100.0000     0.0000     0.9732    -0.2766     2.4086     0.8253
[1] 2.120e+04 6.700e-03 9.861e-01 5.437e-01 1.564e+00 1.183e+00
[1] 21300.0000     0.0000     0.9596    -0.4680     2.5245     1.0815
[1] 21400.0000     0.0001     0.9719    -0.2078     2.3417     0.9071
[1] 21500.0000     0.0000     0.9375    -0.2773     2.3364     1.0777
[1] 21600.0000     0.0000     0.8010    -0.6267     2.7824     1.1966
[1] 21700.0000     0.0000     0.9845    -0.5366     2.6367     1.0645
[1] 21800.0000     0.0000     0.8709    -0.2093     2.3696     1.0601
[1] 21900.0000     0.0000     0.8416    -0.1332     2.3281     1.1370
[1] 22000.0000     0.0000     0.8850     0.5755     1.6004     0.9555
[1] 22100.0000     0.0000     0.8953     0.1607     1.9551     0.9321
[1] 22200.0000     0.0000     0.9349     0.2854     1.7733     0.9881
[1] 22300.0000     0.0016     0.8584     0.5089     1.6183     0.9367
[1] 22400.0000     0.0000     0.9494    -0.2200     2.3563     0.9207
[1] 22500.0000     0.0010     0.9610     0.6452     1.4838     0.9963
[1] 22600.0000     0.0000     0.8858     1.2765     0.9684     0.9064
[1] 22700.0000     0.0000     0.8271     1.5546     0.4806     1.1968
[1] 22800.0000     0.0004     0.9630     0.7435     1.4856     0.9437
[1] 22900.0000     0.0000     0.9699     0.8505     1.2426     0.9238
[1] 23000.0000     0.0000     0.9652     0.7952     1.2978     1.0264
[1] 23100.0000     0.0000     0.9231    -0.3020     2.4614     0.8179
[1] 23200.0000     0.0000     0.9741    -0.0543     2.2595     1.1699
[1] 23300.0000     0.1154     0.8966     0.0871     2.0222     1.0199
[1] 23400.0000     0.0000     0.9418     0.0929     2.1195     0.8205
[1] 23500.0000     0.0000     0.9561    -0.0189     2.1999     1.0572
[1] 23600.0000     0.0000     0.8360     0.7682     1.4013     0.8406
[1] 2.370e+04 0.000e+00 9.977e-01 1.506e+00 6.055e-01 9.083e-01
[1] 2.380e+04 0.000e+00 9.509e-01 7.330e-01 1.297e+00 9.516e-01
[1] 23900.0000     0.0001     0.9638     1.2215     0.8477     1.0121
[1] 24000.0000     0.0000     0.9655     0.7082     1.3805     1.1185
[1] 24100.0000     0.0000     0.8643    -1.4674     3.5820     0.9462
[1] 24200.0000     0.0000     0.9232    -0.5373     2.6838     1.0732
[1] 24300.0000     0.0000     0.9415    -0.7672     2.8930     0.9258
[1] 24400.0000     0.0234     0.9020     0.9508     1.3100     1.0534
[1] 24500.0000     0.0000     0.9674     1.4512     0.7023     1.1315
[1] 24600.0000     0.0000     0.9062    -0.1895     2.2829     0.8877
[1] 24700.0000     0.0017     0.9025    -0.5972     2.7727     0.8040
[1] 24800.0000     0.0004     0.8109     0.5506     1.5861     1.1899
[1] 24900.0000     0.0710     0.9126    -0.7772     3.0257     1.0268
[1] 2.500e+04 0.000e+00 9.628e-01 6.795e-01 1.434e+00 9.362e-01
[1] 25100.0000     0.0000     0.9523     0.9419     1.1418     1.1803
[1] 25200.0000     0.0000     0.9435     0.3997     1.7442     1.0372
[1] 25300.0000     0.5649     0.9180     0.2157     1.9635     1.1438
[1] 25400.0000     1.0000     0.8988     0.1243     1.9999     1.0888
[1] 25500.0000     0.0000     0.8303     0.7472     1.3670     1.1248
[1] 25600.0000     0.0000     0.8978     0.2395     1.8931     1.1142
[1] 25700.0000     0.0000     0.8662     0.3118     1.8198     1.1677
[1] 25800.0000     0.0000     0.8043    -0.6269     2.7401     0.8730
[1] 25900.0000     0.7328     0.8632    -0.5166     2.5733     1.1254
[1] 26000.0000     0.8058     0.9492    -1.1936     3.4307     1.0058
[1] 26100.0000     0.0000     0.9196    -0.6429     2.6654     1.1722
[1] 26200.0000     0.0000     0.9529    -0.2781     2.4135     1.0017
[1] 26300.0000     0.0000     0.8530     0.3122     1.8032     1.0678
[1] 2.640e+04 0.000e+00 8.767e-01 5.308e-01 1.586e+00 8.041e-01
[1] 26500.0000     0.0261     0.8885    -0.3159     2.4694     1.0349
[1] 26600.0000     0.0000     0.9293    -0.7683     3.0311     0.8497
[1] 26700.0000     0.0000     0.8184     0.7682     1.3591     0.9177
[1] 26800.0000     0.0000     0.8544    -0.8784     3.0069     0.9528
[1] 26900.0000     0.0000     0.9182    -0.2549     2.3560     0.9860
[1] 27000.0000     0.0000     0.8102     0.0638     2.0742     1.1325
[1] 27100.0000     0.8853     0.9280    -0.3242     2.5109     1.0348
[1] 27200.0000     0.0000     0.9878     0.3720     1.7382     0.8174
[1] 27300.0000     0.0000     0.8270    -0.2494     2.3935     1.1347
[1] 2.740e+04 0.000e+00 8.182e-01 8.554e-01 1.322e+00 1.104e+00
[1] 27500.0000     0.0000     0.8463     1.3437     0.8883     0.8762
[1] 27600.0000     0.0000     0.8732     1.7866     0.3853     0.9172
[1] 27700.0000     0.0000     0.8768     0.4724     1.7036     1.0202
[1] 27800.0000     0.0000     0.8338     0.4891     1.6577     0.9440
[1] 27900.0000     0.3855     0.9296     1.0819     1.0837     0.8843
[1] 28000.0000     0.0000     0.8025     0.0297     2.1115     0.9240
[1] 28100.0000     0.0000     0.9306    -0.4395     2.7489     0.8823
[1] 28200.0000     0.0000     0.9693    -0.5889     2.7581     0.8876
[1] 28300.0000     0.0000     0.9886    -0.8692     3.0178     1.1843
[1] 28400.0000     0.2834     0.9594    -0.6734     2.8892     0.8105
[1] 28500.0000     0.0000     0.9130     0.3216     1.8423     1.1129
[1] 28600.0000     0.0000     0.9856     0.1550     1.9681     1.1641
[1] 28700.0000     0.0000     0.9136    -0.4342     2.5755     1.1810
[1] 28800.0000     0.0000     0.8104     0.1813     1.9888     1.1940
[1] 28900.0000     0.0000     0.9137    -0.0203     2.2362     0.8478
[1] 29000.0000     0.0000     0.9277    -0.2637     2.4019     1.1735
[1] 29100.0000     0.0000     0.8872    -0.5331     2.7425     1.0232
[1] 29200.0000     0.0268     0.9367     1.0939     1.0228     1.1465
[1] 29300.0000     0.0110     0.9749     0.3725     1.7745     0.9782
[1] 29400.0000     0.0000     0.9394     0.6368     1.5001     1.1754
[1] 2.950e+04 0.000e+00 9.697e-01 7.210e-02 2.086e+00 9.614e-01
[1] 29600.0000     0.0000     0.8335    -0.0952     2.2210     1.1940
[1] 29700.0000     0.0000     0.9991    -0.4040     2.4744     0.9357
[1] 29800.0000     0.0000     0.9203    -1.4807     3.5935     0.9519
[1] 29900.0000     1.0000     0.9798    -0.7408     2.8904     1.0014
[1] 30000.0000     0.0000     0.9561     0.9312     1.1471     1.0811
[1] 0.07163713
Time difference of 4.41934 hours
null device 
          1 
