[1] "El numero de nodos X particion es: 10"
[1] "Model = M2 / Data = sim_data/datasetSVCExponential19.Rdata"
[1] 100.0000   0.7602   0.9429   0.0311   1.9070   1.1970
[1] 200.0000   1.0000   0.9804  -0.0087   1.9939   1.0297
[1] 300.0000   0.4989   0.8776  -0.0932   2.0088   1.0665
[1] 400.0000   0.3542   0.9217  -0.0123   1.9337   0.9692
[1] 500.0000   0.5835   0.8902  -0.1131   1.9070   0.8863
[1] 600.0000   0.1518   0.9748   0.0286   1.8234   1.0386
[1] 700.0000   1.0000   0.8087  -0.0615   1.9781   1.0605
[1] 800.0000   1.0000   0.8954  -0.0114   1.9153   1.1490
[1] 900.0000   1.0000   0.9357  -0.1056   1.9201   1.0743
[1] 1000.0000    1.0000    0.9692   -0.0601    1.9700    0.9576
[1] 1100.0000    0.2401    0.8326   -0.0920    1.8993    1.0285
[1] 1200.0000    1.0000    0.8603    0.0021    1.9510    0.9164
[1] 1300.0000    0.6878    0.8617   -0.0739    1.9501    1.0550
[1] 1400.0000    1.0000    0.8516    0.0369    1.9271    0.9483
[1] 1500.0000    0.0075    0.9694    0.0293    1.8878    1.1238
[1] 1600.0000    0.1971    0.9998   -0.0647    2.0012    1.1214
[1] 1700.0000    0.3466    0.8185   -0.0339    1.8361    1.1630
[1] 1800.0000    0.0049    0.9234   -0.0747    2.0202    1.1307
[1] 1900.0000    0.0691    0.9875    0.0599    1.9710    0.8532
[1] 2000.0000    0.4226    0.9978   -0.0224    1.8919    1.1535
[1] 2100.0000    0.2244    0.8081    0.0411    1.9967    0.9300
[1] 2200.0000    0.2411    0.8580    0.0295    2.0038    1.0161
[1] 2300.0000    0.4671    0.9707    0.0305    1.8745    1.1994
[1] 2400.0000    0.7602    0.9764    0.0093    1.8919    1.0594
[1] 2500.0000    1.0000    0.9002   -0.0789    1.8807    1.1531
[1] 2600.0000    0.9362    0.8357   -0.0045    1.8527    0.8701
[1] 2700.0000    1.0000    0.8052   -0.0614    1.9290    0.8603
[1] 2800.0000    0.8885    0.8906   -0.0582    1.9552    0.8787
[1] 2900.0000    0.1161    0.8994   -0.0791    1.8610    1.0050
[1] 3000.0000    0.8661    0.9623   -0.0576    2.0570    1.1476
[1] 3100.0000    1.0000    0.9078   -0.0470    1.8926    0.9130
[1] 3200.0000    1.0000    0.9676   -0.0056    1.8783    1.1339
[1] 3300.0000    0.3437    0.9877    0.0025    1.8813    0.9428
[1] 3400.0000    0.1515    0.9515   -0.0894    1.7903    1.1198
[1] 3500.0000    1.0000    0.9338   -0.0637    1.9628    0.8830
[1] 3600.0000    0.4567    0.8553    0.0424    1.9753    1.1349
[1] 3700.0000    0.1387    0.9950    0.0510    1.9317    1.0085
[1] 3800.0000    0.1415    0.9791   -0.0722    1.7936    1.0179
[1] 3900.0000    1.0000    0.8173   -0.0243    1.8894    1.1134
[1] 4000.0000    1.0000    0.9388    0.0108    1.8720    0.8131
[1] 4100.0000    0.6763    0.9193    0.0697    1.9110    1.0337
[1] 4200.0000    0.4189    0.9756   -0.0391    1.9180    0.9752
[1] 4300.0000    0.0784    0.9986   -0.0806    1.8569    0.9026
[1] 4400.0000    0.2829    0.9571    0.0044    1.9924    0.9932
[1] 4500.0000    0.7558    0.8410   -0.0063    1.9773    1.1520
[1] 4600.0000    0.6944    0.8039   -0.0272    1.9119    1.1669
[1] 4700.0000    0.0925    0.8102   -0.0535    1.7930    1.1923
[1] 4800.0000    0.3009    0.8536   -0.1237    1.8797    1.1437
[1] 4900.0000    0.2306    0.9222    0.0327    2.0110    0.9837
[1] 5000.0000    0.8982    0.9273    0.0211    1.9512    1.0348
[1] 5100.0000    0.6767    0.8496   -0.1107    1.9692    0.8317
[1] 5200.0000    0.1300    0.8440   -0.0567    2.0081    1.1937
[1] 5300.0000    1.0000    0.8379   -0.0134    1.9706    1.0434
[1] 5400.0000    0.9810    0.8515   -0.0547    1.8950    1.1120
[1] 5500.0000    0.2361    0.8506   -0.0205    1.8902    1.1979
[1] 5600.0000    0.0051    0.9095   -0.1938    1.9221    0.9324
[1] 5700.0000    0.6142    0.9403   -0.0198    1.8584    0.9236
[1] 5800.0000    0.3513    0.8520    0.0294    1.9925    1.0482
[1] 5900.0000    0.6657    0.8759   -0.0812    1.8581    1.0113
[1] 6000.0000    0.3999    0.8273   -0.0167    1.9135    0.8750
[1] 6100.0000    0.0346    0.9025    0.0353    1.9723    0.9119
[1] 6200.0000    1.0000    0.8336    0.0459    1.7832    0.9759
[1] 6300.0000    0.1683    0.9105   -0.0336    1.9652    1.1686
[1] 6400.0000    0.8036    0.9022   -0.0641    1.8910    0.8332
[1] 6500.0000    1.0000    0.9478   -0.0169    1.9452    1.0656
[1] 6600.0000    0.0948    0.8918   -0.0947    1.8952    1.0184
[1] 6700.0000    0.0183    0.8229    0.0434    1.8499    1.0410
[1] 6800.0000    0.8286    0.9525   -0.0472    1.8897    0.9997
[1] 6900.0000    0.7358    0.9401   -0.0532    1.8671    0.9220
[1] 7000.0000    0.1452    0.8011   -0.0447    1.9365    1.0228
[1] 7100.0000    0.7130    0.8440   -0.0105    1.9596    0.9302
[1] 7200.0000    0.5603    0.8089    0.0334    1.9518    0.8029
[1] 7300.0000    1.0000    0.9616   -0.0507    1.9454    0.8824
[1] 7400.0000    0.0370    0.8164   -0.1411    1.8528    0.8600
[1] 7500.0000    0.2436    0.9538    0.0332    1.9496    1.0728
[1] 7600.0000    0.3152    0.8898   -0.0963    1.8290    1.1032
[1] 7700.0000    0.2565    0.9975   -0.0967    1.8856    1.1871
[1] 7800.0000    0.0433    0.9829   -0.0220    1.8725    1.0003
[1] 7900.0000    1.0000    0.9195   -0.0354    1.9040    1.0920
[1] 8000.0000    0.4526    0.9186   -0.0535    1.8096    1.0026
[1] 8100.0000    0.8707    0.9280   -0.0042    2.0252    1.0020
[1] 8200.0000    0.1302    0.9273   -0.0072    1.9883    0.9041
[1] 8300.0000    0.2906    0.8896    0.0060    1.9824    1.1748
[1] 8400.0000    0.7827    0.8563   -0.1154    1.9599    1.0967
[1] 8500.0000    0.0259    0.8507   -0.0665    1.8431    1.0895
[1] 8600.0000    0.3055    0.8918   -0.1222    2.0014    1.0114
[1] 8700.0000    0.3255    0.8293   -0.1307    1.8807    0.8767
[1] 8800.0000    1.0000    0.9324   -0.0027    1.8973    0.8066
[1] 8900.0000    0.4033    0.9431   -0.0134    2.0302    1.1381
[1] 9000.0000    0.2407    0.9025    0.0053    1.9164    0.9096
[1] 9100.0000    1.0000    0.9156    0.0008    1.9282    1.0916
[1] 9200.0000    1.0000    0.9069   -0.0405    1.9028    1.1995
[1] 9300.0000    0.0485    0.9270    0.0088    1.9706    1.1117
[1] 9400.0000    0.7488    0.8662    0.0773    1.8371    0.8284
[1] 9500.0000    0.0473    0.8817   -0.0703    1.9098    1.0875
[1] 9600.0000    0.9229    0.9566   -0.0531    1.9271    1.1182
[1] 9700.0000    0.0749    0.8614    0.0640    1.8754    0.9692
[1] 9800.0000    0.5202    0.9462   -0.0315    1.8784    1.1275
[1] 9900.0000    0.0005    0.9529    0.0134    1.8639    0.9335
[1] 10000.0000     1.0000     0.8618    -0.1649     1.8423     0.8032
[1] 10100.0000     1.0000     0.9049    -0.0205     2.0056     1.0751
[1] 10200.0000     0.4601     0.9808    -0.1138     1.9410     0.8342
[1] 10300.0000     0.3187     0.8120     0.0499     1.8976     0.8804
[1] 10400.0000     0.1589     0.9274     0.0070     1.9549     0.8733
[1] 10500.0000     1.0000     0.8159     0.0134     1.9389     1.1284
[1] 10600.0000     1.0000     0.8189     0.0282     1.9334     1.1530
[1] 10700.0000     0.0751     0.8531    -0.0185     1.9211     0.8181
[1] 10800.0000     0.7106     0.9785    -0.0322     1.9368     1.1554
[1] 10900.0000     0.0730     0.8264    -0.0436     1.9674     1.1140
[1] 11000.0000     0.3028     0.8012    -0.0450     2.0510     0.9407
[1] 11100.0000     0.0270     0.9709     0.0487     2.0612     0.9321
[1] 11200.0000     0.9568     0.9412    -0.0614     1.9410     0.8257
[1] 11300.0000     1.0000     0.9738    -0.0580     1.9417     1.1215
[1] 11400.0000     0.8979     0.9866    -0.0076     1.8867     0.8664
[1] 11500.0000     0.0101     0.9311    -0.0910     1.8786     0.8792
[1] 11600.0000     0.8828     0.9382    -0.1116     1.7992     0.8033
[1] 11700.0000     1.0000     0.8766    -0.1057     1.8672     0.9110
[1] 11800.0000     0.4546     0.8440    -0.0538     1.8387     0.8198
[1] 11900.0000     0.2925     0.9675     0.0420     1.9054     0.9621
[1] 12000.0000     1.0000     0.9595    -0.0128     1.8757     1.1960
[1] 12100.0000     0.7274     0.9452    -0.0839     1.9131     0.8400
[1] 12200.0000     1.0000     0.8496    -0.0567     1.8855     0.8460
[1] 12300.0000     0.9321     0.9337     0.0390     1.9268     1.0573
[1] 12400.0000     1.0000     0.8046    -0.1273     1.8954     0.8797
[1] 12500.0000     0.0680     0.9120     0.1073     1.9942     1.1259
[1] 12600.0000     1.0000     0.9564    -0.0244     1.9146     1.1675
[1] 12700.0000     0.0012     0.9614    -0.0321     2.0622     0.8958
[1] 12800.0000     0.0449     0.9108    -0.0476     1.9202     1.0765
[1] 12900.0000     0.4094     0.8554    -0.1156     1.8567     0.9712
[1] 13000.0000     0.1150     0.8840     0.0377     1.8682     1.1100
[1] 13100.0000     0.4844     0.9591    -0.1275     1.9530     1.0507
[1] 13200.0000     0.8279     0.9955    -0.0506     1.8126     0.8578
[1] 13300.0000     0.3233     0.9324     0.0666     1.9928     1.1427
[1] 13400.0000     0.0017     0.9485     0.0814     1.7974     1.0271
[1] 13500.0000     0.0066     0.8240    -0.0343     1.9886     1.0099
[1] 13600.0000     0.1050     0.8917    -0.0145     1.8670     1.0301
[1] 13700.0000     0.5232     0.8314    -0.0506     1.8593     0.8589
[1] 13800.0000     0.7749     0.8254     0.0436     1.9365     0.9444
[1] 13900.0000     0.8956     0.8104    -0.0448     1.8868     0.8994
[1] 14000.0000     1.0000     0.9598    -0.0310     1.9163     0.8043
[1] 14100.0000     0.0088     0.9236     0.0651     1.9921     0.9106
[1] 14200.0000     1.0000     0.9100    -0.0352     1.9433     1.1948
[1] 14300.0000     0.5712     0.9874    -0.0760     2.0264     0.9095
[1] 14400.0000     1.0000     0.8984    -0.0362     1.9039     1.1866
[1] 14500.0000     0.7446     0.9833     0.0215     1.8886     1.1771
[1] 14600.0000     0.0465     0.8329    -0.0758     1.8615     0.9630
[1] 14700.0000     1.0000     0.8840    -0.0148     1.8829     1.0394
[1] 14800.0000     0.0107     0.8106    -0.0498     1.9332     1.0978
[1] 14900.0000     0.9062     0.9485    -0.0138     1.9765     1.1960
[1] 15000.0000     0.0009     0.9486    -0.0315     1.9240     0.9418
[1] 15100.0000     0.1441     0.9112     0.0212     1.9130     1.0503
[1] 15200.0000     0.4471     0.9896     0.0453     1.9687     1.1186
[1] 15300.0000     0.6826     0.8296    -0.0499     1.9158     1.1944
[1] 15400.0000     1.0000     0.9829    -0.0408     1.9438     1.0368
[1] 15500.0000     0.5839     0.9013     0.0385     1.8744     1.0728
[1] 15600.0000     1.0000     0.9912     0.0200     1.8877     1.0551
[1] 15700.0000     0.6348     0.9225     0.0738     1.9043     0.9294
[1] 15800.0000     1.0000     0.9774     0.0119     1.9847     1.1822
[1] 15900.0000     0.1085     0.9524     0.0203     1.9859     1.0855
[1] 16000.0000     0.7881     0.9761    -0.0725     1.9289     1.0600
[1] 16100.0000     0.1872     0.8350     0.0211     1.8779     1.1328
[1] 16200.0000     1.0000     0.8455    -0.0886     1.9200     1.0509
[1] 16300.0000     1.0000     0.9029     0.0211     2.0095     1.0365
[1] 16400.0000     1.0000     0.8844     0.0110     1.8687     1.1913
[1] 16500.0000     0.5409     0.9894     0.0062     1.9699     0.9222
[1] 16600.0000     0.5028     0.8568    -0.1366     1.9179     1.0645
[1] 16700.0000     0.4597     0.9070    -0.1149     1.9283     1.1930
[1] 16800.0000     0.6865     0.9593    -0.1002     1.8759     0.8375
[1] 16900.0000     0.0104     0.8221    -0.0607     1.8325     1.1575
[1] 17000.0000     0.2660     0.8119    -0.0016     1.9756     0.9369
[1] 17100.0000     0.0905     0.9262     0.0918     1.8814     0.9696
[1] 17200.0000     0.3156     0.9497    -0.0831     1.8120     0.8252
[1] 17300.0000     0.4642     0.8396    -0.1729     1.8713     1.0131
[1] 17400.0000     0.5723     0.9623    -0.0080     2.0470     1.1696
[1] 17500.0000     1.0000     0.9645    -0.0192     1.9022     0.9956
[1] 17600.0000     0.0394     0.9193    -0.1039     1.9197     0.8193
[1] 17700.0000     0.0064     0.8794    -0.1156     1.7633     0.9707
[1] 17800.0000     1.0000     0.9968    -0.0389     1.8957     0.8268
[1] 17900.0000     0.0757     0.9291    -0.0819     1.9900     0.9192
[1] 18000.0000     0.7779     0.9109     0.0970     1.9474     0.8712
[1] 18100.0000     0.7050     0.9137     0.0097     1.9539     0.9014
[1] 18200.0000     0.1977     0.8127     0.0833     1.9932     0.8547
[1] 18300.0000     1.0000     0.9137    -0.0494     1.9643     0.9901
[1] 18400.0000     0.0032     0.9243    -0.1056     1.9413     1.1066
[1] 18500.0000     1.0000     0.8751    -0.0599     1.9101     0.8892
[1] 18600.0000     0.3695     0.8932    -0.0144     1.9685     0.8460
[1] 18700.0000     0.0723     0.8306    -0.0115     1.9154     0.9156
[1] 18800.0000     0.7986     0.9422    -0.0720     1.9809     0.8265
[1] 18900.0000     0.1442     0.9734    -0.1026     1.8995     1.0104
[1] 19000.0000     1.0000     0.8087    -0.0394     2.0374     1.1060
[1] 19100.0000     0.7635     0.9272    -0.1533     1.9821     0.8583
[1] 19200.0000     0.5046     0.8319    -0.0277     1.7664     1.0132
[1] 19300.0000     0.1267     0.9020    -0.0982     1.9848     1.0537
[1] 19400.0000     1.0000     0.8507    -0.0450     1.9185     0.9744
[1] 19500.0000     0.1217     0.9633    -0.0323     1.8777     1.1823
[1] 19600.0000     1.0000     0.9648    -0.0322     1.9534     1.1447
[1] 19700.0000     1.0000     0.8293    -0.0499     1.8271     1.0022
[1] 19800.0000     0.1991     0.9869    -0.0087     1.9877     0.9076
[1] 19900.0000     1.0000     0.9655    -0.0247     2.0444     0.8660
[1] 20000.0000     0.6459     0.8545    -0.0636     1.8714     0.8923
[1] 20100.0000     0.0021     0.8622    -0.0254     1.9783     0.8640
[1] 20200.0000     0.5987     0.9840    -0.0763     1.9632     1.1380
[1] 20300.0000     1.0000     0.9019    -0.0393     1.8482     1.0263
[1] 20400.0000     0.5867     0.9596    -0.0562     1.9436     1.0259
[1] 20500.0000     0.3762     0.8964    -0.0229     1.9255     1.1285
[1] 20600.0000     0.6067     0.9169    -0.0496     1.9980     1.1057
[1] 20700.0000     0.8395     0.8107     0.0795     1.9644     1.0874
[1] 20800.0000     1.0000     0.9981    -0.0309     2.0592     1.0246
[1] 20900.0000     1.0000     0.9455    -0.0729     1.9417     1.1141
[1] 21000.0000     0.0536     0.8708    -0.0056     1.8445     1.1617
[1] 21100.0000     0.9130     0.8682    -0.0695     1.8545     1.1577
[1] 21200.0000     1.0000     0.9611    -0.0406     1.8496     0.8029
[1] 21300.0000     0.6841     0.8260    -0.0440     1.9100     0.9202
[1] 21400.0000     0.9330     0.8276     0.0043     1.9071     0.8233
[1] 21500.0000     1.0000     0.8291    -0.0146     1.9341     1.0581
[1] 21600.0000     1.0000     0.9634    -0.0424     1.9137     0.9473
[1] 21700.0000     0.1505     0.9973    -0.0375     1.8345     0.9605
[1] 21800.0000     0.8135     0.8733     0.0104     1.9651     1.1912
[1] 21900.0000     0.4286     0.9598     0.0219     1.9885     0.8497
[1] 22000.0000     0.7360     0.8874    -0.0185     1.8664     1.0182
[1] 22100.0000     1.0000     0.8517    -0.0389     1.9567     0.9777
[1] 22200.0000     0.9934     0.8579    -0.0390     1.8900     0.8534
[1] 22300.0000     0.4694     0.9726    -0.1754     1.9294     0.8521
[1] 22400.0000     0.6564     0.8145    -0.0986     1.8917     0.8604
[1] 22500.0000     0.2335     0.8239    -0.0089     1.9489     1.1368
[1] 22600.0000     0.2629     0.8006    -0.0109     1.9968     0.8902
[1] 22700.0000     0.0413     0.8271    -0.0924     1.9092     1.1968
[1] 22800.0000     0.4224     0.8972    -0.0421     1.8346     1.0231
[1] 22900.0000     1.0000     0.8956    -0.0572     1.8292     1.1446
[1] 23000.0000     0.0160     0.8997     0.0070     1.8616     0.9381
[1] 23100.0000     0.4935     0.8119     0.0336     1.9494     1.0551
[1] 23200.0000     0.3909     0.8437     0.0338     1.9626     0.8877
[1] 23300.0000     0.3078     0.9905     0.0179     1.9967     1.1869
[1] 23400.0000     1.0000     0.8888    -0.0618     1.9223     1.0444
[1] 23500.0000     1.0000     0.9916    -0.0074     1.9356     1.1297
[1] 23600.0000     1.0000     0.8573    -0.0500     1.9465     0.9429
[1] 23700.0000     0.3248     0.9328    -0.0042     1.8851     1.0180
[1] 23800.0000     0.4209     0.9299    -0.0475     1.7858     1.0580
[1] 23900.0000     0.6520     0.9920     0.0496     1.8789     1.0485
[1] 24000.0000     0.4477     0.8060     0.0465     1.8670     1.1215
[1] 24100.0000     1.0000     0.9214    -0.1479     1.9570     0.8541
[1] 24200.0000     0.1696     0.9331    -0.1585     1.9138     1.1419
[1] 24300.0000     0.2865     0.8950     0.0333     1.9396     0.9587
[1] 24400.0000     0.8364     0.9947    -0.0082     1.8901     0.9697
[1] 24500.0000     0.8691     0.9726    -0.0538     2.0461     1.0605
[1] 24600.0000     0.3537     0.9866    -0.0720     1.8806     1.1519
[1] 2.470e+04 8.277e-01 9.195e-01 2.180e-02 1.922e+00 8.781e-01
[1] 24800.0000     0.9323     0.9886     0.0190     1.9092     1.1188
[1] 24900.0000     0.2542     0.9126    -0.1189     1.9442     1.0268
[1] 25000.0000     0.9773     0.8801     0.0083     1.9345     0.8235
[1] 25100.0000     0.6008     0.8419    -0.0447     2.0207     0.8544
[1] 25200.0000     0.3870     0.9507    -0.0553     1.9430     0.9719
[1] 25300.0000     0.3182     0.9779    -0.1291     1.8332     0.8977
[1] 25400.0000     1.0000     0.8988    -0.0195     1.9032     1.0888
[1] 25500.0000     0.6692     0.8159     0.0089     1.8763     1.0385
[1] 25600.0000     0.0123     0.9041    -0.0293     2.0209     1.0021
[1] 25700.0000     0.0978     0.9659    -0.0381     1.9374     0.9398
[1] 25800.0000     0.1466     0.9689     0.0046     1.9341     1.1962
[1] 25900.0000     0.0644     0.9827     0.0410     1.8543     0.8279
[1] 26000.0000     0.6782     0.9492     0.0000     1.8667     1.0058
[1] 26100.0000     0.2186     0.9935    -0.0179     1.9336     1.0009
[1] 26200.0000     1.0000     0.8601    -0.0718     1.8847     0.9041
[1] 26300.0000     0.5440     0.8448    -0.1172     1.8942     0.9973
[1] 26400.0000     0.1840     0.8855     0.0730     1.8729     1.0131
[1] 26500.0000     1.0000     0.9678    -0.0220     1.8864     0.9418
[1] 26600.0000     0.2486     0.9993    -0.0778     1.8563     1.0988
[1] 26700.0000     0.4870     0.8892    -0.0282     1.9897     0.9428
[1] 26800.0000     1.0000     0.9542    -0.0922     1.9087     1.1594
[1] 26900.0000     0.0259     0.8396    -0.0466     1.9544     0.9391
[1] 27000.0000     1.0000     0.8977    -0.0503     2.0164     0.8661
[1] 27100.0000     1.0000     0.9280    -0.0654     1.9606     1.0348
[1] 27200.0000     0.1180     0.8135    -0.1027     2.0077     0.8529
[1] 27300.0000     0.0256     0.9608    -0.0876     1.8952     0.8492
[1] 27400.0000     0.1300     0.8725    -0.0258     1.8388     1.1899
[1] 27500.0000     0.3051     0.9534    -0.0101     1.9027     0.8238
[1] 27600.0000     0.2204     0.9952    -0.0516     1.9569     1.1217
[1] 27700.0000     0.0109     0.8768     0.0975     1.9084     1.0202
[1] 27800.0000     0.0483     0.8828    -0.0477     1.9041     1.1030
[1] 27900.0000     0.8453     0.8904     0.0691     1.9786     0.9276
[1] 28000.0000     0.0013     0.9430    -0.0176     1.9352     0.9743
[1] 28100.0000     0.0089     0.9857    -0.0787     1.9617     0.9345
[1] 28200.0000     0.4681     0.9920     0.0308     1.9380     1.1206
[1] 28300.0000     0.7121     0.8124    -0.0343     1.9755     0.9290
[1] 28400.0000     1.0000     0.9594    -0.0707     1.8776     0.8105
[1] 28500.0000     0.1166     0.8257     0.0771     1.8843     0.8766
[1] 28600.0000     0.2839     0.9775    -0.0624     1.9071     0.9079
[1] 28700.0000     1.0000     0.9143    -0.0212     1.9026     0.8158
[1] 28800.0000     1.0000     0.9743    -0.0357     1.8736     0.8723
[1] 28900.0000     0.6742     0.9457    -0.1704     1.9701     1.0466
[1] 29000.0000     0.8241     0.8148    -0.0548     1.9310     0.9225
[1] 29100.0000     0.3837     0.8438     0.0012     1.9471     0.8008
[1] 29200.0000     0.0333     0.9367    -0.0314     1.8600     1.1465
[1] 29300.0000     1.0000     0.9064    -0.0480     1.8669     1.0368
[1] 29400.0000     0.1735     0.9512     0.0527     1.8339     1.1262
[1] 29500.0000     1.0000     0.8146    -0.0507     1.9755     0.8093
[1] 29600.0000     0.3868     0.9770     0.0117     2.0229     1.1651
[1] 29700.0000     0.0812     0.8808    -0.0570     1.8025     0.9901
[1] 29800.0000     1.0000     0.8701    -0.0391     1.9221     0.8024
[1] 29900.0000     1.0000     0.9798    -0.0805     1.9500     1.0014
[1] 30000.0000     0.5256     0.9561     0.0018     1.9185     1.0811
[1] 0.549298
Time difference of 11.04449 hours
null device 
          1 
