[1] "El numero de nodos X particion es: 10"
[1] "Model = M2 / Data = sim_data/datasetSVCExponential24.Rdata"
[1] 100.0000   0.0000   0.9200  -0.0748   1.5479   0.9288
[1] 200.0000   0.0000   0.8487  -0.3945   1.3945   0.8384
[1] 300.0000   1.0000   0.8776  -0.5223   1.4658   1.0665
[1] 400.0000   0.3695   0.9217  -0.3869   1.4122   0.9692
[1] 500.0000   0.0015   0.9813  -0.4057   1.4774   0.8492
[1] 600.0000   0.0000   0.8891  -0.3480   1.4065   0.8464
[1] 700.0000   0.0378   0.8009  -0.4334   1.4884   0.8720
[1] 800.0000   0.0399   0.9840  -0.4976   1.5303   0.9131
[1] 900.0000   1.0000   0.9357  -0.4322   1.4514   1.0743
[1] 1000.0000    0.0000    0.8209   -0.4551    1.4773    0.9374
[1] 1100.0000    0.0348    0.8924   -0.4592    1.4469    0.9545
[1] 1200.0000    1.0000    0.8603   -0.4614    1.4613    0.9164
[1] 1300.0000    0.6838    0.8617   -0.5311    1.5273    1.0550
[1] 1400.0000    0.0000    0.8624   -0.4995    1.3988    0.9686
[1] 1500.0000    0.0196    0.9672   -0.5504    1.4273    1.1986
[1] 1600.0000    0.0004    0.9215   -0.5145    1.5248    1.1003
[1] 1700.0000    0.0866    0.9419   -0.4553    1.4966    1.0966
[1] 1800.0000    0.1244    0.8314   -0.4366    1.4009    0.9945
[1] 1900.0000    0.0500    0.9875   -0.4365    1.4185    0.8532
[1] 2000.0000    1.0000    0.8107   -0.4991    1.4464    0.8113
[1] 2100.0000    0.0111    0.9372   -0.4451    1.3835    0.8634
[1] 2200.0000    0.3954    0.8580   -0.4511    1.4194    1.0161
[1] 2300.0000    0.0351    0.8377   -0.4712    1.4681    0.8487
[1] 2400.0000    0.0253    0.9355   -0.4237    1.4175    1.1578
[1] 2500.0000    0.0986    0.9103   -0.4725    1.4628    0.8545
[1] 2600.0000    0.0046    0.8357   -0.4524    1.4555    0.9572
[1] 2700.0000    0.3197    0.8445   -0.4717    1.4830    1.0218
[1] 2800.0000    0.4813    0.8906   -0.5319    1.5191    0.8787
[1] 2900.0000    0.1470    0.8994   -0.5611    1.4197    1.0050
[1] 3000.0000    0.2177    0.9623   -0.5604    1.5612    1.1476
[1] 3100.0000    0.1309    0.8476   -0.4725    1.4345    1.1528
[1] 3200.0000    0.0632    0.9624   -0.3911    1.4405    0.8773
[1] 3300.0000    1.0000    0.8733   -0.5231    1.5345    0.9733
[1] 3400.0000    0.0151    0.9515   -0.4799    1.3130    1.1198
[1] 3500.0000    1.0000    0.9338   -0.4015    1.4159    0.8830
[1] 3600.0000    0.1972    0.9027   -0.5017    1.4893    1.1569
[1] 3700.0000    0.0386    0.8385   -0.4544    1.4318    0.8150
[1] 3800.0000    0.2082    0.8653   -0.5499    1.4506    0.9884
[1] 3900.0000    0.0119    0.8514   -0.4649    1.4517    1.1876
[1] 4000.0000    1.0000    0.9388   -0.3827    1.4167    0.8131
[1] 4100.0000    0.2807    0.8388   -0.4169    1.4649    0.8864
[1] 4200.0000    0.0778    0.9756   -0.5393    1.4475    0.9752
[1] 4300.0000    0.0031    0.9986   -0.5372    1.3884    0.9026
[1] 4400.0000    0.0862    0.9571   -0.3968    1.5194    0.9932
[1] 4500.0000    1.0000    0.8410   -0.4434    1.5364    1.1520
[1] 4600.0000    0.2015    0.8039   -0.4517    1.4580    1.1669
[1] 4700.0000    0.1845    0.8102   -0.4244    1.3432    1.1923
[1] 4800.0000    0.0009    0.8985   -0.5118    1.4914    0.9827
[1] 4900.0000    0.3292    0.9222   -0.4415    1.5109    0.9837
[1] 5000.0000    0.1539    0.8079   -0.3676    1.4743    0.9328
[1] 5100.0000    1.0000    0.8496   -0.4256    1.4750    0.8317
[1] 5200.0000    0.0089    0.8350   -0.4721    1.5855    1.0935
[1] 5300.0000    0.5771    0.8379   -0.5598    1.4290    1.0434
[1] 5400.0000    0.4991    0.8333   -0.4984    1.4173    0.9811
[1] 5500.0000    0.0022    0.8506   -0.3992    1.4595    1.1979
[1] 5600.0000    0.0000    0.9095   -0.6347    1.4399    0.9324
[1] 5700.0000    0.2025    0.8052   -0.4667    1.3950    1.1681
[1] 5800.0000    0.3428    0.8520   -0.4252    1.5184    1.0482
[1] 5900.0000    1.0000    0.8759   -0.5133    1.3787    1.0113
[1] 6000.0000    0.6981    0.8325   -0.5485    1.4043    0.8825
[1] 6100.0000    0.0129    0.9025   -0.3901    1.4536    0.9119
[1] 6200.0000    1.0000    0.8336   -0.4543    1.3890    0.9759
[1] 6300.0000    0.1252    0.9569   -0.5014    1.5138    0.8080
[1] 6400.0000    0.3417    0.9022   -0.5233    1.3651    0.8332
[1] 6500.0000    0.4554    0.8697   -0.4705    1.4914    0.9040
[1] 6600.0000    0.0639    0.8918   -0.5001    1.4925    1.0184
[1] 6700.0000    0.0254    0.8204   -0.4810    1.4234    0.9264
[1] 6800.0000    0.9776    0.8496   -0.4971    1.4096    0.9728
[1] 6900.0000    0.6204    0.9401   -0.5332    1.4185    0.9220
[1] 7000.0000    0.0860    0.8011   -0.4474    1.3862    1.0228
[1] 7100.0000    1.0000    0.8440   -0.5006    1.4432    0.9302
[1] 7200.0000    0.0167    0.8343   -0.4712    1.4771    0.9512
[1] 7300.0000    0.2980    0.8821   -0.4866    1.4371    0.9361
[1] 7400.0000    0.0120    0.8164   -0.5958    1.3995    0.8600
[1] 7500.0000    0.2421    0.8682   -0.4884    1.4857    0.9160
[1] 7600.0000    0.6762    0.8898   -0.4994    1.3899    1.1032
[1] 7700.0000    0.0360    0.8552   -0.5519    1.4631    1.0850
[1] 7800.0000    0.0174    0.8812   -0.4507    1.4116    1.0536
[1] 7900.0000    0.0260    0.8037   -0.5088    1.3972    1.1632
[1] 8000.0000    0.0464    0.8855   -0.4711    1.3863    1.0520
[1] 8100.0000    1.0000    0.9280   -0.4498    1.5133    1.0020
[1] 8200.0000    0.1031    0.8989   -0.5008    1.4539    1.1363
[1] 8300.0000    0.8262    0.8444   -0.3835    1.5161    1.1155
[1] 8400.0000    0.2290    0.8563   -0.5267    1.4627    1.0967
[1] 8500.0000    0.0021    0.8507   -0.5214    1.3390    1.0895
[1] 8600.0000    0.3157    0.8012   -0.5204    1.4073    0.8290
[1] 8700.0000    0.0126    0.8327   -0.5785    1.4243    0.8813
[1] 8800.0000    1.0000    0.9324   -0.4395    1.4142    0.8066
[1] 8900.0000    0.5049    0.9431   -0.4080    1.4855    1.1381
[1] 9000.0000    0.0090    0.9878   -0.4756    1.4493    1.0272
[1] 9100.0000    0.3531    0.8799   -0.4302    1.4228    0.8591
[1] 9200.0000    1.0000    0.9069   -0.4649    1.4463    1.1995
[1] 9300.0000    0.0880    0.8678   -0.4830    1.4728    1.1657
[1] 9400.0000    0.2728    0.8458   -0.4196    1.4002    1.0091
[1] 9500.0000    0.0315    0.9329   -0.5286    1.4189    0.8817
[1] 9600.0000    0.2795    0.8149   -0.5138    1.4441    0.9056
[1] 9700.0000    0.0751    0.8614   -0.4298    1.3794    0.9692
[1] 9800.0000    1.0000    0.8213   -0.4406    1.4425    0.8104
[1] 9900.0000    0.0003    0.9529   -0.4279    1.4649    0.9335
[1] 10000.0000     1.0000     0.8618    -0.5031     1.3439     0.8032
[1] 10100.0000     0.4966     0.9049    -0.4054     1.5097     1.0751
[1] 10200.0000     0.6962     0.9808    -0.5378     1.4732     0.8342
[1] 10300.0000     0.1263     0.8120    -0.3551     1.4723     0.8804
[1] 10400.0000     0.0013     0.9274    -0.4910     1.4872     0.8733
[1] 10500.0000     1.0000     0.8159    -0.5312     1.5512     1.1284
[1] 10600.0000     1.0000     0.8189    -0.3911     1.4256     1.1530
[1] 10700.0000     0.0008     0.8531    -0.3787     1.4917     0.8181
[1] 10800.0000     1.0000     0.8056    -0.4945     1.5674     0.8503
[1] 10900.0000     0.0076     0.8264    -0.5059     1.5486     1.1140
[1] 11000.0000     1.0000     0.8012    -0.5405     1.4788     0.9407
[1] 11100.0000     0.0957     0.8902    -0.3358     1.5382     0.9114
[1] 11200.0000     0.6109     0.9412    -0.5436     1.4861     0.8257
[1] 11300.0000     0.6437     0.9738    -0.5189     1.4173     1.1215
[1] 11400.0000     0.2498     0.8271    -0.4937     1.4070     1.1322
[1] 11500.0000     0.0046     0.9311    -0.5333     1.4240     0.8792
[1] 11600.0000     1.0000     0.9382    -0.5291     1.3758     0.8033
[1] 11700.0000     1.0000     0.8766    -0.4253     1.4774     0.9110
[1] 11800.0000     0.0257     0.8440    -0.4613     1.3972     0.8198
[1] 11900.0000     0.1150     0.8272    -0.4383     1.4639     0.8962
[1] 12000.0000     1.0000     0.9595    -0.4960     1.4365     1.1960
[1] 12100.0000     0.1924     0.8653    -0.5037     1.4878     1.1380
[1] 12200.0000     0.5788     0.8496    -0.4854     1.3514     0.8460
[1] 12300.0000     0.6195     0.9337    -0.3607     1.4230     1.0573
[1] 12400.0000     0.4523     0.8046    -0.4675     1.3419     0.8797
[1] 12500.0000     0.1128     0.9120    -0.4019     1.4882     1.1259
[1] 12600.0000     1.0000     0.9564    -0.4670     1.4542     1.1675
[1] 12700.0000     0.0069     0.9614    -0.4513     1.5593     0.8958
[1] 12800.0000     0.0253     0.9108    -0.4681     1.4633     1.0765
[1] 12900.0000     0.5108     0.8554    -0.5244     1.3854     0.9712
[1] 13000.0000     0.2065     0.8840    -0.4427     1.4203     1.1100
[1] 13100.0000     0.3545     0.9404    -0.5527     1.4073     0.9822
[1] 13200.0000     0.6442     0.9955    -0.4460     1.4036     0.8578
[1] 13300.0000     0.1701     0.8522    -0.4082     1.4946     1.0074
[1] 13400.0000     0.0013     0.9485    -0.3857     1.3306     1.0271
[1] 13500.0000     0.0016     0.8240    -0.5200     1.5304     1.0099
[1] 13600.0000     0.5779     0.8630    -0.4652     1.3692     0.9698
[1] 13700.0000     1.0000     0.8314    -0.5160     1.4560     0.8589
[1] 13800.0000     1.0000     0.8254    -0.4563     1.3825     0.9444
[1] 13900.0000     0.2465     0.8125    -0.5521     1.3648     1.1546
[1] 14000.0000     1.0000     0.9598    -0.5103     1.4710     0.8043
[1] 14100.0000     0.0009     0.9236    -0.3878     1.5542     0.9106
[1] 14200.0000     1.0000     0.9100    -0.4593     1.4810     1.1948
[1] 14300.0000     0.0680     0.9874    -0.6005     1.5111     0.9095
[1] 14400.0000     0.8089     0.8984    -0.4923     1.4112     1.1866
[1] 14500.0000     0.7540     0.9833    -0.4034     1.4732     1.1771
[1] 14600.0000     0.0226     0.8084    -0.4785     1.4389     0.8928
[1] 14700.0000     1.0000     0.8840    -0.4193     1.3903     1.0394
[1] 14800.0000     0.0097     0.9533    -0.4810     1.4569     0.8106
[1] 14900.0000     0.7752     0.9485    -0.5089     1.4474     1.1960
[1] 15000.0000     0.0000     0.8802    -0.5495     1.4560     0.9805
[1] 15100.0000     0.8273     0.9112    -0.5047     1.4402     1.0503
[1] 15200.0000     0.3085     0.9896    -0.4089     1.5067     1.1186
[1] 15300.0000     0.5728     0.8296    -0.4938     1.4556     1.1944
[1] 15400.0000     0.5238     0.8005    -0.4466     1.5511     0.8812
[1] 15500.0000     0.2074     0.9423    -0.4572     1.3802     0.8091
[1] 15600.0000     0.9805     0.9912    -0.3975     1.3883     1.0551
[1] 15700.0000     0.4051     0.9225    -0.3724     1.4173     0.9294
[1] 15800.0000     0.6494     0.9774    -0.4434     1.4082     1.1822
[1] 15900.0000     0.1209     0.9524    -0.4326     1.4902     1.0855
[1] 16000.0000     0.9881     0.9761    -0.4818     1.4836     1.0600
[1] 16100.0000     0.0197     0.8350    -0.4415     1.4478     1.1328
[1] 16200.0000     1.0000     0.8455    -0.4772     1.4457     1.0509
[1] 16300.0000     1.0000     0.9029    -0.4586     1.4323     1.0365
[1] 16400.0000     1.0000     0.8844    -0.4271     1.4427     1.1913
[1] 16500.0000     0.7058     0.9407    -0.4885     1.4602     0.9877
[1] 16600.0000     0.2432     0.8568    -0.5798     1.4789     1.0645
[1] 16700.0000     0.5484     0.9070    -0.5485     1.4373     1.1930
[1] 16800.0000     0.3619     0.8165    -0.4639     1.4224     1.0376
[1] 16900.0000     0.0087     0.8221    -0.4975     1.4303     1.1575
[1] 17000.0000     0.8176     0.8355    -0.4594     1.4898     0.9526
[1] 17100.0000     0.0556     0.9262    -0.3112     1.4226     0.9696
[1] 17200.0000     1.0000     0.8059    -0.4778     1.4038     1.0244
[1] 17300.0000     0.4496     0.8396    -0.6233     1.4005     1.0131
[1] 17400.0000     0.5352     0.9623    -0.4924     1.5346     1.1696
[1] 17500.0000     0.6544     0.8131    -0.4618     1.3814     0.9127
[1] 17600.0000     0.0420     0.8242    -0.4956     1.4607     0.9225
[1] 17700.0000     0.0232     0.8794    -0.4754     1.3549     0.9707
[1] 17800.0000     0.9708     0.9968    -0.5037     1.4333     0.8268
[1] 17900.0000     0.0606     0.9291    -0.5226     1.4761     0.9192
[1] 18000.0000     0.4933     0.9109    -0.3485     1.5135     0.8712
[1] 18100.0000     0.1541     0.9137    -0.4726     1.4834     0.9014
[1] 18200.0000     0.1913     0.8127    -0.4067     1.4632     0.8547
[1] 18300.0000     0.5245     0.9706    -0.4690     1.5029     1.1685
[1] 18400.0000     0.0057     0.9243    -0.5128     1.4916     1.1066
[1] 18500.0000     1.0000     0.8751    -0.4057     1.5136     0.8892
[1] 18600.0000     0.1305     0.8656    -0.4924     1.5404     0.8624
[1] 18700.0000     0.0190     0.8306    -0.4694     1.4567     0.9156
[1] 18800.0000     0.4079     0.8360    -0.4566     1.5019     0.8264
[1] 18900.0000     0.1117     0.9024    -0.5525     1.4509     1.0613
[1] 19000.0000     1.0000     0.8087    -0.5089     1.5343     1.1060
[1] 19100.0000     0.4778     0.9272    -0.5307     1.5153     0.8583
[1] 19200.0000     0.3658     0.8319    -0.5244     1.2884     1.0132
[1] 19300.0000     0.0281     0.8940    -0.4416     1.4404     1.1248
[1] 19400.0000     1.0000     0.8507    -0.4972     1.4685     0.9744
[1] 19500.0000     0.0006     0.8243    -0.3989     1.4340     0.8751
[1] 19600.0000     0.6987     0.8948    -0.4342     1.4738     1.0740
[1] 19700.0000     0.4493     0.8293    -0.4156     1.3997     1.0022
[1] 19800.0000     0.7651     0.9324    -0.4822     1.5216     1.1958
[1] 19900.0000     1.0000     0.9655    -0.4871     1.5235     0.8660
[1] 20000.0000     0.2060     0.8545    -0.4830     1.5076     0.8923
[1] 20100.0000     0.0011     0.8373    -0.4408     1.4892     0.9737
[1] 20200.0000     0.2418     0.9282    -0.5099     1.4810     0.9678
[1] 20300.0000     1.0000     0.9019    -0.4550     1.4354     1.0263
[1] 20400.0000     1.0000     0.8446    -0.4818     1.4931     1.0333
[1] 20500.0000     0.9262     0.8702    -0.4977     1.4945     0.9048
[1] 20600.0000     0.3044     0.9169    -0.5676     1.5107     1.1057
[1] 20700.0000     0.9817     0.8107    -0.3848     1.4936     1.0874
[1] 20800.0000     1.0000     0.9981    -0.5108     1.5319     1.0246
[1] 20900.0000     0.2054     0.9072    -0.4260     1.4442     1.0199
[1] 21000.0000     0.0223     0.8708    -0.4367     1.3609     1.1617
[1] 21100.0000     1.0000     0.8682    -0.5261     1.4464     1.1577
[1] 21200.0000     0.5009     0.8010    -0.4456     1.4632     1.0057
[1] 21300.0000     0.1554     0.8214    -0.4448     1.4521     1.0391
[1] 21400.0000     1.0000     0.8276    -0.4688     1.4550     0.8233
[1] 21500.0000     0.6713     0.8291    -0.5114     1.3759     1.0581
[1] 21600.0000     0.2087     0.8069    -0.4751     1.5042     0.8555
[1] 21700.0000     0.6547     0.9973    -0.5294     1.4493     0.9605
[1] 21800.0000     0.5931     0.8443    -0.4723     1.5274     0.9811
[1] 21900.0000     0.2047     0.9598    -0.4022     1.5102     0.8497
[1] 22000.0000     1.0000     0.8874    -0.3885     1.4103     1.0182
[1] 22100.0000     0.7983     0.8517    -0.5284     1.5223     0.9777
[1] 22200.0000     1.0000     0.8579    -0.4870     1.3990     0.8534
[1] 22300.0000     0.4315     0.9726    -0.5985     1.4335     0.8521
[1] 22400.0000     0.2122     0.8145    -0.5306     1.4059     0.8604
[1] 22500.0000     0.3427     0.8239    -0.4651     1.5239     1.1368
[1] 22600.0000     0.0869     0.8858    -0.4626     1.5635     0.9064
[1] 22700.0000     0.1199     0.8271    -0.4571     1.5352     1.1968
[1] 22800.0000     0.1235     0.8972    -0.4522     1.3233     1.0231
[1] 22900.0000     0.5778     0.8804    -0.5061     1.3471     0.9211
[1] 23000.0000     0.0135     0.8188    -0.4841     1.3959     1.0070
[1] 23100.0000     0.5340     0.8119    -0.4031     1.4600     1.0551
[1] 23200.0000     0.4192     0.8154    -0.4423     1.4759     0.9644
[1] 23300.0000     0.1348     0.9727    -0.4034     1.5182     0.9482
[1] 23400.0000     0.3750     0.8888    -0.4880     1.3445     1.0444
[1] 23500.0000     0.4059     0.8797    -0.4277     1.4766     0.8266
[1] 23600.0000     0.4598     0.8573    -0.4456     1.5139     0.9429
[1] 23700.0000     0.4811     0.9328    -0.4281     1.4385     1.0180
[1] 23800.0000     0.1686     0.9299    -0.5121     1.3224     1.0580
[1] 23900.0000     1.0000     0.8722    -0.4370     1.4069     0.8735
[1] 24000.0000     0.1326     0.8060    -0.4100     1.4035     1.1215
[1] 24100.0000     1.0000     0.9214    -0.5175     1.4742     0.8541
[1] 24200.0000     0.1175     0.9331    -0.5875     1.4385     1.1419
[1] 24300.0000     1.0000     0.8163    -0.5110     1.5020     1.0906
[1] 24400.0000     0.6030     0.9947    -0.4463     1.4648     0.9697
[1] 24500.0000     0.3392     0.8969    -0.4704     1.4418     1.0480
[1] 24600.0000     0.5357     0.9062    -0.4674     1.4232     0.8877
[1] 24700.0000     1.0000     0.9195    -0.3841     1.4750     0.8781
[1] 24800.0000     0.1938     0.8460    -0.4689     1.5011     0.9489
[1] 24900.0000     0.2538     0.9126    -0.5682     1.4883     1.0268
[1] 25000.0000     1.0000     0.8801    -0.5338     1.5289     0.8235
[1] 25100.0000     1.0000     0.8419    -0.5029     1.5297     0.8544
[1] 25200.0000     0.2914     0.9507    -0.4792     1.4927     0.9719
[1] 25300.0000     0.5885     0.8254    -0.5283     1.3742     0.8434
[1] 25400.0000     0.4335     0.8988    -0.3906     1.4133     1.0888
[1] 25500.0000     0.5409     0.8159    -0.4059     1.4162     1.0385
[1] 25600.0000     0.0291     0.9041    -0.5059     1.5154     1.0021
[1] 25700.0000     0.0475     0.9326    -0.4936     1.4755     1.1000
[1] 25800.0000     0.1063     0.8606    -0.4523     1.4618     0.8978
[1] 25900.0000     0.0926     0.8683    -0.3933     1.4135     0.8098
[1] 26000.0000     0.6935     0.9492    -0.4418     1.3893     1.0058
[1] 26100.0000     0.3967     0.8603    -0.4897     1.5700     0.9559
[1] 26200.0000     0.6486     0.8601    -0.5396     1.4100     0.9041
[1] 26300.0000     0.5352     0.8448    -0.5256     1.4328     0.9973
[1] 26400.0000     0.3862     0.8855    -0.4161     1.3482     1.0131
[1] 26500.0000     0.9581     0.9678    -0.5133     1.3924     0.9418
[1] 26600.0000     1.0000     0.8531    -0.5003     1.3766     1.1347
[1] 26700.0000     1.0000     0.8892    -0.4868     1.4685     0.9428
[1] 26800.0000     1.0000     0.9542    -0.4900     1.4486     1.1594
[1] 26900.0000     0.0073     0.8396    -0.4838     1.4766     0.9391
[1] 27000.0000     1.0000     0.8977    -0.4988     1.5213     0.8661
[1] 27100.0000     0.0916     0.8095    -0.4921     1.4511     1.0497
[1] 27200.0000     0.0428     0.8135    -0.6072     1.4907     0.8529
[1] 27300.0000     0.1313     0.9608    -0.5521     1.4962     0.8492
[1] 27400.0000     0.2457     0.8806    -0.4264     1.3157     1.0468
[1] 27500.0000     1.0000     0.8366    -0.4433     1.4158     1.0805
[1] 27600.0000     0.0430     0.8732    -0.4697     1.4920     0.9172
[1] 27700.0000     0.0009     0.8768    -0.3365     1.4679     1.0202
[1] 27800.0000     0.0096     0.8828    -0.5092     1.4317     1.1030
[1] 27900.0000     0.8838     0.8904    -0.4266     1.4869     0.9276
[1] 28000.0000     0.0028     0.9430    -0.4824     1.4535     0.9743
[1] 28100.0000     0.0549     0.9262    -0.4658     1.4736     1.0710
[1] 28200.0000     0.6286     0.9920    -0.4022     1.4666     1.1206
[1] 28300.0000     0.2921     0.8510    -0.4531     1.4610     0.8048
[1] 28400.0000     0.8387     0.9594    -0.5000     1.4117     0.8105
[1] 28500.0000     1.0000     0.8206    -0.4373     1.5006     1.0447
[1] 28600.0000     0.6301     0.9775    -0.4862     1.4342     0.9079
[1] 28700.0000     0.7668     0.9143    -0.4730     1.4227     0.8158
[1] 28800.0000     0.4865     0.8104    -0.4556     1.4206     1.1940
[1] 28900.0000     1.0000     0.9689    -0.6358     1.4961     1.0738
[1] 29000.0000     1.0000     0.8095    -0.4713     1.4922     1.0816
[1] 29100.0000     0.2471     0.9156    -0.4628     1.4598     0.8172
[1] 29200.0000     0.8094     0.8572    -0.5653     1.4403     1.0103
[1] 29300.0000     1.0000     0.9064    -0.5295     1.4318     1.0368
[1] 29400.0000     0.2912     0.9512    -0.3894     1.4032     1.1262
[1] 29500.0000     1.0000     0.8146    -0.4925     1.4578     0.8093
[1] 29600.0000     0.1861     0.9770    -0.4288     1.5438     1.1651
[1] 29700.0000     0.1579     0.8203    -0.4968     1.3862     1.1249
[1] 29800.0000     1.0000     0.8701    -0.4913     1.4827     0.8024
[1] 29900.0000     0.8227     0.9798    -0.4748     1.5420     1.0014
[1] 30000.0000     0.1969     0.8307    -0.4683     1.3914     1.0904
[1] 0.4790208
Time difference of 10.66205 hours
null device 
          1 
