[1] "El numero de nodos X particion es: 10"
[1] "Model = M2 / Data = sim_data/datasetSVIMatern21.Rdata"
[1] 100.0000   1.0000   0.8291   0.1668   1.9175   0.9331
[1] 200.0000   0.0045   0.8487   0.1926   1.8496   0.8384
[1] 300.0000   0.2038   0.8776   0.2353   1.9111   1.0665
[1] 400.0000   0.0000   0.8593  -0.4798   2.6007   0.9203
[1] 500.0000   0.0000   0.8396   0.2610   1.7893   0.8985
[1] 600.0000   0.0212   0.8148   0.1196   1.9743   0.8457
[1] 700.0000   0.0002   0.8999   0.5280   1.5400   1.0702
[1] 800.0000   0.0000   0.8728   0.2293   1.7483   0.9084
[1] 900.0000   0.0000   0.8673  -0.1973   2.1814   0.8963
[1] 1000.0000    0.0000    0.8209   -0.0901    2.1030    0.9374
[1] 1100.0000    0.0000    0.8644    0.4599    1.5639    0.9327
[1] 1200.0000    0.1783    0.8603    0.1195    2.0438    0.9164
[1] 1300.0000    0.0434    0.9805    0.2831    1.7625    0.8049
[1] 1400.0000    0.0000    0.8099   -0.2382    2.2742    1.1384
[1] 1500.0000    0.0011    0.9694    0.7732    1.2115    1.1238
[1] 1600.0000    0.0000    0.9098   -0.0309    2.1198    0.9715
[1] 1700.0000    0.0000    0.8745   -0.2639    2.3457    0.9148
[1] 1800.0000    0.0000    0.9376   -0.2619    2.3122    0.8302
[1] 1900.0000    0.0000    0.9005   -0.2509    2.2856    0.9368
[1] 2000.0000    0.0000    0.9400    0.2723    1.7873    1.1109
[1] 2100.0000    0.0000    0.9372   -0.0753    2.0750    0.8634
[1] 2200.0000    0.0000    0.8668    0.1543    1.9129    1.0989
[1] 2300.0000    0.0006    0.8951    0.1475    1.8411    0.9529
[1] 2400.0000    0.0000    0.9355   -0.0574    2.1514    1.1578
[1] 2500.0000    0.0929    0.9668    0.0827    1.9174    0.8029
[1] 2600.0000    0.0000    0.9483   -0.2124    2.1640    1.1376
[1] 2700.0000    0.0000    0.9335    0.2834    1.9040    0.9591
[1] 2800.0000    0.0759    0.8113    0.3514    1.6749    0.9151
[1] 2900.0000    0.0013    0.9982   -0.3237    2.3058    0.9626
[1] 3000.0000    0.0000    0.8318   -0.0540    2.0781    1.1464
[1] 3100.0000    0.0000    0.9411   -0.0986    2.0701    0.9915
[1] 3200.0000    0.0000    0.8205    0.1936    1.8506    0.8873
[1] 3300.0000    0.0000    0.9797    0.3352    1.5204    1.0744
[1] 3400.0000    0.1088    0.9079    0.6409    1.3855    0.8348
[1] 3500.0000    0.0001    0.9256    0.1360    1.8962    1.1684
[1] 3600.0000    0.0000    0.9027   -0.2547    2.2192    1.1569
[1] 3700.0000    1.0000    0.9624    0.2772    1.7727    0.8094
[1] 3800.0000    0.0000    0.8306    0.2790    1.7915    0.8349
[1] 3900.0000    0.0000    0.8319    0.0847    2.0255    0.8180
[1] 4000.0000    0.0008    0.8393    0.4228    1.6661    0.9996
[1] 4100.0000    0.0000    0.8388   -0.2711    2.3388    0.8864
[1] 4200.0000    0.0000    0.9756   -0.6499    2.6284    0.9752
[1] 4300.0000    0.0662    0.8028   -0.2396    2.2665    0.9927
[1] 4400.0000    0.0000    0.9459    0.2442    1.8125    1.1887
[1] 4500.0000    0.7265    0.8410    0.2592    1.8256    1.1520
[1] 4600.0000    0.0098    0.9581    0.3122    1.7170    0.8180
[1] 4700.0000    0.0000    0.8528    0.0241    1.9994    0.8411
[1] 4800.0000    0.0000    0.8616   -0.1988    2.2524    0.9384
[1] 4900.0000    0.0000    0.8114   -0.3486    2.4388    0.8255
[1] 5000.0000    1.0000    0.9273   -0.5001    2.5955    1.0348
[1] 5100.0000    0.0000    0.8192   -0.1130    2.1272    0.8134
[1] 5200.0000    0.0000    0.8051    0.2597    1.7609    0.8965
[1] 5300.0000    0.0000    0.8845    0.2355    1.7741    1.0022
[1] 5400.0000    0.0000    0.8536   -0.0925    1.9641    0.9337
[1] 5500.0000    0.0000    0.8506    0.2829    1.8114    1.1979
[1] 5600.0000    0.0000    0.9328    0.1363    1.9328    1.1365
[1] 5700.0000    0.0000    0.8882    0.1636    1.8844    1.0651
[1] 5800.0000    0.0000    0.8612   -0.2987    2.3013    1.0327
[1] 5900.0000    0.0000    0.9433    0.2292    1.7540    0.8670
[1] 6000.0000    0.0000    0.8790    0.7115    1.4053    1.0590
[1] 6100.0000    0.0000    0.8198   -0.2764    2.2695    1.1772
[1] 6200.0000    0.0000    0.9400    0.2457    1.7209    0.8404
[1] 6300.0000    0.0000    0.9569   -0.0418    2.0574    0.8080
[1] 6400.0000    0.0000    0.9924   -0.0996    2.1786    1.0322
[1] 6500.0000    0.0013    0.9145   -0.4594    2.3939    0.8046
[1] 6600.0000    0.0000    0.8710    0.0392    1.9185    0.9001
[1] 6700.0000    0.0000    0.8253   -0.0132    2.0522    0.9280
[1] 6800.0000    0.3071    0.8794    0.3355    1.6764    0.9381
[1] 6900.0000    0.0000    0.9267   -0.2419    2.3132    1.0380
[1] 7000.0000    0.0000    0.8521    0.4918    1.5360    1.0680
[1] 7100.0000    0.0000    0.8694    0.1441    1.8921    0.8792
[1] 7200.0000    0.0000    0.8214    0.2315    1.7382    1.1383
[1] 7300.0000    0.0001    0.8356    0.7778    1.2087    1.1395
[1] 7400.0000    0.0000    0.8045   -0.1104    2.1216    0.8734
[1] 7500.0000    0.0000    0.9989   -0.8209    2.7111    1.1081
[1] 7600.0000    0.0000    0.9493   -0.1704    2.2420    0.9281
[1] 7700.0000    0.0001    0.8348   -0.5729    2.5349    1.0869
[1] 7800.0000    0.0001    0.9281   -0.0316    2.0703    0.8883
[1] 7900.0000    0.0000    0.8304   -0.1346    2.1756    0.9653
[1] 8000.0000    0.0000    0.9309   -0.2943    2.2471    1.0835
[1] 8100.0000    0.0000    0.9055    0.3358    1.7583    1.0588
[1] 8200.0000    0.0000    0.9207   -0.3592    2.4661    1.1282
[1] 8300.0000    0.0388    0.9009   -0.4328    2.4128    1.0589
[1] 8400.0000    0.0000    0.9658   -0.0639    2.0414    0.9286
[1] 8500.0000    0.0000    0.8325    0.1367    1.9153    1.0750
[1] 8600.0000    0.0359    0.9564   -0.7222    2.7583    0.9963
[1] 8700.0000    0.0000    0.8940   -0.0099    2.0659    1.0236
[1] 8800.0000    0.0000    0.8601   -0.0278    2.0445    0.8170
[1] 8900.0000    0.0045    0.8674    0.2663    1.7355    1.0474
[1] 9000.0000    0.0000    0.8301    0.3784    1.6247    1.1387
[1] 9100.0000    0.0000    0.8060   -0.1121    2.0395    0.8104
[1] 9200.0000    0.0000    0.8777    0.2342    1.8255    1.1489
[1] 9300.0000    0.0000    0.8689   -0.0251    2.0343    0.9976
[1] 9400.0000    0.0000    0.9163    1.0581    0.9381    0.8003
[1] 9500.0000    0.0000    0.8817    0.0058    2.0160    1.0875
[1] 9600.0000    0.0082    0.8149    0.1721    1.9193    0.9056
[1] 9700.0000    0.0000    0.9657    0.5597    1.4262    0.9166
[1] 9800.0000    0.0000    0.9462   -0.2634    2.2498    1.1275
[1] 9900.0000    0.0000    0.8192    0.1121    1.8385    0.8099
[1] 10000.0000     1.0000     0.8618     0.4887     1.5849     0.8032
[1] 10100.0000     1.0000     0.9049    -0.4108     2.5181     1.0751
[1] 10200.0000     1.0000     0.9808    -0.3729     2.3757     0.8342
[1] 10300.0000     0.1708     0.9549     0.8750     1.1724     0.8021
[1] 10400.0000     0.0000     0.9434    -0.0037     2.0008     1.1753
[1] 10500.0000     0.0000     0.8532    -0.2267     2.1596     1.1002
[1] 10600.0000     0.0000     0.8442     0.3067     1.7893     0.9495
[1] 10700.0000     0.0000     0.8398     0.2657     1.8147     1.0590
[1] 10800.0000     1.0000     0.8056     0.0790     1.9714     0.8503
[1] 10900.0000     0.0000     0.8191     0.5550     1.4739     0.8008
[1] 11000.0000     0.1419     0.8012     0.4959     1.6752     0.9407
[1] 11100.0000     0.0000     0.8902    -0.1781     2.1761     0.9114
[1] 11200.0000     0.2037     0.8258    -0.2096     2.1559     1.0628
[1] 11300.0000     0.0000     0.9481    -0.6089     2.5748     1.1448
[1] 11400.0000     0.0320     0.9548     0.1447     1.8951     1.0047
[1] 11500.0000     0.0000     0.8034     0.4842     1.5299     0.8501
[1] 11600.0000     0.0009     0.8744     0.3553     1.5909     0.9019
[1] 11700.0000     1.0000     0.8766     0.1029     1.9854     0.9110
[1] 11800.0000     0.0000     0.8027     0.2384     1.7101     0.8530
[1] 11900.0000     0.0000     0.9637    -0.3362     2.3412     0.8690
[1] 12000.0000     0.0003     0.8197    -0.1991     2.1416     0.8759
[1] 12100.0000     0.1961     0.8005    -0.3337     2.2156     0.8375
[1] 12200.0000     0.7687     0.8496     0.8953     1.1668     0.8460
[1] 12300.0000     0.0080     0.8010     0.2458     1.8084     0.8810
[1] 1.240e+04 1.000e+00 8.046e-01 2.537e-01 1.779e+00 8.797e-01
[1] 12500.0000     0.0000     0.9939     0.1721     1.9172     0.9707
[1] 12600.0000     0.0000     0.8126    -0.3022     2.3748     1.1805
[1] 12700.0000     0.0560     0.9614    -0.7797     2.6862     0.8958
[1] 12800.0000     0.0000     0.8032    -0.4891     2.5717     0.9473
[1] 12900.0000     1.0000     0.8565     0.0740     1.9114     0.9935
[1] 13000.0000     0.0019     0.8069     0.0814     1.8689     1.0997
[1] 13100.0000     0.0000     0.9404     0.8578     1.2045     0.9822
[1] 13200.0000     0.0009     0.8843     0.0332     2.0388     0.9997
[1] 13300.0000     0.0000     0.9222     0.0891     1.9791     0.8801
[1] 13400.0000     0.0000     0.8092     0.0158     2.0452     1.1676
[1] 13500.0000     0.0000     0.8466    -0.3257     2.3034     0.8143
[1] 13600.0000     0.0000     0.8917    -0.2024     2.2771     1.0301
[1] 13700.0000     0.0000     0.8951     0.0859     1.9197     1.0363
[1] 13800.0000     0.0000     0.9275    -0.6289     2.6607     1.0955
[1] 13900.0000     0.0006     0.8573    -0.2250     2.2724     0.8372
[1] 1.400e+04 0.000e+00 9.588e-01 1.609e-01 1.858e+00 9.662e-01
[1] 14100.0000     0.0000     0.8844    -0.1169     2.0368     1.1867
[1] 14200.0000     1.0000     0.9100     0.3394     1.8459     1.1948
[1] 14300.0000     0.0000     0.8548    -0.9154     2.8807     0.8231
[1] 14400.0000     0.1600     0.8623    -0.1846     2.2148     0.8985
[1] 14500.0000     0.1243     0.8647     0.1170     1.9294     1.0877
[1] 14600.0000     0.0000     0.8570    -0.0605     2.0296     1.1138
[1] 14700.0000     0.0000     0.8974    -0.3453     2.2827     1.0871
[1] 14800.0000     0.0000     0.8093     0.4999     1.4481     1.1283
[1] 14900.0000     0.0443     0.8051     0.0592     2.0136     1.0614
[1] 15000.0000     0.0028     0.9447    -0.1513     2.1392     0.8911
[1] 15100.0000     1.0000     0.8292     0.4214     1.5791     0.9249
[1] 15200.0000     0.0000     0.8734     0.0309     2.0476     0.8767
[1] 15300.0000     0.3750     0.8059     0.3104     1.7234     0.9091
[1] 15400.0000     0.9346     0.9829    -0.3919     2.3902     1.0368
[1] 15500.0000     0.0000     0.8167    -0.5413     2.6173     0.8047
[1] 15600.0000     0.0000     0.8520    -0.6778     2.6946     1.1912
[1] 15700.0000     0.0000     0.8475    -0.0706     2.0816     0.9690
[1] 15800.0000     0.0540     0.8834    -0.1139     2.0818     0.9061
[1] 15900.0000     0.0000     0.8876    -0.0386     2.0359     0.9067
[1] 16000.0000     0.2239     0.9761    -0.1990     2.1564     1.0600
[1] 16100.0000     0.0000     0.8125     0.3806     1.6716     0.8885
[1] 16200.0000     0.0202     0.8331    -0.2128     2.1520     0.9847
[1] 16300.0000     0.0000     0.9327     0.0460     1.9525     0.9714
[1] 16400.0000     0.0000     0.9401     0.0246     2.0062     0.9237
[1] 1.650e+04 3.591e-01 9.028e-01 5.997e-01 1.473e+00 9.055e-01
[1] 16600.0000     0.0327     0.8568     0.4121     1.6431     1.0645
[1] 16700.0000     0.0000     0.9287     0.1043     1.8649     0.9633
[1] 16800.0000     0.0004     0.8165    -0.1600     2.2734     1.0376
[1] 16900.0000     0.0000     0.8583    -0.0157     2.0559     0.9158
[1] 17000.0000     0.0000     0.9790    -0.3690     2.3332     0.8822
[1] 17100.0000     0.0002     0.9262     0.8649     1.2314     0.9696
[1] 17200.0000     0.0358     0.9497     0.2607     1.7849     0.8252
[1] 17300.0000     1.0000     0.8396     0.1257     1.9006     1.0131
[1] 17400.0000     0.0000     0.8593    -0.1475     2.2406     1.1450
[1] 17500.0000     0.0000     0.8131     0.3733     1.6937     0.9127
[1] 17600.0000     0.0000     0.8242     0.2165     1.7736     0.9225
[1] 17700.0000     0.0000     0.8794     0.2795     1.7705     0.9707
[1] 17800.0000     0.0502     0.9571    -0.5038     2.5993     0.9258
[1] 1.790e+04 0.000e+00 9.083e-01 2.284e-01 1.810e+00 9.495e-01
[1] 18000.0000     0.3381     0.9109     0.0765     2.0572     0.8712
[1] 18100.0000     0.0000     0.9461    -0.2017     2.1787     0.9222
[1] 18200.0000     0.0016     0.8142     1.0342     1.0390     0.8298
[1] 18300.0000     0.0000     0.8120    -0.0485     2.0718     1.0717
[1] 18400.0000     0.0000     0.9121     0.1012     1.9803     0.9764
[1] 18500.0000     0.0000     0.8451    -0.0585     2.0763     0.9054
[1] 18600.0000     0.0000     0.8656    -0.0159     2.1034     0.8624
[1] 18700.0000     0.0000     0.8080    -0.4907     2.5678     0.9308
[1] 18800.0000     0.0000     0.8537     0.0253     2.0336     0.9005
[1] 18900.0000     0.0000     0.9024    -0.1580     2.1369     1.0613
[1] 19000.0000     0.0030     0.8366     0.1161     1.9549     0.8015
[1] 19100.0000     0.0000     0.8142     0.2778     1.6690     1.0716
[1] 19200.0000     0.0000     0.8001     0.3841     1.6111     0.9641
[1] 19300.0000     0.0000     0.9918     0.3438     1.6956     0.8386
[1] 19400.0000     0.0000     0.8040     0.2533     1.8881     1.1551
[1] 19500.0000     0.0000     0.9633    -0.0791     2.0405     1.1823
[1] 19600.0000     0.1502     0.9162    -0.3997     2.3369     0.8038
[1] 19700.0000     0.0000     0.8143     0.3462     1.6636     0.8081
[1] 19800.0000     0.0000     0.9911     0.4999     1.5646     0.9546
[1] 19900.0000     0.0000     0.9981    -0.0012     2.0865     1.0280
[1] 20000.0000     0.0000     0.8708    -0.3598     2.3639     1.0213
[1] 20100.0000     0.0000     0.9794     0.4300     1.5614     1.1721
[1] 20200.0000     0.2033     0.8367    -0.0066     1.9836     0.9269
[1] 20300.0000     0.0000     0.8028    -0.2656     2.2862     0.9708
[1] 20400.0000     0.0020     0.9596    -0.2163     2.0777     1.0259
[1] 20500.0000     0.0000     0.8964     0.4829     1.5458     1.1285
[1] 20600.0000     0.2523     0.9169     0.2021     1.9408     1.1057
[1] 20700.0000     0.9579     0.8107    -0.3596     2.4619     1.0874
[1] 20800.0000     0.0000     0.9688    -0.4480     2.4764     0.8897
[1] 20900.0000     0.1022     0.9109    -0.0257     2.0110     0.9980
[1] 21000.0000     0.0000     0.8369     0.0527     1.9781     1.0355
[1] 21100.0000     0.0000     0.9732    -0.2957     2.2559     0.8253
[1] 21200.0000     0.2563     0.8263    -0.0583     2.0808     1.1324
[1] 21300.0000     0.0011     0.8782    -0.5099     2.4704     1.0748
[1] 21400.0000     0.0068     0.8556     0.0888     1.8777     0.8212
[1] 21500.0000     0.0026     0.9322    -0.4264     2.5083     1.1668
[1] 21600.0000     0.0203     0.8420    -0.1433     2.1641     0.8926
[1] 21700.0000     0.0000     0.8449    -0.7110     2.7157     0.9351
[1] 21800.0000     0.0024     0.8218    -0.2411     2.3206     1.1739
[1] 21900.0000     0.0000     0.9084     0.4835     1.5199     1.1067
[1] 22000.0000     0.0000     0.8850     0.5011     1.4845     0.9555
[1] 22100.0000     0.0000     0.8953    -0.3489     2.3394     0.9321
[1] 22200.0000     0.0000     0.9218    -0.0811     2.1007     0.8208
[1] 22300.0000     0.3436     0.9726     0.2578     1.8718     0.8521
[1] 22400.0000     0.0142     0.9494     0.3327     1.7394     0.9207
[1] 22500.0000     0.9567     0.9879     0.5614     1.4763     0.8971
[1] 22600.0000     0.0000     0.8858    -0.2640     2.2923     0.9064
[1] 22700.0000     0.0000     0.8271     0.3933     1.6343     1.1968
[1] 22800.0000     0.0405     0.8972    -0.5677     2.4318     1.0231
[1] 22900.0000     0.0002     0.9207     0.2540     1.7373     0.8362
[1] 23000.0000     0.0000     0.9652    -0.2346     2.2379     1.0264
[1] 23100.0000     0.0000     0.9231    -0.2924     2.2706     0.8179
[1] 23200.0000     0.0015     0.9586    -0.0341     1.9894     1.0581
[1] 23300.0000     0.0976     0.8966     0.4908     1.5537     1.0199
[1] 23400.0000     0.0001     0.8015    -0.1872     2.2410     0.8904
[1] 23500.0000     0.0000     0.8934    -0.3939     2.4130     1.1391
[1] 23600.0000     0.0000     0.8360     0.1705     1.8854     0.8406
[1] 23700.0000     0.0000     0.8580     0.2190     1.8121     0.8494
[1] 23800.0000     0.0000     0.8154    -0.1366     2.1073     1.1666
[1] 23900.0000     0.4605     0.9920     0.2962     1.6834     1.0485
[1] 24000.0000     0.0000     0.9801    -0.0368     1.9912     1.1551
[1] 24100.0000     0.0000     0.8747    -0.5516     2.5176     1.0767
[1] 24200.0000     0.0000     0.8562    -0.0429     2.0222     0.9310
[1] 24300.0000     0.0000     0.8822    -0.3753     2.4567     1.1634
[1] 2.440e+04 2.426e-01 8.950e-01 1.837e-01 1.858e+00 9.027e-01
[1] 24500.0000     0.0000     0.9407     0.0858     1.9179     1.0416
[1] 24600.0000     0.0000     0.9062    -0.0158     2.0744     0.8877
[1] 24700.0000     0.0054     0.8664    -0.1061     2.0719     1.1316
[1] 24800.0000     0.0135     0.8109    -0.1507     2.2060     1.1899
[1] 24900.0000     0.0325     0.9802    -0.4018     2.4371     0.9496
[1] 25000.0000     1.0000     0.8801    -0.2100     2.1902     0.8235
[1] 25100.0000     0.2337     0.9249     0.2640     1.8412     1.0516
[1] 25200.0000     0.0000     0.9920    -0.2905     2.3454     0.8420
[1] 25300.0000     1.0000     0.8151     0.0098     2.0154     1.0748
[1] 25400.0000     0.9798     0.8988     0.0123     2.0042     1.0888
[1] 25500.0000     0.0003     0.8303     0.4522     1.5550     1.1248
[1] 25600.0000     0.0000     0.8112    -0.1150     2.1866     0.8916
[1] 25700.0000     0.0000     0.9253     0.1725     1.9083     0.8539
[1] 25800.0000     0.0000     0.8043     0.0019     2.0872     0.8730
[1] 25900.0000     1.0000     0.8632    -0.1315     2.1515     1.1254
[1] 26000.0000     0.4881     0.9492    -0.1705     2.2709     1.0058
[1] 26100.0000     0.0000     0.9803    -0.2419     2.2162     1.0323
[1] 26200.0000     0.0403     0.9529    -0.0061     2.0605     1.0017
[1] 26300.0000     0.0000     0.9342     0.0395     1.9077     1.1434
[1] 26400.0000     0.0000     0.8767     0.1332     1.8607     0.8041
[1] 26500.0000     0.0712     0.8136    -0.2055     2.2921     0.8843
[1] 26600.0000     0.0000     0.9293    -0.0788     2.1753     0.8497
[1] 26700.0000     1.0000     0.8892     0.1947     1.9356     0.9428
[1] 26800.0000     0.0000     0.8173    -0.8310     2.7571     0.9752
[1] 26900.0000     0.0000     0.9586     0.4173     1.7006     1.0279
[1] 27000.0000     0.0000     0.9862    -0.4748     2.5407     0.8958
[1] 27100.0000     0.1194     0.8095    -0.2063     2.3173     1.0497
[1] 27200.0000     0.0118     0.8628     0.0844     1.9682     1.0265
[1] 27300.0000     0.0000     0.9754    -0.2949     2.3462     0.9688
[1] 27400.0000     0.0000     0.8182     0.4766     1.5912     1.1040
[1] 2.750e+04 0.000e+00 8.301e-01 5.441e-01 1.456e+00 9.239e-01
[1] 27600.0000     0.0000     0.8732     0.1071     1.9751     0.9172
[1] 27700.0000     0.0000     0.8317     0.0125     2.0115     1.1846
[1] 27800.0000     0.0000     0.8338     0.0736     1.9216     0.9440
[1] 27900.0000     1.0000     0.8904     0.0725     1.9635     0.9276
[1] 28000.0000     0.0000     0.8025    -0.1213     2.1519     0.9240
[1] 28100.0000     0.0000     0.9306    -0.0718     2.2029     0.8823
[1] 28200.0000     0.0000     0.9693     0.2571     1.8087     0.8876
[1] 28300.0000     0.0000     0.8845     0.1760     1.8695     0.9758
[1] 28400.0000     0.5537     0.9594     0.0151     2.1167     0.8105
[1] 2.850e+04 0.000e+00 8.469e-01 3.545e-01 1.604e+00 8.971e-01
[1] 28600.0000     0.0000     0.9184     0.1237     1.8057     0.8644
[1] 28700.0000     0.0000     0.8546    -0.5013     2.5242     0.9787
[1] 28800.0000     0.0322     0.8104    -0.0013     2.0916     1.1940
[1] 28900.0000     0.0000     0.9040    -0.2271     2.1710     0.8375
[1] 29000.0000     0.0000     0.9692    -0.3273     2.2643     0.9910
[1] 29100.0000     0.0000     0.9836    -0.1758     2.1637     1.0211
[1] 29200.0000     0.1324     0.9371     0.5472     1.5070     1.1436
[1] 29300.0000     0.2831     0.8846     0.7338     1.2655     0.9328
[1] 29400.0000     0.0002     0.8948     0.5489     1.4793     0.8239
[1] 29500.0000     0.0000     0.8510    -0.3941     2.4622     0.8942
[1] 29600.0000     0.0007     0.8047     0.2555     1.7184     0.8897
[1] 29700.0000     0.0001     0.8240     0.3762     1.7155     1.1041
[1] 29800.0000     0.0000     0.9583     0.2165     1.8163     0.8549
[1] 29900.0000     0.6852     0.9798     0.0960     1.9780     1.0014
[1] 30000.0000     0.0108     0.8841     1.0579     0.9726     1.0036
[1] 0.125875
Time difference of 10.81448 hours
null device 
          1 
