[1] "El numero de nodos X particion es: 10"
[1] "Model = M1 / Data = sim_data/datasetSVCExponential18.Rdata"
[1] 100.0000   1.0000   0.8291   0.0821   2.2249   0.9331
[1] 200.0000   0.3944   0.8487  -0.0955   2.0644   0.8384
[1] 300.0000   0.6703   0.8776  -0.1503   2.0636   1.0665
[1] 400.0000   0.3468   0.9217  -0.0994   2.0138   0.9692
[1] 500.0000   0.9140   0.8902  -0.1619   1.9919   0.8863
[1] 600.0000   0.0001   0.8693  -0.0314   1.9937   1.0610
[1] 700.0000   1.0000   0.8087  -0.2206   1.9335   1.0605
[1] 800.0000   1.0000   0.8954  -0.0591   2.0632   1.1490
[1] 900.0000   0.3567   0.9357  -0.3296   1.9730   1.0743
[1] 1000.0000    0.1548    0.8568   -0.1052    2.0353    0.8983
[1] 1100.0000    0.1997    0.8326   -0.2611    1.9351    1.0285
[1] 1200.0000    0.5604    0.8603   -0.1291    2.1054    0.9164
[1] 1300.0000    0.6563    0.8617   -0.1682    2.0379    1.0550
[1] 1400.0000    0.0000    0.9303   -0.1234    2.0771    1.1894
[1] 1500.0000    0.0001    0.9672    0.0138    2.1811    1.1986
[1] 1600.0000    0.4648    0.8673    0.0745    2.2170    0.9237
[1] 1700.0000    0.0001    0.9259   -0.1333    1.9896    1.0764
[1] 1800.0000    0.0000    0.9234   -0.0507    2.1541    1.1307
[1] 1900.0000    0.7815    0.9957   -0.0814    2.0687    1.1822
[1] 2000.0000    0.3904    0.9978   -0.0853    2.0446    1.1535
[1] 2100.0000    1.0000    0.8081   -0.0180    2.1610    0.9300
[1] 2200.0000    0.7942    0.8580   -0.0679    2.0392    1.0161
[1] 2300.0000    0.2594    0.8377   -0.0130    2.2187    0.8487
[1] 2400.0000    0.0415    0.9764    0.0451    2.0212    1.0594
[1] 2500.0000    0.0982    0.8529   -0.0775    2.1244    0.9541
[1] 2600.0000    0.0058    0.8146   -0.2346    1.8702    0.8232
[1] 2700.0000    0.0645    0.8044   -0.1057    2.1070    1.0835
[1] 2800.0000    0.1718    0.8906   -0.2539    2.0059    0.8787
[1] 2900.0000    0.0007    0.8994   -0.3365    1.8138    1.0050
[1] 3000.0000    0.2145    0.9623   -0.0452    2.2227    1.1476
[1] 3100.0000    0.1014    0.8265   -0.0824    2.0444    1.1652
[1] 3200.0000    0.0847    0.9371    0.0945    2.1707    1.1278
[1] 3300.0000    0.0000    0.9877   -0.0451    2.0818    0.9428
[1] 3400.0000    0.2156    0.8983   -0.2077    1.8160    1.1525
[1] 3500.0000    1.0000    0.9338   -0.0209    2.2130    0.8830
[1] 3600.0000    0.0935    0.9027   -0.1054    2.0627    1.1569
[1] 3700.0000    0.0033    0.8385   -0.0505    2.0747    0.8150
[1] 3800.0000    0.0001    0.8653   -0.2396    1.8861    0.9884
[1] 3900.0000    0.0028    0.8553   -0.2157    1.9313    1.0542
[1] 4000.0000    0.4998    0.9388   -0.0998    1.9882    0.8131
[1] 4100.0000    1.0000    0.9426   -0.0240    2.0551    0.8764
[1] 4200.0000    1.0000    0.8436   -0.0947    2.0557    0.9733
[1] 4300.0000    0.0000    0.9986   -0.1856    1.9749    0.9026
[1] 4400.0000    0.1961    0.9571    0.0917    2.2060    0.9932
[1] 4500.0000    1.0000    0.8410   -0.0031    2.0705    1.1520
[1] 4600.0000    0.0198    0.8039   -0.1010    1.9735    1.1669
[1] 4700.0000    0.0925    0.8102    0.0141    1.9612    1.1923
[1] 4800.0000    0.1514    0.8985   -0.0764    2.0655    0.9827
[1] 4900.0000    1.0000    0.8201    0.1207    2.2522    1.1747
[1] 5000.0000    1.0000    0.9273   -0.1213    1.9840    1.0348
[1] 5100.0000    0.1655    0.9679   -0.1449    2.0274    1.1951
[1] 5200.0000    0.0024    0.8350    0.0445    2.3252    1.0935
[1] 5300.0000    1.0000    0.8379   -0.1709    1.9714    1.0434
[1] 5400.0000    0.3920    0.8333   -0.0636    2.1176    0.9811
[1] 5500.0000    0.4025    0.8940   -0.2147    1.9852    1.1671
[1] 5600.0000    0.0428    0.8407   -0.4138    1.8709    1.1085
[1] 5700.0000    1.0000    0.9639   -0.1302    1.9616    1.0846
[1] 5800.0000    0.2443    0.8520    0.1442    2.3124    1.0482
[1] 5900.0000    0.4890    0.8759   -0.1935    2.0146    1.0113
[1] 6000.0000    1.0000    0.8325   -0.1850    2.0297    0.8825
[1] 6100.0000    0.0928    0.9025    0.1555    2.2166    0.9119
[1] 6200.0000    1.0000    0.8336   -0.4044    1.7422    0.9759
[1] 6300.0000    0.0052    0.8959   -0.1264    2.1508    1.1826
[1] 6400.0000    0.6505    0.9022    0.0300    2.0534    0.8332
[1] 6500.0000    0.3824    0.8697   -0.1988    2.0299    0.9040
[1] 6600.0000    0.0162    0.8918   -0.1664    2.0433    1.0184
[1] 6700.0000    0.0016    0.9726   -0.2358    1.9246    1.0730
[1] 6800.0000    1.0000    0.8496   -0.1192    2.0775    0.9728
[1] 6900.0000    0.0657    0.8556   -0.0756    2.0513    1.1638
[1] 7000.0000    0.0022    0.8011   -0.0883    2.0211    1.0228
[1] 7100.0000    1.0000    0.8440   -0.1742    1.9090    0.9302
[1] 7200.0000    0.0007    0.8989   -0.0605    2.0330    0.9392
[1] 7300.0000    0.0002    0.8821   -0.1427    2.0873    0.9361
[1] 7400.0000    0.0000    0.8045   -0.1846    1.9579    0.8734
[1] 7500.0000    0.1826    0.8682   -0.0771    2.0925    0.9160
[1] 7600.0000    0.5753    0.8898   -0.1697    1.9071    1.1032
[1] 7700.0000    0.0001    0.8552   -0.1538    2.0196    1.0850
[1] 7800.0000    0.0003    0.8139   -0.1008    2.0500    0.8702
[1] 7900.0000    0.2018    0.8037   -0.1777    1.9996    1.1632
[1] 8000.0000    0.7078    0.9186   -0.2154    1.8536    1.0026
[1] 8100.0000    0.2795    0.8687   -0.0626    2.1300    1.0506
[1] 8200.0000    0.0000    0.9273    0.0060    2.1249    0.9041
[1] 8300.0000    0.0006    0.8222    0.2137    2.3248    0.8438
[1] 8400.0000    0.6768    0.8563   -0.1519    1.9791    1.0967
[1] 8500.0000    0.0078    0.8716   -0.1905    1.9788    1.1821
[1] 8600.0000    0.6753    0.9214   -0.0746    2.1188    1.0135
[1] 8700.0000    0.4046    0.8293   -0.1987    1.8733    0.8767
[1] 8800.0000    0.7895    0.9324   -0.0724    2.0769    0.8066
[1] 8900.0000    0.2874    0.9431   -0.2000    2.0485    1.1381
[1] 9000.0000    0.4963    0.9025    0.0495    2.1664    0.9096
[1] 9100.0000    0.1472    0.8628   -0.1810    2.0447    0.9509
[1] 9200.0000    0.0691    0.8083   -0.1533    1.9703    1.0837
[1] 9300.0000    0.0015    0.9856   -0.0239    2.0817    1.1370
[1] 9400.0000    0.1357    0.8458    0.0506    1.9586    1.0091
[1] 9500.0000    0.0000    0.9329   -0.1642    2.0507    0.8817
[1] 9600.0000    0.6742    0.9566   -0.1412    2.0157    1.1182
[1] 9700.0000    0.0045    0.8614    0.0561    2.0920    0.9692
[1] 9800.0000    0.1526    0.8196   -0.0658    2.0082    0.9680
[1] 9900.0000    0.0000    0.9529    0.0397    2.0696    0.9335
[1] 10000.0000     0.8721     0.8618    -0.3770     1.8548     0.8032
[1] 10100.0000     1.0000     0.9049    -0.0063     2.1254     1.0751
[1] 10200.0000     0.0014     0.9084    -0.0835     1.9967     0.8386
[1] 10300.0000     0.0072     0.8120     0.0754     2.1021     0.8804
[1] 10400.0000     0.0040     0.8213    -0.0451     2.1416     1.0055
[1] 10500.0000     1.0000     0.8159     0.0237     2.0792     1.1284
[1] 1.060e+04 3.781e-01 8.330e-01 5.140e-02 2.275e+00 9.483e-01
[1] 10700.0000     0.0006     0.8531    -0.0772     2.0865     0.8181
[1] 10800.0000     0.9373     0.8056    -0.1545     2.0245     0.8503
[1] 10900.0000     0.0000     0.8264    -0.0747     2.1693     1.1140
[1] 11000.0000     0.7018     0.8012    -0.0432     2.2151     0.9407
[1] 11100.0000     0.0005     0.8902     0.0906     2.2675     0.9114
[1] 11200.0000     1.0000     0.9412    -0.1139     2.1189     0.8257
[1] 11300.0000     0.8507     0.9738     0.0070     2.0553     1.1215
[1] 11400.0000     0.8180     0.9055    -0.0286     2.1390     0.9856
[1] 11500.0000     0.0000     0.9311    -0.1485     2.0429     0.8792
[1] 11600.0000     1.0000     0.9382    -0.2657     1.8811     0.8033
[1] 11700.0000     0.7185     0.9810    -0.2375     2.0303     0.9386
[1] 11800.0000     0.0522     0.9849    -0.1323     1.9377     1.0283
[1] 11900.0000     0.2442     0.8272     0.0409     2.1224     0.8962
[1] 12000.0000     0.0030     0.8543    -0.2219     1.9576     1.1591
[1] 12100.0000     0.1818     0.9452    -0.0177     2.1176     0.8400
[1] 12200.0000     0.0031     0.8279    -0.0042     2.0141     0.8199
[1] 12300.0000     0.0265     0.8229     0.0520     2.1136     0.9137
[1] 12400.0000     1.0000     0.8046    -0.2307     1.9161     0.8797
[1] 12500.0000     0.1159     0.8027     0.1034     2.2631     1.0313
[1] 12600.0000     0.8403     0.9564    -0.0469     1.9881     1.1675
[1] 12700.0000     0.0002     0.9486     0.0748     2.1819     0.8166
[1] 12800.0000     0.0171     0.9108    -0.1404     2.0053     1.0765
[1] 12900.0000     0.2845     0.9378    -0.4464     1.6689     1.1252
[1] 13000.0000     0.0009     0.8069     0.2529     2.2891     1.0997
[1] 13100.0000     0.0030     0.9404    -0.0561     2.0743     0.9822
[1] 13200.0000     0.0056     0.9589    -0.2530     1.8550     1.1555
[1] 13300.0000     0.4106     0.8522     0.0805     2.1476     1.0074
[1] 13400.0000     0.0000     0.9485    -0.0662     1.8994     1.0271
[1] 13500.0000     0.0000     0.8240    -0.1287     2.0757     1.0099
[1] 13600.0000     0.0121     0.8917    -0.0863     1.9324     1.0301
[1] 13700.0000     1.0000     0.8314    -0.1005     2.0562     0.8589
[1] 13800.0000     0.0000     0.9464    -0.0277     2.1251     0.8343
[1] 13900.0000     0.2104     0.8125    -0.1995     1.9911     1.1546
[1] 14000.0000     0.6324     0.9598    -0.0567     1.9963     0.8043
[1] 1.410e+04 0.000e+00 9.236e-01 1.184e-01 2.265e+00 9.106e-01
[1] 1.420e+04 1.980e-02 9.171e-01 2.280e-02 2.135e+00 8.964e-01
[1] 14300.0000     0.0092     0.8359    -0.2963     1.8867     1.0907
[1] 14400.0000     1.0000     0.8984    -0.0428     2.0278     1.1866
[1] 14500.0000     0.0007     0.8302     0.0252     2.1893     1.1813
[1] 14600.0000     0.0000     0.8329    -0.2124     2.0401     0.9630
[1] 14700.0000     1.0000     0.8840    -0.0167     2.0991     1.0394
[1] 14800.0000     0.0000     0.8106    -0.2732     1.9831     1.0978
[1] 14900.0000     0.7821     0.9485    -0.0223     2.1672     1.1960
[1] 15000.0000     0.0000     0.9486    -0.1338     2.0152     0.9418
[1] 15100.0000     0.0499     0.9112    -0.1881     1.9733     1.0503
[1] 15200.0000     0.3323     0.9896     0.0634     2.1615     1.1186
[1] 15300.0000     0.0491     0.8856    -0.2012     2.0077     0.9730
[1] 15400.0000     0.5445     0.8005     0.0639     2.1956     0.8812
[1] 15500.0000     0.7251     0.8761    -0.2428     1.8843     0.9901
[1] 15600.0000     0.3825     0.9912    -0.1689     1.9768     1.0551
[1] 15700.0000     0.0002     0.8668     0.0272     2.1412     1.0399
[1] 15800.0000     0.0715     0.9670    -0.1623     1.9829     1.0411
[1] 15900.0000     0.0000     0.8006    -0.0806     2.0484     1.0522
[1] 16000.0000     0.5270     0.9761    -0.1128     2.0804     1.0600
[1] 16100.0000     0.3941     0.9477    -0.1851     2.0840     0.9420
[1] 16200.0000     1.0000     0.8455    -0.1619     1.9659     1.0509
[1] 16300.0000     0.0722     0.9320    -0.0628     2.1123     1.0407
[1] 16400.0000     0.2493     0.8090    -0.1439     2.0197     0.8978
[1] 16500.0000     0.2082     0.9894    -0.0480     2.0908     0.9222
[1] 16600.0000     1.0000     0.9292    -0.3459     1.8256     1.0485
[1] 16700.0000     0.1498     0.8804    -0.0841     2.0859     1.1815
[1] 16800.0000     0.2609     0.8165    -0.2166     1.8637     1.0376
[1] 16900.0000     0.0230     0.8221    -0.2065     1.8855     1.1575
[1] 1.700e+04 4.974e-01 8.119e-01 7.200e-03 2.104e+00 9.369e-01
[1] 17100.0000     0.0597     0.9262     0.0212     2.1169     0.9696
[1] 17200.0000     0.7240     0.8059    -0.1810     1.8961     1.0244
[1] 17300.0000     0.3204     0.8396    -0.5192     1.7207     1.0131
[1] 17400.0000     0.6026     0.9623     0.0381     2.2990     1.1696
[1] 17500.0000     1.0000     0.9645    -0.1902     1.9373     0.9956
[1] 17600.0000     0.0058     0.8018    -0.0088     2.0920     1.0705
[1] 17700.0000     0.0640     0.8382    -0.1052     1.8866     1.1091
[1] 17800.0000     0.6701     0.9571    -0.0522     2.1121     0.9258
[1] 17900.0000     0.0272     0.8644    -0.0829     2.0257     1.0507
[1] 18000.0000     0.6853     0.9109    -0.0610     2.1104     0.8712
[1] 18100.0000     0.0039     0.9137    -0.0313     2.1736     0.9014
[1] 18200.0000     0.1799     0.8127    -0.0317     2.1357     0.8547
[1] 18300.0000     0.0333     0.8092    -0.0890     2.0523     1.0361
[1] 18400.0000     0.0047     0.9243    -0.3239     1.9470     1.1066
[1] 18500.0000     0.0185     0.8611    -0.2619     1.9633     0.9812
[1] 18600.0000     0.0068     0.8932    -0.1097     2.1466     0.8460
[1] 18700.0000     0.2488     0.9071     0.0776     2.2283     1.1143
[1] 18800.0000     0.0071     0.9415    -0.0245     2.2109     0.8205
[1] 18900.0000     0.0001     0.8387    -0.2943     1.9075     0.8037
[1] 19000.0000     1.0000     0.8087     0.0218     2.1869     1.1060
[1] 19100.0000     0.0010     0.8142    -0.1599     2.0637     1.0716
[1] 19200.0000     1.0000     0.8319    -0.1264     1.9147     1.0132
[1] 19300.0000     0.3416     0.8940    -0.0705     2.0185     1.1248
[1] 19400.0000     0.0297     0.8040    -0.1689     1.9604     1.1551
[1] 19500.0000     0.0011     0.9718     0.1513     2.2656     0.8258
[1] 19600.0000     0.0452     0.8098    -0.0811     2.1277     1.1951
[1] 19700.0000     0.0096     0.8143     0.1090     2.1998     0.8081
[1] 19800.0000     0.1636     0.8357     0.1915     2.2841     1.1647
[1] 19900.0000     0.3598     0.8349     0.0804     2.2167     0.9661
[1] 20000.0000     0.1227     0.8545    -0.2913     1.8803     0.8923
[1] 20100.0000     0.0000     0.8622     0.0993     2.2061     0.8640
[1] 20200.0000     0.2984     0.9282     0.0440     2.1467     0.9678
[1] 20300.0000     0.0008     0.8028    -0.3436     1.9188     0.9708
[1] 20400.0000     1.0000     0.8446    -0.1393     2.0088     1.0333
[1] 20500.0000     0.0427     0.9905    -0.1677     1.9862     1.0353
[1] 20600.0000     0.1528     0.9219    -0.1189     2.0587     1.0848
[1] 20700.0000     0.8042     0.8107     0.0592     2.1296     1.0874
[1] 20800.0000     1.0000     0.9981    -0.0278     2.1898     1.0246
[1] 20900.0000     0.0000     0.8285    -0.0576     2.0891     0.8493
[1] 21000.0000     0.2331     0.8708    -0.0143     2.0564     1.1617
[1] 21100.0000     1.0000     0.8682    -0.1675     2.0284     1.1577
[1] 2.120e+04 1.000e+00 9.611e-01 9.000e-03 2.140e+00 8.029e-01
[1] 21300.0000     0.0001     0.8214     0.0046     1.9823     1.0391
[1] 21400.0000     1.0000     0.8276    -0.0672     2.0870     0.8233
[1] 21500.0000     0.0133     0.8906    -0.0233     2.1368     0.8206
[1] 21600.0000     0.8138     0.9634    -0.1205     2.0531     0.9473
[1] 21700.0000     0.0682     0.9180    -0.2529     1.8774     0.9753
[1] 21800.0000     0.4884     0.8778     0.1438     2.3906     1.0685
[1] 21900.0000     0.6127     0.9598    -0.0268     2.1528     0.8497
[1] 22000.0000     0.3923     0.8213     0.0174     2.1287     1.0483
[1] 22100.0000     0.1229     0.8953    -0.0158     2.1281     0.9321
[1] 22200.0000     0.3956     0.8579    -0.2821     1.9123     0.8534
[1] 22300.0000     0.0557     0.9726    -0.4304     1.8654     0.8521
[1] 22400.0000     0.3355     0.8145    -0.1932     1.9543     0.8604
[1] 22500.0000     0.0035     0.8239    -0.1588     2.0627     1.1368
[1] 22600.0000     0.0000     0.8433    -0.0353     2.2482     1.1055
[1] 22700.0000     0.0005     0.8271    -0.2229     1.9060     1.1968
[1] 22800.0000     0.1303     0.8972     0.0066     2.0243     1.0231
[1] 22900.0000     0.0866     0.8804    -0.2072     1.9813     0.9211
[1] 23000.0000     0.0001     0.8188    -0.1153     2.0071     1.0070
[1] 23100.0000     0.5798     0.8119     0.1098     2.2148     1.0551
[1] 23200.0000     0.0446     0.8437    -0.0132     2.1759     0.8877
[1] 23300.0000     0.0000     0.9727     0.0663     2.1604     0.9482
[1] 23400.0000     0.2892     0.8888    -0.0694     1.9486     1.0444
[1] 23500.0000     0.8255     0.8934    -0.0421     2.1625     1.1391
[1] 23600.0000     0.0069     0.8205    -0.1876     2.0272     1.1268
[1] 23700.0000     0.1076     0.9328    -0.2523     1.9459     1.0180
[1] 23800.0000     0.5066     0.9299    -0.1903     1.8137     1.0580
[1] 23900.0000     1.0000     0.8722    -0.0490     2.0551     0.8735
[1] 24000.0000     0.3372     0.9240    -0.0867     2.0134     0.9790
[1] 24100.0000     1.0000     0.9214    -0.1650     2.0803     0.8541
[1] 24200.0000     0.0668     0.9445    -0.2940     1.8930     1.1588
[1] 24300.0000     1.0000     0.8163    -0.0952     2.0794     1.0906
[1] 24400.0000     0.6237     0.9947     0.0359     2.1158     0.9697
[1] 24500.0000     0.0123     0.8969     0.0053     2.1314     1.0480
[1] 24600.0000     0.0000     0.9237    -0.1310     2.0574     1.0127
[1] 24700.0000     1.0000     0.9195    -0.2678     1.8422     0.8781
[1] 24800.0000     0.0010     0.8109    -0.1010     2.0718     1.1899
[1] 24900.0000     1.0000     0.8569    -0.2204     1.9367     1.1414
[1] 2.500e+04 1.000e+00 8.801e-01 6.080e-02 2.183e+00 8.235e-01
[1] 25100.0000     0.5964     0.8419    -0.0635     2.1598     0.8544
[1] 25200.0000     0.0986     0.8495     0.0061     2.1852     1.1739
[1] 25300.0000     0.0028     0.9779    -0.2545     1.9179     0.8977
[1] 25400.0000     0.4365     0.8988    -0.2207     1.8158     1.0888
[1] 25500.0000     0.0240     0.8417    -0.0802     1.9227     0.8432
[1] 25600.0000     0.0511     0.9325     0.1593     2.2299     0.8613
[1] 25700.0000     1.0000     0.8976    -0.1592     2.1313     0.9408
[1] 25800.0000     0.0136     0.9689    -0.1184     2.0781     1.1962
[1] 25900.0000     0.0020     0.8683     0.0313     2.1068     0.8098
[1] 26000.0000     0.2845     0.9492    -0.2105     1.8304     1.0058
[1] 26100.0000     0.1292     0.9326    -0.1098     2.0906     1.0189
[1] 26200.0000     0.3556     0.8601    -0.1231     2.1088     0.9041
[1] 26300.0000     0.4245     0.8448    -0.2333     1.8344     0.9973
[1] 26400.0000     0.0903     0.8855    -0.0127     1.9900     1.0131
[1] 26500.0000     0.0284     0.8034    -0.3456     1.8118     1.1338
[1] 26600.0000     0.4223     0.8720    -0.1726     1.9829     0.9170
[1] 26700.0000     0.0693     0.9721    -0.0904     2.0766     0.8075
[1] 26800.0000     0.5730     0.9542    -0.0572     1.9966     1.1594
[1] 26900.0000     0.0053     0.9241     0.0580     2.1837     1.0646
[1] 27000.0000     1.0000     0.8977     0.0260     2.1752     0.8661
[1] 27100.0000     0.0049     0.8095    -0.0573     2.0201     1.0497
[1] 27200.0000     0.0072     0.8304    -0.1470     2.0661     0.8580
[1] 27300.0000     0.0031     0.9608    -0.2057     1.9352     0.8492
[1] 27400.0000     0.1381     0.8725    -0.1603     1.9396     1.1899
[1] 27500.0000     0.2183     0.9635    -0.1074     1.9739     1.1809
[1] 27600.0000     0.0009     0.8069     0.0027     2.0965     0.9996
[1] 27700.0000     0.0465     0.8620     0.0772     2.3190     1.0941
[1] 27800.0000     0.0000     0.8358    -0.0147     2.1450     1.1051
[1] 27900.0000     0.5521     0.8774     0.0029     2.1141     1.0564
[1] 28000.0000     0.0089     0.9003    -0.2061     2.0122     0.9918
[1] 28100.0000     0.0000     0.9262    -0.2255     1.9456     1.0710
[1] 28200.0000     0.6195     0.9920     0.0569     2.1352     1.1206
[1] 28300.0000     0.0012     0.8510    -0.1907     1.9752     0.8048
[1] 28400.0000     0.8992     0.9594    -0.1173     1.9983     0.8105
[1] 28500.0000     0.9030     0.8206    -0.1959     2.0770     1.0447
[1] 28600.0000     0.0991     0.9775    -0.2260     1.8675     0.9079
[1] 28700.0000     0.0846     0.9045    -0.1725     1.9142     1.0095
[1] 28800.0000     0.8644     0.9743    -0.0666     2.1206     0.8723
[1] 28900.0000     0.3181     0.8662    -0.2441     1.9540     0.8550
[1] 29000.0000     1.0000     0.8095    -0.0231     2.0837     1.0816
[1] 29100.0000     0.0184     0.8648    -0.0460     2.0904     0.8680
[1] 29200.0000     0.0002     0.8505    -0.3439     1.8308     0.9156
[1] 29300.0000     0.0214     0.8435    -0.2406     1.8478     1.1245
[1] 29400.0000     0.0254     0.9512    -0.1114     1.8953     1.1262
[1] 29500.0000     0.0008     0.8346    -0.1289     2.0200     0.9665
[1] 29600.0000     0.0020     0.8267     0.0496     2.2169     1.0464
[1] 29700.0000     0.0321     0.8203    -0.1977     1.9199     1.1249
[1] 29800.0000     0.9884     0.8701    -0.2144     2.0753     0.8024
[1] 29900.0000     0.8393     0.9798    -0.0308     2.1257     1.0014
[1] 30000.0000     0.1126     0.8172    -0.1429     1.9967     1.1626
[1] 0.3543058
Time difference of 3.954837 hours
null device 
          1 
