[1] "El numero de nodos X particion es: 10"
[1] "Model = M1 / Data = sim_data/datasetSVCExponential17.Rdata"
[1] 100.0000   1.0000   0.8291   0.0646   2.0224   0.9331
[1] 200.0000   0.3794   0.8487   0.0374   1.9738   0.8384
[1] 300.0000   0.9320   0.8776  -0.0816   1.9284   1.0665
[1] 400.0000   0.3178   0.9217  -0.1026   1.8436   0.9692
[1] 500.0000   0.2408   0.9813  -0.0913   1.8365   0.8492
[1] 600.0000   0.0000   0.8693  -0.0008   1.8629   1.0610
[1] 700.0000   1.0000   0.8087  -0.0679   1.9429   1.0605
[1] 800.0000   1.0000   0.8954  -0.0484   1.9307   1.1490
[1] 900.0000   0.1058   0.9543  -0.2055   1.8506   0.9829
[1] 1000.0000    0.2904    0.8568   -0.0547    1.8978    0.8983
[1] 1100.0000    0.2484    0.8326   -0.2317    1.7863    1.0285
[1] 1200.0000    0.1692    0.8467    0.0887    2.0251    1.0747
[1] 1300.0000    1.0000    0.8617   -0.0424    1.9616    1.0550
[1] 1400.0000    0.0003    0.9303   -0.1009    1.9735    1.1894
[1] 1500.0000    0.0001    0.9672    0.0527    2.0535    1.1986
[1] 1600.0000    0.4247    0.8673    0.0713    2.0667    0.9237
[1] 1700.0000    0.0002    0.8745   -0.0267    1.9596    0.9148
[1] 1800.0000    0.0000    0.9234   -0.1074    2.0205    1.1307
[1] 1900.0000    0.2607    0.9957    0.0784    2.0543    1.1822
[1] 2000.0000    0.0925    0.9978   -0.0493    1.8950    1.1535
[1] 2100.0000    0.4888    0.8081    0.0799    2.0919    0.9300
[1] 2200.0000    0.9124    0.8580   -0.0584    1.9177    1.0161
[1] 2300.0000    0.0362    0.8377   -0.0442    1.9910    0.8487
[1] 2400.0000    0.0427    0.9764    0.0230    1.8369    1.0594
[1] 2500.0000    0.2522    0.8529   -0.0375    2.0178    0.9541
[1] 2600.0000    0.4243    0.9658   -0.1648    1.8849    1.0023
[1] 2700.0000    0.0860    0.8044   -0.1077    1.9344    1.0835
[1] 2800.0000    0.2816    0.8906   -0.2473    1.8392    0.8787
[1] 2900.0000    0.0039    0.8994   -0.2058    1.8170    1.0050
[1] 3000.0000    0.0114    0.9297    0.0177    2.0065    1.1984
[1] 3100.0000    0.1781    0.8265   -0.0331    1.9350    1.1652
[1] 3200.0000    0.0441    0.9371    0.0411    1.9753    1.1278
[1] 3300.0000    0.0001    0.9877   -0.0288    1.9064    0.9428
[1] 3400.0000    0.0002    0.9515   -0.2161    1.6814    1.1198
[1] 3500.0000    0.9754    0.9338   -0.0327    2.0538    0.8830
[1] 3600.0000    0.0336    0.9538   -0.2178    1.7491    1.1717
[1] 3700.0000    0.0002    0.9950    0.0371    1.9357    1.0085
[1] 3800.0000    0.0000    0.8653   -0.0518    1.8855    0.9884
[1] 3900.0000    0.0028    0.8514   -0.1642    1.8256    1.1876
[1] 4000.0000    0.5706    0.9388   -0.0178    1.8663    0.8131
[1] 4100.0000    0.4671    0.9193    0.1764    2.0834    1.0337
[1] 4200.0000    0.8603    0.9756   -0.0523    1.9608    0.9752
[1] 4300.0000    0.0000    0.9986   -0.0993    1.8753    0.9026
[1] 4400.0000    0.1493    0.9571    0.1736    2.1404    0.9932
[1] 4500.0000    1.0000    0.8410    0.0526    1.9724    1.1520
[1] 4600.0000    0.0408    0.8039   -0.1473    1.7829    1.1669
[1] 4700.0000    0.0000    0.9863    0.1701    2.0658    1.1102
[1] 4800.0000    0.0956    0.8985   -0.0584    1.9496    0.9827
[1] 4900.0000    0.5949    0.8201    0.2340    2.2035    1.1747
[1] 5000.0000    0.6948    0.9273    0.0559    1.9338    1.0348
[1] 5100.0000    0.1932    0.9679   -0.1417    1.8613    1.1951
[1] 5200.0000    0.0070    0.8350    0.0935    2.1657    1.0935
[1] 5300.0000    1.0000    0.8379   -0.0801    1.8872    1.0434
[1] 5400.0000    0.8079    0.8333   -0.0435    1.9286    0.9811
[1] 5500.0000    0.5083    0.8940   -0.1073    1.9452    1.1671
[1] 5600.0000    0.0467    0.9095   -0.3986    1.7518    0.9324
[1] 5700.0000    1.0000    0.9639   -0.0695    1.8847    1.0846
[1] 5800.0000    0.9138    0.8520    0.1486    2.0895    1.0482
[1] 5900.0000    0.4574    0.8759   -0.1633    1.8901    1.0113
[1] 6000.0000    0.4303    0.8325   -0.2348    1.8334    0.8825
[1] 6100.0000    0.0911    0.9517    0.1352    2.0785    0.9216
[1] 6200.0000    1.0000    0.8336   -0.2510    1.7137    0.9759
[1] 6300.0000    0.0151    0.8959   -0.1500    1.9379    1.1826
[1] 6400.0000    0.4232    0.9022    0.0392    1.9154    0.8332
[1] 6500.0000    0.4030    0.8697   -0.0542    2.0022    0.9040
[1] 6600.0000    0.0341    0.8918   -0.2285    1.7806    1.0184
[1] 6700.0000    0.0000    0.9290   -0.2695    1.6699    1.1408
[1] 6800.0000    0.9767    0.8496   -0.1016    1.9257    0.9728
[1] 6900.0000    0.0515    0.8556   -0.1734    1.8172    1.1638
[1] 7000.0000    0.0027    0.8011   -0.0437    1.9218    1.0228
[1] 7100.0000    1.0000    0.8440   -0.0692    1.9332    0.9302
[1] 7200.0000    0.0032    0.9645    0.0051    1.9866    0.9109
[1] 7300.0000    0.0003    0.8821   -0.0803    1.9766    0.9361
[1] 7400.0000    0.0000    0.8164   -0.2128    1.7744    0.8600
[1] 7500.0000    0.1602    0.9538    0.0927    2.0654    1.0728
[1] 7600.0000    0.1057    0.8332   -0.1405    1.8729    1.0877
[1] 7700.0000    0.0030    0.8552   -0.2167    1.7600    1.0850
[1] 7800.0000    0.0002    0.8139   -0.1359    1.8597    0.8702
[1] 7900.0000    0.3355    0.8037   -0.1270    1.8681    1.1632
[1] 8000.0000    0.7429    0.9186   -0.1673    1.7972    1.0026
[1] 8100.0000    0.0795    0.9605    0.0416    2.0334    0.9407
[1] 8200.0000    0.0000    0.9273    0.0759    1.9917    0.9041
[1] 8300.0000    0.0005    0.8222    0.1227    2.0686    0.8438
[1] 8400.0000    0.9510    0.9278    0.0490    1.9502    0.8107
[1] 8500.0000    0.0178    0.8507   -0.1133    1.9143    1.0895
[1] 8600.0000    0.2574    0.9835   -0.0400    1.9823    0.9563
[1] 8700.0000    0.1702    0.8293   -0.2135    1.6996    0.8767
[1] 8800.0000    0.8994    0.9324   -0.0323    1.9943    0.8066
[1] 8900.0000    0.4133    0.9431   -0.1538    1.9282    1.1381
[1] 9000.0000    0.0410    0.9025   -0.0875    1.8926    0.9096
[1] 9100.0000    0.3186    0.8799    0.0677    2.0156    0.8591
[1] 9200.0000    0.1060    0.8777    0.0426    1.9849    1.1489
[1] 9300.0000    0.0021    0.9856   -0.0915    1.8685    1.1370
[1] 9400.0000    0.1586    0.8458    0.1386    2.0425    1.0091
[1] 9500.0000    0.0000    0.9329   -0.1417    1.8902    0.8817
[1] 9600.0000    0.5367    0.8862   -0.1590    1.8411    0.8406
[1] 9700.0000    0.0291    0.8614    0.0176    1.9528    0.9692
[1] 9800.0000    0.1228    0.8196   -0.0300    1.8791    0.9680
[1] 9900.0000    0.0000    0.9529    0.1154    1.9750    0.9335
[1] 10000.0000     0.6619     0.9167    -0.3269     1.7361     1.1877
[1] 10100.0000     1.0000     0.9049     0.0390     1.9957     1.0751
[1] 10200.0000     0.0004     0.9084    -0.0775     1.8640     0.8386
[1] 10300.0000     0.0045     0.8120     0.0656     1.9196     0.8804
[1] 10400.0000     0.0958     0.9337    -0.0124     1.9083     1.0990
[1] 10500.0000     1.0000     0.8159     0.0783     1.9585     1.1284
[1] 10600.0000     0.1771     0.8330     0.1928     2.2252     0.9483
[1] 10700.0000     0.0000     0.8531     0.1120     2.0264     0.8181
[1] 10800.0000     0.8631     0.8056    -0.0748     1.9539     0.8503
[1] 10900.0000     0.0000     0.8264    -0.0636     2.0651     1.1140
[1] 11000.0000     0.4183     0.8012    -0.0984     1.9832     0.9407
[1] 11100.0000     0.0001     0.8902     0.2067     2.2267     0.9114
[1] 11200.0000     0.9606     0.9412    -0.1336     1.9356     0.8257
[1] 11300.0000     0.7108     0.9738    -0.1126     1.7950     1.1215
[1] 11400.0000     1.0000     0.9866    -0.0002     1.9800     0.8664
[1] 11500.0000     0.0000     0.9311    -0.1522     1.8792     0.8792
[1] 11600.0000     1.0000     0.9382    -0.2200     1.8006     0.8033
[1] 11700.0000     0.4888     0.9810    -0.2381     1.8675     0.9386
[1] 11800.0000     0.0188     0.8440    -0.0989     1.8132     0.8198
[1] 1.190e+04 4.536e-01 8.272e-01 3.160e-02 1.974e+00 8.962e-01
[1] 12000.0000     0.0117     0.8543    -0.1282     1.8631     1.1591
[1] 12100.0000     0.0411     0.9452    -0.0418     1.9903     0.8400
[1] 12200.0000     0.0036     0.8279    -0.0355     1.8455     0.8199
[1] 12300.0000     0.0049     0.9623    -0.0256     1.8357     1.1420
[1] 12400.0000     1.0000     0.8046    -0.1641     1.8416     0.8797
[1] 12500.0000     0.2379     0.9120     0.0892     2.0966     1.1259
[1] 12600.0000     0.7403     0.9564     0.0871     1.9443     1.1675
[1] 12700.0000     0.0000     0.9486     0.1594     2.1092     0.8166
[1] 12800.0000     0.0060     0.9108    -0.1755     1.8191     1.0765
[1] 12900.0000     0.2584     0.9378    -0.3691     1.5943     1.1252
[1] 13000.0000     0.0977     0.8069     0.0494     2.0455     1.0997
[1] 13100.0000     0.0005     0.9404    -0.1604     1.8514     0.9822
[1] 13200.0000     0.0016     0.9589    -0.2124     1.7251     1.1555
[1] 13300.0000     0.9816     0.9675    -0.0229     2.0183     1.1190
[1] 13400.0000     0.0000     0.9485     0.0827     1.8727     1.0271
[1] 13500.0000     0.0000     0.8240    -0.0533     1.9943     1.0099
[1] 13600.0000     0.0050     0.8917    -0.0724     1.7897     1.0301
[1] 13700.0000     0.8405     0.8314    -0.1604     1.8459     0.8589
[1] 13800.0000     0.0000     0.9275    -0.0445     1.9851     1.0955
[1] 13900.0000     0.8402     0.8104    -0.1791     1.8311     0.8994
[1] 14000.0000     0.8627     0.9598    -0.0168     1.9097     0.8043
[1] 1.410e+04 0.000e+00 9.236e-01 7.830e-02 2.059e+00 9.106e-01
[1] 14200.0000     0.1958     0.9171    -0.0001     1.9136     0.8964
[1] 14300.0000     0.0246     0.8359    -0.1267     1.8897     1.0907
[1] 14400.0000     1.0000     0.8984    -0.0788     1.8574     1.1866
[1] 14500.0000     0.0017     0.8302    -0.0756     1.9460     1.1813
[1] 14600.0000     0.0000     0.8329    -0.1598     1.9259     0.9630
[1] 14700.0000     1.0000     0.8840    -0.0130     1.9418     1.0394
[1] 14800.0000     0.0000     0.8106    -0.2796     1.7405     1.0978
[1] 14900.0000     0.7543     0.9485    -0.0957     1.9363     1.1960
[1] 15000.0000     0.0000     0.9486    -0.2373     1.7542     0.9418
[1] 15100.0000     0.0442     0.9112    -0.1350     1.8821     1.0503
[1] 15200.0000     0.8228     0.9896     0.0504     1.9745     1.1186
[1] 15300.0000     0.0488     0.8296     0.0252     2.0644     1.1944
[1] 15400.0000     0.5483     0.8005     0.0506     2.0763     0.8812
[1] 15500.0000     0.6421     0.8658    -0.0991     1.9216     0.9865
[1] 15600.0000     1.0000     0.9912    -0.0794     1.9250     1.0551
[1] 15700.0000     0.0000     0.9705     0.1746     2.0929     0.8969
[1] 15800.0000     0.0657     0.9636    -0.2876     1.7048     0.9548
[1] 15900.0000     0.0000     0.9524    -0.0332     2.0308     1.0855
[1] 16000.0000     0.8534     0.9761    -0.0981     1.9395     1.0600
[1] 16100.0000     1.0000     0.9477    -0.0750     2.0378     0.9420
[1] 16200.0000     1.0000     0.8455    -0.0810     1.9113     1.0509
[1] 16300.0000     1.0000     0.9029     0.0980     2.0076     1.0365
[1] 16400.0000     0.1481     0.8090    -0.0435     1.9223     0.8978
[1] 16500.0000     0.1474     0.9894     0.0333     2.0092     0.9222
[1] 16600.0000     1.0000     0.9292    -0.2135     1.8217     1.0485
[1] 16700.0000     0.4853     0.9070    -0.0677     1.9930     1.1930
[1] 16800.0000     0.2863     0.8165    -0.2186     1.7227     1.0376
[1] 16900.0000     0.0854     0.8221    -0.1143     1.8296     1.1575
[1] 17000.0000     0.3839     0.9815     0.0964     2.0229     0.9010
[1] 17100.0000     0.1029     0.9262     0.0962     2.0688     0.9696
[1] 17200.0000     0.2080     0.9497    -0.1022     1.8536     0.8252
[1] 17300.0000     0.0569     0.9564    -0.2846     1.7248     0.9524
[1] 17400.0000     1.0000     0.9623    -0.0151     2.0796     1.1696
[1] 17500.0000     1.0000     0.9645    -0.1123     1.8162     0.9956
[1] 1.760e+04 1.170e-02 9.193e-01 6.370e-02 2.000e+00 8.193e-01
[1] 17700.0000     0.0132     0.9011    -0.1128     1.8278     0.9699
[1] 17800.0000     1.0000     0.9968    -0.0945     1.8839     0.8268
[1] 17900.0000     0.0006     0.8644    -0.1020     1.9276     1.0507
[1] 18000.0000     0.8324     0.9109     0.2290     2.1812     0.8712
[1] 18100.0000     0.0116     0.9137     0.0240     2.0274     0.9014
[1] 18200.0000     1.0000     0.8073     0.1202     2.0698     0.9256
[1] 18300.0000     0.0340     0.9706    -0.0677     1.9185     1.1685
[1] 18400.0000     0.0081     0.8112    -0.1838     1.8437     0.9765
[1] 18500.0000     0.0153     0.8611    -0.1900     1.8876     0.9812
[1] 18600.0000     0.0062     0.8932    -0.2049     1.8992     0.8460
[1] 18700.0000     0.3499     0.9071     0.0842     2.0919     1.1143
[1] 18800.0000     0.0160     0.9415     0.0084     2.0449     0.8205
[1] 18900.0000     0.0000     0.8387    -0.2158     1.8504     0.8037
[1] 19000.0000     1.0000     0.8087     0.1262     2.0766     1.1060
[1] 19100.0000     0.0005     0.8142    -0.0999     1.9668     1.0716
[1] 19200.0000     1.0000     0.8319    -0.0582     1.8404     1.0132
[1] 19300.0000     0.1833     0.8940     0.0777     1.9724     1.1248
[1] 19400.0000     0.1707     0.8040    -0.0237     1.9023     1.1551
[1] 19500.0000     0.0003     0.8243     0.1738     2.0789     0.8751
[1] 19600.0000     0.1175     0.9711    -0.0213     2.0040     1.0171
[1] 19700.0000     0.0064     0.8143     0.0613     1.9841     0.8081
[1] 19800.0000     0.8107     0.9324     0.1918     2.1265     1.1958
[1] 19900.0000     0.2115     0.9981     0.1994     2.2254     1.0280
[1] 20000.0000     0.4068     0.8545    -0.1621     1.8892     0.8923
[1] 20100.0000     0.0000     0.8622    -0.0206     1.9524     0.8640
[1] 20200.0000     0.2735     0.9282     0.0837     2.0312     0.9678
[1] 20300.0000     0.0311     0.9533    -0.2267     1.7832     0.8784
[1] 20400.0000     1.0000     0.8446    -0.0836     1.9261     1.0333
[1] 20500.0000     0.0016     0.8964    -0.0896     1.9503     1.1285
[1] 20600.0000     0.2312     0.9963    -0.0221     1.9729     0.8156
[1] 20700.0000     0.7886     0.8107     0.1266     2.0525     1.0874
[1] 20800.0000     1.0000     0.9981     0.0668     2.1083     1.0246
[1] 20900.0000     0.0000     0.8547    -0.0467     1.9357     0.9562
[1] 21000.0000     0.1109     0.8708    -0.1316     1.8589     1.1617
[1] 21100.0000     0.0356     0.9291    -0.0342     1.9756     1.1428
[1] 21200.0000     0.8716     0.9611     0.0209     2.0598     0.8029
[1] 21300.0000     0.0004     0.8214    -0.0145     1.8523     1.0391
[1] 21400.0000     1.0000     0.8276     0.0608     2.0288     0.8233
[1] 21500.0000     0.0010     0.8906    -0.0449     1.9311     0.8206
[1] 21600.0000     0.5163     0.9719    -0.0869     1.8779     0.8354
[1] 21700.0000     0.1175     0.9973    -0.0944     1.8762     0.9605
[1] 21800.0000     0.4369     0.8778     0.2083     2.2791     1.0685
[1] 21900.0000     0.6908     0.9598     0.0335     2.0337     0.8497
[1] 22000.0000     0.3307     0.8850     0.0687     2.0018     0.9555
[1] 22100.0000     0.0932     0.8953     0.0165     2.0001     0.9321
[1] 22200.0000     0.4599     0.8579    -0.2007     1.8441     0.8534
[1] 22300.0000     0.0469     0.9726    -0.1464     1.9861     0.8521
[1] 22400.0000     1.0000     0.9971     0.0117     1.9954     0.9354
[1] 22500.0000     0.0026     0.8239    -0.0872     1.9691     1.1368
[1] 22600.0000     0.0026     0.9196     0.0792     2.0437     1.0596
[1] 22700.0000     0.0007     0.8271    -0.0490     1.9222     1.1968
[1] 22800.0000     0.1015     0.8972     0.0162     1.8710     1.0231
[1] 22900.0000     0.1931     0.8804    -0.1153     1.8857     0.9211
[1] 23000.0000     0.0002     0.8188    -0.1153     1.8718     1.0070
[1] 23100.0000     0.3924     0.8119     0.0886     2.0003     1.0551
[1] 23200.0000     0.0256     0.9832     0.0255     2.0649     0.9881
[1] 2.330e+04 0.000e+00 9.727e-01 3.730e-02 1.984e+00 9.482e-01
[1] 23400.0000     0.2839     0.8888     0.0318     1.8976     1.0444
[1] 23500.0000     1.0000     0.9916     0.0122     1.9343     1.1297
[1] 23600.0000     1.0000     0.8573    -0.1485     1.9261     0.9429
[1] 23700.0000     0.1125     0.9328    -0.2195     1.8376     1.0180
[1] 23800.0000     0.7825     0.9299    -0.1378     1.7851     1.0580
[1] 23900.0000     0.9191     0.8722     0.0060     1.9416     0.8735
[1] 24000.0000     0.0309     0.9851    -0.0450     1.9588     1.0873
[1] 24100.0000     1.0000     0.9214    -0.1109     1.9461     0.8541
[1] 24200.0000     0.0101     0.9331    -0.1422     1.9872     1.1419
[1] 24300.0000     1.0000     0.8163    -0.0773     1.9397     1.0906
[1] 24400.0000     1.0000     0.9947    -0.0362     1.8971     0.9697
[1] 24500.0000     0.0072     0.8969     0.0435     2.0089     1.0480
[1] 24600.0000     0.0000     0.8781    -0.0290     1.9711     0.8812
[1] 24700.0000     0.2689     0.9730    -0.2822     1.7339     1.1829
[1] 24800.0000     0.0000     0.8460     0.0483     2.0064     0.9489
[1] 24900.0000     0.2833     0.8023    -0.1563     1.8293     1.0260
[1] 25000.0000     1.0000     0.8801     0.0011     2.0148     0.8235
[1] 25100.0000     0.9076     0.8419    -0.1025     1.9388     0.8544
[1] 25200.0000     0.1462     0.8495    -0.0356     1.9944     1.1739
[1] 25300.0000     0.0003     0.9779    -0.1022     1.9391     0.8977
[1] 25400.0000     0.0064     0.9183    -0.1685     1.7824     1.0450
[1] 25500.0000     0.4222     0.8303    -0.1562     1.8254     1.1248
[1] 2.560e+04 8.910e-02 9.926e-01 1.550e-01 2.055e+00 9.855e-01
[1] 25700.0000     0.5318     0.8976    -0.1801     1.9410     0.9408
[1] 25800.0000     0.0129     0.9689     0.0062     2.0069     1.1962
[1] 25900.0000     0.0005     0.8683     0.0550     1.9515     0.8098
[1] 26000.0000     0.8370     0.9492    -0.0905     1.8476     1.0058
[1] 26100.0000     0.0342     0.8951     0.0134     2.0546     0.8249
[1] 26200.0000     1.0000     0.8601    -0.0320     2.0045     0.9041
[1] 26300.0000     0.8485     0.8623    -0.2490     1.8359     1.0835
[1] 26400.0000     0.0569     0.8855     0.1002     1.9454     1.0131
[1] 26500.0000     0.0134     0.8034    -0.1996     1.7833     1.1338
[1] 26600.0000     0.3300     0.8720    -0.1715     1.8237     0.9170
[1] 26700.0000     0.0882     0.9721     0.0486     2.0262     0.8075
[1] 26800.0000     0.1565     0.8697    -0.0340     1.9687     1.1281
[1] 26900.0000     0.0017     0.8396     0.0446     2.0528     0.9391
[1] 27000.0000     1.0000     0.8977     0.0357     2.0374     0.8661
[1] 27100.0000     0.0000     0.8095    -0.0919     1.8995     1.0497
[1] 27200.0000     0.0004     0.9713    -0.1665     1.9586     1.0324
[1] 27300.0000     0.0003     0.9608    -0.0837     1.8363     0.8492
[1] 27400.0000     0.1527     0.8725    -0.1619     1.8127     1.1899
[1] 27500.0000     0.1565     0.9635    -0.0781     1.8634     1.1809
[1] 27600.0000     0.0016     0.8069    -0.0181     1.9168     0.9996
[1] 27700.0000     0.0350     0.8620     0.2315     2.2424     1.0941
[1] 27800.0000     0.0000     0.8358     0.0398     2.0058     1.1051
[1] 27900.0000     0.6171     0.8913     0.0407     2.0015     0.8389
[1] 28000.0000     0.0025     0.9430    -0.1282     1.9341     0.9743
[1] 28100.0000     0.0000     0.9262    -0.1476     1.8700     1.0710
[1] 28200.0000     0.6624     0.9271     0.0993     2.0641     0.9591
[1] 28300.0000     0.0141     0.9817    -0.0405     1.9113     0.9109
[1] 28400.0000     1.0000     0.9594    -0.0323     1.9332     0.8105
[1] 28500.0000     1.0000     0.8206     0.0239     2.0392     1.0447
[1] 28600.0000     0.0118     0.9775    -0.0934     1.8632     0.9079
[1] 28700.0000     0.2223     0.8497    -0.0323     1.9160     1.1155
[1] 28800.0000     0.8773     0.9743    -0.0207     2.0218     0.8723
[1] 28900.0000     1.0000     0.9689    -0.1569     1.8662     1.0738
[1] 29000.0000     0.3317     0.8251    -0.1299     1.8490     0.9007
[1] 29100.0000     0.0022     0.9156     0.0693     2.0837     0.8172
[1] 29200.0000     0.0002     0.8505    -0.2678     1.7551     0.9156
[1] 29300.0000     0.4350     0.9373    -0.1121     1.7789     0.8252
[1] 29400.0000     0.0343     0.9512    -0.0460     1.8488     1.1262
[1] 29500.0000     0.0001     0.9711    -0.2480     1.7652     0.9025
[1] 29600.0000     0.0030     0.8267    -0.0556     1.9639     1.0464
[1] 29700.0000     0.0082     0.9571    -0.1672     1.7673     0.9736
[1] 29800.0000     1.0000     0.8701    -0.1261     1.9537     0.8024
[1] 29900.0000     1.0000     0.9798    -0.1209     1.8941     1.0014
[1] 30000.0000     0.2057     0.8172    -0.0459     1.9420     1.1626
[1] 0.3551058
Time difference of 3.966777 hours
null device 
          1 
