[1] "El numero de nodos X particion es: 10"
[1] "Model = M1 / Data = sim_data/datasetSVCMatern22.Rdata"
[1] 100.0000   1.0000   0.8291   0.0422   2.1779   0.9331
[1] 200.0000   0.2951   0.8487   0.1103   2.1827   0.8384
[1] 300.0000   0.6808   0.8776  -0.1431   2.0656   1.0665
[1] 400.0000   0.2169   0.9217  -0.0343   2.0678   0.9692
[1] 500.0000   0.3840   0.8902  -0.2001   1.9015   0.8863
[1] 600.0000   0.0007   0.8693   0.1207   2.0975   1.0610
[1] 700.0000   1.0000   0.8087  -0.1074   2.0475   1.0605
[1] 800.0000   0.9751   0.8954  -0.0171   2.0637   1.1490
[1] 900.0000   0.3531   0.9357  -0.1325   2.1063   1.0743
[1] 1000.0000    0.3227    0.8568   -0.0610    2.0359    0.8983
[1] 1100.0000    0.2015    0.8326   -0.2150    1.9500    1.0285
[1] 1200.0000    0.3999    0.8603    0.0059    2.2217    0.9164
[1] 1300.0000    0.2087    0.8617   -0.0712    2.2013    1.0550
[1] 1400.0000    0.0000    0.9546   -0.1240    1.9802    0.8056
[1] 1500.0000    0.0000    0.9672    0.2179    2.2635    1.1986
[1] 1600.0000    0.9049    0.9427   -0.0257    2.1607    1.0957
[1] 1700.0000    0.0004    0.9259   -0.0125    2.0775    1.0764
[1] 1800.0000    0.0000    0.9410   -0.1217    2.0906    0.8062
[1] 1900.0000    0.1435    0.9875    0.1618    2.1901    0.8532
[1] 2000.0000    0.3643    0.9978    0.0085    2.0775    1.1535
[1] 2100.0000    0.9723    0.8081    0.0560    2.2094    0.9300
[1] 2200.0000    0.6420    0.8580    0.0194    2.1245    1.0161
[1] 2300.0000    0.0388    0.8377   -0.0156    2.1615    0.8487
[1] 2400.0000    0.1386    0.9764    0.0867    2.0439    1.0594
[1] 2500.0000    0.0824    0.8529    0.0150    2.1812    0.9541
[1] 2600.0000    0.1209    0.9658   -0.0953    2.0397    1.0023
[1] 2700.0000    0.0632    0.8044   -0.0610    2.1438    1.0835
[1] 2800.0000    0.8557    0.8906   -0.0791    2.1139    0.8787
[1] 2900.0000    0.0138    0.8994   -0.1569    1.9973    1.0050
[1] 3000.0000    0.0337    0.9297    0.0729    2.1726    1.1984
[1] 3100.0000    0.6924    0.8476    0.0447    2.0988    1.1528
[1] 3200.0000    0.1050    0.9371    0.0014    2.1099    1.1278
[1] 3300.0000    0.0009    0.9877   -0.1148    1.9318    0.9428
[1] 3400.0000    0.3991    0.8983   -0.0937    1.9086    1.1525
[1] 3500.0000    0.9484    0.9338    0.0008    2.2000    0.8830
[1] 3600.0000    0.2532    0.8553    0.1347    2.1166    1.1349
[1] 3700.0000    0.0589    0.8385   -0.0449    2.0922    0.8150
[1] 3800.0000    0.0004    0.8653   -0.1335    1.9522    0.9884
[1] 3900.0000    0.0248    0.8553   -0.1397    1.9998    1.0542
[1] 4000.0000    0.3797    0.9388   -0.0936    1.9046    0.8131
[1] 4100.0000    0.4959    0.9193    0.0931    2.1632    1.0337
[1] 4200.0000    1.0000    0.8436   -0.1158    2.0299    0.9733
[1] 4300.0000    0.0000    0.9986   -0.0571    2.0344    0.9026
[1] 4400.0000    0.2744    0.9571    0.1147    2.1969    0.9932
[1] 4500.0000    1.0000    0.8410    0.1168    2.2572    1.1520
[1] 4600.0000    0.0289    0.8039   -0.0045    2.0111    1.1669
[1] 4700.0000    0.0001    0.8616    0.1617    2.2407    0.8939
[1] 4800.0000    0.0388    0.8985   -0.0944    2.0388    0.9827
[1] 4900.0000    0.2483    0.9222    0.2248    2.3321    0.9837
[1] 5000.0000    1.0000    0.9273   -0.0614    1.9980    1.0348
[1] 5100.0000    1.0000    0.8496   -0.0465    2.1595    0.8317
[1] 5200.0000    0.0127    0.8350    0.0450    2.2879    1.0935
[1] 5300.0000    0.8837    0.8379   -0.1059    1.9630    1.0434
[1] 5400.0000    0.5888    0.8333    0.0049    2.1226    0.9811
[1] 5500.0000    0.0102    0.8506   -0.0808    1.9720    1.1979
[1] 5600.0000    0.0426    0.8407   -0.3846    1.9134    1.1085
[1] 5700.0000    0.1176    0.9403   -0.0187    2.0136    0.9236
[1] 5800.0000    0.1122    0.8612    0.0012    2.2135    1.0327
[1] 5900.0000    1.0000    0.8759   -0.1367    2.0087    1.0113
[1] 6000.0000    0.6935    0.8325   -0.1861    1.9954    0.8825
[1] 6100.0000    0.1183    0.9517    0.1787    2.2285    0.9216
[1] 6200.0000    1.0000    0.8336   -0.1638    1.9044    0.9759
[1] 6300.0000    0.0563    0.8959   -0.1347    2.0910    1.1826
[1] 6400.0000    0.7901    0.9022    0.1208    2.1124    0.8332
[1] 6500.0000    0.1444    0.8697    0.0254    2.1856    0.9040
[1] 6600.0000    0.0280    0.8918   -0.1820    1.9616    1.0184
[1] 6700.0000    0.0000    0.8229   -0.1117    1.9222    1.0410
[1] 6800.0000    1.0000    0.8496    0.0180    2.1610    0.9728
[1] 6900.0000    0.1604    0.9401   -0.0770    1.9155    0.9220
[1] 7000.0000    0.0035    0.8011   -0.0868    2.0007    1.0228
[1] 7100.0000    1.0000    0.8440   -0.0831    1.9676    0.9302
[1] 7200.0000    0.0081    0.9645    0.0352    2.1414    0.9109
[1] 7300.0000    0.0226    0.8821    0.0772    2.1754    0.9361
[1] 7400.0000    0.0000    0.8164   -0.1668    1.8856    0.8600
[1] 7500.0000    0.0860    0.9538    0.2433    2.3590    1.0728
[1] 7600.0000    0.0783    0.8332   -0.1142    2.0095    1.0877
[1] 7700.0000    0.0105    0.8552   -0.1623    1.9331    1.0850
[1] 7800.0000    0.0000    0.8812    0.0736    2.0962    1.0536
[1] 7900.0000    0.4012    0.8037   -0.0353    2.0930    1.1632
[1] 8000.0000    1.0000    0.9186   -0.0895    1.9583    1.0026
[1] 8100.0000    0.5500    0.8687   -0.0646    2.0905    1.0506
[1] 8200.0000    0.0000    0.9273    0.1011    2.1776    0.9041
[1] 8300.0000    0.0061    0.8896    0.2192    2.3140    1.1748
[1] 8400.0000    0.7507    0.8563   -0.1171    2.1536    1.0967
[1] 8500.0000    0.0157    0.8716   -0.1489    1.9970    1.1821
[1] 8600.0000    0.5245    0.9214   -0.0487    2.1237    1.0135
[1] 8700.0000    0.8928    0.8293   -0.0920    1.9798    0.8767
[1] 8800.0000    0.7418    0.9324    0.0590    2.1546    0.8066
[1] 8900.0000    0.2314    0.9431   -0.1180    2.1047    1.1381
[1] 9000.0000    0.1929    0.9025    0.0207    2.0737    0.9096
[1] 9100.0000    0.2398    0.8799    0.1239    2.1852    0.8591
[1] 9200.0000    0.7461    0.9069    0.0481    2.2243    1.1995
[1] 9300.0000    0.0005    0.9270    0.0537    2.0750    1.1117
[1] 9400.0000    0.2861    0.8458    0.0806    2.0412    1.0091
[1] 9500.0000    0.0000    0.9329   -0.1165    2.0814    0.8817
[1] 9600.0000    0.3183    0.8862   -0.0644    2.0693    0.8406
[1] 9700.0000    0.0093    0.8614    0.0851    2.0648    0.9692
[1] 9800.0000    0.1278    0.8196    0.0276    2.0476    0.9680
[1] 9900.0000    0.0000    0.8466    0.2982    2.3766    0.8248
[1] 10000.0000     0.8604     0.8618    -0.2054     1.9724     0.8032
[1] 10100.0000     1.0000     0.9049     0.0594     2.1670     1.0751
[1] 10200.0000     0.0062     0.9084    -0.0607     1.9770     0.8386
[1] 10300.0000     0.0156     0.8120     0.1168     2.1005     0.8804
[1] 10400.0000     0.0194     0.8213    -0.0066     2.0843     1.0055
[1] 10500.0000     1.0000     0.8159     0.2659     2.2279     1.1284
[1] 10600.0000     0.4716     0.8510     0.0122     2.2319     0.8479
[1] 10700.0000     0.0003     0.8531     0.0717     2.1823     0.8181
[1] 10800.0000     0.9282     0.8056     0.0101     2.1376     0.8503
[1] 10900.0000     0.0000     0.8264     0.0126     2.2637     1.1140
[1] 11000.0000     0.7725     0.8012    -0.0915     2.1053     0.9407
[1] 1.110e+04 1.000e-03 8.902e-01 2.642e-01 2.389e+00 9.114e-01
[1] 11200.0000     0.9999     0.9412    -0.1038     2.1029     0.8257
[1] 11300.0000     0.5789     0.9738     0.0224     2.0730     1.1215
[1] 11400.0000     0.9238     0.9866     0.0087     2.0836     0.8664
[1] 11500.0000     0.0000     0.9311    -0.0114     2.1378     0.8792
[1] 11600.0000     1.0000     0.9382    -0.3481     1.7663     0.8033
[1] 11700.0000     0.7584     0.9810    -0.1021     2.1215     0.9386
[1] 11800.0000     0.0045     0.8440    -0.0537     1.8605     0.8198
[1] 11900.0000     0.2585     0.8272     0.0989     2.1501     0.8962
[1] 12000.0000     0.0048     0.8543    -0.1546     1.9939     1.1591
[1] 12100.0000     0.1676     0.9452     0.0240     2.1329     0.8400
[1] 12200.0000     1.0000     0.8496    -0.0703     1.9929     0.8460
[1] 12300.0000     0.0189     0.9623    -0.0307     1.9470     1.1420
[1] 12400.0000     1.0000     0.8046    -0.1537     1.9287     0.8797
[1] 12500.0000     0.2580     0.9120     0.2011     2.3382     1.1259
[1] 12600.0000     1.0000     0.9564     0.0940     2.1238     1.1675
[1] 12700.0000     0.0014     0.9486     0.1478     2.2032     0.8166
[1] 12800.0000     0.0157     0.9108    -0.0647     2.0278     1.0765
[1] 12900.0000     0.0191     0.8554    -0.2767     1.9153     0.9712
[1] 13000.0000     0.0025     0.8069     0.2542     2.2424     1.0997
[1] 13100.0000     0.0470     0.9404    -0.0896     1.9736     0.9822
[1] 13200.0000     0.0047     0.8843    -0.1044     1.9453     0.9997
[1] 13300.0000     0.2565     0.8522     0.0664     2.1130     1.0074
[1] 13400.0000     0.0000     0.9485     0.1157     2.0287     1.0271
[1] 13500.0000     0.0003     0.8240    -0.0920     2.0783     1.0099
[1] 13600.0000     0.0215     0.8917    -0.0348     1.9631     1.0301
[1] 13700.0000     1.0000     0.8314    -0.0224     2.0244     0.8589
[1] 13800.0000     0.0000     0.8418    -0.0413     1.9942     1.1127
[1] 13900.0000     1.0000     0.8104    -0.0539     2.0757     0.8994
[1] 14000.0000     1.0000     0.9598    -0.0630     1.9952     0.8043
[1] 14100.0000     0.0000     0.9236     0.0313     2.1876     0.9106
[1] 14200.0000     0.0329     0.9171     0.0510     2.1189     0.8964
[1] 14300.0000     0.0524     0.8359    -0.1063     2.0224     1.0907
[1] 14400.0000     0.5029     0.8570    -0.0212     2.0954     0.9360
[1] 14500.0000     0.0027     0.8302     0.0820     2.2164     1.1813
[1] 14600.0000     0.0000     0.8329    -0.1246     2.1030     0.9630
[1] 14700.0000     1.0000     0.8840    -0.0390     2.0264     1.0394
[1] 14800.0000     0.0001     0.9533    -0.0791     1.9327     0.8106
[1] 14900.0000     0.5694     0.8873    -0.0360     2.0492     1.1324
[1] 15000.0000     0.0000     0.9486    -0.1026     2.0077     0.9418
[1] 15100.0000     0.1066     0.9112    -0.1289     2.0088     1.0503
[1] 15200.0000     0.0611     0.9135    -0.0205     2.0630     0.9942
[1] 15300.0000     0.1195     0.8296     0.1695     2.3349     1.1944
[1] 15400.0000     0.2681     0.8005     0.0473     2.2134     0.8812
[1] 15500.0000     1.0000     0.8761     0.0422     2.0334     0.9901
[1] 15600.0000     0.4418     0.9912    -0.0938     2.0363     1.0551
[1] 15700.0000     0.0002     0.9705     0.2342     2.2742     0.8969
[1] 15800.0000     0.0099     0.9670    -0.0472     1.9989     1.0411
[1] 15900.0000     0.0000     0.9524     0.1157     2.2095     1.0855
[1] 16000.0000     0.3651     0.9761    -0.1957     1.9747     1.0600
[1] 16100.0000     1.0000     0.9477     0.0237     2.2198     0.9420
[1] 16200.0000     0.9745     0.8455    -0.0728     1.9829     1.0509
[1] 16300.0000     1.0000     0.9029     0.1006     2.1484     1.0365
[1] 16400.0000     0.0646     0.8090    -0.0567     2.0161     0.8978
[1] 16500.0000     0.1002     0.9894     0.0289     2.1643     0.9222
[1] 16600.0000     0.5546     0.8568    -0.0730     2.0045     1.0645
[1] 16700.0000     0.5443     0.9070    -0.0955     2.0779     1.1930
[1] 16800.0000     0.4684     0.8165    -0.1108     1.9330     1.0376
[1] 16900.0000     0.0284     0.8221    -0.1290     1.9382     1.1575
[1] 17000.0000     0.7217     0.8355     0.1603     2.2054     0.9526
[1] 17100.0000     0.1010     0.9262     0.1012     2.1752     0.9696
[1] 17200.0000     0.3708     0.9497    -0.2553     1.8584     0.8252
[1] 17300.0000     0.7696     0.8396    -0.2795     1.9040     1.0131
[1] 17400.0000     0.4153     0.9623     0.0660     2.2688     1.1696
[1] 17500.0000     1.0000     0.9645    -0.0890     1.9471     0.9956
[1] 17600.0000     0.0337     0.8018     0.0511     2.1007     1.0705
[1] 17700.0000     0.0520     0.8922    -0.0893     1.9930     1.0234
[1] 17800.0000     1.0000     0.9968    -0.0264     2.0867     0.8268
[1] 17900.0000     0.0510     0.8644    -0.0265     2.0366     1.0507
[1] 1.800e+04 8.834e-01 9.109e-01 4.700e-02 2.107e+00 8.712e-01
[1] 18100.0000     0.0082     0.9137     0.0275     2.1957     0.9014
[1] 18200.0000     1.0000     0.8073     0.1523     2.2395     0.9256
[1] 1.830e+04 6.120e-02 9.109e-01 2.610e-02 2.147e+00 9.712e-01
[1] 18400.0000     0.0017     0.9243    -0.2898     1.9741     1.1066
[1] 18500.0000     0.1972     0.8064    -0.0153     2.1259     1.1050
[1] 18600.0000     0.1984     0.8932    -0.0452     2.0706     0.8460
[1] 18700.0000     0.4420     0.9071     0.0778     2.2194     1.1143
[1] 18800.0000     0.0055     0.9415    -0.1082     2.1147     0.8205
[1] 18900.0000     0.0001     0.8297    -0.0601     2.0911     0.8354
[1] 19000.0000     1.0000     0.8087     0.1698     2.3241     1.1060
[1] 19100.0000     0.1041     0.9272    -0.3225     1.9986     0.8583
[1] 19200.0000     1.0000     0.8319    -0.0758     1.9492     1.0132
[1] 19300.0000     0.2468     0.8940    -0.0228     2.0659     1.1248
[1] 19400.0000     0.7572     0.8507    -0.0361     2.1723     0.9744
[1] 19500.0000     0.0015     0.8243     0.2030     2.2909     0.8751
[1] 19600.0000     0.2054     0.8948     0.0848     2.1962     1.0740
[1] 19700.0000     0.0373     0.8764     0.0721     2.1461     0.8717
[1] 19800.0000     0.1275     0.8317     0.1204     2.2243     1.0742
[1] 19900.0000     0.4912     0.9981     0.1966     2.3597     1.0280
[1] 20000.0000     1.0000     0.9605    -0.0077     2.0096     0.8244
[1] 20100.0000     0.0000     0.8622     0.1170     2.2165     0.8640
[1] 20200.0000     0.1114     0.9282     0.1959     2.2808     0.9678
[1] 20300.0000     0.0392     0.9350    -0.2355     1.9184     0.8887
[1] 20400.0000     0.8909     0.8446    -0.0707     2.1100     1.0333
[1] 20500.0000     0.0104     0.8964    -0.0939     2.0733     1.1285
[1] 20600.0000     0.0954     0.8392    -0.0892     2.0709     0.8892
[1] 20700.0000     0.6621     0.8107     0.2040     2.2004     1.0874
[1] 20800.0000     0.9012     0.9981    -0.1066     2.0886     1.0246
[1] 20900.0000     0.0000     0.8547    -0.0589     2.0456     0.9562
[1] 21000.0000     0.3464     0.8708    -0.0771     2.0761     1.1617
[1] 21100.0000     1.0000     0.8682    -0.1652     1.9883     1.1577
[1] 21200.0000     1.0000     0.9611    -0.0342     2.0565     0.8029
[1] 21300.0000     0.0016     0.8214     0.0825     2.0679     1.0391
[1] 21400.0000     1.0000     0.8276     0.0545     2.1079     0.8233
[1] 21500.0000     0.0382     0.8906     0.0243     2.1682     0.8206
[1] 21600.0000     0.4783     0.8069     0.0444     2.1111     0.8555
[1] 21700.0000     0.0934     0.9180    -0.1381     1.9607     0.9753
[1] 21800.0000     0.3926     0.8385     0.1449     2.3126     0.8059
[1] 21900.0000     1.0000     0.9598     0.0043     2.1472     0.8497
[1] 22000.0000     0.2283     0.8850     0.0580     2.0965     0.9555
[1] 22100.0000     0.0212     0.8953     0.0746     2.2688     0.9321
[1] 22200.0000     0.5900     0.8579    -0.1500     2.0010     0.8534
[1] 22300.0000     0.0316     0.9726    -0.1301     2.1654     0.8521
[1] 22400.0000     0.5553     0.8145    -0.0145     2.1212     0.8604
[1] 22500.0000     0.0003     0.8239     0.0220     2.1494     1.1368
[1] 22600.0000     0.0003     0.8207    -0.0420     2.0899     0.8039
[1] 22700.0000     0.0024     0.8271    -0.1411     1.9473     1.1968
[1] 22800.0000     0.1822     0.8972    -0.1309     1.8616     1.0231
[1] 22900.0000     0.2013     0.8804    -0.1136     2.0028     0.9211
[1] 23000.0000     0.0000     0.8997     0.0751     2.0392     0.9381
[1] 23100.0000     0.4779     0.8119     0.1033     2.1290     1.0551
[1] 23200.0000     0.2254     0.9586     0.1408     2.2528     1.0581
[1] 23300.0000     0.0000     0.8508     0.0990     2.1697     0.8720
[1] 23400.0000     0.7541     0.8888     0.1225     2.1271     1.0444
[1] 23500.0000     0.0590     0.8245     0.1253     2.2036     0.8555
[1] 23600.0000     0.1319     0.9324    -0.0846     2.0287     0.8634
[1] 23700.0000     0.0849     0.8580    -0.1788     1.9350     0.8494
[1] 23800.0000     0.4309     0.9299    -0.1488     1.8875     1.0580
[1] 23900.0000     1.0000     0.8722     0.0666     2.1374     0.8735
[1] 24000.0000     1.0000     0.9239     0.0329     2.1954     0.9362
[1] 24100.0000     1.0000     0.9214    -0.1092     2.1818     0.8541
[1] 24200.0000     0.0224     0.9331    -0.1735     2.0893     1.1419
[1] 24300.0000     0.7695     0.8163     0.0071     2.1846     1.0906
[1] 24400.0000     1.0000     0.9947     0.0162     2.0893     0.9697
[1] 24500.0000     0.0184     0.8969     0.1162     2.2143     1.0480
[1] 24600.0000     0.0013     0.8781     0.0022     2.0929     0.8812
[1] 24700.0000     1.0000     0.9195    -0.1138     1.9859     0.8781
[1] 24800.0000     0.0008     0.8460     0.0121     2.1302     0.9489
[1] 24900.0000     0.0184     0.9126    -0.1546     2.1142     1.0268
[1] 25000.0000     1.0000     0.8801     0.1003     2.1438     0.8235
[1] 25100.0000     0.8297     0.8419     0.0215     2.2092     0.8544
[1] 25200.0000     0.0498     0.9507     0.1143     2.3148     0.9719
[1] 25300.0000     0.0226     0.9779    -0.1289     1.9763     0.8977
[1] 25400.0000     1.0000     0.8988    -0.2798     1.7641     1.0888
[1] 25500.0000     0.7274     0.8159    -0.0205     2.0090     1.0385
[1] 25600.0000     0.0084     0.9325     0.1888     2.3208     0.8613
[1] 25700.0000     0.5770     0.8976    -0.1668     2.0701     0.9408
[1] 25800.0000     0.1343     0.9689     0.0194     2.1237     1.1962
[1] 25900.0000     0.0007     0.8683     0.1390     2.1245     0.8098
[1] 26000.0000     0.2920     0.9492     0.0927     2.0759     1.0058
[1] 26100.0000     0.0776     0.8951    -0.0359     2.1518     0.8249
[1] 26200.0000     1.0000     0.8601     0.0750     2.2158     0.9041
[1] 26300.0000     0.5499     0.8623    -0.3163     1.8880     1.0835
[1] 26400.0000     0.0321     0.8446     0.0852     2.1836     0.9223
[1] 26500.0000     0.0741     0.8034    -0.2591     1.8713     1.1338
[1] 26600.0000     0.1540     0.8720    -0.2926     1.7924     0.9170
[1] 26700.0000     0.9076     0.8892    -0.0790     2.1029     0.9428
[1] 26800.0000     1.0000     0.9542    -0.0537     2.0196     1.1594
[1] 26900.0000     0.0038     0.9241     0.1083     2.2338     1.0646
[1] 27000.0000     1.0000     0.8977     0.0554     2.1943     0.8661
[1] 27100.0000     0.0035     0.8095    -0.0333     2.0303     1.0497
[1] 27200.0000     0.0565     0.8628    -0.1258     2.0084     1.0265
[1] 27300.0000     0.0021     0.9608    -0.0810     2.0043     0.8492
[1] 27400.0000     0.1920     0.8806    -0.1823     1.8437     1.0468
[1] 27500.0000     1.0000     0.8366    -0.0244     2.0328     1.0805
[1] 2.760e+04 3.300e-03 8.069e-01 5.160e-02 2.116e+00 9.996e-01
[1] 27700.0000     0.0116     0.8768     0.1875     2.2576     1.0202
[1] 27800.0000     0.0000     0.8358     0.0608     2.2025     1.1051
[1] 27900.0000     0.6666     0.8774     0.0671     2.1411     1.0564
[1] 28000.0000     0.0024     0.9430    -0.0276     2.1693     0.9743
[1] 28100.0000     0.0000     0.9857    -0.2244     2.0016     0.9345
[1] 2.820e+04 1.000e+00 9.271e-01 5.740e-02 2.167e+00 9.591e-01
[1] 28300.0000     0.0129     0.8510    -0.1796     1.9311     0.8048
[1] 28400.0000     1.0000     0.9594    -0.0458     2.0522     0.8105
[1] 28500.0000     0.8501     0.8206     0.1267     2.2825     1.0447
[1] 28600.0000     0.0038     0.9775    -0.0449     2.0734     0.9079
[1] 28700.0000     0.2846     0.8497    -0.0346     2.0412     1.1155
[1] 28800.0000     1.0000     0.9743    -0.1302     1.9716     0.8723
[1] 28900.0000     0.9147     0.8662    -0.2089     1.9010     0.8550
[1] 29000.0000     0.7834     0.8148     0.0361     2.2227     0.9225
[1] 29100.0000     0.0139     0.8648     0.0398     2.1409     0.8680
[1] 29200.0000     0.0002     0.8470    -0.1924     1.9287     0.8568
[1] 29300.0000     0.3019     0.9373    -0.0919     1.9205     0.8252
[1] 29400.0000     0.0625     0.9512     0.0934     2.0917     1.1262
[1] 29500.0000     0.0333     0.8346     0.0342     2.1012     0.9665
[1] 29600.0000     0.0314     0.8135     0.0313     2.1083     0.8030
[1] 29700.0000     0.0666     0.8203    -0.1026     1.9833     1.1249
[1] 29800.0000     0.8966     0.8701    -0.0852     2.1747     0.8024
[1] 29900.0000     1.0000     0.9798     0.0315     2.1809     1.0014
[1] 30000.0000     0.0771     0.9561    -0.0181     2.0257     1.0811
[1] 0.3701052
Time difference of 4.554672 hours
null device 
          1 
