[1] "El numero de nodos X particion es: 10"
[1] "Model = M1 / Data = sim_data/datasetSVCMatern23.Rdata"
[1] 100.0000   1.0000   0.8291   0.0941   2.0443   0.9331
[1] 200.0000   0.9286   0.9804   0.0801   1.9926   1.0297
[1] 300.0000   0.7392   0.8776  -0.0479   1.9754   1.0665
[1] 400.0000   0.6635   0.8233   0.0007   2.0362   1.0774
[1] 500.0000   0.8254   0.8902  -0.0320   1.9251   0.8863
[1] 600.0000   0.0023   0.8693   0.1710   2.0267   1.0610
[1] 700.0000   1.0000   0.8087  -0.1019   1.8176   1.0605
[1] 800.0000   1.0000   0.8954  -0.0472   1.9334   1.1490
[1] 900.0000   0.6275   0.9357  -0.1492   1.9280   1.0743
[1] 1000.0000    0.8959    0.9692    0.1211    2.1155    0.9576
[1] 1100.0000    0.6621    0.9726   -0.1147    1.8510    1.0201
[1] 1200.0000    0.1723    0.8467    0.0758    2.0017    1.0747
[1] 1300.0000    0.6157    0.8617   -0.0852    1.9261    1.0550
[1] 1400.0000    0.0000    0.9303    0.0092    2.0438    1.1894
[1] 1500.0000    0.0000    0.9672    0.1237    2.1049    1.1986
[1] 1600.0000    0.3213    0.8673    0.1442    2.1322    0.9237
[1] 1700.0000    0.0000    0.9259   -0.0254    1.8978    1.0764
[1] 1800.0000    0.0000    0.9234    0.0323    2.0674    1.1307
[1] 1900.0000    0.3515    0.9957    0.1277    2.1344    1.1822
[1] 2000.0000    0.0923    0.9978    0.0045    1.9301    1.1535
[1] 2100.0000    0.9413    0.8081    0.1228    2.1267    0.9300
[1] 2200.0000    0.7362    0.8580    0.0859    2.0248    1.0161
[1] 2300.0000    0.0304    0.8377    0.0389    2.0659    0.8487
[1] 2400.0000    0.0432    0.9764    0.1528    1.9469    1.0594
[1] 2500.0000    0.2697    0.8529    0.0843    2.1339    0.9541
[1] 2600.0000    0.0377    0.9658    0.0311    2.0411    1.0023
[1] 2700.0000    0.0411    0.8044   -0.0158    2.0185    1.0835
[1] 2800.0000    0.0613    0.9382    0.0688    2.0207    1.1558
[1] 2900.0000    0.0001    0.8994   -0.2009    1.7500    1.0050
[1] 3000.0000    0.0088    0.9297    0.1400    2.1103    1.1984
[1] 3100.0000    0.1741    0.8265    0.0672    2.0076    1.1652
[1] 3200.0000    0.2807    0.9371    0.0968    2.0885    1.1278
[1] 3300.0000    0.0000    0.9877    0.0607    2.0163    0.9428
[1] 3400.0000    0.0032    0.9079   -0.0980    1.8392    0.8348
[1] 3500.0000    0.4712    0.9338   -0.0890    2.0505    0.8830
[1] 3600.0000    0.0170    0.9027   -0.0289    1.9201    1.1569
[1] 3700.0000    0.0139    0.8505    0.1565    2.1357    1.1374
[1] 3800.0000    0.0000    0.8653   -0.0967    1.8294    0.9884
[1] 3900.0000    0.0194    0.8553   -0.1323    1.8716    1.0542
[1] 4000.0000    0.4758    0.9388   -0.0109    1.8623    0.8131
[1] 4100.0000    0.6973    0.9193    0.2887    2.1970    1.0337
[1] 4200.0000    0.9815    0.8436   -0.0285    1.9640    0.9733
[1] 4300.0000    0.0000    0.9986   -0.0333    1.9584    0.9026
[1] 4400.0000    0.0835    0.9571    0.2090    2.1456    0.9932
[1] 4500.0000    0.7501    0.8410    0.0944    2.1026    1.1520
[1] 4600.0000    0.0155    0.8039    0.0007    1.8833    1.1669
[1] 4700.0000    0.0195    0.9516    0.0832    2.1422    1.1937
[1] 4800.0000    0.0877    0.8985   -0.0228    1.8786    0.9827
[1] 4900.0000    0.4472    0.8201    0.3607    2.3288    1.1747
[1] 5000.0000    0.8650    0.9273    0.1831    2.1532    1.0348
[1] 5100.0000    0.1024    0.9679    0.0208    2.0003    1.1951
[1] 5200.0000    0.0014    0.8350    0.1896    2.3053    1.0935
[1] 5300.0000    1.0000    0.8379    0.0143    1.9584    1.0434
[1] 5400.0000    1.0000    0.8515    0.0577    2.0558    1.1120
[1] 5500.0000    0.0007    0.8506   -0.0072    1.8711    1.1979
[1] 5600.0000    0.1336    0.8407   -0.1873    1.9188    1.1085
[1] 5700.0000    0.2059    0.9403   -0.0398    1.8780    0.9236
[1] 5800.0000    0.6535    0.8520    0.1470    2.1302    1.0482
[1] 5900.0000    0.1969    0.8706   -0.0294    1.9288    1.1672
[1] 6000.0000    0.5329    0.8325   -0.1747    1.8532    0.8825
[1] 6100.0000    0.0494    0.9517    0.2393    2.1838    0.9216
[1] 6200.0000    1.0000    0.8336   -0.2195    1.7355    0.9759
[1] 6300.0000    0.0097    0.8959   -0.0354    2.0310    1.1826
[1] 6400.0000    0.4201    0.9022    0.0610    1.9354    0.8332
[1] 6500.0000    0.6448    0.8697   -0.0009    2.0536    0.9040
[1] 6600.0000    0.0078    0.8860   -0.1447    1.9106    1.0301
[1] 6700.0000    0.0000    0.8229   -0.0649    1.8038    1.0410
[1] 6800.0000    0.8312    0.9525   -0.0431    1.9714    0.9997
[1] 6900.0000    0.1170    0.8556   -0.0267    1.9519    1.1638
[1] 7000.0000    0.0083    0.8011    0.0862    2.0174    1.0228
[1] 7100.0000    1.0000    0.8440    0.0589    2.0333    0.9302
[1] 7200.0000    0.0045    0.8989    0.0366    2.0110    0.9392
[1] 7300.0000    0.0048    0.8821    0.2509    2.2181    0.9361
[1] 7400.0000    0.0000    0.8164   -0.0538    1.8295    0.8600
[1] 7500.0000    0.1009    0.9538    0.1975    2.1698    1.0728
[1] 7600.0000    0.4629    0.8898    0.0012    1.8773    1.1032
[1] 7700.0000    0.0049    0.8552   -0.0748    1.8539    1.0850
[1] 7800.0000    0.0002    0.8139   -0.0472    1.9216    0.8702
[1] 7900.0000    0.3773    0.8037   -0.0351    1.9604    1.1632
[1] 8000.0000    0.6405    0.9186   -0.0993    1.8270    1.0026
[1] 8100.0000    0.0353    0.9084    0.1665    2.1292    1.0684
[1] 8200.0000    0.0000    0.9273    0.1738    2.0664    0.9041
[1] 8300.0000    0.0014    0.8222    0.1950    2.1443    0.8438
[1] 8400.0000    0.5015    0.8563    0.0289    1.9184    1.0967
[1] 8500.0000    0.0759    0.8716    0.0386    2.0638    1.1821
[1] 8600.0000    0.3016    0.9835    0.0412    2.0374    0.9563
[1] 8700.0000    0.3779    0.8293   -0.0133    1.8484    0.8767
[1] 8800.0000    1.0000    0.9324   -0.0261    1.9565    0.8066
[1] 8900.0000    1.0000    0.9431   -0.1865    1.8501    1.1381
[1] 9000.0000    1.0000    0.9825   -0.1396    1.8185    1.0066
[1] 9100.0000    0.2854    0.8799    0.1245    2.0810    0.8591
[1] 9200.0000    0.0664    0.8777    0.0954    2.0359    1.1489
[1] 9300.0000    0.0010    0.9856    0.0392    1.9641    1.1370
[1] 9400.0000    0.1405    0.8458    0.2020    2.0682    1.0091
[1] 9500.0000    0.0000    0.9329   -0.0558    2.0116    0.8817
[1] 9600.0000    0.8197    0.9566   -0.0675    1.9100    1.1182
[1] 9700.0000    0.0406    0.8614    0.1092    2.0302    0.9692
[1] 9800.0000    0.1204    0.8196    0.0545    1.9484    0.9680
[1] 9900.0000    0.0000    0.8466    0.1893    2.0897    0.8248
[1] 10000.0000     1.0000     0.8618    -0.1876     1.6921     0.8032
[1] 10100.0000     1.0000     0.9049     0.1135     2.0509     1.0751
[1] 10200.0000     0.0055     0.9084     0.0018     1.8871     0.8386
[1] 10300.0000     0.0221     0.8120     0.1152     1.9902     0.8804
[1] 10400.0000     0.0055     0.8213     0.0376     2.0169     1.0055
[1] 10500.0000     1.0000     0.8159     0.1395     2.0210     1.1284
[1] 10600.0000     0.3843     0.8330     0.2691     2.3108     0.9483
[1] 10700.0000     0.0012     0.8531    -0.0041     1.9904     0.8181
[1] 10800.0000     0.4079     0.9785     0.2280     2.2641     1.1554
[1] 10900.0000     0.0000     0.9660     0.0075     2.0543     1.1970
[1] 11000.0000     0.3474     0.8012     0.0491     2.1111     0.9407
[1] 11100.0000     0.0001     0.8902     0.2812     2.3186     0.9114
[1] 11200.0000     0.9852     0.9412     0.0419     2.0881     0.8257
[1] 11300.0000     0.7086     0.9738    -0.0378     1.8916     1.1215
[1] 11400.0000     1.0000     0.9866     0.0890     2.0265     0.8664
[1] 11500.0000     0.0000     0.9311     0.0387     2.0423     0.8792
[1] 11600.0000     1.0000     0.9382    -0.2186     1.7364     0.8033
[1] 11700.0000     0.8853     0.9810    -0.1494     1.8399     0.9386
[1] 11800.0000     0.0263     0.8440    -0.0413     1.8369     0.8198
[1] 11900.0000     0.7101     0.8272     0.0825     2.0063     0.8962
[1] 12000.0000     0.0071     0.8543    -0.0466     1.9342     1.1591
[1] 12100.0000     0.3522     0.9452     0.0584     2.0027     0.8400
[1] 12200.0000     0.0034     0.8279     0.0170     1.8649     0.8199
[1] 12300.0000     0.0539     0.8229     0.1930     2.0863     0.9137
[1] 12400.0000     1.0000     0.8046    -0.1474     1.7810     0.8797
[1] 12500.0000     0.1393     0.9304     0.1837     2.1653     1.0160
[1] 12600.0000     0.0578     0.9931     0.0752     2.0956     1.0638
[1] 12700.0000     0.0000     0.9486     0.2306     2.1927     0.8166
[1] 12800.0000     0.0026     0.9108    -0.0861     1.8634     1.0765
[1] 12900.0000     0.1625     0.9378    -0.3744     1.5462     1.1252
[1] 13000.0000     0.0061     0.8840     0.1134     2.0052     1.1100
[1] 13100.0000     0.0016     0.9404     0.0691     2.0322     0.9822
[1] 13200.0000     0.0013     0.9589    -0.1163     1.7756     1.1555
[1] 13300.0000     0.1958     0.8522     0.1321     2.0644     1.0074
[1] 13400.0000     0.0000     0.9485     0.1774     1.9575     1.0271
[1] 13500.0000     0.0000     0.8240     0.0464     2.1167     1.0099
[1] 13600.0000     0.0048     0.8917    -0.0673     1.7921     1.0301
[1] 13700.0000     1.0000     0.8314     0.0115     1.9828     0.8589
[1] 13800.0000     0.0000     0.8418    -0.0223     1.9734     1.1127
[1] 13900.0000     0.6215     0.8125    -0.0014     1.9400     1.1546
[1] 1.400e+04 1.000e+00 9.598e-01 4.900e-02 1.966e+00 8.043e-01
[1] 14100.0000     0.0000     0.9236     0.1624     2.1957     0.9106
[1] 14200.0000     0.4697     0.9100     0.0320     2.1085     1.1948
[1] 14300.0000     0.0285     0.8359    -0.0754     1.9194     1.0907
[1] 14400.0000     0.9581     0.8984     0.0158     2.0104     1.1866
[1] 14500.0000     0.0185     0.8302    -0.0493     1.9874     1.1813
[1] 14600.0000     0.0000     0.8329    -0.0694     1.8811     0.9630
[1] 14700.0000     1.0000     0.8840     0.0754     1.9962     1.0394
[1] 14800.0000     0.0000     0.9533    -0.0644     1.8020     0.8106
[1] 14900.0000     0.7685     0.9485     0.0608     2.0705     1.1960
[1] 15000.0000     0.0000     0.9486    -0.0584     1.8843     0.9418
[1] 15100.0000     0.0513     0.9112    -0.0113     1.9863     1.0503
[1] 15200.0000     1.0000     0.9896     0.1155     2.0221     1.1186
[1] 15300.0000     0.0553     0.8296     0.0906     2.1182     1.1944
[1] 15400.0000     0.9117     0.9829     0.1341     2.1815     1.0368
[1] 15500.0000     0.6201     0.9013     0.1556     2.0255     1.0728
[1] 15600.0000     0.6653     0.9912    -0.0672     1.9068     1.0551
[1] 15700.0000     0.0000     0.9705     0.2858     2.1889     0.8969
[1] 15800.0000     0.0741     0.9670    -0.1997     1.7632     1.0411
[1] 15900.0000     0.0000     0.9524     0.0530     2.1119     1.0855
[1] 16000.0000     1.0000     0.9761     0.0067     2.0018     1.0600
[1] 16100.0000     1.0000     0.9477     0.0794     2.1475     0.9420
[1] 16200.0000     1.0000     0.8455    -0.0336     1.9581     1.0509
[1] 16300.0000     1.0000     0.9029     0.1224     1.9992     1.0365
[1] 16400.0000     0.6210     0.8844     0.0448     1.9270     1.1913
[1] 16500.0000     0.1373     0.9894     0.0769     2.0441     0.9222
[1] 16600.0000     0.3178     0.8568    -0.0745     1.8909     1.0645
[1] 16700.0000     0.1112     0.8804     0.0256     2.0361     1.1815
[1] 16800.0000     0.0669     0.8165    -0.1756     1.7744     1.0376
[1] 16900.0000     0.0363     0.8221    -0.0676     1.8230     1.1575
[1] 17000.0000     0.4859     0.9815     0.1231     2.0299     0.9010
[1] 17100.0000     0.0370     0.9483     0.2785     2.2283     0.9775
[1] 17200.0000     0.1870     0.9497    -0.0954     1.8358     0.8252
[1] 17300.0000     0.1672     0.9116    -0.0773     1.8733     0.8190
[1] 17400.0000     1.0000     0.9623     0.1078     2.2180     1.1696
[1] 17500.0000     1.0000     0.9645    -0.1170     1.8098     0.9956
[1] 17600.0000     0.0021     0.8678    -0.0512     1.8900     1.1651
[1] 17700.0000     0.0147     0.9011    -0.0347     1.8787     0.9699
[1] 17800.0000     0.8537     0.9968     0.0678     1.9899     0.8268
[1] 17900.0000     0.0017     0.8644    -0.0036     1.9969     1.0507
[1] 18000.0000     0.8104     0.9109     0.3149     2.2669     0.8712
[1] 18100.0000     0.0141     0.9137     0.1113     2.1028     0.9014
[1] 18200.0000     1.0000     0.8073     0.2560     2.2032     0.9256
[1] 18300.0000     0.0251     0.9706    -0.0380     1.9353     1.1685
[1] 18400.0000     0.0011     0.9243    -0.2230     1.9199     1.1066
[1] 18500.0000     0.0312     0.8299    -0.1730     1.8264     1.0883
[1] 18600.0000     0.0045     0.8932     0.0085     2.1002     0.8460
[1] 18700.0000     0.1430     0.9071     0.2385     2.2358     1.1143
[1] 18800.0000     0.0047     0.9415    -0.0522     1.9951     0.8205
[1] 18900.0000     0.0004     0.8387    -0.1383     1.8431     0.8037
[1] 19000.0000     1.0000     0.8087     0.1190     2.1408     1.1060
[1] 19100.0000     0.0187     0.8142     0.0128     1.9871     1.0716
[1] 19200.0000     1.0000     0.8319     0.0615     1.9352     1.0132
[1] 19300.0000     1.0000     0.9752     0.1996     2.0867     1.0663
[1] 19400.0000     0.0480     0.8040     0.0306     1.9632     1.1551
[1] 19500.0000     0.0025     0.8243     0.2058     2.1386     0.8751
[1] 19600.0000     0.0805     0.9711     0.1128     2.1442     1.0171
[1] 19700.0000     0.0059     0.8143     0.1260     2.0177     0.8081
[1] 19800.0000     0.1579     0.8317     0.2257     2.2023     1.0742
[1] 19900.0000     0.1322     0.9981     0.2645     2.3116     1.0280
[1] 20000.0000     0.1314     0.9729    -0.0632     1.9407     0.8904
[1] 20100.0000     0.0000     0.8622     0.1475     2.1705     0.8640
[1] 20200.0000     1.0000     0.9840     0.1576     2.1838     1.1380
[1] 20300.0000     0.0161     0.9350    -0.1865     1.8199     0.8887
[1] 20400.0000     1.0000     0.8446     0.0077     1.9805     1.0333
[1] 20500.0000     0.0040     0.8964    -0.0062     1.9984     1.1285
[1] 20600.0000     0.2603     0.9169     0.0058     2.0732     1.1057
[1] 20700.0000     0.9274     0.8107     0.2240     2.1404     1.0874
[1] 20800.0000     1.0000     0.9981     0.0518     2.0001     1.0246
[1] 20900.0000     0.0000     0.8285     0.0045     1.9829     0.8493
[1] 21000.0000     0.1687     0.8708    -0.0481     1.9405     1.1617
[1] 21100.0000     1.0000     0.8682    -0.0798     1.9301     1.1577
[1] 21200.0000     1.0000     0.9611     0.0573     2.0175     0.8029
[1] 21300.0000     0.0010     0.8214     0.0414     1.8973     1.0391
[1] 21400.0000     0.8794     0.8276     0.0158     1.9935     0.8233
[1] 21500.0000     0.0017     0.8906     0.0583     2.0184     0.8206
[1] 21600.0000     1.0000     0.9634    -0.0186     2.0005     0.9473
[1] 21700.0000     0.1052     0.9973    -0.1161     1.8450     0.9605
[1] 21800.0000     0.5752     0.8380     0.2427     2.2961     1.0649
[1] 21900.0000     0.3613     0.9598     0.1228     2.1473     0.8497
[1] 22000.0000     0.2128     0.8850     0.1437     2.0384     0.9555
[1] 22100.0000     0.1382     0.8953     0.1400     2.1056     0.9321
[1] 22200.0000     0.1633     0.8918    -0.1159     1.9285     1.1042
[1] 22300.0000     0.0318     0.9726    -0.0464     2.0868     0.8521
[1] 22400.0000     0.8189     0.9971    -0.0668     1.9503     0.9354
[1] 22500.0000     0.0011     0.8239     0.0507     2.0755     1.1368
[1] 22600.0000     0.0003     0.8006     0.0405     2.0235     0.8902
[1] 22700.0000     0.0001     0.8271    -0.0642     1.9145     1.1968
[1] 22800.0000     0.1221     0.8972     0.0809     1.9165     1.0231
[1] 22900.0000     0.1495     0.8804    -0.0092     1.9902     0.9211
[1] 2.300e+04 0.000e+00 8.188e-01 1.096e-01 2.016e+00 1.007e+00
[1] 23100.0000     0.5005     0.8119     0.1466     2.0613     1.0551
[1] 23200.0000     0.1312     0.9573     0.0779     2.0504     1.0522
[1] 23300.0000     0.0005     0.9905     0.1825     2.1939     1.1869
[1] 23400.0000     0.4765     0.8888     0.2330     2.0849     1.0444
[1] 23500.0000     0.6695     0.8797     0.0617     2.0784     0.8266
[1] 23600.0000     0.3315     0.8573     0.0865     2.1444     0.9429
[1] 23700.0000     0.1829     0.9328    -0.0768     1.9339     1.0180
[1] 23800.0000     0.9110     0.9299    -0.0304     1.8265     1.0580
[1] 23900.0000     0.7727     0.8722     0.1224     2.0329     0.8735
[1] 24000.0000     0.0352     0.9851     0.0639     2.0427     1.0873
[1] 24100.0000     1.0000     0.9214    -0.0027     2.0291     0.8541
[1] 24200.0000     0.0952     0.8467    -0.0388     1.9880     0.8230
[1] 24300.0000     0.4756     0.9762    -0.0245     1.9232     1.0932
[1] 24400.0000     1.0000     0.9947     0.0587     1.9692     0.9697
[1] 24500.0000     0.0130     0.8969     0.1559     2.1339     1.0480
[1] 24600.0000     0.0000     0.8781     0.0531     2.0387     0.8812
[1] 24700.0000     0.5290     0.9195    -0.1375     1.7589     0.8781
[1] 24800.0000     0.0002     0.8460    -0.0279     1.9371     0.9489
[1] 24900.0000     0.0234     0.9802     0.0179     2.0996     0.9496
[1] 25000.0000     1.0000     0.8801     0.2225     2.1894     0.8235
[1] 25100.0000     1.0000     0.8419    -0.0194     1.9893     0.8544
[1] 25200.0000     0.0520     0.9507     0.1128     2.1598     0.9719
[1] 25300.0000     0.0003     0.9779    -0.0232     1.9992     0.8977
[1] 25400.0000     0.7022     0.8988    -0.1126     1.7609     1.0888
[1] 25500.0000     0.1826     0.8303     0.0567     1.9977     1.1248
[1] 25600.0000     0.0585     0.9926     0.2155     2.1214     0.9855
[1] 25700.0000     0.1959     0.8976    -0.1736     1.8228     0.9408
[1] 25800.0000     0.0309     0.8606    -0.1000     1.9170     0.8978
[1] 2.590e+04 3.000e-04 8.683e-01 1.212e-01 1.977e+00 8.098e-01
[1] 26000.0000     0.4307     0.9492    -0.0046     1.8714     1.0058
[1] 26100.0000     0.1019     0.9326     0.0171     2.0307     1.0189
[1] 2.620e+04 9.748e-01 8.601e-01 2.040e-02 2.041e+00 9.041e-01
[1] 26300.0000     0.5779     0.8623    -0.0851     1.7919     1.0835
[1] 26400.0000     0.1753     0.8855     0.2511     2.1148     1.0131
[1] 26500.0000     0.0408     0.8034    -0.2057     1.7646     1.1338
[1] 26600.0000     0.4341     0.8720    -0.0956     1.8262     0.9170
[1] 26700.0000     0.1031     0.9721    -0.0176     1.9511     0.8075
[1] 26800.0000     0.5933     0.9542     0.0373     1.9140     1.1594
[1] 26900.0000     0.0023     0.9241     0.1534     2.1356     1.0646
[1] 27000.0000     0.5660     0.9266     0.0371     2.0017     0.8932
[1] 27100.0000     0.0002     0.8095    -0.0404     1.9150     1.0497
[1] 27200.0000     0.0183     0.8304     0.0822     2.1008     0.8580
[1] 27300.0000     0.0005     0.9608     0.0434     1.9366     0.8492
[1] 27400.0000     0.1206     0.8725    -0.0855     1.8508     1.1899
[1] 27500.0000     0.4580     0.9561    -0.0667     1.8792     0.9337
[1] 27600.0000     0.0019     0.8069     0.1022     2.0198     0.9996
[1] 27700.0000     0.0044     0.8768     0.2068     2.1926     1.0202
[1] 27800.0000     0.0000     0.8358     0.1580     2.1450     1.1051
[1] 27900.0000     0.5925     0.8774     0.1119     2.0563     1.0564
[1] 28000.0000     0.0000     0.9003     0.0263     2.0053     0.9918
[1] 28100.0000     0.0000     0.9262    -0.0498     1.9573     1.0710
[1] 2.820e+04 7.215e-01 9.271e-01 1.733e-01 2.126e+00 9.591e-01
[1] 28300.0000     0.0025     0.8937    -0.0278     1.9367     1.0178
[1] 28400.0000     1.0000     0.9594    -0.0919     1.8406     0.8105
[1] 28500.0000     1.0000     0.8206     0.1047     2.1031     1.0447
[1] 28600.0000     0.0007     0.9775     0.0445     2.0256     0.9079
[1] 28700.0000     0.2110     0.8497     0.1202     2.0265     1.1155
[1] 28800.0000     1.0000     0.9743     0.0032     2.0211     0.8723
[1] 28900.0000     1.0000     0.9689    -0.0467     1.9447     1.0738
[1] 29000.0000     0.1819     0.8251     0.0302     1.9735     0.9007
[1] 29100.0000     0.0068     0.9156     0.0510     2.0487     0.8172
[1] 29200.0000     0.0087     0.9889    -0.2117     1.8309     1.0979
[1] 29300.0000     0.0011     0.9749    -0.1312     1.8321     0.9782
[1] 29400.0000     0.0079     0.9512     0.0875     1.8963     1.1262
[1] 29500.0000     0.0004     0.8346    -0.0889     1.8734     0.9665
[1] 29600.0000     0.0863     0.8135     0.1081     2.0409     0.8030
[1] 29700.0000     0.0429     0.8203    -0.0778     1.8689     1.1249
[1] 29800.0000     0.8127     0.8701    -0.0056     2.0564     0.8024
[1] 29900.0000     1.0000     0.9798    -0.0004     1.9927     1.0014
[1] 30000.0000     0.0874     0.8172    -0.0131     1.9269     1.1626
[1] 0.3555058
Time difference of 4.542077 hours
null device 
          1 
