[1] "El numero de nodos X particion es: 10"
[1] "Model = M2 / Data = sim_data/datasetSVCMatern27.Rdata"
[1] 100.0000   1.0000   0.8291  -0.0044   1.9269   0.9331
[1] 200.0000   0.0013   0.8487   0.0172   1.8941   0.8384
[1] 300.0000   0.0413   0.8739  -0.1073   1.7722   0.8565
[1] 400.0000   0.0341   0.8477  -0.1459   1.8986   0.9308
[1] 500.0000   1.0000   0.8902  -0.2977   1.8311   0.8863
[1] 600.0000   0.0002   0.8891  -0.1932   1.8257   0.8464
[1] 700.0000   0.0698   0.8370  -0.2351   1.6885   0.8602
[1] 800.0000   0.0065   0.8830  -0.1939   1.8641   0.9772
[1] 900.0000   0.0029   0.8086  -0.1411   1.7596   0.9130
[1] 1000.0000    0.3880    0.8257   -0.3367    1.7343    0.8662
[1] 1100.0000    0.0039    0.8326   -0.1294    1.7749    1.0285
[1] 1200.0000    0.2122    0.8603   -0.2261    1.9125    0.9164
[1] 1300.0000    0.0528    0.8615   -0.2202    1.9065    0.9120
[1] 1400.0000    0.0000    0.9546   -0.1609    1.8533    0.8056
[1] 1500.0000    0.0006    0.8802   -0.1296    1.8155    0.8068
[1] 1600.0000    0.0025    0.8099   -0.1853    1.9667    1.0178
[1] 1700.0000    0.0016    0.8468   -0.0836    1.8905    0.8001
[1] 1800.0000    0.0028    0.9410   -0.1626    1.7805    0.8062
[1] 1900.0000    0.0000    0.8021   -0.1143    1.9607    1.0084
[1] 2000.0000    1.0000    0.8107   -0.1643    1.8439    0.8113
[1] 2100.0000    0.0028    0.9372   -0.1022    1.8593    0.8634
[1] 2200.0000    0.0999    0.8580   -0.1236    1.8890    1.0161
[1] 2300.0000    0.0000    0.8377   -0.1062    1.8187    0.8487
[1] 2400.0000    0.0008    0.9704   -0.1917    1.7793    0.8486
[1] 2500.0000    0.0001    0.8529   -0.1917    1.7389    0.9541
[1] 2600.0000    0.2916    0.8617   -0.2357    1.8212    0.8044
[1] 2700.0000    1.0000    0.8052   -0.1250    1.8555    0.8603
[1] 2800.0000    1.0000    0.8906   -0.1707    1.8051    0.8787
[1] 2900.0000    0.0011    0.8470   -0.1452    1.7718    0.8434
[1] 3000.0000    0.0000    0.8338   -0.2181    1.8748    0.8696
[1] 3100.0000    0.2745    0.8708   -0.2000    1.8865    0.9667
[1] 3200.0000    0.0035    0.8228   -0.0425    1.9736    0.8243
[1] 3300.0000    0.0001    0.9046   -0.2412    1.9005    0.8009
[1] 3400.0000    0.0001    0.9079   -0.1979    1.7425    0.8348
[1] 3500.0000    0.6197    0.9338   -0.1930    1.8922    0.8830
[1] 3600.0000    0.0049    0.8412   -0.2215    1.8420    0.8625
[1] 3700.0000    0.1971    0.8385   -0.2340    1.8187    0.8150
[1] 3800.0000    0.0078    0.8306   -0.2379    1.8264    0.8349
[1] 3900.0000    0.0005    0.8319   -0.1946    1.7205    0.8180
[1] 4000.0000    0.3580    0.9388   -0.1321    1.7552    0.8131
[1] 4100.0000    0.1452    0.8388   -0.1566    1.8450    0.8864
[1] 4200.0000    1.0000    0.8436   -0.3325    1.8519    0.9733
[1] 4300.0000    0.0011    0.8347   -0.2215    1.7623    0.9291
[1] 4400.0000    0.0767    0.8180   -0.2063    1.9155    0.8842
[1] 4500.0000    0.0406    0.9071   -0.1821    1.8880    0.8908
[1] 4600.0000    0.0222    0.8009   -0.0904    1.8344    0.9214
[1] 4700.0000    0.0005    0.9384   -0.2024    1.8238    0.8151
[1] 4800.0000    0.0021    0.8150   -0.1178    1.8229    0.8017
[1] 4900.0000    0.0168    0.8487   -0.2511    1.8167    0.8031
[1] 5000.0000    0.0115    0.8079   -0.1668    1.8016    0.9328
[1] 5100.0000    0.8637    0.8496   -0.2551    1.8640    0.8317
[1] 5200.0000    1.0000    0.9005   -0.1562    1.8527    0.8630
[1] 5300.0000    0.5186    0.8379   -0.2510    1.7521    1.0434
[1] 5400.0000    0.0167    0.8369   -0.1645    1.8077    0.8312
[1] 5500.0000    0.0000    0.8219   -0.1560    1.7655    0.8388
[1] 5600.0000    0.0150    0.9095   -0.2830    1.8163    0.9324
[1] 5700.0000    0.0002    0.9310   -0.1546    1.8049    0.8071
[1] 5800.0000    0.0511    0.9847   -0.2819    1.9171    0.8037
[1] 5900.0000    0.0442    0.8022   -0.1475    1.8245    0.8011
[1] 6000.0000    0.0201    0.8164   -0.2258    1.8226    0.8358
[1] 6100.0000    0.0127    0.9025   -0.1537    1.8842    0.9119
[1] 6200.0000    1.0000    0.8336   -0.2233    1.7365    0.9759
[1] 6300.0000    0.2006    0.8421   -0.1828    1.9709    0.8693
[1] 6400.0000    0.3270    0.9022   -0.2787    1.7005    0.8332
[1] 6500.0000    0.0006    0.9145   -0.2323    1.8072    0.8046
[1] 6600.0000    0.0000    0.9195   -0.2477    1.7557    0.8219
[1] 6700.0000    0.0000    0.8204   -0.2239    1.8304    0.9264
[1] 6800.0000    0.1718    0.8236   -0.1609    1.8701    0.8233
[1] 6900.0000    0.3513    0.9401   -0.2554    1.7611    0.9220
[1] 7000.0000    0.0001    0.8543   -0.2482    1.7494    0.8271
[1] 7100.0000    1.0000    0.8440   -0.2108    1.9468    0.9302
[1] 7200.0000    0.5656    0.8089   -0.0868    1.8374    0.8029
[1] 7300.0000    0.1322    0.8454   -0.2421    1.7850    0.8696
[1] 7400.0000    0.0000    0.8164   -0.1927    1.7177    0.8600
[1] 7500.0000    0.0092    0.9027   -0.1389    1.8042    0.8077
[1] 7600.0000    0.0013    0.8601   -0.1550    1.7981    0.8614
[1] 7700.0000    0.0019    0.8008   -0.2189    2.0027    0.8546
[1] 7800.0000    0.0005    0.8287   -0.2592    1.7448    0.9077
[1] 7900.0000    0.0184    0.9178   -0.1746    1.9393    0.8561
[1] 8000.0000    0.0037    0.8265   -0.1882    1.7813    0.8379
[1] 8100.0000    0.0055    0.8483   -0.2257    1.8969    0.8203
[1] 8200.0000    0.0024    0.8141   -0.1338    1.8786    0.8894
[1] 8300.0000    0.0012    0.8222   -0.1217    1.8594    0.8438
[1] 8400.0000    0.3924    0.9050   -0.2761    1.8789    0.8031
[1] 8500.0000    0.0004    0.8901   -0.1355    1.8145    0.8333
[1] 8600.0000    0.0194    0.8214   -0.1189    1.8260    0.8066
[1] 8700.0000    0.4889    0.8293   -0.2809    1.8015    0.8767
[1] 8800.0000    0.7306    0.9324   -0.1617    1.7992    0.8066
[1] 8900.0000    0.0014    0.8636   -0.1654    1.8359    0.9722
[1] 9000.0000    0.1048    0.9025   -0.0948    1.9324    0.9096
[1] 9100.0000    0.0021    0.8060   -0.2293    1.8175    0.8104
[1] 9200.0000    0.0045    0.9093   -0.1911    1.7238    0.9032
[1] 9300.0000    0.0094    0.9146   -0.1421    1.9330    0.8578
[1] 9400.0000    1.0000    0.8662   -0.0896    1.8498    0.8284
[1] 9500.0000    0.0000    0.8962   -0.2113    1.8823    0.8302
[1] 9600.0000    0.0008    0.8467   -0.2322    1.9204    0.9243
[1] 9700.0000    0.0014    0.8918   -0.1664    1.7211    0.8845
[1] 9800.0000    0.2214    0.8286   -0.1872    1.8852    0.8022
[1] 9900.0000    0.0000    0.8466   -0.0667    1.8520    0.8248
[1] 10000.0000     1.0000     0.8618    -0.1817     1.7278     0.8032
[1] 10100.0000     1.0000     0.9049    -0.2833     1.8405     1.0751
[1] 10200.0000     0.0132     0.8142    -0.2211     1.8176     0.8101
[1] 10300.0000     0.0024     0.8120    -0.0624     1.8281     0.8804
[1] 10400.0000     0.0176     0.8213    -0.1441     1.8458     1.0055
[1] 10500.0000     0.0343     0.8159    -0.2068     1.8209     1.1284
[1] 10600.0000     0.0130     0.8510    -0.1956     1.8923     0.8479
[1] 10700.0000     0.0009     0.8531    -0.1546     1.8385     0.8181
[1] 10800.0000     1.0000     0.8056    -0.1456     1.7917     0.8503
[1] 10900.0000     0.0299     0.8191    -0.2252     1.7777     0.8008
[1] 11000.0000     0.2609     0.8012    -0.2174     1.9266     0.9407
[1] 11100.0000     0.0002     0.8902    -0.1485     1.9768     0.9114
[1] 11200.0000     1.0000     0.9412    -0.2409     1.8591     0.8257
[1] 11300.0000     0.0002     0.8219    -0.2474     1.8318     0.9690
[1] 11400.0000     0.1195     0.8455    -0.2087     1.8173     0.8832
[1] 11500.0000     0.0709     0.9311    -0.2423     1.8236     0.8792
[1] 11600.0000     0.2737     0.9382    -0.3612     1.7153     0.8033
[1] 11700.0000     0.5032     0.8490    -0.2174     1.7000     0.8396
[1] 11800.0000     0.0899     0.8440    -0.2333     1.8783     0.8198
[1] 11900.0000     0.0004     0.8272    -0.1291     1.8837     0.8962
[1] 12000.0000     0.0000     0.8197    -0.2029     1.7806     0.8759
[1] 12100.0000     0.0492     0.8930    -0.2662     1.8154     0.8604
[1] 12200.0000     0.4436     0.8496    -0.1912     1.7458     0.8460
[1] 12300.0000     0.0022     0.8229    -0.1117     1.8268     0.9137
[1] 12400.0000     0.2884     0.8046    -0.1792     1.6637     0.8797
[1] 12500.0000     0.0013     0.8011    -0.0661     1.8513     0.8469
[1] 12600.0000     0.0001     0.8021    -0.1113     1.9532     0.8910
[1] 12700.0000     0.0259     0.9614    -0.1766     1.9734     0.8958
[1] 12800.0000     0.0024     0.8033    -0.3219     1.8202     0.8910
[1] 12900.0000     0.0555     0.8176    -0.2468     1.7456     0.8160
[1] 13000.0000     0.0250     0.9315    -0.2149     1.8769     0.8819
[1] 13100.0000     0.0056     0.8050    -0.3207     1.7658     1.0217
[1] 13200.0000     0.6082     0.9955    -0.1570     1.8736     0.8578
[1] 13300.0000     0.0013     0.8522    -0.1920     1.8058     1.0074
[1] 13400.0000     0.0000     0.8423    -0.1727     1.8036     0.9189
[1] 13500.0000     0.0002     0.8466    -0.0974     1.9493     0.8143
[1] 13600.0000     0.1728     0.9371    -0.2351     1.8583     0.8526
[1] 13700.0000     1.0000     0.8314    -0.2035     1.8202     0.8589
[1] 13800.0000     0.0280     0.8363    -0.1748     1.9115     0.8169
[1] 13900.0000     0.6751     0.8260    -0.1680     1.8492     0.8385
[1] 14000.0000     1.0000     0.9598    -0.2275     1.8119     0.8043
[1] 14100.0000     0.0416     0.9157    -0.0830     1.7457     0.8035
[1] 14200.0000     0.0001     0.8479    -0.1806     1.8836     0.8739
[1] 14300.0000     0.0224     0.8548    -0.1742     1.8991     0.8231
[1] 14400.0000     0.0006     0.8823    -0.2582     1.8765     0.8194
[1] 14500.0000     0.0000     0.9263    -0.2569     1.8223     0.9623
[1] 14600.0000     0.6883     0.8358    -0.2315     1.9031     0.9089
[1] 14700.0000     0.1475     0.8068    -0.1541     1.8591     1.0010
[1] 14800.0000     0.0301     0.9533    -0.1576     1.8720     0.8106
[1] 14900.0000     0.0000     0.8246    -0.2578     1.7202     0.8054
[1] 15000.0000     0.0000     0.9447    -0.2826     1.8207     0.8911
[1] 15100.0000     0.1518     0.8384    -0.1696     1.8339     0.8510
[1] 15200.0000     0.0000     0.8445    -0.1773     1.8442     0.8027
[1] 15300.0000     0.1348     0.8856    -0.2171     1.8939     0.9730
[1] 15400.0000     0.0009     0.8005    -0.2187     1.7990     0.8812
[1] 15500.0000     0.0704     0.9423    -0.1537     1.7937     0.8091
[1] 15600.0000     0.0074     0.8379    -0.1051     1.9788     0.9455
[1] 15700.0000     1.0000     0.9225    -0.1658     1.8192     0.9294
[1] 15800.0000     0.0000     0.8620    -0.1920     1.8233     0.8301
[1] 15900.0000     0.1347     0.8714    -0.1586     1.8200     0.8267
[1] 16000.0000     0.0023     0.8844    -0.0965     1.8428     0.8610
[1] 16100.0000     0.0460     0.8439    -0.1069     1.8447     0.8370
[1] 16200.0000     0.0444     0.8074    -0.2235     1.7851     0.8047
[1] 16300.0000     0.0452     0.8942    -0.2427     1.8645     0.8538
[1] 16400.0000     0.0012     0.8090    -0.1609     1.8699     0.8978
[1] 16500.0000     0.0107     0.8273    -0.2091     1.8316     0.8232
[1] 16600.0000     0.0047     0.9294    -0.2527     1.9637     0.8662
[1] 16700.0000     0.0006     0.8724    -0.1277     1.8248     0.8357
[1] 16800.0000     0.2511     0.8465    -0.1973     1.8061     0.8708
[1] 16900.0000     0.0000     0.8583    -0.2252     1.7870     0.9158
[1] 17000.0000     0.1761     0.8727    -0.1739     1.8501     0.8408
[1] 17100.0000     0.9650     0.8642    -0.0198     1.7815     0.8408
[1] 17200.0000     0.4111     0.9233    -0.2321     1.8124     0.8592
[1] 17300.0000     0.1603     0.9116    -0.2145     1.7789     0.8190
[1] 17400.0000     0.0000     0.8171    -0.2356     1.8867     0.8097
[1] 17500.0000     0.0179     0.8174    -0.1842     1.8342     0.9835
[1] 17600.0000     0.0055     0.9193    -0.2835     1.7345     0.8193
[1] 17700.0000     0.0252     0.8794    -0.1488     1.7720     0.9707
[1] 17800.0000     0.5207     0.9707    -0.2250     1.8373     0.8105
[1] 17900.0000     0.0000     0.8179    -0.2423     1.7526     0.8493
[1] 18000.0000     0.5079     0.9109    -0.1574     1.8918     0.8712
[1] 18100.0000     0.5046     0.9137    -0.1329     1.7643     0.9014
[1] 18200.0000     0.2454     0.8127    -0.2051     1.7792     0.8547
[1] 18300.0000     0.0683     0.9480    -0.1553     1.8462     0.8048
[1] 18400.0000     0.0012     0.8389    -0.2737     1.8087     0.8767
[1] 18500.0000     1.0000     0.8751    -0.2304     1.8498     0.8892
[1] 18600.0000     0.0385     0.8656    -0.1737     1.9289     0.8624
[1] 18700.0000     0.0013     0.8306    -0.2229     1.8190     0.9156
[1] 18800.0000     0.3367     0.8360    -0.1604     1.8772     0.8264
[1] 18900.0000     0.0339     0.8616    -0.2571     1.8054     0.8878
[1] 19000.0000     0.0470     0.8366    -0.1547     1.8515     0.8015
[1] 19100.0000     1.0000     0.9272    -0.2270     1.9031     0.8583
[1] 19200.0000     0.2869     0.8319    -0.1990     1.7768     1.0132
[1] 19300.0000     0.0001     0.8411    -0.1146     1.8007     0.9272
[1] 19400.0000     1.0000     0.8507    -0.2423     1.8286     0.9744
[1] 19500.0000     0.0000     0.8243    -0.1574     1.7703     0.8751
[1] 19600.0000     0.0001     0.8592    -0.2511     1.7201     0.8214
[1] 19700.0000     0.0211     0.8143    -0.1556     1.7742     0.8081
[1] 19800.0000     0.0000     0.8193    -0.1742     1.9894     0.8589
[1] 19900.0000     1.0000     0.9655    -0.1135     1.9156     0.8660
[1] 20000.0000     0.1029     0.8545    -0.1628     1.8773     0.8923
[1] 20100.0000     0.0001     0.8251    -0.1272     1.8593     0.9101
[1] 20200.0000     0.0001     0.8367    -0.1484     1.8923     0.9269
[1] 20300.0000     0.1191     0.8028    -0.3211     1.7531     0.9708
[1] 20400.0000     0.2072     0.9596    -0.1779     1.8659     0.8199
[1] 20500.0000     0.2983     0.9083    -0.1358     1.8202     0.8030
[1] 20600.0000     0.0012     0.8167    -0.2031     1.8666     0.8112
[1] 20700.0000     0.1072     0.8340    -0.1458     1.9827     0.8428
[1] 20800.0000     0.0034     0.9723    -0.2099     1.9023     0.8167
[1] 20900.0000     0.0028     0.9072    -0.1791     1.8323     1.0199
[1] 21000.0000     0.0053     0.8629    -0.1483     1.8689     0.8221
[1] 21100.0000     0.0098     0.8627    -0.1480     1.8430     0.9213
[1] 21200.0000     0.2025     0.8541    -0.2312     1.8607     0.8134
[1] 21300.0000     0.2261     0.8260    -0.1691     1.7935     0.9202
[1] 21400.0000     1.0000     0.8276    -0.1487     1.7882     0.8233
[1] 21500.0000     0.0243     0.8906    -0.2290     1.8091     0.8206
[1] 21600.0000     0.0105     0.8069    -0.2657     1.9072     0.8555
[1] 21700.0000     0.0006     0.8301    -0.2259     1.8165     0.8711
[1] 21800.0000     0.0007     0.8385    -0.0910     1.8898     0.8059
[1] 21900.0000     0.7796     0.9598    -0.1639     1.8776     0.8497
[1] 22000.0000     1.0000     0.8874    -0.0952     1.8622     1.0182
[1] 22100.0000     0.0162     0.8263    -0.2580     1.8443     0.8135
[1] 22200.0000     0.5806     0.8579    -0.2688     1.7441     0.8534
[1] 22300.0000     0.5183     0.9726    -0.2809     1.8690     0.8521
[1] 22400.0000     0.0094     0.8145    -0.3151     1.8032     0.8604
[1] 22500.0000     0.0161     0.8623    -0.2170     1.8623     0.8008
[1] 22600.0000     0.0005     0.8858    -0.2245     1.9075     0.9064
[1] 22700.0000     0.0047     0.8670    -0.2260     1.7440     0.8448
[1] 22800.0000     0.0158     0.8972    -0.1518     1.7863     1.0231
[1] 22900.0000     0.0037     0.8804    -0.2503     1.7396     0.9211
[1] 23000.0000     0.0005     0.8188    -0.1978     1.7839     1.0070
[1] 23100.0000     0.1532     0.8119    -0.1436     1.8050     1.0551
[1] 23200.0000     0.2744     0.8437    -0.0772     1.9041     0.8877
[1] 23300.0000     0.0410     0.8508    -0.1529     1.8732     0.8720
[1] 23400.0000     0.1261     0.8888    -0.1737     1.7949     1.0444
[1] 23500.0000     0.0000     0.8797    -0.1097     1.9170     0.8266
[1] 23600.0000     0.0676     0.8476    -0.1188     1.8275     0.8421
[1] 23700.0000     0.0138     0.8580    -0.1999     1.7924     0.8494
[1] 23800.0000     0.0025     0.8749    -0.1434     1.7690     0.8200
[1] 23900.0000     0.8704     0.8722    -0.1457     1.9058     0.8735
[1] 24000.0000     0.1469     0.8384    -0.2415     1.7582     0.8235
[1] 24100.0000     1.0000     0.9214    -0.2382     1.8851     0.8541
[1] 24200.0000     0.0009     0.8467    -0.2187     1.7497     0.8230
[1] 24300.0000     0.2531     0.8060    -0.2337     1.7254     0.8894
[1] 24400.0000     0.0046     0.8041    -0.1872     1.8106     0.9519
[1] 24500.0000     1.0000     0.8539    -0.2005     1.7659     0.8359
[1] 24600.0000     0.1421     0.8866    -0.2021     1.8261     0.8055
[1] 24700.0000     0.1430     0.9025    -0.2867     1.7468     0.8040
[1] 24800.0000     0.0000     0.8761    -0.1869     1.8498     0.8560
[1] 24900.0000     0.0329     0.8023    -0.2288     1.7353     1.0260
[1] 25000.0000     0.5569     0.8801    -0.1781     1.8051     0.8235
[1] 25100.0000     1.0000     0.8419    -0.1798     1.8491     0.8544
[1] 25200.0000     0.0041     0.8438    -0.0050     1.9136     0.8843
[1] 25300.0000     0.0423     0.8254    -0.2465     1.7485     0.8434
[1] 25400.0000     0.0022     0.8105    -0.2310     1.8018     0.8003
[1] 25500.0000     0.0431     0.8305    -0.1677     1.7824     0.8143
[1] 25600.0000     0.0155     0.8372    -0.1430     1.8651     0.8099
[1] 25700.0000     0.4190     0.8976    -0.2029     1.7444     0.9408
[1] 25800.0000     0.0987     0.8606    -0.1971     1.7363     0.8978
[1] 25900.0000     0.0013     0.9087    -0.0724     1.7785     0.8861
[1] 26000.0000     0.0063     0.8898    -0.1085     1.7680     0.8907
[1] 26100.0000     0.3815     0.8603    -0.2187     1.8713     0.9559
[1] 26200.0000     0.2574     0.8151    -0.2302     1.7649     0.8623
[1] 26300.0000     0.0230     0.8704    -0.2393     1.8322     0.8472
[1] 26400.0000     0.0229     0.8767    -0.2126     1.8149     0.8041
[1] 26500.0000     0.0029     0.8163    -0.1514     1.7592     0.9212
[1] 26600.0000     0.0028     0.8720    -0.2372     1.6184     0.9170
[1] 26700.0000     0.0693     0.8285    -0.2444     1.8367     0.8378
[1] 26800.0000     0.0004     0.8173    -0.2803     1.9122     0.9752
[1] 26900.0000     0.2200     0.8396    -0.2183     1.8057     0.9391
[1] 27000.0000     1.0000     0.8977    -0.2389     1.9260     0.8661
[1] 27100.0000     0.0010     0.8121    -0.2259     1.8692     0.9058
[1] 27200.0000     0.3754     0.8135    -0.1628     1.9470     0.8529
[1] 27300.0000     0.0000     0.9608    -0.2362     1.7771     0.8492
[1] 27400.0000     0.0074     0.8500    -0.2054     1.7719     0.8896
[1] 27500.0000     0.0298     0.8463    -0.1862     1.8254     0.8762
[1] 27600.0000     0.0002     0.8732    -0.1794     1.8375     0.9172
[1] 27700.0000     0.0003     0.8219    -0.1090     1.8356     0.8500
[1] 27800.0000     0.0000     0.8085    -0.1923     1.9389     0.8672
[1] 27900.0000     0.1727     0.8255    -0.1487     1.8012     0.8855
[1] 28000.0000     1.0000     0.8148    -0.0597     1.8881     0.9853
[1] 28100.0000     0.0013     0.8536    -0.2208     1.8149     0.8286
[1] 28200.0000     0.0550     0.8346    -0.1864     1.8651     0.8840
[1] 28300.0000     1.0000     0.8124    -0.1736     1.7517     0.9290
[1] 28400.0000     1.0000     0.9594    -0.2650     1.8881     0.8105
[1] 28500.0000     0.1712     0.8257    -0.2323     1.7643     0.8766
[1] 28600.0000     0.2954     0.8240    -0.1804     1.7776     0.9940
[1] 28700.0000     1.0000     0.9143    -0.2757     1.8674     0.8158
[1] 28800.0000     0.3495     0.8713    -0.1326     1.8317     0.8780
[1] 28900.0000     0.0011     0.8662    -0.2590     1.8165     0.8550
[1] 29000.0000     0.0358     0.8148    -0.1469     1.7751     0.9225
[1] 29100.0000     0.0000     0.8648    -0.1554     1.8855     0.8680
[1] 29200.0000     0.0002     0.8470    -0.2340     1.7322     0.8568
[1] 29300.0000     0.0243     0.8261    -0.1414     1.7914     0.8279
[1] 29400.0000     0.1794     0.8482    -0.1462     1.7529     0.9202
[1] 29500.0000     0.6328     0.8146    -0.2764     1.8035     0.8093
[1] 29600.0000     0.0000     0.8135    -0.1408     1.8932     0.8030
[1] 29700.0000     1.0000     0.8460    -0.2066     1.7558     0.8792
[1] 29800.0000     0.7141     0.8701    -0.1320     1.8759     0.8024
[1] 29900.0000     0.0218     0.9319    -0.1665     1.8810     0.8987
[1] 30000.0000     1.0000     0.9214    -0.1826     1.8381     0.9341
[1] 0.200432
Time difference of 11.62123 hours
null device 
          1 
