[1] "El numero de nodos X particion es: 10"
[1] "Model = M1 / Data = sim_data/datasetSVIExponential6.Rdata"
[1] 100.0000   0.3505   0.9429   0.1148   1.8687   1.1970
[1] 200.0000   0.0079   0.8487   0.3062   1.6678   0.8384
[1] 300.0000   0.3022   0.8776   0.2515   1.8009   1.0665
[1] 400.0000   0.0000   0.9472  -0.3074   2.3356   1.0679
[1] 500.0000   0.0000   0.8350   0.5432   1.3727   0.9084
[1] 600.0000   0.0654   0.9748  -0.3356   2.1317   1.0386
[1] 700.0000   0.0000   0.8999  -0.2696   2.3050   1.0702
[1] 800.0000   0.0000   0.9999  -0.6985   2.6256   1.0968
[1] 900.0000   0.0000   0.8639  -0.8660   2.8313   1.0016
[1] 1000.0000    0.0000    0.8209   -1.0635    3.0301    0.9374
[1] 1100.0000    0.0000    0.9319    0.0290    1.9352    0.8930
[1] 1200.0000    0.0690    0.8544    1.0299    0.9501    0.9984
[1] 1300.0000    0.1660    0.9805    0.3083    1.7909    0.8049
[1] 1400.0000    0.0000    0.9303   -0.3206    2.1478    1.1894
[1] 1500.0000    0.0000    0.9584    0.5349    1.4494    1.0940
[1] 1600.0000    0.0000    0.9658   -0.8056    2.7381    1.0950
[1] 1700.0000    0.0000    0.8163   -0.0769    2.0140    0.8247
[1] 1800.0000    0.0000    0.8314   -0.2193    2.1962    0.9945
[1] 1900.0000    0.0000    0.9005   -0.5571    2.4873    0.9368
[1] 2000.0000    0.0000    0.9400   -0.3023    2.3988    1.1109
[1] 2100.0000    0.0000    0.8123   -1.5783    3.4884    1.1618
[1] 2200.0000    0.0000    0.8668   -0.3025    2.3248    1.0989
[1] 2300.0000    0.0000    0.8228    0.2783    1.6137    1.1776
[1] 2400.0000    0.0000    0.9355    0.2379    1.7253    1.1578
[1] 2500.0000    0.0054    0.8909    1.0343    0.8891    1.1217
[1] 2600.0000    0.0000    0.9100    0.3334    1.6831    1.1442
[1] 2700.0000    0.0000    0.8492   -0.7590    2.8449    0.9140
[1] 2800.0000    0.0002    0.9382    0.1322    1.8479    1.1558
[1] 2900.0000    0.0000    0.9057   -0.6195    2.5784    0.9581
[1] 3000.0000    0.0000    0.8454   -0.3020    2.2936    0.9669
[1] 3100.0000    0.0000    0.9411    0.0650    1.7771    0.9915
[1] 3200.0000    0.0000    0.9190   -0.2169    2.2406    0.9575
[1] 3300.0000    0.0000    0.9312    0.2200    1.7090    0.9302
[1] 3400.0000    0.4037    0.8983    0.9289    1.0861    1.1525
[1] 3500.0000    0.0000    0.9035    0.2534    1.7147    0.9507
[1] 3600.0000    0.0000    0.9625    0.2473    1.7404    0.8525
[1] 3700.0000    0.3998    0.8237    0.4384    1.5537    0.8398
[1] 3800.0000    0.0000    0.9791    1.2306    0.7118    1.0179
[1] 3900.0000    0.0000    0.8319   -0.5475    2.6167    0.8180
[1] 4000.0000    0.0000    0.9448   -0.8434    2.8177    1.0791
[1] 4100.0000    0.0000    0.8388   -0.7661    2.7572    0.8864
[1] 4200.0000    0.0000    0.9756   -0.6866    2.5698    0.9752
[1] 4300.0000    0.0780    0.8028   -0.7151    2.6977    0.9927
[1] 4400.0000    0.0000    0.9832    0.8806    1.1042    1.0903
[1] 4500.0000    0.0870    0.8404   -0.2342    2.2488    1.1577
[1] 4600.0000    0.0000    0.9525    0.6102    1.4280    1.1110
[1] 4700.0000    0.0000    0.8528   -0.6698    2.5876    0.8411
[1] 4800.0000    0.0000    0.8616   -0.6419    2.6018    0.9384
[1] 4900.0000    0.0000    0.8114   -1.1976    3.1405    0.8255
[1] 5000.0000    0.0001    0.8074   -0.9635    2.8191    1.0307
[1] 5100.0000    0.0000    0.9679   -0.9005    2.8333    1.1951
[1] 5200.0000    0.0000    0.8381   -0.2840    2.3549    0.9753
[1] 5300.0000    0.0000    0.8845   -0.0660    2.0021    1.0022
[1] 5400.0000    0.0000    0.8536    0.2719    1.7061    0.9337
[1] 5500.0000    0.0000    0.8913    0.3342    1.5767    1.1131
[1] 5600.0000    0.0000    0.9929    0.7520    1.1578    1.1085
[1] 5700.0000    0.0000    0.9445    0.3271    1.6582    1.0237
[1] 5800.0000    0.0000    0.8612   -0.3669    2.3972    1.0327
[1] 5900.0000    0.0000    0.9311   -0.9517    2.9552    0.8983
[1] 6000.0000    0.0000    0.9582    0.4504    1.4538    0.9643
[1] 6100.0000    0.0000    0.8914    0.6091    1.4044    0.9242
[1] 6200.0000    0.0000    0.9400    0.9997    0.8933    0.8404
[1] 6300.0000    0.0000    0.9569    0.3416    1.6018    0.8080
[1] 6400.0000    0.0000    0.9924   -0.1273    1.9933    1.0322
[1] 6500.0000    0.0003    0.9084    1.1218    0.9187    1.0918
[1] 6600.0000    0.0000    0.8401   -0.2992    2.1453    1.0889
[1] 6700.0000    0.0000    0.8253   -0.7881    2.8906    0.9280
[1] 6800.0000    0.0724    0.8794    0.3921    1.5933    0.9381
[1] 6900.0000    0.0000    0.8857   -0.7286    2.7554    0.9847
[1] 7000.0000    0.0000    0.8521   -0.0727    2.0584    1.0680
[1] 7100.0000    0.0000    0.9857    0.3165    1.6403    1.0571
[1] 7200.0000    0.0000    0.9439    0.1771    1.8832    1.1769
[1] 7300.0000    0.0000    0.9346    0.6300    1.3616    1.1740
[1] 7400.0000    0.0000    0.8045   -0.1818    2.1318    0.8734
[1] 7500.0000    0.0000    0.8475   -1.2252    3.1439    1.0597
[1] 7600.0000    0.0000    0.9493   -0.0911    2.0623    0.9281
[1] 7700.0000    0.0000    0.8552   -1.4584    3.3252    1.0850
[1] 7800.0000    0.0000    0.8350   -0.2152    2.2425    1.1361
[1] 7900.0000    0.0000    0.8303   -0.0812    2.0252    0.8084
[1] 8000.0000    0.0000    0.9309    1.0990    0.8036    1.0835
[1] 8100.0000    0.0000    0.8250   -0.1604    2.1369    1.1136
[1] 8200.0000    0.0000    0.9207   -0.6086    2.5638    1.1282
[1] 8300.0000    0.0000    0.8222   -0.3682    2.3319    0.8438
[1] 8400.0000    0.0000    0.9658   -0.7431    2.6542    0.9286
[1] 8500.0000    0.0000    0.8325   -0.0807    2.1080    1.0750
[1] 8600.0000    0.0025    0.9564   -1.1056    3.1510    0.9963
[1] 8700.0000    0.0000    0.8940   -0.9094    2.8548    1.0236
[1] 8800.0000    0.0000    0.8601    0.4129    1.4653    0.8170
[1] 8900.0000    0.0000    0.8674    0.6388    1.3757    1.0474
[1] 9000.0000    0.0000    0.8301    1.3079    0.6425    1.1387
[1] 9100.0000    0.0000    0.8755    1.0683    0.9207    0.8812
[1] 9200.0000    0.0000    0.8777    0.6077    1.4085    1.1489
[1] 9300.0000    0.0000    0.9270   -0.8223    2.8176    1.1117
[1] 9400.0000    0.0000    0.8413    0.3970    1.5050    1.0761
[1] 9500.0000    0.0000    0.9934   -0.3843    2.4092    1.0697
[1] 9600.0000    0.0000    0.8993   -0.3162    2.3737    0.8299
[1] 9700.0000    0.0000    0.9657    1.4030    0.5657    0.9166
[1] 9800.0000    0.0000    0.9462    0.5528    1.3736    1.1275
[1] 9900.0000    0.0000    0.9876    0.9207    1.0627    0.9739
[1] 10000.0000     0.2724     0.9984    -0.3765     2.3285     0.9987
[1] 10100.0000     1.0000     0.9049     0.3122     1.7551     1.0751
[1] 10200.0000     0.0000     0.8458     0.7825     1.1498     1.1044
[1] 1.030e+04 2.143e-01 9.549e-01 1.291e+00 6.862e-01 8.021e-01
[1] 10400.0000     0.0000     0.9109    -0.3035     2.2002     0.9653
[1] 10500.0000     0.0000     0.9828     0.0753     1.8379     0.8036
[1] 10600.0000     0.0000     0.9864    -0.0782     2.0050     0.9817
[1] 10700.0000     0.0000     0.8398     0.2158     1.7611     1.0590
[1] 10800.0000     1.0000     0.8056    -0.2583     2.2971     0.8503
[1] 10900.0000     0.0000     0.9660     0.4183     1.5997     1.1970
[1] 11000.0000     0.0059     0.8555     0.9061     1.1153     1.1761
[1] 11100.0000     0.0000     0.9587    -0.4624     2.4008     0.9308
[1] 11200.0000     0.1101     0.9398    -0.8410     2.7806     0.9513
[1] 11300.0000     0.0000     0.8936    -0.8403     2.8009     1.0961
[1] 11400.0000     0.0000     0.9548     1.0240     0.9386     1.0047
[1] 11500.0000     0.0000     0.8034    -0.3484     2.3021     0.8501
[1] 11600.0000     0.0001     0.9104    -0.8176     2.8343     0.8269
[1] 11700.0000     0.0000     0.9616     0.5828     1.4104     1.1733
[1] 11800.0000     0.0000     0.8027    -0.4610     2.4343     0.8530
[1] 11900.0000     0.0000     0.8460    -0.6966     2.6565     0.8150
[1] 12000.0000     0.0000     0.8014    -0.0589     2.0177     1.0595
[1] 12100.0000     0.0000     0.8005    -1.3365     3.2835     0.8375
[1] 12200.0000     0.3928     0.8496     0.5421     1.4871     0.8460
[1] 12300.0000     0.0000     0.8010    -0.1786     2.1838     0.8810
[1] 12400.0000     0.1882     0.8019    -1.3027     3.3205     1.1971
[1] 12500.0000     0.0000     0.8059    -0.3205     2.3086     1.1427
[1] 12600.0000     0.0000     0.8126    -0.4607     2.5556     1.1805
[1] 12700.0000     0.0000     0.9614    -0.0537     1.8660     0.8958
[1] 12800.0000     0.0000     0.8257    -0.1920     2.1901     0.8904
[1] 12900.0000     0.0166     0.8545    -0.0187     2.0251     1.0312
[1] 13000.0000     0.0000     0.8069     0.2038     1.7251     1.0997
[1] 13100.0000     0.0000     0.9404     0.9656     1.0093     0.9822
[1] 13200.0000     0.0000     0.8843    -0.1566     2.1491     0.9997
[1] 13300.0000     0.0000     0.8427    -0.3938     2.3230     1.0281
[1] 13400.0000     0.0000     0.8092    -0.4042     2.3791     1.1676
[1] 13500.0000     0.0000     0.8466    -0.6353     2.6441     0.8143
[1] 13600.0000     0.0000     0.8917     0.0765     1.8541     1.0301
[1] 13700.0000     0.0000     0.9094    -0.4082     2.3997     0.8623
[1] 13800.0000     0.0000     0.9432    -0.3094     2.2464     1.1717
[1] 13900.0000     0.0000     0.8573    -0.0800     2.0430     0.8372
[1] 14000.0000     0.0000     0.9588     0.2201     1.7391     0.9662
[1] 14100.0000     0.0000     0.8411     0.6568     1.2000     1.1804
[1] 14200.0000     0.0000     0.8479     0.3298     1.5598     0.8739
[1] 14300.0000     0.0000     0.9227    -1.1029     3.0299     1.0001
[1] 14400.0000     0.0048     0.8623     0.0474     1.8854     0.8985
[1] 14500.0000     0.6542     0.9833     0.9514     0.9995     1.1771
[1] 14600.0000     0.0000     0.8570     0.4680     1.4163     1.1138
[1] 14700.0000     0.0000     0.8974     0.2236     1.6549     1.0871
[1] 14800.0000     0.0000     0.9988     1.1534     0.7631     0.9067
[1] 14900.0000     0.0057     0.9582     0.3602     1.6229     1.0321
[1] 15000.0000     0.0001     0.9447    -0.0455     1.9363     0.8911
[1] 15100.0000     1.0000     0.8292     0.2695     1.6955     0.9249
[1] 15200.0000     0.0000     0.9307     0.2637     1.7278     0.9934
[1] 15300.0000     1.0000     0.8282    -0.3845     2.2746     1.1177
[1] 15400.0000     0.0090     0.8397    -0.7261     2.7430     1.1015
[1] 15500.0000     0.0000     0.8727    -1.3402     3.3239     1.1104
[1] 15600.0000     0.0000     0.8520    -0.7275     2.7609     1.1912
[1] 15700.0000     0.0000     0.8475    -0.2746     2.1790     0.9690
[1] 15800.0000     0.0000     0.9108    -0.1459     2.0747     0.9068
[1] 15900.0000     0.0000     0.8876    -0.0589     1.9669     0.9067
[1] 16000.0000     0.0030     0.8124    -0.5459     2.5448     1.1160
[1] 16100.0000     0.0000     0.8125     0.4825     1.4913     0.8885
[1] 16200.0000     0.0000     0.9466     0.7846     1.1382     0.9477
[1] 16300.0000     0.0000     0.9158     0.1565     1.8613     0.9491
[1] 16400.0000     0.0000     0.9401     0.0297     1.9037     0.9237
[1] 16500.0000     0.3404     0.9646     0.5311     1.4013     1.1820
[1] 16600.0000     0.0000     0.8294    -0.3540     2.3834     0.8835
[1] 16700.0000     0.0000     0.8462     0.4586     1.4678     0.9538
[1] 16800.0000     0.0000     0.9378    -0.2423     2.0845     1.0931
[1] 16900.0000     0.0000     0.8138    -0.7395     2.6572     1.1004
[1] 17000.0000     0.0000     0.9790    -0.8179     2.7483     0.8822
[1] 17100.0000     0.0000     0.9305     0.3455     1.6965     0.9283
[1] 17200.0000     0.0000     0.9497     0.1941     1.7629     0.8252
[1] 17300.0000     0.8946     0.8396    -0.2993     2.2517     1.0131
[1] 17400.0000     0.0000     0.8593    -0.1675     2.1739     1.1450
[1] 17500.0000     0.0000     0.9677    -0.3708     2.3399     1.1479
[1] 17600.0000     0.0000     0.8280     0.5074     1.4024     1.1486
[1] 17700.0000     0.0000     0.8794     0.4012     1.6412     0.9707
[1] 17800.0000     0.0001     0.8771    -1.0854     3.1117     0.9481
[1] 17900.0000     0.0000     0.9083     0.6667     1.3174     0.9495
[1] 18000.0000     1.0000     0.9109    -0.0060     1.9981     0.8712
[1] 18100.0000     0.0000     0.8802    -0.1667     2.1731     0.9893
[1] 18200.0000     0.0002     0.9199     0.7624     1.1740     1.1845
[1] 18300.0000     0.0000     0.9012     0.3923     1.6026     1.0710
[1] 18400.0000     0.0000     0.9529     0.5220     1.4669     0.8173
[1] 18500.0000     0.0000     0.8451     0.3773     1.6633     0.9054
[1] 18600.0000     0.0000     0.8656    -0.1128     2.1439     0.8624
[1] 18700.0000     0.0000     0.8080    -0.6227     2.6340     0.9308
[1] 18800.0000     0.0000     0.8635    -0.1264     2.0601     1.1693
[1] 18900.0000     0.0000     0.9024    -0.1294     2.0518     1.0613
[1] 19000.0000     0.0000     0.8366    -0.6402     2.5792     0.8015
[1] 19100.0000     0.0000     0.8878     0.3603     1.4926     1.0323
[1] 19200.0000     0.0000     0.8001    -0.1797     2.0763     0.9641
[1] 19300.0000     0.0000     0.8035    -0.2228     2.1459     1.0886
[1] 19400.0000     0.0000     0.9330    -0.6956     2.6582     1.0363
[1] 19500.0000     0.0000     0.8527     0.1997     1.7836     1.1208
[1] 19600.0000     0.9924     0.9648    -1.2114     3.2222     1.1447
[1] 19700.0000     0.0000     0.8982    -0.2547     2.1397     1.1826
[1] 19800.0000     0.0000     0.9408     0.3975     1.6315     0.9927
[1] 19900.0000     0.0000     0.9981    -0.3575     2.3638     1.0280
[1] 20000.0000     0.0000     0.8708    -0.7474     2.7197     1.0213
[1] 20100.0000     0.0000     0.9080     0.5071     1.5038     1.0402
[1] 20200.0000     0.9525     0.9840    -0.4485     2.4202     1.1380
[1] 20300.0000     0.0000     0.8028    -0.2821     2.3137     0.9708
[1] 20400.0000     0.0009     0.9072    -0.1021     2.0282     0.9991
[1] 20500.0000     0.0000     0.8964    -0.8975     2.9049     1.1285
[1] 20600.0000     1.0000     0.9169     0.1759     1.8166     1.1057
[1] 20700.0000     0.8874     0.8107     0.4070     1.5798     1.0874
[1] 20800.0000     0.0000     0.9606    -0.8674     2.7829     1.0886
[1] 20900.0000     0.0000     0.9109     0.5235     1.4822     0.9980
[1] 21000.0000     0.0000     0.9912     1.2834     0.6939     1.0875
[1] 21100.0000     0.0000     0.9732    -0.1778     2.0847     0.8253
[1] 21200.0000     0.0198     0.9704     0.0557     1.9032     1.1667
[1] 21300.0000     0.0000     0.8399    -0.7278     2.5860     1.0171
[1] 21400.0000     0.0000     0.9719    -0.0576     1.9831     0.9071
[1] 21500.0000     0.0000     0.9375     0.1258     1.7789     1.0777
[1] 21600.0000     0.0000     0.8010    -0.2096     2.1837     1.1966
[1] 21700.0000     0.0000     0.8258    -0.6600     2.6597     1.1265
[1] 21800.0000     0.0000     0.8218    -0.0477     2.1186     1.1739
[1] 2.190e+04 0.000e+00 9.408e-01 8.950e-02 1.809e+00 9.421e-01
[1] 22000.0000     0.0000     0.8850     1.0633     0.9021     0.9555
[1] 22100.0000     0.0000     0.9825    -0.3024     2.2559     1.1195
[1] 22200.0000     0.0000     0.9349    -0.1768     2.0734     0.9881
[1] 22300.0000     0.0002     0.8584     0.0477     1.9182     0.9367
[1] 22400.0000     0.0000     0.9494     0.1470     1.7961     0.9207
[1] 22500.0000     0.0020     0.9610     0.7070     1.2733     0.9963
[1] 22600.0000     0.0000     0.8858     1.3325     0.7483     0.9064
[1] 22700.0000     0.0000     0.8271     0.2469     1.6253     1.1968
[1] 22800.0000     0.0001     0.9630    -0.0500     2.0899     0.9437
[1] 2.290e+04 0.000e+00 9.207e-01 7.078e-01 1.165e+00 8.362e-01
[1] 23000.0000     0.0000     0.9652     0.4566     1.5319     1.0264
[1] 23100.0000     0.0000     0.9231    -0.1908     2.1000     0.8179
[1] 23200.0000     0.0000     0.8288    -0.6468     2.6493     0.8616
[1] 23300.0000     0.0882     0.8966    -0.2845     2.1922     1.0199
[1] 23400.0000     0.0000     0.9418     0.4883     1.4605     0.8205
[1] 23500.0000     0.0000     0.8934    -0.4344     2.3991     1.1391
[1] 23600.0000     0.0000     0.8360     0.5702     1.3727     0.8406
[1] 23700.0000     0.0000     0.8580     0.9397     1.0647     0.8494
[1] 2.380e+04 0.000e+00 9.509e-01 2.751e-01 1.550e+00 9.516e-01
[1] 23900.0000     0.0000     0.8157     0.1802     1.8292     0.8034
[1] 24000.0000     0.0000     0.9653    -0.1082     2.0501     0.9324
[1] 24100.0000     0.0000     0.8643    -1.4438     3.3910     0.9462
[1] 24200.0000     0.0000     0.8399     0.3128     1.5376     1.0287
[1] 24300.0000     0.0000     0.8207    -0.9541     2.9339     1.1509
[1] 24400.0000     1.0000     0.9947     0.6179     1.3622     0.9697
[1] 24500.0000     0.0000     0.9064     1.2376     0.7762     0.8345
[1] 24600.0000     0.0000     0.9062     0.1531     1.8109     0.8877
[1] 24700.0000     0.0000     0.9025    -0.6937     2.6411     0.8040
[1] 24800.0000     0.0002     0.8109    -0.1014     2.0603     1.1899
[1] 2.490e+04 0.000e+00 9.495e-01 1.073e-01 1.797e+00 8.626e-01
[1] 2.500e+04 1.000e-04 9.399e-01 5.117e-01 1.445e+00 8.472e-01
[1] 25100.0000     0.0000     0.9605     1.1518     0.7608     1.0743
[1] 2.520e+04 0.000e+00 8.184e-01 1.530e-01 1.836e+00 8.574e-01
[1] 25300.0000     1.0000     0.8151     0.0477     1.9035     1.0748
[1] 25400.0000     1.0000     0.8988    -0.0037     2.0082     1.0888
[1] 25500.0000     0.0000     0.8147     0.4893     1.4297     1.1844
[1] 25600.0000     0.0000     0.9746     0.1296     1.9155     1.1488
[1] 25700.0000     0.0000     0.8060     0.6222     1.3717     0.8422
[1] 25800.0000     0.0000     0.8043    -0.9647     2.8779     0.8730
[1] 25900.0000     1.0000     0.8632    -0.3844     2.3830     1.1254
[1] 26000.0000     1.0000     0.9492    -0.8955     2.9224     1.0058
[1] 26100.0000     0.0000     0.9196    -0.6345     2.4463     1.1722
[1] 26200.0000     0.0000     0.9529    -1.0607     2.9091     1.0017
[1] 26300.0000     0.0000     0.9806    -0.7326     2.6980     0.9555
[1] 26400.0000     0.0000     0.8767    -0.1691     2.0498     0.8041
[1] 26500.0000     0.0026     0.9903    -0.3997     2.4181     1.1966
[1] 26600.0000     0.0000     0.8376    -1.9474     3.7597     1.1467
[1] 26700.0000     0.0000     0.8184    -0.3979     2.3405     0.9177
[1] 26800.0000     0.0000     0.8448    -1.3241     3.2091     0.8652
[1] 26900.0000     0.0000     0.8586    -0.8085     2.7380     1.0581
[1] 27000.0000     0.0000     0.9892    -0.0887     2.0950     0.9138
[1] 27100.0000     0.8636     0.9280    -0.5225     2.4959     1.0348
[1] 27200.0000     0.0000     0.8628    -0.8487     2.8330     1.0265
[1] 27300.0000     0.0000     0.9185    -0.0098     1.9321     0.9822
[1] 27400.0000     0.0000     0.9754    -0.0342     1.9543     1.0598
[1] 27500.0000     0.0000     0.8301     0.1931     1.7255     0.9239
[1] 27600.0000     0.0000     0.8732     1.1316     0.8671     0.9172
[1] 27700.0000     0.0000     0.8317     0.0300     1.8720     1.1846
[1] 27800.0000     0.0000     0.8338     0.4348     1.5023     0.9440
[1] 27900.0000     1.0000     0.8904     0.7762     1.1672     0.9276
[1] 28000.0000     0.0000     0.8025    -0.9433     2.9142     0.9240
[1] 28100.0000     0.0000     0.9262     0.3949     1.6316     1.0710
[1] 28200.0000     0.0000     0.9683    -0.1199     2.0851     0.8917
[1] 28300.0000     0.0000     0.9886    -0.3950     2.3395     1.1843
[1] 28400.0000     1.0000     0.9594    -0.8669     2.7652     0.8105
[1] 28500.0000     0.0000     0.8678     0.8724     1.0802     0.8688
[1] 28600.0000     0.0000     0.9856    -0.0670     1.9183     1.1641
[1] 28700.0000     0.0000     0.9675    -1.4578     3.4349     1.1579
[1] 28800.0000     0.0000     0.8104    -0.1438     2.0929     1.1940
[1] 28900.0000     0.0000     0.9137    -0.3367     2.3560     0.8478
[1] 29000.0000     0.0000     0.9277    -0.6390     2.6069     1.1735
[1] 29100.0000     0.0000     0.8445    -1.0037     3.0091     0.8871
[1] 29200.0000     0.0735     0.9367     0.3990     1.5417     1.1465
[1] 29300.0000     0.0466     0.9749     1.1216     0.8665     0.9782
[1] 29400.0000     0.0000     0.9394     1.0504     0.9528     1.1754
[1] 29500.0000     0.0000     0.8094    -0.4847     2.4223     0.8253
[1] 29600.0000     0.0000     0.8335     0.6182     1.3312     1.1940
[1] 29700.0000     0.0000     0.9991     0.1956     1.7379     0.9357
[1] 29800.0000     0.0000     0.8030    -1.2067     3.2368     0.9421
[1] 29900.0000     0.8230     0.9798     0.3640     1.6276     1.0014
[1] 30000.0000     0.0000     0.9561     1.4352     0.4624     1.0811
[1] 0.0698772
Time difference of 3.779612 hours
null device 
          1 
