[1] "El numero de nodos X particion es: 10"
[1] "Model = M1 / Data = sim_data/datasetSVIMatern11.Rdata"
[1] 100.0000   1.0000   0.8291   0.0763   1.9431   0.9331
[1] 200.0000   0.0176   0.8487   0.3756   1.6176   0.8384
[1] 300.0000   0.1672   0.8776   0.1787   1.9152   1.0665
[1] 400.0000   0.0197   0.9217  -0.1638   2.1170   0.9692
[1] 500.0000   0.0000   0.8380   0.2498   1.8004   0.8203
[1] 600.0000   0.2472   0.9748  -0.1966   2.0437   1.0386
[1] 700.0000   0.0000   0.8999   1.1588   0.8746   1.0702
[1] 800.0000   0.0000   0.9662   0.8314   1.2209   1.0931
[1] 900.0000   0.0000   0.9606   0.3083   1.6563   1.0158
[1] 1000.0000    0.0000    0.8209   -0.3862    2.3539    0.9374
[1] 1100.0000    0.0000    0.9319    0.8019    1.1500    0.8930
[1] 1200.0000    0.0558    0.8544    0.9164    1.1230    0.9984
[1] 1300.0000    0.8487    0.8617   -0.0219    1.8772    1.0550
[1] 1400.0000    0.0000    0.9303   -1.1151    3.0120    1.1894
[1] 1500.0000    0.0000    0.9584   -0.0998    2.0976    1.0940
[1] 1600.0000    0.0000    0.9658   -0.7545    2.7117    1.0950
[1] 1700.0000    0.0000    0.9419   -0.4657    2.5325    1.0966
[1] 1800.0000    0.0000    0.9376    0.1393    1.8774    0.8302
[1] 1900.0000    0.0000    0.9875   -1.0915    3.0817    0.8532
[1] 2000.0000    0.0000    0.8550    0.5775    1.4996    1.0762
[1] 2100.0000    0.0000    0.8151   -0.5314    2.5002    1.0021
[1] 2200.0000    0.0000    0.8668    0.6548    1.4145    1.0989
[1] 2300.0000    0.0000    0.9142    0.6956    1.2343    0.8527
[1] 2400.0000    0.0000    0.9355    0.3762    1.6195    1.1578
[1] 2500.0000    0.0181    0.8909    0.6897    1.2401    1.1217
[1] 2600.0000    0.0000    0.9100    0.0443    1.9685    1.1442
[1] 2700.0000    0.0000    0.9527   -1.4359    3.4067    0.9546
[1] 2800.0000    0.0007    0.9386    0.2139    1.7812    0.8695
[1] 2900.0000    0.0000    0.9057   -0.8232    2.7758    0.9581
[1] 3000.0000    0.0000    0.8454   -0.1596    2.1542    0.9669
[1] 3100.0000    0.0000    0.9411    0.2062    1.6421    0.9915
[1] 3200.0000    0.0000    0.9190    0.5726    1.4221    0.9575
[1] 3300.0000    0.0000    0.9312    0.3168    1.7115    0.9302
[1] 3400.0000    0.1835    0.8983    1.3265    0.7429    1.1525
[1] 3500.0000    0.0000    0.9256   -0.0258    1.9656    1.1684
[1] 3600.0000    0.0000    0.9625   -0.6058    2.5679    0.8525
[1] 3700.0000    0.7198    0.9624    0.5480    1.3787    0.8094
[1] 3800.0000    0.0000    0.9791    1.4496    0.4893    1.0179
[1] 3900.0000    0.0000    0.8349    0.6303    1.3760    1.1538
[1] 4000.0000    0.0000    0.9448    0.2616    1.7095    1.0791
[1] 4100.0000    0.0000    0.8388   -0.0878    2.1139    0.8864
[1] 4200.0000    0.0000    0.9756   -0.0071    1.9228    0.9752
[1] 4300.0000    0.3972    0.8741   -1.0609    3.0124    1.1249
[1] 4400.0000    0.0000    0.8310    0.3082    1.6101    1.1572
[1] 4500.0000    0.1834    0.8404    0.7470    1.2629    1.1577
[1] 4600.0000    0.0000    0.9581    1.0487    1.0248    0.8180
[1] 4700.0000    0.0000    0.8528   -0.2506    2.2028    0.8411
[1] 4800.0000    0.0000    0.8660   -0.6876    2.6643    1.0939
[1] 4900.0000    0.0000    0.8114   -0.8374    2.7580    0.8255
[1] 5000.0000    0.0000    0.9762   -0.9440    2.8982    0.8665
[1] 5100.0000    0.0000    0.9679   -1.0832    2.9988    1.1951
[1] 5200.0000    0.0000    0.8051   -0.2487    2.2082    0.8965
[1] 5300.0000    0.0000    0.8845    0.4473    1.5075    1.0022
[1] 5400.0000    0.0000    0.8536    1.3633    0.6474    0.9337
[1] 5500.0000    0.0000    0.8506    0.7404    1.1361    1.1979
[1] 5600.0000    0.0000    0.9929    0.0623    1.8463    1.1085
[1] 5700.0000    0.0000    0.9545    0.3334    1.5603    0.8805
[1] 5800.0000    0.0000    0.8612   -0.9162    2.9926    1.0327
[1] 5900.0000    0.0000    0.8278    0.8740    1.1684    1.0767
[1] 6000.0000    0.0000    0.9870    0.9156    1.0369    1.0819
[1] 6100.0000    0.0000    0.9284    0.3123    1.7171    0.9188
[1] 6200.0000    0.0000    0.8741    0.3999    1.5752    0.8043
[1] 6300.0000    0.0000    0.9569    0.2161    1.8250    0.8080
[1] 6400.0000    0.0000    0.9918    0.3781    1.7671    1.1860
[1] 6500.0000    0.0080    0.9084   -0.3115    2.3662    1.0918
[1] 6600.0000    0.0000    0.8710    0.2350    1.6564    0.9001
[1] 6700.0000    0.0000    0.9587   -0.8139    2.8591    1.0766
[1] 6800.0000    0.0619    0.8794    0.2664    1.7160    0.9381
[1] 6900.0000    0.0000    0.9290   -1.0908    3.0469    1.0476
[1] 7000.0000    0.0000    0.8521   -0.6003    2.5920    1.0680
[1] 7100.0000    0.0000    0.9857   -0.2174    2.1830    1.0571
[1] 7200.0000    0.0000    0.9439    0.3026    1.7603    1.1769
[1] 7300.0000    0.0000    0.9346    0.7474    1.2513    1.1740
[1] 7400.0000    0.0000    0.8045   -0.0503    2.0032    0.8734
[1] 7500.0000    0.0000    0.8918   -1.2222    3.1635    1.0101
[1] 7600.0000    0.0000    0.9493   -0.3729    2.2928    0.9281
[1] 7700.0000    0.0000    0.8440   -2.0876    4.0524    0.8976
[1] 7800.0000    0.0000    0.8367    0.3188    1.6222    0.9006
[1] 7900.0000    0.0000    0.9654   -0.2087    2.0763    1.1831
[1] 8000.0000    0.0000    0.9309   -0.6110    2.5273    1.0835
[1] 8100.0000    0.0000    0.8250   -0.3268    2.2942    1.1136
[1] 8200.0000    0.0000    0.9110   -0.3729    2.3455    0.9989
[1] 8300.0000    0.0000    0.8222   -0.3949    2.3733    0.8438
[1] 8400.0000    0.0000    0.9658    0.0352    1.8369    0.9286
[1] 8500.0000    0.0000    0.8325   -0.0088    2.0777    1.0750
[1] 8600.0000    0.0000    0.9564   -1.5584    3.5309    0.9963
[1] 8700.0000    0.0000    0.8940   -0.5623    2.5106    1.0236
[1] 8800.0000    0.0000    0.9735   -0.4533    2.3211    1.0381
[1] 8900.0000    0.0000    0.8674    0.9911    1.0317    1.0474
[1] 9000.0000    0.0000    0.8301    0.8365    1.1132    1.1387
[1] 9100.0000    0.0000    0.8755    0.5972    1.3903    0.8812
[1] 9200.0000    0.0000    0.8129   -0.0113    2.0157    1.1264
[1] 9300.0000    0.0000    0.8689    0.1088    1.9822    0.9976
[1] 9400.0000    0.0000    0.8413    1.6276    0.2778    1.0761
[1] 9500.0000    0.0000    0.8817   -0.0973    2.0287    1.0875
[1] 9600.0000    0.0000    0.8149    0.0362    1.9813    0.9056
[1] 9700.0000    0.0000    0.9657    1.0747    0.9205    0.9166
[1] 9800.0000    0.0000    0.9462   -0.2900    2.2532    1.1275
[1] 9900.0000    0.0000    0.9876    1.4340    0.5397    0.9739
[1] 10000.0000     0.6679     0.9984    -0.3593     2.3031     0.9987
[1] 10100.0000     1.0000     0.9049    -0.3582     2.4616     1.0751
[1] 10200.0000     0.0000     0.8133    -0.0806     2.0099     1.1117
[1] 10300.0000     0.2115     0.9549     1.6999     0.2642     0.8021
[1] 10400.0000     0.0000     0.9109     0.6351     1.3093     0.9653
[1] 10500.0000     0.0000     0.9828     1.0272     0.9351     0.8036
[1] 10600.0000     0.0000     0.8442     0.1492     1.9347     0.9495
[1] 10700.0000     0.0000     0.8398     0.1472     1.8197     1.0590
[1] 10800.0000     0.0077     0.8310    -0.0316     1.9946     0.9940
[1] 1.090e+04 0.000e+00 9.660e-01 1.128e+00 9.454e-01 1.197e+00
[1] 11000.0000     0.0019     0.8555     1.0922     0.9691     1.1761
[1] 11100.0000     0.0000     0.9587     0.0462     1.8787     0.9308
[1] 11200.0000     0.1705     0.8258    -0.7564     2.7206     1.0628
[1] 11300.0000     0.0000     0.8936    -0.7557     2.7417     1.0961
[1] 11400.0000     0.0001     0.9548     0.8635     1.1845     1.0047
[1] 11500.0000     0.0000     0.8034     0.7055     1.2438     0.8501
[1] 11600.0000     0.0000     0.9104    -0.6708     2.6483     0.8269
[1] 11700.0000     0.2364     0.8613    -0.1174     1.9865     1.0253
[1] 11800.0000     0.0000     0.8027    -0.0676     2.1321     0.8530
[1] 11900.0000     0.0000     0.8460    -1.1004     3.0046     0.8150
[1] 12000.0000     0.0000     0.8056    -0.2973     2.3340     1.1142
[1] 12100.0000     0.0000     0.8005    -1.1395     3.0637     0.8375
[1] 12200.0000     1.0000     0.8496     0.3980     1.5874     0.8460
[1] 12300.0000     0.0000     0.8010     0.1501     1.8761     0.8810
[1] 12400.0000     0.1238     0.8019    -1.0284     3.0635     1.1971
[1] 12500.0000     0.0000     0.9939    -0.0722     2.1317     0.9707
[1] 12600.0000     0.0000     0.8126    -0.5268     2.5606     1.1805
[1] 12700.0000     0.0000     0.9614    -0.9592     2.7724     0.8958
[1] 12800.0000     0.0000     0.8257    -1.1043     3.1107     0.8904
[1] 12900.0000     0.0061     0.8545    -0.9217     2.9376     1.0312
[1] 13000.0000     0.0000     0.8069    -0.0404     1.9946     1.0997
[1] 13100.0000     0.0000     0.9404     1.4766     0.5205     0.9822
[1] 13200.0000     0.0000     0.8843     0.2846     1.7275     0.9997
[1] 13300.0000     0.0000     0.9057    -0.6218     2.5501     0.9177
[1] 13400.0000     0.0000     0.8092    -0.6325     2.6094     1.1676
[1] 13500.0000     0.0000     0.8466    -0.3178     2.2649     0.8143
[1] 13600.0000     0.0000     0.8917     0.8008     1.1608     1.0301
[1] 13700.0000     0.0000     0.9094     0.0774     1.9215     0.8623
[1] 13800.0000     0.0000     0.8787    -0.7838     2.7627     1.0611
[1] 13900.0000     0.0000     0.8573     0.0846     1.8845     0.8372
[1] 14000.0000     0.0000     0.9588     0.1277     1.7572     0.9662
[1] 14100.0000     0.0000     0.8411     0.4046     1.4465     1.1804
[1] 14200.0000     0.0000     0.8479     0.0568     1.8281     0.8739
[1] 14300.0000     0.0000     0.9227    -1.4701     3.3896     1.0001
[1] 14400.0000     0.0026     0.8623    -0.2386     2.1687     0.8985
[1] 14500.0000     0.4939     0.9833     1.2350     0.7628     1.1771
[1] 14600.0000     0.0000     0.8721     1.2907     0.7268     0.9912
[1] 14700.0000     0.0000     0.9923    -0.2237     2.1122     1.0723
[1] 14800.0000     0.0000     0.9988     0.6438     1.2859     0.9067
[1] 14900.0000     0.0153     0.8051    -0.2403     2.2084     1.0614
[1] 15000.0000     0.0001     0.9447     0.0172     1.8906     0.8911
[1] 15100.0000     0.5693     0.9118    -0.6394     2.5902     0.9692
[1] 15200.0000     0.0000     0.8242     0.7192     1.2645     1.0800
[1] 15300.0000     0.6309     0.9517     0.5679     1.4665     1.1636
[1] 15400.0000     0.0058     0.8397    -0.7203     2.7450     1.1015
[1] 15500.0000     0.0000     0.8727    -1.3701     3.3571     1.1104
[1] 15600.0000     0.0000     0.8520    -0.7217     2.7639     1.1912
[1] 15700.0000     0.0000     0.8475    -0.2423     2.1507     0.9690
[1] 15800.0000     0.0000     0.9108    -0.1061     2.0408     0.9068
[1] 15900.0000     0.0000     0.8841     0.3116     1.6485     0.8192
[1] 16000.0000     0.0001     0.8124    -0.3713     2.3289     1.1160
[1] 16100.0000     0.0000     0.9566     1.3207     0.7349     1.0234
[1] 16200.0000     0.0000     0.9466     0.5151     1.4142     0.9477
[1] 16300.0000     0.0000     0.9158    -0.1539     2.1804     0.9491
[1] 16400.0000     0.0000     0.9401     0.0845     1.8499     0.9237
[1] 16500.0000     0.6198     0.9646     0.6185     1.3175     1.1820
[1] 16600.0000     0.0000     0.8294    -0.5322     2.5864     0.8835
[1] 16700.0000     0.0000     0.8462     0.3335     1.6157     0.9538
[1] 16800.0000     0.0000     0.8621     0.4799     1.4351     1.1596
[1] 16900.0000     0.0000     0.8583     1.1415     0.7996     0.9158
[1] 17000.0000     0.0000     0.9790    -0.4760     2.4940     0.8822
[1] 17100.0000     0.0000     0.9305     0.7191     1.3368     0.9283
[1] 17200.0000     0.0000     0.9497     0.7024     1.2263     0.8252
[1] 17300.0000     1.0000     0.8396     0.9834     1.0012     1.0131
[1] 17400.0000     0.0000     0.8593     0.1667     1.7965     1.1450
[1] 17500.0000     0.0000     0.8131     0.1506     1.9018     0.9127
[1] 17600.0000     0.0000     0.8280     0.9315     1.0664     1.1486
[1] 1.770e+04 0.000e+00 8.794e-01 1.201e+00 8.134e-01 9.707e-01
[1] 17800.0000     0.0000     0.9383    -0.6350     2.7132     1.0084
[1] 17900.0000     0.0000     0.9083    -0.3741     2.3511     0.9495
[1] 18000.0000     0.6545     0.9109     0.3159     1.7257     0.8712
[1] 18100.0000     0.0000     0.8078    -0.4814     2.4244     0.9064
[1] 18200.0000     0.0241     0.8582     0.5347     1.3459     0.9652
[1] 18300.0000     0.0000     0.9012    -0.3764     2.3395     1.0710
[1] 18400.0000     0.0000     0.8109    -0.2544     2.2503     1.0647
[1] 18500.0000     0.0000     0.8045    -0.2877     2.2708     1.0038
[1] 18600.0000     0.0000     0.8420     0.2679     1.7765     0.8224
[1] 18700.0000     0.0000     0.8080    -0.2723     2.2932     0.9308
[1] 18800.0000     0.0000     0.8635     0.2517     1.6901     1.1693
[1] 18900.0000     0.0000     0.9024    -0.0476     1.9699     1.0613
[1] 19000.0000     0.0000     0.8366    -0.5867     2.5241     0.8015
[1] 19100.0000     0.0000     0.9728    -0.1258     2.0232     0.8217
[1] 19200.0000     0.0000     0.8001    -0.1451     2.0578     0.9641
[1] 19300.0000     0.0000     0.8035    -0.1905     2.1309     1.0886
[1] 19400.0000     0.0000     0.9330    -0.0689     2.0331     1.0363
[1] 19500.0000     0.0000     0.9633    -0.1950     2.0440     1.1823
[1] 19600.0000     0.3801     0.9162    -1.6613     3.6869     0.8038
[1] 19700.0000     0.0000     0.8982    -0.6433     2.5403     1.1826
[1] 19800.0000     0.0000     0.9911     1.0313     0.9727     0.9546
[1] 19900.0000     0.0000     0.9981     0.5117     1.5111     1.0280
[1] 20000.0000     0.0000     0.8708    -0.3158     2.2959     1.0213
[1] 20100.0000     0.0000     0.9080     0.3412     1.6941     1.0402
[1] 20200.0000     0.5011     0.9840    -0.3275     2.2531     1.1380
[1] 20300.0000     0.0000     0.8028    -0.4582     2.4988     0.9708
[1] 20400.0000     0.0005     0.9072    -0.2663     2.1956     0.9991
[1] 20500.0000     0.0000     0.9505    -1.0608     3.0867     0.9891
[1] 20600.0000     0.7316     0.9169    -0.4106     2.4232     1.1057
[1] 20700.0000     1.0000     0.8107     0.3038     1.5947     1.0874
[1] 20800.0000     0.0000     0.9606    -0.8292     2.8591     1.0886
[1] 2.090e+04 0.000e+00 9.109e-01 1.023e-01 1.902e+00 9.980e-01
[1] 21000.0000     0.0000     0.8369     0.6571     1.3314     1.0355
[1] 21100.0000     0.0000     0.9732    -0.8870     2.7958     0.8253
[1] 21200.0000     0.0384     0.8263    -0.1438     2.1331     1.1324
[1] 21300.0000     0.0000     0.8399    -0.9696     2.8501     1.0171
[1] 21400.0000     0.0000     0.9719    -0.2613     2.2152     0.9071
[1] 21500.0000     0.0000     0.9375    -0.0716     1.9845     1.0777
[1] 21600.0000     0.0000     0.8010    -0.3442     2.3586     1.1966
[1] 21700.0000     0.0000     0.8258    -0.8108     2.7912     1.1265
[1] 21800.0000     0.0000     0.8709    -0.2818     2.2899     1.0601
[1] 21900.0000     0.0000     0.8416    -0.2012     2.2462     1.1370
[1] 22000.0000     0.0000     0.8850     1.2524     0.7208     0.9555
[1] 22100.0000     0.0000     0.9825    -0.1888     2.1432     1.1195
[1] 22200.0000     0.0000     0.9349    -0.0563     1.9516     0.9881
[1] 22300.0000     0.0003     0.8584     0.1805     1.7886     0.9367
[1] 22400.0000     0.0000     0.9494     0.6792     1.3113     0.9207
[1] 22500.0000     0.0015     0.9610     0.6354     1.3453     0.9963
[1] 22600.0000     0.0000     0.8858     0.9819     1.1498     0.9064
[1] 22700.0000     0.0000     0.8271     0.4669     1.4310     1.1968
[1] 22800.0000     0.0001     0.9028    -0.6229     2.6772     1.1243
[1] 22900.0000     0.0000     0.9207     0.7778     1.0903     0.8362
[1] 23000.0000     0.0000     0.9652     0.6750     1.3118     1.0264
[1] 2.310e+04 0.000e+00 9.231e-01 2.880e-02 1.879e+00 8.179e-01
[1] 23200.0000     0.0000     0.8288    -0.4494     2.4529     0.8616
[1] 23300.0000     0.3686     0.8966     0.1022     1.9022     1.0199
[1] 23400.0000     0.0000     0.8015     0.1484     1.8645     0.8904
[1] 23500.0000     0.0000     0.9561     0.0313     1.9484     1.0572
[1] 23600.0000     0.0000     0.8360     0.6808     1.2677     0.8406
[1] 23700.0000     0.0000     0.8580     0.7456     1.2719     0.8494
[1] 23800.0000     0.0000     0.9509     0.0505     1.7775     0.9516
[1] 2.390e+04 0.000e+00 8.157e-01 2.120e-02 1.936e+00 8.034e-01
[1] 24000.0000     0.0000     0.9653    -0.3994     2.3264     0.9324
[1] 24100.0000     0.0000     0.8289    -0.9976     2.9878     0.9877
[1] 24200.0000     0.0000     0.8399    -0.1933     2.0360     1.0287
[1] 24300.0000     0.0000     0.9879    -0.8500     2.8237     1.1930
[1] 24400.0000     0.6720     0.9947     0.5613     1.4484     0.9697
[1] 24500.0000     0.0000     0.9064     0.8762     1.0518     0.8345
[1] 24600.0000     0.0000     0.9062     0.3570     1.5713     0.8877
[1] 24700.0000     0.0001     0.9025    -0.5558     2.5366     0.8040
[1] 24800.0000     0.0000     0.8109     0.0620     1.9329     1.1899
[1] 24900.0000     0.0000     0.9495    -0.2216     2.1166     0.8626
[1] 25000.0000     0.0000     0.9399     0.2003     1.7507     0.8472
[1] 25100.0000     0.0000     0.9605     0.6293     1.2755     1.0743
[1] 25200.0000     0.0000     0.8184    -0.0207     1.9860     0.8574
[1] 25300.0000     0.7585     0.8151    -0.1774     2.0864     1.0748
[1] 25400.0000     1.0000     0.8988    -0.3525     2.3186     1.0888
[1] 25500.0000     0.0000     0.8147     0.6137     1.3568     1.1844
[1] 25600.0000     0.0000     0.8978     0.0951     1.8916     1.1142
[1] 25700.0000     0.0000     0.8060     1.0842     0.9167     0.8422
[1] 25800.0000     0.0000     0.8043    -0.1048     2.1367     0.8730
[1] 25900.0000     1.0000     0.8632     0.0464     1.9649     1.1254
[1] 26000.0000     1.0000     0.9492    -0.4854     2.5239     1.0058
[1] 26100.0000     0.0000     0.9196    -0.2155     2.0331     1.1722
[1] 26200.0000     0.0000     0.9529    -0.6566     2.5109     1.0017
[1] 26300.0000     0.0000     0.8989    -0.7095     2.6347     0.9807
[1] 26400.0000     0.0000     0.8767     1.3192     0.6636     0.8041
[1] 26500.0000     0.0010     0.9903     0.8138     1.2263     1.1966
[1] 26600.0000     0.0000     0.9293    -0.3355     2.4687     0.8497
[1] 26700.0000     0.0003     0.9890    -0.1159     1.9946     0.9390
[1] 26800.0000     0.0000     0.8544    -1.1339     3.1350     0.9528
[1] 26900.0000     0.0000     0.9586     0.1998     1.7000     1.0279
[1] 27000.0000     0.0000     0.8280     0.2345     1.6688     0.9596
[1] 27100.0000     0.8283     0.9280    -0.4616     2.4441     1.0348
[1] 27200.0000     0.0000     0.8628    -0.4921     2.4691     1.0265
[1] 27300.0000     0.0000     0.8270    -0.6235     2.6050     1.1347
[1] 27400.0000     0.0000     0.9344     0.1098     1.8697     0.9086
[1] 27500.0000     0.0000     0.8677     0.3947     1.5804     0.9516
[1] 2.760e+04 0.000e+00 8.732e-01 1.431e+00 5.744e-01 9.172e-01
[1] 27700.0000     0.0000     0.8768     0.2331     1.8144     1.0202
[1] 27800.0000     0.0000     0.8338     0.2541     1.6924     0.9440
[1] 27900.0000     1.0000     0.8904     0.6044     1.3496     0.9276
[1] 28000.0000     0.0000     0.8025    -0.1838     2.2490     0.9240
[1] 28100.0000     0.0000     0.8313    -0.1510     2.1982     0.8089
[1] 28200.0000     0.0000     0.9683    -0.6774     2.6607     0.8917
[1] 28300.0000     0.0000     0.9886    -0.6371     2.5774     1.1843
[1] 28400.0000     1.0000     0.9594    -0.4601     2.4376     0.8105
[1] 28500.0000     0.0000     0.8824     0.5581     1.3676     0.8003
[1] 28600.0000     0.0000     0.9775    -0.1513     2.0468     0.9079
[1] 28700.0000     0.0000     0.8546    -1.2960     3.1917     0.9787
[1] 28800.0000     0.0000     0.8104    -0.0270     1.9644     1.1940
[1] 28900.0000     0.0000     0.9040    -0.2500     2.0585     0.8375
[1] 29000.0000     0.0000     0.9277    -0.4103     2.4014     1.1735
[1] 29100.0000     0.0000     0.8445    -0.7829     2.8111     0.8871
[1] 29200.0000     0.0932     0.9367     0.6486     1.3180     1.1465
[1] 29300.0000     0.0011     0.9749     1.0227     0.9001     0.9782
[1] 29400.0000     0.0000     0.9394     0.8274     1.0741     1.1754
[1] 29500.0000     0.0000     0.8094    -0.8515     2.7973     0.8253
[1] 29600.0000     0.0000     0.8335     0.2705     1.6905     1.1940
[1] 29700.0000     0.0000     0.9991    -0.1588     2.1024     0.9357
[1] 29800.0000     0.0000     0.8030     0.3262     1.6848     0.9421
[1] 29900.0000     0.7477     0.9798     0.4672     1.5084     1.0014
[1] 30000.0000     0.0000     0.9250     1.2501     0.6964     1.0393
[1] 0.07111716
Time difference of 4.568673 hours
null device 
          1 
