[1] "El numero de nodos X particion es: 10"
[1] "Model = M2 / Data = sim_data/datasetSVIExponential5.Rdata"
[1] 100.0000   0.6198   0.9429   0.1102   1.9249   1.1970
[1] 200.0000   0.0410   0.9592   0.1224   1.8564   1.1736
[1] 300.0000   1.0000   0.8776   0.1061   1.9084   1.0665
[1] 400.0000   0.0777   0.9217   0.1223   1.8973   0.9692
[1] 500.0000   0.0000   0.8380   0.2632   1.7904   0.8203
[1] 600.0000   0.8614   0.9748  -0.2372   2.1807   1.0386
[1] 700.0000   0.2226   0.9506   0.0438   1.9473   1.0413
[1] 800.0000   0.0024   0.9313  -0.3183   2.2805   1.0430
[1] 900.0000   0.0000   0.9578  -0.9387   2.8379   0.9628
[1] 1000.0000    0.0000    0.8209   -0.3917    2.4322    0.9374
[1] 1100.0000    0.0000    0.8924    0.8579    1.0765    0.9545
[1] 1200.0000    0.3694    0.8603    0.5345    1.5769    0.9164
[1] 1300.0000    0.2699    0.8617   -0.8498    2.7460    1.0550
[1] 1400.0000    0.0000    0.8855   -1.5676    3.6266    1.1628
[1] 1500.0000    0.0000    0.9584   -0.1963    2.1732    1.0940
[1] 1600.0000    0.0000    0.9658   -1.1482    3.1192    1.0950
[1] 1700.0000    0.0000    0.9419   -0.5425    2.6632    1.0966
[1] 1800.0000    0.0000    0.9376    0.1075    1.9400    0.8302
[1] 1900.0000    0.0000    0.9875   -0.9331    2.9876    0.8532
[1] 2000.0000    0.0046    0.8821   -0.0791    1.9277    0.8614
[1] 2100.0000    0.0000    0.8246   -0.6578    2.5584    1.1071
[1] 2200.0000    0.0000    0.8668    0.6291    1.4683    1.0989
[1] 2300.0000    0.0000    0.9142    0.6706    1.2763    0.8527
[1] 2400.0000    0.0000    0.9355    0.8821    1.1161    1.1578
[1] 2500.0000    0.0026    0.9668    0.6506    1.3231    0.8029
[1] 2600.0000    0.0000    0.9100   -0.0797    2.1581    1.1442
[1] 2700.0000    0.0000    0.9527   -1.0059    3.0317    0.9546
[1] 2800.0000    0.0032    0.9382    0.4307    1.6412    1.1558
[1] 2900.0000    0.0000    0.9057   -0.5926    2.5945    0.9581
[1] 3000.0000    0.0000    0.8454   -0.2645    2.2976    0.9669
[1] 3100.0000    0.0000    0.9787    0.2081    1.7526    0.9283
[1] 3200.0000    0.0000    0.9190   -0.4503    2.4520    0.9575
[1] 3300.0000    0.0000    0.9312    0.0362    1.9797    0.9302
[1] 3400.0000    0.4903    0.8983    1.0705    0.9553    1.1525
[1] 3500.0000    0.0000    0.8786   -0.0316    2.0558    0.8547
[1] 3600.0000    0.0000    0.9625   -0.0358    2.0811    0.8525
[1] 3700.0000    0.5584    0.9624    0.6422    1.3144    0.8094
[1] 3800.0000    0.0000    0.8306    0.7083    1.3535    0.8349
[1] 3900.0000    0.0000    0.8319    0.1902    1.9302    0.8180
[1] 4000.0000    0.0000    0.9448   -0.2536    2.3005    1.0791
[1] 4100.0000    0.0000    0.8388   -0.9548    3.0441    0.8864
[1] 4200.0000    0.0000    0.9756   -1.0536    2.9911    0.9752
[1] 4300.0000    0.1393    0.8028   -0.4516    2.4934    0.9927
[1] 4400.0000    0.0000    0.9983    0.6732    1.3197    1.0333
[1] 4500.0000    0.0904    0.8404    0.5342    1.5309    1.1577
[1] 4600.0000    0.0000    0.9525    1.0500    1.0578    1.1110
[1] 4700.0000    0.0000    0.9806    0.2287    1.8747    1.0866
[1] 4800.0000    0.0000    0.8977   -0.3693    2.3348    0.9517
[1] 4900.0000    0.0000    0.9924   -0.0627    2.1302    1.1836
[1] 5000.0000    0.0000    0.9762   -0.7427    2.6953    0.8665
[1] 5100.0000    0.0000    0.9679   -1.0059    2.9550    1.1951
[1] 5200.0000    0.0000    0.8051   -0.1741    2.1634    0.8965
[1] 5300.0000    0.0000    0.8845    0.2729    1.6938    1.0022
[1] 5400.0000    0.0000    0.8536    0.2250    1.8163    0.9337
[1] 5500.0000    0.0000    0.8913    0.2890    1.6823    1.1131
[1] 5600.0000    0.0000    0.9929    0.7244    1.2429    1.1085
[1] 5700.0000    0.0000    0.9445    0.2915    1.7555    1.0237
[1] 5800.0000    0.0000    0.8612   -0.7167    2.8610    1.0327
[1] 5900.0000    0.0000    0.9311   -1.3540    3.3602    0.8983
[1] 6000.0000    0.0000    0.9870    0.6256    1.3233    1.0819
[1] 6100.0000    0.0000    0.8914    0.7898    1.2722    0.9242
[1] 6200.0000    0.0000    0.9400    1.1957    0.7390    0.8404
[1] 6300.0000    0.0000    0.9569    0.5100    1.4803    0.8080
[1] 6400.0000    0.0000    0.9924   -0.7137    2.6398    1.0322
[1] 6500.0000    0.0000    0.9084   -0.5238    2.5843    1.0918
[1] 6600.0000    0.0000    0.8710   -0.7069    2.6540    0.9001
[1] 6700.0000    0.0000    0.9231   -1.3837    3.5514    1.1521
[1] 6800.0000    0.2239    0.8794    0.1947    1.8730    0.9381
[1] 6900.0000    0.0000    0.9290   -1.4804    3.5018    1.0476
[1] 7000.0000    0.0000    0.8521   -0.2154    2.2162    1.0680
[1] 7100.0000    0.0000    0.9857    0.4058    1.6865    1.0571
[1] 7200.0000    0.0000    0.9439    0.0072    2.0863    1.1769
[1] 7300.0000    0.0000    0.9346   -0.0883    2.1626    1.1740
[1] 7400.0000    0.0000    0.9512   -0.2833    2.3251    0.8676
[1] 7500.0000    0.0000    0.8475   -1.5238    3.5120    1.0597
[1] 7600.0000    0.0000    0.9493   -0.5242    2.5799    0.9281
[1] 7700.0000    0.0000    0.8440   -1.1411    3.1661    0.8976
[1] 7800.0000    0.0000    0.9477    0.0692    1.8840    0.8206
[1] 7900.0000    0.0000    0.9916   -0.0298    2.0545    1.1766
[1] 8000.0000    0.0000    0.9309   -0.5084    2.4777    1.0835
[1] 8100.0000    0.0000    0.8250   -0.2210    2.2059    1.1136
[1] 8200.0000    0.0000    0.9110   -0.3811    2.4210    0.9989
[1] 8300.0000    0.0000    0.8222   -0.4037    2.4497    0.8438
[1] 8400.0000    0.0000    0.9658    0.4572    1.5206    0.9286
[1] 8500.0000    0.0000    0.8325   -0.1296    2.2330    1.0750
[1] 8600.0000    0.0355    0.9662   -0.6138    2.7490    0.9487
[1] 8700.0000    0.0000    0.8940   -1.0127    3.0245    1.0236
[1] 8800.0000    0.0000    0.8601    0.3559    1.5859    0.8170
[1] 8900.0000    0.0000    0.8674    0.4403    1.6005    1.0474
[1] 9000.0000    0.0000    0.8301    0.6299    1.3433    1.1387
[1] 9100.0000    0.0000    0.8755    0.3911    1.6225    0.8812
[1] 9200.0000    0.0000    0.8129   -0.2168    2.2527    1.1264
[1] 9300.0000    0.0000    0.9270   -0.8298    2.8709    1.1117
[1] 9400.0000    0.0000    0.8413    0.3910    1.5542    1.0761
[1] 9500.0000    0.0000    0.9934   -0.3913    2.4613    1.0697
[1] 9600.0000    0.0000    0.8149    0.0563    1.9548    0.9056
[1] 9700.0000    0.0000    0.8918    1.0030    0.9552    0.8845
[1] 9800.0000    0.0000    0.9450    0.9068    1.1607    1.0855
[1] 9900.0000    0.0000    0.9876    2.4010   -0.3541    0.9739
[1] 10000.0000     0.1574     0.9984     0.1035     1.9117     0.9987
[1] 10100.0000     0.0001     0.9390     0.1203     1.8774     1.0815
[1] 10200.0000     0.0000     0.8458     0.1702     1.8213     1.1044
[1] 10300.0000     0.1501     0.9549     1.9913     0.0236     0.8021
[1] 10400.0000     0.0000     0.9970     0.3771     1.6192     0.9159
[1] 10500.0000     0.0000     0.9828     0.4257     1.5425     0.8036
[1] 10600.0000     0.0000     0.9864     0.2624     1.7209     0.9817
[1] 10700.0000     0.0000     0.8398     0.5753     1.4604     1.0590
[1] 10800.0000     0.5130     0.9785    -0.3059     2.2306     1.1554
[1] 10900.0000     0.0000     0.9660     0.8673     1.1665     1.1970
[1] 11000.0000     0.0175     0.9660     0.8673     1.1665     1.1970
[1] 11100.0000     0.0000     0.9587    -0.5929     2.5438     0.9308
[1] 11200.0000     0.0052     0.9645    -0.4186     2.3287     0.8187
[1] 11300.0000     0.0000     0.9404    -1.4722     3.5313     1.0294
[1] 11400.0000     0.0002     0.9548     0.1908     1.9212     1.0047
[1] 11500.0000     0.0000     0.8034    -0.5255     2.5751     0.8501
[1] 11600.0000     0.0000     0.9104    -0.3761     2.3486     0.8269
[1] 11700.0000     0.0000     0.8224     0.4532     1.6022     0.8539
[1] 11800.0000     0.0000     0.8027    -0.7561     2.7758     0.8530
[1] 11900.0000     0.0000     0.9123    -0.9347     2.9255     1.0901
[1] 12000.0000     0.0000     0.8014    -0.2484     2.2362     1.0595
[1] 12100.0000     0.0000     0.8005    -0.7168     2.6858     0.8375
[1] 12200.0000     0.0666     0.9853     0.0106     2.0515     1.1443
[1] 12300.0000     0.0000     0.8010     0.0282     2.0254     0.8810
[1] 12400.0000     1.0000     0.8046    -1.0588     3.1323     0.8797
[1] 12500.0000     0.0000     0.8059    -0.0079     2.0477     1.1427
[1] 12600.0000     0.0000     0.8126    -0.1589     2.3128     1.1805
[1] 12700.0000     0.0000     0.8779    -1.3102     3.2474     0.8170
[1] 12800.0000     0.0000     0.8257    -0.9029     2.9820     0.8904
[1] 12900.0000     0.0027     0.9204    -0.1196     2.1705     0.8219
[1] 13000.0000     0.0000     0.8069     0.0443     1.9464     1.0997
[1] 13100.0000     0.0000     0.9339     1.1230     0.9093     1.1193
[1] 13200.0000     0.0000     0.8843    -0.0894     2.1428     0.9997
[1] 13300.0000     0.0000     0.8427    -0.3458     2.3311     1.0281
[1] 13400.0000     0.0000     0.9882    -0.0495     2.0525     1.1072
[1] 13500.0000     0.0000     0.8466     0.1081     1.9654     0.8143
[1] 13600.0000     0.0000     0.8917     0.1585     1.7922     1.0301
[1] 13700.0000     0.0000     0.8951     0.1189     1.8555     1.0363
[1] 13800.0000     0.0000     0.9432    -0.0897     2.0953     1.1717
[1] 13900.0000     0.0000     0.8573     0.1580     1.8755     0.8372
[1] 14000.0000     0.0000     0.9588     0.2076     1.7969     0.9662
[1] 14100.0000     0.0000     0.8411     0.4982     1.4123     1.1804
[1] 14200.0000     0.0000     0.8479     0.1486     1.7972     0.8739
[1] 14300.0000     0.0000     0.8548    -0.5900     2.6171     0.8231
[1] 14400.0000     0.0467     0.8623     0.9232     1.1158     0.8985
[1] 14500.0000     1.0000     0.9833     0.4918     1.5285     1.1771
[1] 14600.0000     0.0000     0.8570    -0.0228     1.9722     1.1138
[1] 14700.0000     0.0000     0.8974    -0.2798     2.2234     1.0871
[1] 14800.0000     0.0000     0.9988     0.7075     1.2765     0.9067
[1] 14900.0000     0.0005     0.9582    -0.3646     2.4349     1.0321
[1] 15000.0000     0.0005     0.9447    -0.3197     2.3444     0.8911
[1] 15100.0000     0.2724     0.9118    -0.3205     2.3226     0.9692
[1] 15200.0000     0.0000     0.8242    -0.0597     2.0732     1.0800
[1] 15300.0000     1.0000     0.8282    -0.0360     1.9986     1.1177
[1] 15400.0000     0.0648     0.9636    -0.5413     2.6461     0.9462
[1] 15500.0000     0.0000     0.8727    -1.1465     3.1836     1.1104
[1] 15600.0000     0.0000     0.8520    -0.5108     2.5999     1.1912
[1] 15700.0000     0.0000     0.8475    -0.0419     1.9978     0.9690
[1] 15800.0000     0.0000     0.9108     0.0914     1.8899     0.9068
[1] 1.590e+04 0.000e+00 8.876e-01 1.807e-01 1.779e+00 9.067e-01
[1] 16000.0000     0.0004     0.8124    -0.4376     2.4690     1.1160
[1] 16100.0000     0.0000     0.8125     0.6282     1.3779     0.8885
[1] 16200.0000     0.0000     0.9466     0.9416     1.0118     0.9477
[1] 16300.0000     0.0000     0.9158     0.2896     1.7622     0.9491
[1] 16400.0000     0.0000     0.9648    -0.0469     2.0395     0.9493
[1] 1.650e+04 2.173e-01 9.646e-01 4.737e-01 1.518e+00 1.182e+00
[1] 16600.0000     0.0000     0.8294    -0.4446     2.5365     0.8835
[1] 16700.0000     0.0000     0.8462     0.3990     1.5864     0.9538
[1] 16800.0000     0.0000     0.9439     0.1717     1.8487     0.8332
[1] 16900.0000     0.0000     0.8138     0.5754     1.3722     1.1004
[1] 17000.0000     0.0000     0.9790    -0.2896     2.3163     0.8822
[1] 17100.0000     0.0000     0.9305     0.5561     1.5486     0.9283
[1] 17200.0000     0.0000     0.9497     0.3980     1.6188     0.8252
[1] 17300.0000     0.5979     0.8396    -0.7146     2.7171     1.0131
[1] 17400.0000     0.0000     0.8593    -0.5770     2.6356     1.1450
[1] 17500.0000     0.0000     0.8131    -0.0088     2.0719     0.9127
[1] 17600.0000     0.0000     0.9839    -0.1548     2.1265     1.0238
[1] 1.770e+04 0.000e+00 8.794e-01 3.633e-01 1.631e+00 9.707e-01
[1] 17800.0000     0.0000     0.9383    -0.8886     3.0510     1.0084
[1] 1.790e+04 0.000e+00 9.083e-01 4.619e-01 1.581e+00 9.495e-01
[1] 18000.0000     1.0000     0.9109     0.3332     1.7241     0.8712
[1] 18100.0000     0.0000     0.9461     0.2737     1.6159     0.9222
[1] 18200.0000     0.0000     0.9706     1.1424     0.8695     0.8923
[1] 18300.0000     0.0000     0.9012     0.3832     1.6534     1.0710
[1] 18400.0000     0.0000     0.9529    -0.7357     2.7985     0.8173
[1] 1.850e+04 0.000e+00 9.525e-01 4.401e-01 1.599e+00 9.333e-01
[1] 18600.0000     0.0000     0.8420     0.5343     1.5316     0.8224
[1] 18700.0000     0.0000     0.9941     0.1873     1.8922     0.9227
[1] 18800.0000     0.0000     0.8635     0.7020     1.2970     1.1693
[1] 18900.0000     0.0000     0.9024    -0.1804     2.0932     1.0613
[1] 19000.0000     0.0000     0.8366    -1.2821     3.2744     0.8015
[1] 19100.0000     0.0000     0.9728    -0.7312     2.6615     0.8217
[1] 19200.0000     0.0000     0.8001    -0.4147     2.4283     0.9641
[1] 19300.0000     0.0000     0.8035    -0.0862     2.0639     1.0886
[1] 19400.0000     0.0000     0.9330    -0.5852     2.6047     1.0363
[1] 19500.0000     0.0000     0.9654     0.0060     2.0577     0.9669
[1] 19600.0000     1.0000     0.9648    -0.7700     2.8259     1.1447
[1] 19700.0000     0.0000     0.8982     0.2333     1.6909     1.1826
[1] 19800.0000     0.0000     0.9408     0.9171     1.1581     0.9927
[1] 1.990e+04 0.000e+00 9.981e-01 5.820e-02 2.002e+00 1.028e+00
[1] 20000.0000     0.0000     0.8708    -0.3526     2.3767     1.0213
[1] 20100.0000     0.0000     0.9080     0.1111     1.9607     1.0402
[1] 20200.0000     1.0000     0.9840     0.0211     1.9814     1.1380
[1] 20300.0000     0.0000     0.9533    -0.0521     2.0520     0.8784
[1] 20400.0000     0.0022     0.9072    -0.2957     2.3053     0.9991
[1] 20500.0000     0.0000     0.8964    -0.2474     2.3103     1.1285
[1] 20600.0000     0.4403     0.9169     0.1083     1.9912     1.1057
[1] 20700.0000     0.9257     0.8107    -0.3151     2.3383     1.0874
[1] 20800.0000     0.0000     0.9606    -0.6674     2.6243     1.0886
[1] 20900.0000     0.0000     0.9109     0.6412     1.4117     0.9980
[1] 21000.0000     0.0000     0.9912     1.4201     0.5836     1.0875
[1] 2.110e+04 0.000e+00 9.732e-01 2.020e-02 1.961e+00 8.253e-01
[1] 21200.0000     0.0843     0.8263     0.4569     1.5834     1.1324
[1] 21300.0000     0.0000     0.9596    -0.4004     2.3599     1.0815
[1] 21400.0000     0.0000     0.9719     0.0226     1.9756     0.9071
[1] 21500.0000     0.0000     0.9375     0.2135     1.7629     1.0777
[1] 21600.0000     0.0000     0.8420     0.4997     1.5437     0.8926
[1] 21700.0000     0.0000     0.8258     0.0306     2.0394     1.1265
[1] 21800.0000     0.0000     0.8709    -0.6331     2.6618     1.0601
[1] 21900.0000     0.0000     0.9408    -0.1151     2.0756     0.9421
[1] 22000.0000     0.0000     0.8850     1.0104     1.0527     0.9555
[1] 22100.0000     0.0000     0.8953     0.0417     1.9501     0.9321
[1] 22200.0000     0.0000     0.8403    -0.1523     2.1974     1.1277
[1] 22300.0000     0.0001     0.8584     0.1632     1.8688     0.9367
[1] 22400.0000     0.0000     0.9494     0.2661     1.7421     0.9207
[1] 22500.0000     0.0024     0.9610     0.8476     1.1995     0.9963
[1] 22600.0000     0.0000     0.8858     1.4972     0.6547     0.9064
[1] 22700.0000     0.0000     0.8271     0.7271     1.2142     1.1968
[1] 22800.0000     0.0000     0.9028    -0.3550     2.4561     1.1243
[1] 22900.0000     0.0000     0.9768     0.5488     1.3972     0.8117
[1] 23000.0000     0.0000     0.9491     0.3325     1.6433     0.8538
[1] 23100.0000     0.0000     0.8611     0.1408     1.8598     1.0907
[1] 23200.0000     0.0000     0.8288    -0.7615     2.8225     0.8616
[1] 23300.0000     0.1036     0.8966    -0.3850     2.3478     1.0199
[1] 23400.0000     0.0000     0.9418     0.3591     1.6529     0.8205
[1] 23500.0000     0.0000     0.8934    -0.6000     2.6281     1.1391
[1] 23600.0000     0.0000     0.8360     0.4448     1.5609     0.8406
[1] 23700.0000     0.0000     0.9977     0.7003     1.2915     0.9083
[1] 23800.0000     0.0000     0.9509     0.6060     1.2785     0.9516
[1] 23900.0000     0.0000     0.8157     0.3292     1.7097     0.8034
[1] 24000.0000     0.0000     0.9784    -0.2119     2.1492     0.8375
[1] 24100.0000     0.0000     0.8289    -1.2040     3.2448     0.9877
[1] 24200.0000     0.0000     0.9232     0.3296     1.6763     1.0732
[1] 24300.0000     0.0000     0.8207    -0.2413     2.2620     1.1509
[1] 24400.0000     0.1206     0.9591     0.0892     1.9688     0.9218
[1] 24500.0000     0.0000     0.9407     0.5443     1.3689     1.0416
[1] 24600.0000     0.0000     0.9062     0.3821     1.6526     0.8877
[1] 24700.0000     0.0000     0.9025    -0.4888     2.5070     0.8040
[1] 24800.0000     0.0000     0.8109     0.1192     1.9104     1.1899
[1] 24900.0000     0.0000     0.9495    -0.1601     2.0921     0.8626
[1] 25000.0000     0.0000     0.9628     0.4527     1.5429     0.9362
[1] 25100.0000     0.0000     0.9605     0.8753     1.0728     1.0743
[1] 25200.0000     0.0000     0.9435     0.3297     1.6783     1.0372
[1] 25300.0000     0.9853     0.8151     0.1749     1.7782     1.0748
[1] 25400.0000     1.0000     0.8988    -0.8590     2.8864     1.0888
[1] 25500.0000     0.0000     0.8147    -0.1243     2.1394     1.1844
[1] 25600.0000     0.0000     0.8978    -0.6380     2.6716     1.1142
[1] 25700.0000     0.0000     0.8662     0.3459     1.6885     1.1677
[1] 25800.0000     0.0000     0.8043    -1.2950     3.2480     0.8730
[1] 25900.0000     1.0000     0.8632    -0.2097     2.2586     1.1254
[1] 26000.0000     1.0000     0.9492    -0.7397     2.8186     1.0058
[1] 26100.0000     0.0000     0.9196    -0.4697     2.3255     1.1722
[1] 26200.0000     0.0000     0.9529    -0.9107     2.8050     1.0017
[1] 26300.0000     0.0000     0.8530    -1.1881     3.2217     1.0678
[1] 26400.0000     0.0000     0.8767    -0.0541     1.9834     0.8041
[1] 26500.0000     0.0016     0.9903    -0.2930     2.3653     1.1966
[1] 26600.0000     0.0000     0.9958    -1.5868     3.5285     0.9534
[1] 26700.0000     0.0000     0.8184     0.5450     1.4337     0.9177
[1] 26800.0000     0.0000     0.8180    -1.2479     3.2960     0.8719
[1] 26900.0000     0.0000     0.9182    -0.6092     2.6294     0.9860
[1] 27000.0000     0.0000     0.9618     0.3496     1.7021     1.1838
[1] 27100.0000     1.0000     0.9280    -0.3362     2.3344     1.0348
[1] 27200.0000     0.0000     0.8802     0.2928     1.7248     0.8416
[1] 27300.0000     0.0000     0.8270    -0.5742     2.6103     1.1347
[1] 27400.0000     0.0000     0.9754    -0.6487     2.6292     1.0598
[1] 27500.0000     0.0000     0.8301    -0.4137     2.3923     0.9239
[1] 2.760e+04 0.000e+00 8.732e-01 1.296e+00 7.507e-01 9.172e-01
[1] 27700.0000     0.0000     0.8768     0.0910     2.0027     1.0202
[1] 27800.0000     0.0000     0.8338     0.1121     1.8795     0.9440
[1] 27900.0000     1.0000     0.8904     0.4645     1.5335     0.9276
[1] 28000.0000     0.0000     0.8025    -0.7694     2.7995     0.9240
[1] 28100.0000     0.0000     0.9262     0.6068     1.4796     1.0710
[1] 28200.0000     0.0000     0.9683     0.0772     1.9465     0.8917
[1] 28300.0000     0.0000     0.9886    -0.7531     2.7396     1.1843
[1] 28400.0000     1.0000     0.9594    -1.3760     3.4036     0.8105
[1] 28500.0000     0.0000     0.8678     0.2882     1.6988     0.8688
[1] 28600.0000     0.0000     0.9775    -0.4275     2.3865     0.9079
[1] 28700.0000     0.0000     0.8546    -0.0916     2.0194     0.9787
[1] 28800.0000     0.0000     0.8104     0.1021     1.8923     1.1940
[1] 28900.0000     0.0000     0.9137     0.8964     1.1451     0.8478
[1] 29000.0000     0.0000     0.9277    -0.6208     2.6545     1.1735
[1] 29100.0000     0.0000     0.8648    -0.2388     2.2733     0.8680
[1] 29200.0000     0.0301     0.9371     0.8580     1.1353     1.1436
[1] 29300.0000     0.0012     0.9749     1.0662     0.9219     0.9782
[1] 29400.0000     0.0000     0.9394     1.0346     0.8649     1.1754
[1] 2.950e+04 0.000e+00 8.094e-01 3.040e-01 1.713e+00 8.253e-01
[1] 29600.0000     0.0000     0.8335     0.4358     1.5541     1.1940
[1] 29700.0000     0.0000     0.9991     0.0055     1.9687     0.9357
[1] 29800.0000     0.0000     0.9203    -0.9965     2.9926     0.9519
[1] 29900.0000     1.0000     0.9798    -0.4391     2.4655     1.0014
[1] 30000.0000     0.0000     0.9561     1.2481     0.7074     1.0811
[1] 0.06575737
Time difference of 10.44168 hours
null device 
          1 
