[1] "El numero de nodos X particion es: 10"
[1] "Model = M2 / Data = sim_data/datasetSVIMatern1.Rdata"
[1] 100.0000   1.0000   0.8291   0.1007   1.9484   0.9331
[1] 200.0000   0.0284   0.8487   0.2715   1.7680   0.8384
[1] 300.0000   1.0000   0.8776   0.1674   1.8967   1.0665
[1] 400.0000   0.0000   0.8775  -0.2362   2.3433   1.0971
[1] 500.0000   0.0000   0.8673   0.5202   1.5424   1.1452
[1] 600.0000   0.0017   0.8988   0.0754   1.9796   1.1191
[1] 700.0000   0.0000   0.8999   1.1696   0.9116   1.0702
[1] 800.0000   0.0000   0.8849   0.7021   1.3815   0.8867
[1] 900.0000   0.0000   0.9606   0.4653   1.5902   1.0158
[1] 1000.0000    0.0000    0.8209   -0.6007    2.6096    0.9374
[1] 1100.0000    0.0000    0.9319    0.4161    1.5937    0.8930
[1] 1200.0000    0.0441    0.8544    1.5157    0.5750    0.9984
[1] 1300.0000    0.7219    0.8617    0.4154    1.4738    1.0550
[1] 1400.0000    0.0000    0.8099    0.3684    1.7019    1.1384
[1] 1500.0000    0.0000    0.9584    1.2368    0.7987    1.0940
[1] 1600.0000    0.0000    0.8026   -0.8580    2.8656    1.1341
[1] 1700.0000    0.0000    0.8163   -0.1711    2.1745    0.8247
[1] 1800.0000    0.0000    0.8314    0.0683    1.9588    0.9945
[1] 1900.0000    0.0000    0.9005   -0.9079    2.9528    0.9368
[1] 2000.0000    0.0000    0.8003   -0.1074    2.1373    1.0681
[1] 2100.0000    0.0000    0.8614   -0.2828    2.3195    0.9148
[1] 2200.0000    0.0000    0.8668    0.3023    1.7648    1.0989
[1] 2300.0000    0.0000    0.9142    0.8085    1.1815    0.8527
[1] 2400.0000    0.0000    0.9355    0.2496    1.7620    1.1578
[1] 2500.0000    0.0005    0.9668    0.5552    1.3613    0.8029
[1] 2600.0000    0.0000    0.8617   -0.1425    2.0709    0.8044
[1] 2700.0000    0.0000    0.8492   -0.7154    2.8618    0.9140
[1] 2800.0000    0.0022    0.8113    0.6080    1.4536    0.9151
[1] 2900.0000    0.0000    0.9057   -0.6990    2.7032    0.9581
[1] 3000.0000    0.0000    0.8454   -0.2077    2.2887    0.9669
[1] 3100.0000    0.0000    0.9514   -0.1628    2.1917    0.9478
[1] 3200.0000    0.0000    0.9190   -0.9167    2.9945    0.9575
[1] 3300.0000    0.0000    0.9312    0.2696    1.8414    0.9302
[1] 3400.0000    0.1178    0.9079    0.7507    1.3733    0.8348
[1] 3500.0000    0.0000    0.8568    0.5551    1.4798    1.0820
[1] 3600.0000    0.0000    0.8756   -0.8045    2.7810    0.9795
[1] 3700.0000    0.4151    0.8237   -0.4336    2.4816    0.8398
[1] 3800.0000    0.0000    0.9791    0.3963    1.5933    1.0179
[1] 3900.0000    0.0000    0.8349    0.9525    1.0675    1.1538
[1] 4000.0000    0.0000    0.9958   -0.2400    2.3101    1.0786
[1] 4100.0000    0.0000    0.8388   -0.6919    2.8066    0.8864
[1] 4200.0000    0.0000    0.9756   -0.4333    2.3812    0.9752
[1] 4300.0000    0.2125    0.8028    0.1542    1.8948    0.9927
[1] 4400.0000    0.0000    0.8970    1.4436    0.5714    0.8215
[1] 4500.0000    0.2568    0.8410    0.6121    1.5200    1.1520
[1] 4600.0000    0.0000    0.9581    1.9866    0.1151    0.8180
[1] 4700.0000    0.0000    0.8528    0.5795    1.3986    0.8411
[1] 4800.0000    0.0000    0.8977   -0.6902    2.6953    0.9517
[1] 4900.0000    0.0000    0.8761   -0.6160    2.6353    1.0415
[1] 5000.0000    0.0000    0.9762   -0.8876    2.8795    0.8665
[1] 5100.0000    0.0000    0.8192   -1.2671    3.2533    0.8134
[1] 5200.0000    0.0000    0.8051    1.2562    0.7282    0.8965
[1] 5300.0000    0.0000    0.9010    1.5099    0.4833    1.0910
[1] 5400.0000    0.0000    0.8536    0.8579    1.1825    0.9337
[1] 5500.0000    0.0000    0.8913    0.9301    1.0312    1.1131
[1] 5600.0000    0.0000    0.8117    0.9255    1.0368    0.9121
[1] 5700.0000    0.0000    0.8882    0.3291    1.7554    1.0651
[1] 5800.0000    0.0000    0.8612   -0.7982    2.9094    1.0327
[1] 5900.0000    0.0000    0.9433    0.6540    1.2766    0.8670
[1] 6000.0000    0.0000    0.8981   -0.0448    2.1139    1.1252
[1] 6100.0000    0.0000    0.9284    0.7876    1.2770    0.9188
[1] 6200.0000    0.0000    0.8741    0.5781    1.4540    0.8043
[1] 6300.0000    0.0000    0.9569   -0.4341    2.4542    0.8080
[1] 6400.0000    0.0000    0.9924   -0.9400    2.8781    1.0322
[1] 6500.0000    0.0003    0.9084   -0.7519    2.8467    1.0918
[1] 6600.0000    0.0000    0.8710   -0.1444    2.1122    0.9001
[1] 6700.0000    0.0000    0.8253   -1.0746    3.2271    0.9280
[1] 6800.0000    0.0574    0.8794    0.2614    1.7886    0.9381
[1] 6900.0000    0.0000    0.8857   -0.6545    2.7632    0.9847
[1] 7000.0000    0.0000    0.8521    0.5168    1.5231    1.0680
[1] 7100.0000    0.0000    0.9544    0.5475    1.4927    0.9045
[1] 7200.0000    0.0000    0.8247    0.0731    2.0933    0.8913
[1] 7300.0000    0.0000    0.9604    0.9314    1.1395    0.9357
[1] 7400.0000    0.0000    0.9512   -0.6653    2.6860    0.8676
[1] 7500.0000    0.0000    0.8475   -1.7755    3.7681    1.0597
[1] 7600.0000    0.0000    0.8332   -0.2512    2.3747    1.0877
[1] 7700.0000    0.0000    0.8440   -0.4896    2.4906    0.8976
[1] 7800.0000    0.0000    0.8350    0.7358    1.3670    1.1361
[1] 7900.0000    0.0000    0.9168   -0.5527    2.5229    1.1281
[1] 8000.0000    0.0000    0.8394    0.9534    1.0041    1.1306
[1] 8100.0000    0.0000    0.8483    0.3039    1.6187    0.8203
[1] 8200.0000    0.0000    0.9110   -0.0590    2.1255    0.9989
[1] 8300.0000    0.0000    0.8222   -0.0717    2.0935    0.8438
[1] 8400.0000    0.0000    0.9658    0.3759    1.5921    0.9286
[1] 8500.0000    0.0000    0.8901    0.1476    1.9153    0.8333
[1] 8600.0000    0.0000    0.9564   -1.2376    3.2611    0.9963
[1] 8700.0000    0.0000    0.8940    0.3685    1.6232    1.0236
[1] 8800.0000    0.0000    0.9735    0.1113    1.8001    1.0381
[1] 8900.0000    0.0000    0.8248    1.9220    0.1390    1.0728
[1] 9000.0000    0.0000    0.8079    0.5325    1.4928    0.8502
[1] 9100.0000    0.0000    0.8755    0.5340    1.4946    0.8812
[1] 9200.0000    0.0000    0.8129   -0.1236    2.1768    1.1264
[1] 9300.0000    0.0000    0.9270   -0.4435    2.5383    1.1117
[1] 9400.0000    0.0000    0.8413    0.8716    1.1180    1.0761
[1] 9500.0000    0.0000    0.8817   -0.3342    2.2633    1.0875
[1] 9600.0000    0.0000    0.8149   -0.4163    2.4794    0.9056
[1] 9700.0000    0.0000    0.9657    0.6822    1.3490    0.9166
[1] 9800.0000    0.0000    0.8457    0.0380    1.9685    0.8235
[1] 9900.0000    0.0000    0.9369    1.7429    0.3840    1.1404
[1] 10000.0000     1.0000     0.8618    -0.1910     2.2942     0.8032
[1] 10100.0000     0.0000     0.9390    -0.2748     2.3210     1.0815
[1] 10200.0000     0.0002     0.8133     0.3508     1.6973     1.1117
[1] 10300.0000     0.0966     0.9549     1.2423     0.8315     0.8021
[1] 10400.0000     0.0000     0.9109    -0.4625     2.4536     0.9653
[1] 10500.0000     0.0000     0.9828    -0.0563     2.0642     0.8036
[1] 10600.0000     0.0000     0.8442    -0.2395     2.3641     0.9495
[1] 10700.0000     0.0000     0.8887     0.6844     1.3074     1.0177
[1] 10800.0000     0.0415     0.8310     0.4055     1.5826     0.9940
[1] 10900.0000     0.0000     0.8191     1.2602     0.8248     0.8008
[1] 11000.0000     0.0158     0.8555     0.9107     1.1623     1.1761
[1] 11100.0000     0.0000     0.8480    -0.3779     2.2923     1.1683
[1] 11200.0000     0.0608     0.8258    -0.6678     2.6606     1.0628
[1] 11300.0000     0.0000     0.8936    -0.6670     2.6826     1.0961
[1] 11400.0000     0.0001     0.9548     0.6445     1.4721     1.0047
[1] 11500.0000     0.0000     0.8034    -0.0511     2.0631     0.8501
[1] 11600.0000     0.0000     0.9104    -0.2855     2.3535     0.8269
[1] 11700.0000     0.0001     0.8224    -0.7036     2.7178     0.8539
[1] 11800.0000     0.0000     0.8027    -1.0779     3.1327     0.8530
[1] 11900.0000     0.0000     0.8460    -0.9112     2.9295     0.8150
[1] 12000.0000     0.0000     0.8014    -0.7523     2.7641     1.0595
[1] 12100.0000     0.0000     0.8005    -0.4873     2.4508     0.8375
[1] 12200.0000     0.0971     0.9853     0.7539     1.3545     1.1443
[1] 12300.0000     0.0000     0.8010     0.3097     1.7431     0.8810
[1] 12400.0000     0.3305     0.8046    -0.1088     2.2377     0.8797
[1] 12500.0000     0.0000     0.9939     0.4618     1.6666     0.9707
[1] 12600.0000     0.0000     0.8126    -0.0085     2.1117     1.1805
[1] 12700.0000     0.0000     0.9614    -0.4531     2.3303     0.8958
[1] 12800.0000     0.0000     0.8257    -0.6010     2.6776     0.8904
[1] 12900.0000     0.0144     0.8845    -0.6417     2.7310     0.8572
[1] 13000.0000     0.0000     0.8069     0.0905     1.9162     1.0997
[1] 13100.0000     0.0000     0.9404     1.6341     0.4116     0.9822
[1] 13200.0000     0.0000     0.8843     0.2485     1.8755     0.9997
[1] 13300.0000     0.0000     0.9271     0.0332     1.9365     0.8364
[1] 13400.0000     0.0000     0.8092     0.4190     1.6166     1.1676
[1] 13500.0000     0.0000     0.8466    -0.3828     2.3941     0.8143
[1] 13600.0000     0.0000     0.8917     0.5634     1.4718     1.0301
[1] 13700.0000     0.0000     0.8421     0.7891     1.2849     0.9544
[1] 13800.0000     0.0000     0.8787    -1.0354     3.0974     1.0611
[1] 13900.0000     0.0000     0.8573     0.2560     1.7394     0.8372
[1] 14000.0000     0.0000     0.9588     0.4357     1.5074     0.9662
[1] 14100.0000     0.0000     0.8411     0.5548     1.3779     1.1804
[1] 14200.0000     0.0000     0.8479    -0.2263     2.2069     0.8739
[1] 14300.0000     0.0000     0.9227    -1.1484     3.1278     1.0001
[1] 14400.0000     0.0014     0.8623     0.0574     1.9418     0.8985
[1] 14500.0000     0.0671     0.8647     0.2757     1.7769     1.0877
[1] 14600.0000     0.0000     0.9670    -0.0341     2.0244     1.1151
[1] 14700.0000     0.0000     0.8734    -0.2605     2.1828     1.0676
[1] 14800.0000     0.0000     0.9988     0.6334     1.4581     0.9067
[1] 14900.0000     0.0003     0.8051     0.3835     1.7078     1.0614
[1] 15000.0000     0.0281     0.8279     0.8356     1.2034     1.0826
[1] 15100.0000     1.0000     0.8292     0.3749     1.6649     0.9249
[1] 15200.0000     0.0000     0.8242     1.2187     0.8748     1.0800
[1] 15300.0000     0.7803     0.8059    -0.8123     2.9402     0.9091
[1] 15400.0000     0.0119     0.8005    -1.2803     3.3963     0.8812
[1] 15500.0000     0.0000     0.8005    -1.2803     3.3963     0.8812
[1] 15600.0000     0.0000     0.8878    -0.7594     2.8325     0.8550
[1] 15700.0000     0.0000     0.8475     0.1132     1.8857     0.9690
[1] 15800.0000     0.0000     0.9108     0.2526     1.7728     0.9068
[1] 15900.0000     0.0000     0.8876     0.2797     1.7141     0.9067
[1] 16000.0000     0.0000     0.8124    -0.3016     2.3193     1.1160
[1] 16100.0000     0.0000     0.9566     0.9489     1.1705     1.0234
[1] 16200.0000     0.0000     0.9466     0.6607     1.2944     0.9477
[1] 16300.0000     0.0000     0.9158    -0.0215     2.0794     0.9491
[1] 16400.0000     0.0000     0.9401    -0.1179     2.1525     0.9237
[1] 16500.0000     0.0146     0.9646    -0.6438     2.7243     1.1820
[1] 16600.0000     0.0000     0.8294    -0.6869     2.8037     0.8835
[1] 16700.0000     0.0000     0.8462    -0.0340     2.0619     0.9538
[1] 16800.0000     0.0000     0.9439     0.1244     1.8989     0.8332
[1] 16900.0000     0.0000     0.9190     0.9006     1.0548     0.9241
[1] 17000.0000     0.0000     0.9790     0.2825     1.7412     0.8822
[1] 17100.0000     0.0000     0.8070     1.1116     0.9955     0.8556
[1] 17200.0000     0.0000     0.9497     0.9775     1.0105     0.8252
[1] 17300.0000     1.0000     0.8396     2.0787    -0.0520     1.0131
[1] 17400.0000     0.0000     0.8593     1.3253     0.7601     1.1450
[1] 17500.0000     0.0000     0.8131     0.8418     1.2269     0.9127
[1] 17600.0000     0.0000     0.8698     0.0559     2.0143     0.8781
[1] 1.770e+04 0.000e+00 8.794e-01 3.379e-01 1.748e+00 9.707e-01
[1] 17800.0000     0.0000     0.8771    -0.6022     2.6888     0.9481
[1] 17900.0000     0.0000     0.9083     1.0345     1.0172     0.9495
[1] 18000.0000     1.0000     0.9109     0.1989     1.8719     0.8712
[1] 18100.0000     0.0000     0.8078    -0.5340     2.5497     0.9064
[1] 18200.0000     0.0005     0.8582     1.6623     0.3030     0.9652
[1] 18300.0000     0.0000     0.8120    -0.3995     2.4311     1.0717
[1] 18400.0000     0.0000     0.9529    -0.9948     3.0626     0.8173
[1] 18500.0000     0.0000     0.9525    -0.5478     2.5908     0.9333
[1] 18600.0000     0.0000     0.8656     0.0094     2.0675     0.8624
[1] 18700.0000     0.0000     0.8080     0.2288     1.8309     0.9308
[1] 18800.0000     0.0000     0.8051     0.1740     1.8203     0.9731
[1] 18900.0000     0.0000     0.9024    -0.5794     2.6003     1.0613
[1] 19000.0000     0.0000     0.8366    -0.2345     2.2213     0.8015
[1] 19100.0000     0.0000     0.9728     0.2541     1.6877     0.8217
[1] 19200.0000     0.0000     0.8001     0.4787     1.5663     0.9641
[1] 1.930e+04 0.000e+00 9.918e-01 1.783e-01 1.777e+00 8.386e-01
[1] 19400.0000     0.0000     0.8040     0.4053     1.8011     1.1551
[1] 19500.0000     0.0000     0.8527     0.5673     1.5115     1.1208
[1] 19600.0000     0.1857     0.9162    -0.6904     2.7626     0.8038
[1] 19700.0000     0.0000     0.8982     0.3755     1.5622     1.1826
[1] 19800.0000     0.0000     0.8275     0.7626     1.2837     1.0965
[1] 19900.0000     0.0000     0.9981     0.2239     1.8592     1.0280
[1] 20000.0000     0.0000     0.8708    -0.7720     2.7714     1.0213
[1] 20100.0000     0.0000     0.9080     0.4198     1.6494     1.0402
[1] 20200.0000     0.2049     0.8367     0.2009     1.8627     0.9269
[1] 20300.0000     0.0000     0.8028     0.2913     1.8382     0.9708
[1] 20400.0000     0.0002     0.9072     0.3323     1.6426     0.9991
[1] 20500.0000     0.0000     0.9505    -0.4937     2.5726     0.9891
[1] 20600.0000     0.1341     0.8137     0.1146     1.9175     0.9497
[1] 20700.0000     1.0000     0.8107     0.2175     1.8683     1.0874
[1] 20800.0000     0.0000     0.9606    -0.1738     2.2637     1.0886
[1] 20900.0000     0.0000     0.8518     0.2421     1.7997     1.0661
[1] 21000.0000     0.0000     0.8369     0.3420     1.7486     1.0355
[1] 21100.0000     0.0000     0.8005    -0.5745     2.6815     0.9291
[1] 21200.0000     0.1899     0.9704    -0.5295     2.5891     1.1667
[1] 21300.0000     0.0000     0.8089    -0.2116     2.1694     1.0955
[1] 21400.0000     0.0001     0.9719     0.4584     1.5665     0.9071
[1] 21500.0000     0.0000     0.8732    -0.1683     2.1001     1.0565
[1] 21600.0000     0.0000     0.8010    -0.5318     2.5396     1.1966
[1] 21700.0000     0.0000     0.8258    -1.0232     3.0592     1.1265
[1] 21800.0000     0.0000     0.8709    -0.4746     2.5370     1.0601
[1] 21900.0000     0.0000     0.9408     0.3781     1.5634     0.9421
[1] 22000.0000     0.0000     0.8850     1.3376     0.6858     0.9555
[1] 22100.0000     0.0000     0.8953     0.2582     1.6841     0.9321
[1] 22200.0000     0.0000     0.9882    -0.6703     2.6374     0.9514
[1] 22300.0000     0.0000     0.8584     0.8486     1.2601     0.9367
[1] 2.240e+04 0.000e+00 9.494e-01 6.268e-01 1.427e+00 9.207e-01
[1] 22500.0000     0.0001     0.9610     0.7962     1.2191     0.9963
[1] 22600.0000     0.0000     0.8858     1.1565     1.0150     0.9064
[1] 22700.0000     0.0000     0.8271     0.6811     1.2538     1.1968
[1] 22800.0000     0.0003     0.8616    -0.9715     3.1024     1.1425
[1] 22900.0000     0.0000     0.9207     0.9282     1.0045     0.8362
[1] 23000.0000     0.0000     0.8502     0.1461     1.8409     1.0244
[1] 23100.0000     0.0000     0.9231    -0.0893     2.1050     0.8179
[1] 23200.0000     0.0000     0.8288    -0.4174     2.4573     0.8616
[1] 23300.0000     0.0975     0.8966    -0.1252     2.1202     1.0199
[1] 23400.0000     0.0000     0.9418    -0.1659     2.3050     0.8205
[1] 23500.0000     0.0000     0.8185     0.5196     1.5366     0.9631
[1] 23600.0000     0.0000     0.8360    -0.1055     2.1507     0.8406
[1] 23700.0000     0.0000     0.8580    -0.7104     2.7333     0.8494
[1] 23800.0000     0.0000     0.9509    -0.5628     2.5159     0.9516
[1] 23900.0000     0.0000     0.8157     0.2858     1.7549     0.8034
[1] 24000.0000     0.0000     0.9304     0.1897     1.7967     0.8086
[1] 24100.0000     0.0000     0.8289    -1.1254     3.1741     0.9877
[1] 24200.0000     0.0000     0.8399     0.5211     1.3802     1.0287
[1] 24300.0000     0.0000     0.8207    -0.8631     2.9084     1.1509
[1] 24400.0000     0.5595     0.9947     0.8536     1.1892     0.9697
[1] 24500.0000     0.0000     0.9064     1.1823     0.7727     0.8345
[1] 24600.0000     0.0000     0.9062     0.0959     1.9151     0.8877
[1] 24700.0000     0.0000     0.9025    -0.7077     2.7467     0.8040
[1] 24800.0000     0.0000     0.8109     0.8763     1.1690     1.1899
[1] 24900.0000     0.0000     0.9495    -0.0465     2.0278     0.8626
[1] 25000.0000     0.0002     0.9628    -0.2761     2.3209     0.9362
[1] 25100.0000     0.0000     0.9605     1.2920     0.7153     1.0743
[1] 25200.0000     0.0000     0.8184     0.4324     1.6201     0.8574
[1] 25300.0000     1.0000     0.8151    -0.0338     2.0500     1.0748
[1] 25400.0000     0.7829     0.8988    -0.2610     2.3147     1.0888
[1] 25500.0000     0.0000     0.8303     0.6669     1.3276     1.1248
[1] 25600.0000     0.0000     0.8355     0.3584     1.7610     1.1221
[1] 25700.0000     0.0000     0.8060     0.6833     1.3297     0.8422
[1] 25800.0000     0.0000     0.8043    -1.0134     2.9322     0.8730
[1] 25900.0000     1.0000     0.8632    -0.3102     2.3922     1.1254
[1] 26000.0000     1.0000     0.9492    -0.5401     2.6202     1.0058
[1] 26100.0000     0.0000     0.9196    -0.2547     2.0987     1.1722
[1] 26200.0000     0.0000     0.9529    -1.0845     2.9870     1.0017
[1] 26300.0000     0.0000     0.8530    -1.3785     3.4283     1.0678
[1] 26400.0000     0.0000     0.8767     0.2820     1.6281     0.8041
[1] 26500.0000     0.0039     0.8556     0.1305     1.9117     0.8038
[1] 26600.0000     0.0000     0.9293    -0.3446     2.5492     0.8497
[1] 26700.0000     0.0000     0.8184     0.1547     1.8062     0.9177
[1] 26800.0000     0.0000     0.8448    -1.4356     3.3884     0.8652
[1] 26900.0000     0.0000     0.9184     0.1650     1.8168     1.1619
[1] 27000.0000     0.0000     0.8794    -0.4260     2.4428     0.8948
[1] 27100.0000     0.3862     0.8372     0.0541     1.9836     1.1930
[1] 27200.0000     0.0000     0.8628     1.4694     0.5564     1.0265
[1] 27300.0000     0.0000     0.8270    -0.2802     2.3247     1.1347
[1] 27400.0000     0.0000     0.8182     0.5292     1.4593     1.1040
[1] 27500.0000     0.0000     0.8463     0.6990     1.4299     0.8762
[1] 27600.0000     0.0000     0.8732     1.2896     0.7649     0.9172
[1] 27700.0000     0.0000     0.8768     0.9748     1.1103     1.0202
[1] 27800.0000     0.0000     0.8219     0.1050     1.9324     0.9326
[1] 27900.0000     1.0000     0.8904     0.3935     1.5575     0.9276
[1] 28000.0000     0.0000     0.8025    -0.6959     2.8174     0.9240
[1] 28100.0000     0.0000     0.8313    -0.1174     2.2142     0.8089
[1] 28200.0000     0.0000     0.9683    -0.6810     2.7110     0.8917
[1] 28300.0000     0.0000     0.8845     0.4600     1.5766     0.9758
[1] 28400.0000     1.0000     0.9594     0.2832     1.6722     0.8105
[1] 28500.0000     0.0000     0.8824     0.6612     1.3242     0.8003
[1] 28600.0000     0.0000     0.8043    -0.9709     2.9740     0.9928
[1] 28700.0000     0.0000     0.9675    -1.3167     3.3705     1.1579
[1] 28800.0000     0.0000     0.8104     0.9650     1.1032     1.1940
[1] 28900.0000     0.0000     0.9040    -0.5737     2.4214     0.8375
[1] 29000.0000     0.0000     0.9277     0.2741     1.7550     1.1735
[1] 29100.0000     0.0000     0.8445    -0.1246     2.1945     0.8871
[1] 29200.0000     0.0234     0.9367     0.8827     1.0971     1.1465
[1] 29300.0000     0.0022     0.8726     1.2326     0.7860     0.8176
[1] 29400.0000     0.0000     0.8948     0.8446     1.1944     0.8239
[1] 29500.0000     0.0000     0.8094     0.1983     1.8406     0.8253
[1] 29600.0000     0.0000     0.8047     0.0496     1.8972     0.8897
[1] 29700.0000     0.0000     0.8049    -0.1931     2.2267     0.9958
[1] 29800.0000     0.0000     0.8030    -0.9552     3.0761     0.9421
[1] 29900.0000     0.4946     0.9798    -0.2926     2.4216     1.0014
[1] 30000.0000     0.0000     0.9250     0.8929     1.1090     1.0393
[1] 0.05967761
Time difference of 11.23894 hours
null device 
          1 
