[1] "El numero de nodos X particion es: 10"
[1] "Model = M2 / Data = sim_data/datasetSVIMatern22.Rdata"
[1] 100.0000   1.0000   0.8291   0.1083   1.8705   0.9331
[1] 200.0000   0.4621   0.8487   0.0710   1.9207   0.8384
[1] 300.0000   0.4988   0.8776  -0.0194   2.0432   1.0665
[1] 400.0000   0.0173   0.9217  -0.1508   2.1508   0.9692
[1] 500.0000   0.0000   0.9906  -0.2441   2.2491   0.8160
[1] 600.0000   1.0000   0.9748  -0.0400   1.9400   1.0386
[1] 700.0000   0.1239   0.9506  -0.2800   2.2208   1.0413
[1] 800.0000   0.0000   0.9840  -0.1160   2.0972   0.9131
[1] 900.0000   0.0000   0.8673  -0.1057   2.0221   0.8963
[1] 1000.0000    0.0000    0.8209   -0.0802    2.0224    0.9374
[1] 1100.0000    0.0000    0.9319    0.4770    1.4048    0.8930
[1] 1200.0000    0.3555    0.8603    0.4426    1.6372    0.9164
[1] 1300.0000    0.5604    0.8617   -0.1269    1.9942    1.0550
[1] 1400.0000    0.0000    0.9303   -0.6289    2.6074    1.1894
[1] 1500.0000    0.0505    0.9694    0.7330    1.1352    1.1238
[1] 1600.0000    0.0000    0.9098   -0.1864    2.1596    0.9715
[1] 1700.0000    0.0000    0.8745   -0.2306    2.2074    0.9148
[1] 1800.0000    0.0000    0.9376   -0.3062    2.2161    0.8302
[1] 1900.0000    0.0000    0.9875   -0.2909    2.2899    0.8532
[1] 2000.0000    0.0000    0.9870   -0.2212    2.2241    0.9024
[1] 2100.0000    0.0000    0.9401    0.1978    1.6892    1.0501
[1] 2200.0000    0.0000    0.8668    0.3445    1.6484    1.0989
[1] 2300.0000    0.0042    0.8951    0.0508    1.8740    0.9529
[1] 2400.0000    0.0000    0.9355   -0.2137    2.1966    1.1578
[1] 2500.0000    0.0866    0.8571   -0.0319    1.9177    1.0731
[1] 2600.0000    0.0000    0.8617   -0.4235    2.3417    0.8044
[1] 2700.0000    0.0002    0.8492   -0.1865    2.1282    0.9140
[1] 2800.0000    0.0044    0.9386    0.2158    1.6353    0.8695
[1] 2900.0000    0.0019    0.9982   -0.5047    2.3957    0.9626
[1] 3000.0000    0.0000    0.8454    0.0101    1.9675    0.9669
[1] 3100.0000    0.0017    0.8265    0.1319    1.8912    1.1652
[1] 3200.0000    0.0000    0.8205    0.4998    1.4311    0.8873
[1] 3300.0000    0.0000    0.9797    0.0570    1.7307    1.0744
[1] 3400.0000    0.5131    0.8983    0.1770    1.8164    1.1525
[1] 3500.0000    0.0000    0.8568    0.3489    1.5502    1.0820
[1] 3600.0000    0.0000    0.8846   -0.2744    2.2503    1.0977
[1] 3700.0000    1.0000    0.9624    0.2000    1.7502    0.8094
[1] 3800.0000    0.0000    0.8701   -0.2466    2.0198    0.8357
[1] 3900.0000    0.0000    0.9030   -0.2735    2.2252    0.9530
[1] 4000.0000    0.0451    0.9388    0.0457    1.7217    0.8131
[1] 4100.0000    0.0000    0.8388   -0.0839    2.0574    0.8864
[1] 4200.0000    0.0000    0.9756   -0.7359    2.6187    0.9752
[1] 4300.0000    0.4635    0.8741   -0.3929    2.3268    1.1249
[1] 4400.0000    0.0000    0.8077   -0.1698    2.2197    1.0029
[1] 4500.0000    0.5451    0.8410   -0.0594    2.0760    1.1520
[1] 4600.0000    0.0164    0.9525    0.3665    1.5833    1.1110
[1] 4700.0000    0.0000    0.8528    0.0821    1.8660    0.8411
[1] 4800.0000    0.0000    0.8006   -0.3551    2.2908    0.9390
[1] 4900.0000    0.0000    0.8114   -0.3185    2.3015    0.8255
[1] 5000.0000    1.0000    0.9273   -0.4620    2.4690    1.0348
[1] 5100.0000    0.0000    0.9679   -0.2950    2.2121    1.1951
[1] 5200.0000    0.0000    0.8051    0.1891    1.7623    0.8965
[1] 5300.0000    0.0000    0.8845    0.1655    1.7754    1.0022
[1] 5400.0000    0.0004    0.9713    0.5456    1.3158    1.1011
[1] 5500.0000    0.0000    0.8219    0.5046    1.4750    0.8388
[1] 5600.0000    0.0000    0.8117   -0.0713    2.0230    0.9121
[1] 5700.0000    0.0000    0.8882   -0.1488    2.1188    1.0651
[1] 5800.0000    0.0000    0.8612   -0.1437    2.0572    1.0327
[1] 5900.0000    0.0000    0.9433    0.0553    1.8733    0.8670
[1] 6000.0000    0.0000    0.8790    0.5426    1.4823    1.0590
[1] 6100.0000    0.0000    0.8198   -0.4305    2.3471    1.1772
[1] 6200.0000    0.0044    0.9400    0.0409    1.7941    0.8404
[1] 6300.0000    0.0000    0.9569   -0.1014    2.0199    0.8080
[1] 6400.0000    0.0000    0.9885    0.0702    1.9633    0.8165
[1] 6500.0000    0.0032    0.9145   -0.7498    2.6109    0.8046
[1] 6600.0000    0.0000    0.8710    0.0504    1.8173    0.9001
[1] 6700.0000    0.0000    0.8204   -0.3812    2.2964    0.9264
[1] 6800.0000    0.0616    0.8794    0.1840    1.6756    0.9381
[1] 6900.0000    0.0000    0.9267   -0.2701    2.2802    1.0380
[1] 7000.0000    0.0000    0.8521    0.2844    1.6406    1.0680
[1] 7100.0000    0.0000    0.8694   -0.2231    2.1662    0.8792
[1] 7200.0000    0.0000    0.8247    0.0011    2.0101    0.8913
[1] 7300.0000    0.0000    0.9346    0.6034    1.3819    1.1740
[1] 7400.0000    0.0000    0.9512   -0.1781    2.0848    0.8676
[1] 7500.0000    0.0000    0.9989   -1.1316    2.9440    1.1081
[1] 7600.0000    0.0000    0.8332   -0.1717    2.1267    1.0877
[1] 7700.0000    0.0000    0.8348   -1.1097    3.0063    1.0869
[1] 7800.0000    0.0006    0.8350   -0.2174    2.2062    1.1361
[1] 7900.0000    0.0000    0.8037    0.0252    1.8569    1.1632
[1] 8000.0000    0.0000    0.9309    0.0130    1.8353    1.0835
[1] 8100.0000    0.0000    0.8250   -0.0997    2.0046    1.1136
[1] 8200.0000    0.0105    0.8808   -0.1360    1.9879    1.1030
[1] 8300.0000    0.0948    0.9009   -0.4533    2.3253    1.0589
[1] 8400.0000    0.0000    0.8421   -0.3461    2.2443    0.8322
[1] 8500.0000    0.0000    0.8159   -0.0850    2.1521    1.0954
[1] 8600.0000    0.1208    0.9662   -0.4004    2.3839    0.9487
[1] 8700.0000    0.0000    0.8940    0.0853    1.8533    1.0236
[1] 8800.0000    0.0000    0.8601   -0.1988    2.2058    0.8170
[1] 8900.0000    0.0185    0.8674    0.1557    1.7294    1.0474
[1] 9000.0000    0.0000    0.8638    0.5521    1.3066    1.1683
[1] 9100.0000    0.0000    0.9806    0.1558    1.7362    1.0696
[1] 9200.0000    0.0000    0.8777   -0.2736    2.2639    1.1489
[1] 9300.0000    0.0000    0.9711   -0.0078    1.9068    0.9165
[1] 9400.0000    0.0000    0.9163    0.9751    0.9462    0.8003
[1] 9500.0000    0.0000    0.8817    0.3641    1.5583    1.0875
[1] 9600.0000    0.0015    0.8149    0.2390    1.7504    0.9056
[1] 9700.0000    0.0000    0.9657    0.3727    1.5425    0.9166
[1] 9800.0000    0.0000    0.8646   -0.5557    2.4371    0.8456
[1] 9900.0000    0.0000    0.8192    0.5833    1.3220    0.8099
[1] 10000.0000     1.0000     0.8618    -0.1397     2.0710     0.8032
[1] 10100.0000     1.0000     0.9049    -0.3283     2.3508     1.0751
[1] 10200.0000     1.0000     0.9808    -0.3223     2.2354     0.8342
[1] 10300.0000     0.2641     0.9290     0.4276     1.5497     0.8292
[1] 10400.0000     0.0000     0.9434    -0.0233     1.9413     1.1753
[1] 10500.0000     0.0119     0.8159     0.5909     1.1742     1.1284
[1] 10600.0000     0.0000     0.8442     0.2468     1.7205     0.9495
[1] 10700.0000     0.0000     0.9346     0.5248     1.4857     1.0990
[1] 10800.0000     1.0000     0.8056     0.1845     1.8123     0.8503
[1] 1.090e+04 0.000e+00 9.660e-01 4.885e-01 1.493e+00 1.197e+00
[1] 11000.0000     0.3003     0.8012     0.0379     2.0011     0.9407
[1] 11100.0000     0.0000     0.8902    -0.4327     2.3129     0.9114
[1] 11200.0000     1.0000     0.9412    -0.5368     2.5613     0.8257
[1] 11300.0000     0.0000     0.9481    -0.1887     2.0646     1.1448
[1] 11400.0000     0.0000     0.9548     0.4474     1.3862     1.0047
[1] 11500.0000     0.0000     0.8061     0.0630     1.8832     1.1646
[1] 11600.0000     0.0119     0.9382     0.0499     1.6987     0.8033
[1] 11700.0000     0.1734     0.8147    -0.1996     2.1254     0.9079
[1] 11800.0000     0.0000     0.8027    -0.0398     1.9385     0.8530
[1] 11900.0000     0.0000     0.8460    -0.0746     2.0260     0.8150
[1] 12000.0000     0.0001     0.8197     0.0867     1.7865     0.8759
[1] 12100.0000     0.0011     0.8005    -0.4917     2.3350     0.8375
[1] 12200.0000     0.4016     0.8496     0.7781     1.2644     0.8460
[1] 12300.0000     0.0018     0.8010     0.2786     1.6705     0.8810
[1] 12400.0000     1.0000     0.8046    -0.1283     2.1264     0.8797
[1] 12500.0000     0.0000     0.9939    -0.3076     2.3179     0.9707
[1] 12600.0000     0.0000     0.8126    -0.2775     2.2666     1.1805
[1] 12700.0000     0.2549     0.9614    -0.4553     2.2637     0.8958
[1] 12800.0000     0.0000     0.8032    -0.2851     2.2621     0.9473
[1] 1.290e+04 1.775e-01 9.204e-01 1.777e-01 1.771e+00 8.219e-01
[1] 13000.0000     0.0000     0.8069     0.1492     1.7857     1.0997
[1] 13100.0000     0.0000     0.9404     0.3876     1.5867     0.9822
[1] 13200.0000     0.1305     0.8843    -0.4795     2.3845     0.9997
[1] 13300.0000     0.0000     0.9222     0.0655     1.9209     0.8801
[1] 13400.0000     0.0000     0.9676     0.3905     1.6141     1.1418
[1] 13500.0000     0.0000     0.8466    -0.4216     2.3810     0.8143
[1] 13600.0000     0.0000     0.8917    -0.0194     2.0291     1.0301
[1] 13700.0000     0.0000     0.8708     0.1835     1.7619     1.0127
[1] 13800.0000     0.0000     0.9275    -0.4272     2.3758     1.0955
[1] 13900.0000     0.0004     0.8573    -0.0140     1.9745     0.8372
[1] 14000.0000     0.0000     0.9588    -0.0226     1.9384     0.9662
[1] 14100.0000     0.0000     0.8844    -0.0989     1.9138     1.1867
[1] 14200.0000     0.0001     0.8479     0.4428     1.4405     0.8739
[1] 14300.0000     0.0000     0.8548    -0.9191     2.7971     0.8231
[1] 14400.0000     0.3166     0.8171    -0.5277     2.4922     1.1588
[1] 14500.0000     0.3099     0.8647    -0.1938     2.1330     1.0877
[1] 14600.0000     0.0000     0.8570    -0.0894     1.9973     1.1138
[1] 14700.0000     0.0000     0.8974    -0.0671     1.9713     1.0871
[1] 1.480e+04 0.000e+00 9.433e-01 3.238e-01 1.547e+00 9.182e-01
[1] 14900.0000     0.0799     0.8382    -0.0574     2.0232     0.9296
[1] 15000.0000     0.0205     0.9447     0.0470     1.8809     0.8911
[1] 15100.0000     1.0000     0.8292     0.3157     1.5956     0.9249
[1] 15200.0000     0.0000     0.8242     0.3765     1.5842     1.0800
[1] 15300.0000     0.7928     0.9517     0.2294     1.7143     1.1636
[1] 15400.0000     1.0000     0.9829    -0.4988     2.4113     1.0368
[1] 15500.0000     0.0000     0.8167    -0.6537     2.6489     0.8047
[1] 15600.0000     0.0000     0.8520    -0.5471     2.4781     1.1912
[1] 15700.0000     0.0000     0.8668     0.0079     2.0030     1.0399
[1] 15800.0000     0.0034     0.9108     0.2440     1.6837     0.9068
[1] 15900.0000     0.0000     0.8560    -0.0463     1.9601     0.9619
[1] 16000.0000     0.0484     0.9057    -0.2698     2.2077     1.0692
[1] 16100.0000     0.0000     0.8125     0.3165     1.6489     0.8885
[1] 16200.0000     0.0000     0.9466     0.0788     1.8486     0.9477
[1] 16300.0000     0.0000     0.9327    -0.3471     2.2718     0.9714
[1] 16400.0000     0.0000     0.9401    -0.2683     2.2355     0.9237
[1] 1.650e+04 2.604e-01 9.028e-01 1.538e-01 1.820e+00 9.055e-01
[1] 16600.0000     0.0164     0.8568     0.1476     1.8297     1.0645
[1] 16700.0000     0.0000     0.9635     0.0849     1.8146     0.8336
[1] 16800.0000     0.0000     0.9378    -0.1380     2.0322     1.0931
[1] 16900.0000     0.0000     0.8583     0.0961     1.7781     0.9158
[1] 17000.0000     0.0000     0.9790    -0.2703     2.1373     0.8822
[1] 17100.0000     0.0003     0.9262     0.5388     1.4624     0.9696
[1] 17200.0000     0.0263     0.9497    -0.0728     2.0274     0.8252
[1] 17300.0000     1.0000     0.8396    -0.1695     2.1225     1.0131
[1] 17400.0000     0.0000     0.8593    -0.0730     2.0937     1.1450
[1] 17500.0000     0.0000     0.8131     0.3122     1.6224     0.9127
[1] 17600.0000     0.0000     0.8242     0.2350     1.6538     0.9225
[1] 17700.0000     0.0000     0.8794     0.1790     1.8494     0.9707
[1] 17800.0000     0.0243     0.9571    -0.4976     2.5306     0.9258
[1] 17900.0000     0.0000     0.9083    -0.1771     2.0731     0.9495
[1] 18000.0000     1.0000     0.9109    -0.4095     2.3515     0.8712
[1] 18100.0000     0.0000     0.9461    -0.3421     2.2784     0.9222
[1] 18200.0000     0.0016     0.8142     0.9158     1.0774     0.8298
[1] 18300.0000     0.0000     0.8120    -0.1728     2.1257     1.0717
[1] 18400.0000     0.0000     0.9121     0.0750     1.9185     0.9764
[1] 18500.0000     0.0000     0.8451    -0.0861     2.0164     0.9054
[1] 18600.0000     0.0000     0.8656    -0.3520     2.3376     0.8624
[1] 18700.0000     0.0000     0.8080    -0.3491     2.3534     0.9308
[1] 18800.0000     0.0000     0.8537    -0.1634     2.0766     0.9005
[1] 18900.0000     0.0000     0.9024    -0.4809     2.3714     1.0613
[1] 19000.0000     0.0019     0.8366    -0.2016     2.1836     0.8015
[1] 19100.0000     0.0000     0.8142    -0.1456     1.9828     1.0716
[1] 19200.0000     0.0000     0.8001     0.6917     1.2677     0.9641
[1] 19300.0000     0.0000     0.8411     0.2190     1.7108     0.9272
[1] 19400.0000     0.0000     0.8040     0.1826     1.8841     1.1551
[1] 19500.0000     0.0000     0.8527    -0.0001     1.9440     1.1208
[1] 19600.0000     0.3174     0.9162    -0.1105     1.9643     0.8038
[1] 19700.0000     0.0000     0.8143     0.2708     1.6392     0.8081
[1] 19800.0000     0.0000     0.9408     0.5429     1.4182     0.9927
[1] 19900.0000     0.0000     0.9981     0.0352     1.9522     1.0280
[1] 20000.0000     0.0000     0.9250    -0.3399     2.3625     0.8216
[1] 20100.0000     0.0000     0.9794     0.4703     1.4572     1.1721
[1] 20200.0000     0.2016     0.8367    -0.3122     2.2302     0.9269
[1] 20300.0000     0.0000     0.8028    -0.1596     2.1800     0.9708
[1] 20400.0000     0.0017     0.9596    -0.3425     2.1258     1.0259
[1] 20500.0000     0.0000     0.8964     0.6498     1.3018     1.1285
[1] 20600.0000     0.8100     0.9169     0.0449     1.9476     1.1057
[1] 20700.0000     0.9640     0.8107    -0.2690     2.2648     1.0874
[1] 20800.0000     0.0000     0.9606    -0.3580     2.2997     1.0886
[1] 20900.0000     1.0000     0.9455    -0.3491     2.2706     1.1141
[1] 21000.0000     0.0000     0.9912     0.2735     1.6456     1.0875
[1] 21100.0000     0.0000     0.9732    -0.3785     2.3430     0.8253
[1] 21200.0000     1.0000     0.9611    -0.0520     1.9783     0.8029
[1] 2.130e+04 1.000e+00 9.067e-01 2.419e-01 1.846e+00 8.492e-01
[1] 21400.0000     0.0898     0.8276    -0.3228     2.1359     0.8233
[1] 21500.0000     0.0005     0.9322    -0.1349     2.1334     1.1668
[1] 21600.0000     0.0094     0.8420     0.0502     1.9078     0.8926
[1] 21700.0000     0.0000     0.8449    -0.3480     2.2872     0.9351
[1] 21800.0000     0.0035     0.8218    -0.2755     2.2608     1.1739
[1] 21900.0000     0.0000     0.9084     0.4524     1.4488     1.1067
[1] 22000.0000     0.0000     0.8850     0.4702     1.4129     0.9555
[1] 22100.0000     0.0000     0.8953    -0.3842     2.2806     0.9321
[1] 22200.0000     0.0000     0.9349     0.0380     1.8963     0.9881
[1] 22300.0000     1.0000     0.9726     0.4480     1.5272     0.8521
[1] 22400.0000     0.0006     0.8145    -0.2414     2.1820     0.8604
[1] 22500.0000     0.1195     0.8623     0.3190     1.6844     0.8008
[1] 22600.0000     0.0000     0.8858     0.0217     1.9028     0.9064
[1] 22700.0000     0.0000     0.8271    -0.1317     2.0997     1.1968
[1] 22800.0000     0.0403     0.8972    -0.2399     2.0287     1.0231
[1] 22900.0000     0.0000     0.9287     0.0969     1.7586     0.9003
[1] 23000.0000     0.0000     0.9652     0.1365     1.7689     1.0264
[1] 23100.0000     0.0000     0.9231    -0.2559     2.1442     0.8179
[1] 23200.0000     0.0003     0.9586    -0.3093     2.1915     1.0581
[1] 23300.0000     0.1701     0.8966     0.2198     1.7266     1.0199
[1] 23400.0000     0.0659     0.8888    -0.1193     1.8958     1.0444
[1] 23500.0000     0.0000     0.8934    -0.5263     2.4629     1.1391
[1] 23600.0000     0.0000     0.8360     0.0384     1.9297     0.8406
[1] 23700.0000     0.0000     0.8580     0.0870     1.8555     0.8494
[1] 23800.0000     0.0000     0.9509    -0.2772     2.1531     0.9516
[1] 23900.0000     0.0086     0.8157     0.1114     1.8404     0.8034
[1] 24000.0000     0.0000     0.9801    -0.3226     2.2020     1.1551
[1] 24100.0000     0.0000     0.8747    -0.7639     2.6441     1.0767
[1] 24200.0000     0.0000     0.8562     0.0716     1.8088     0.9310
[1] 24300.0000     0.0000     0.8822    -0.2617     2.2486     1.1634
[1] 24400.0000     0.2847     0.8950     0.2961     1.6455     0.9027
[1] 24500.0000     0.0000     0.9407     0.6238     1.2687     1.0416
[1] 24600.0000     0.0000     0.9062    -0.0574     2.0492     0.8877
[1] 24700.0000     0.0255     0.8664    -0.3213     2.2392     1.1316
[1] 24800.0000     0.0476     0.8109     0.0040     1.9214     1.1899
[1] 24900.0000     0.7504     0.8569    -0.7679     2.6473     1.1414
[1] 25000.0000     0.1682     0.8801     0.0196     1.8166     0.8235
[1] 25100.0000     1.0000     0.8419     0.1105     1.7391     0.8544
[1] 25200.0000     0.0000     0.9920    -0.3041     2.2848     0.8420
[1] 25300.0000     1.0000     0.8151    -0.1740     2.0896     1.0748
[1] 25400.0000     1.0000     0.8988    -0.3371     2.2736     1.0888
[1] 25500.0000     0.0000     0.8303     0.0069     1.9493     1.1248
[1] 25600.0000     0.0000     0.8112    -0.0327     1.9755     0.8916
[1] 25700.0000     0.0000     0.9253     0.5135     1.4868     0.8539
[1] 25800.0000     0.0000     0.8043    -0.4104     2.1967     0.8730
[1] 25900.0000     1.0000     0.8632    -0.2739     2.2471     1.1254
[1] 26000.0000     1.0000     0.9492    -0.2366     2.2097     1.0058
[1] 26100.0000     0.0000     0.9196    -0.2366     2.0821     1.1722
[1] 26200.0000     0.0000     0.9529    -0.6614     2.5295     1.0017
[1] 26300.0000     0.0000     0.9394     0.2888     1.6088     0.8243
[1] 26400.0000     0.0000     0.8767    -0.0954     2.0108     0.8041
[1] 26500.0000     0.1437     0.8136    -0.2622     2.2416     0.8843
[1] 26600.0000     0.0000     0.8376    -0.2306     2.1356     1.1467
[1] 26700.0000     1.0000     0.8892     0.1305     1.9144     0.9428
[1] 26800.0000     0.0000     0.8173    -0.5869     2.4173     0.9752
[1] 26900.0000     0.0000     0.9586    -0.0112     2.0578     1.0279
[1] 27000.0000     0.0000     0.9862    -0.1490     2.1539     0.8958
[1] 27100.0000     0.1471     0.8752    -0.2797     2.2299     0.8424
[1] 27200.0000     0.0074     0.8628     0.1422     1.8183     1.0265
[1] 27300.0000     0.0000     0.9754    -0.2400     2.2020     0.9688
[1] 27400.0000     0.0000     0.8725     0.3100     1.7114     1.1899
[1] 27500.0000     0.0000     0.8463     0.2772     1.6676     0.8762
[1] 27600.0000     0.0000     0.9357     0.0275     1.8841     0.9330
[1] 27700.0000     0.0000     0.8219     0.2846     1.6423     0.8500
[1] 27800.0000     0.0000     0.8358     0.1356     1.8451     1.1051
[1] 27900.0000     1.0000     0.8904    -0.0961     2.0365     0.9276
[1] 28000.0000     0.0000     0.8025    -0.3620     2.3104     0.9240
[1] 28100.0000     0.0000     0.9306    -0.0555     2.0981     0.8823
[1] 28200.0000     0.0000     0.9693     0.6518     1.3549     0.8876
[1] 28300.0000     0.0000     0.9886    -0.3348     2.2775     1.1843
[1] 28400.0000     0.5803     0.9594     0.0780     1.9555     0.8105
[1] 28500.0000     0.0000     0.8469     0.1469     1.7204     0.8971
[1] 28600.0000     0.0142     0.9775     0.0048     1.7621     0.9079
[1] 28700.0000     0.0000     0.8546    -0.2471     2.1809     0.9787
[1] 28800.0000     0.0009     0.8104     0.4471     1.4922     1.1940
[1] 28900.0000     0.0000     0.9040    -0.0458     1.8813     0.8375
[1] 29000.0000     0.0000     0.9541     0.1207     1.8316     0.8200
[1] 29100.0000     0.0000     0.9836    -0.1382     2.0283     1.0211
[1] 29200.0000     0.0707     0.9371     0.5979     1.3591     1.1436
[1] 2.930e+04 3.194e-01 9.749e-01 6.455e-01 1.261e+00 9.782e-01
[1] 29400.0000     0.0952     0.9394     0.2562     1.6117     1.1754
[1] 29500.0000     0.0000     0.8510    -0.2880     2.2633     0.8942
[1] 29600.0000     0.0049     0.8035     0.3413     1.5292     1.0772
[1] 29700.0000     0.0000     0.8240     0.3802     1.6051     1.1041
[1] 29800.0000     0.0000     0.8503     0.2473     1.7232     0.9822
[1] 29900.0000     0.7933     0.9798    -0.0953     2.0921     1.0014
[1] 30000.0000     0.0131     0.8841     0.8703     1.0771     1.0036
[1] 0.1281949
Time difference of 11.03424 hours
null device 
          1 
