[1] "El numero de nodos X particion es: 10"
[1] "Model = M2 / Data = sim_data/datasetSVCExponential29.Rdata"
[1] 100.0000   0.0000   0.9866   0.0005   1.9963   1.1254
[1] 200.0000   1.0000   0.9804  -0.0012   1.9888   1.0297
[1] 300.0000   0.0000   0.9869  -0.0116   1.9759   0.9216
[1] 400.0000   0.0000   0.9953   0.0039   1.9250   1.1112
[1] 500.0000   0.0001   0.9947  -0.0032   1.8732   1.1446
[1] 600.0000   0.1871   0.9748  -0.0173   1.5917   1.0386
[1] 700.0000   0.0000   0.9396  -0.0860   1.7361   1.0960
[1] 800.0000   0.0000   0.9905  -0.1680   1.5783   1.1311
[1] 900.0000   0.0080   0.9578  -0.4459   1.4847   0.9628
[1] 1000.0000    0.0000    0.9994   -0.4970    1.4813    0.8183
[1] 1100.0000    0.1309    0.9894   -0.4163    1.6425    0.8459
[1] 1200.0000    0.0000    0.9863   -0.3729    1.5967    1.1804
[1] 1300.0000    0.0000    0.9909   -0.5033    1.6100    0.8581
[1] 1400.0000    0.0000    0.9909   -0.5033    1.6100    0.8581
[1] 1500.0000    0.0000    0.9905   -0.5125    1.6068    1.0597
[1] 1600.0000    0.0000    0.9998   -0.4966    1.6120    1.1214
[1] 1700.0000    0.0000    0.9937   -0.4261    1.6578    0.8095
[1] 1800.0000    0.0000    0.9853   -0.4743    1.5561    0.9425
[1] 1900.0000    0.0401    0.9957   -0.5540    1.4384    1.1822
[1] 2000.0000    0.0000    0.9978   -0.5145    1.4298    1.1535
[1] 2100.0000    0.0000    0.9978   -0.5145    1.4298    1.1535
[1] 2200.0000    0.0000    0.9881   -0.6068    1.5655    0.9883
[1] 2300.0000    0.0000    0.9906   -0.3402    1.5067    0.8768
[1] 2400.0000    0.0000    0.9704   -0.3695    1.4993    0.8486
[1] 2500.0000    0.0000    0.9939   -0.4135    1.5400    1.0620
[1] 2600.0000    0.0000    0.9939   -0.4135    1.5400    1.0620
[1] 2700.0000    0.0000    0.9939   -0.4135    1.5400    1.0620
[1] 2800.0000    0.0000    0.9749   -0.4624    1.5114    0.8747
[1] 2900.0000    0.0000    0.9982   -0.4652    1.5966    0.9626
[1] 3000.0000    0.0000    0.9982   -0.4652    1.5966    0.9626
[1] 3100.0000    0.0012    0.9787   -0.3175    1.6030    0.9283
[1] 3200.0000    0.0000    0.9999   -0.5523    1.5837    0.8821
[1] 3300.0000    0.0000    0.9877   -0.5826    1.5677    0.9428
[1] 3400.0000    0.0000    0.9924   -0.4966    1.4711    0.9162
[1] 3500.0000    0.0003    0.9924   -0.4966    1.4711    0.9162
[1] 3600.0000    0.0000    0.9879   -0.5438    1.4667    1.1991
[1] 3700.0000    0.0003    0.9950   -0.5378    1.4878    1.0085
[1] 3800.0000    0.0000    0.9905   -0.5325    1.4835    0.9375
[1] 3900.0000    0.0000    0.9905   -0.5325    1.4835    0.9375
[1] 4000.0000    0.0023    0.9874   -0.5147    1.5801    0.9154
[1] 4100.0000    0.0219    0.9908   -0.3319    1.6376    1.1242
[1] 4200.0000    0.0000    0.9756   -0.5330    1.6560    0.9752
[1] 4300.0000    0.0000    0.9986   -0.3892    1.6001    0.9026
[1] 4400.0000    0.0000    0.9983   -0.3152    1.5836    1.0333
[1] 4500.0000    0.0000    0.9964   -0.4066    1.5899    1.1353
[1] 4600.0000    0.0000    0.9525   -0.4720    1.5705    1.1110
[1] 4700.0000    0.0000    0.9709   -0.4414    1.4846    1.0444
[1] 4800.0000    0.0000    0.9881   -0.5403    1.4686    1.0915
[1] 4900.0000    0.0000    0.9924   -0.5299    1.5755    1.1836
[1] 5000.0000    0.0008    0.9988   -0.5474    1.6248    0.9542
[1] 5100.0000    0.0000    0.9679   -0.4965    1.5325    1.1951
[1] 5200.0000    0.0000    0.9985   -0.4970    1.5911    1.1683
[1] 5300.0000    0.0000    0.9971   -0.4252    1.5887    1.0387
[1] 5400.0000    0.0000    0.9713   -0.4448    1.4939    1.1011
[1] 5500.0000    0.0000    0.9982   -0.4158    1.5776    1.1248
[1] 5600.0000    0.0000    0.9982   -0.4158    1.5776    1.1248
[1] 5700.0000    0.4054    0.9941   -0.5872    1.5134    1.0272
[1] 5800.0000    0.0000    0.9831   -0.4346    1.5158    1.0737
[1] 5900.0000    0.0000    0.9855   -0.4938    1.5786    0.9786
[1] 6000.0000    0.0000    0.9892   -0.4872    1.5077    0.9479
[1] 6100.0000    0.0000    0.9991   -0.5844    1.5915    1.1410
[1] 6200.0000    0.0000    0.9932   -0.5027    1.5470    1.1327
[1] 6300.0000    0.0000    0.9639   -0.3983    1.5851    1.0439
[1] 6400.0000    0.0005    0.9918   -0.3745    1.6620    1.1860
[1] 6500.0000    0.0006    0.9449   -0.4211    1.4791    1.0659
[1] 6600.0000    0.0000    0.9915   -0.5619    1.4794    1.1396
[1] 6700.0000    0.0248    0.9869   -0.5956    1.4996    0.9433
[1] 6800.0000    0.0000    0.9947   -0.6172    1.4741    0.8549
[1] 6900.0000    0.0002    0.9836   -0.4653    1.5166    0.8440
[1] 7000.0000    0.0000    0.9977   -0.4688    1.6008    1.0944
[1] 7100.0000    0.0000    0.9857   -0.5658    1.4958    1.0571
[1] 7200.0000    0.0000    0.9995   -0.3985    1.6617    0.8671
[1] 7300.0000    0.0018    0.9946   -0.3559    1.5895    1.1299
[1] 7400.0000    0.0000    0.9943   -0.5310    1.5332    1.0943
[1] 7500.0000    0.0000    0.9857   -0.5347    1.4256    0.9685
[1] 7600.0000    0.0000    0.9974   -0.3565    1.5508    1.0017
[1] 7700.0000    0.0000    0.9975   -0.4946    1.4762    1.1871
[1] 7800.0000    0.0000    0.9829   -0.4099    1.5748    1.0003
[1] 7900.0000    0.0001    0.9885   -0.4692    1.5915    1.1324
[1] 8000.0000    0.0000    0.9987   -0.4079    1.5637    0.9688
[1] 8100.0000    0.0000    0.9901   -0.3659    1.5203    0.9881
[1] 8200.0000    0.0000    0.9901   -0.3659    1.5203    0.9881
[1] 8300.0000    0.0000    0.9944   -0.4396    1.5384    1.1382
[1] 8400.0000    0.0000    0.9973   -0.3618    1.6462    0.8536
[1] 8500.0000    0.0000    0.9896   -0.5302    1.6421    1.0166
[1] 8600.0000    0.0010    0.9964   -0.4254    1.4763    0.9943
[1] 8700.0000    0.0000    0.9836   -0.4407    1.4591    1.0621
[1] 8800.0000    0.0153    0.9324   -0.3814    1.4459    0.8066
[1] 8900.0000    0.0058    0.9955   -0.4852    1.5272    1.1580
[1] 9000.0000    0.0001    0.9990   -0.4144    1.5687    0.9918
[1] 9100.0000    0.0000    0.9978   -0.4051    1.5867    0.9039
[1] 9200.0000    0.0000    0.9980   -0.5076    1.5707    1.1968
[1] 9300.0000    0.0000    0.9856   -0.4017    1.4216    1.1370
[1] 9400.0000    0.0000    0.9943   -0.3684    1.4600    1.0986
[1] 9500.0000    0.0000    0.9726   -0.3576    1.6424    0.9462
[1] 9600.0000    0.1610    0.9975   -0.3071    1.5117    0.8759
[1] 9700.0000    0.0002    0.9739   -0.4722    1.5131    1.1139
[1] 9800.0000    0.0000    0.9959   -0.4285    1.5119    1.1171
[1] 9900.0000    0.0000    0.9959   -0.3993    1.6351    0.8356
[1] 10000.0000     0.0000     0.9984    -0.4945     1.7174     0.9987
[1] 10100.0000     0.0002     0.9832    -0.4925     1.4946     0.9199
[1] 10200.0000     0.0000     0.9985    -0.5938     1.4859     1.1837
[1] 10300.0000     0.0005     0.9923    -0.5099     1.6239     1.0554
[1] 10400.0000     0.0000     0.9988    -0.4149     1.4963     1.1424
[1] 10500.0000     0.0000     0.9949    -0.5020     1.4999     0.9278
[1] 10600.0000     0.0000     0.9970    -0.5055     1.6026     1.1399
[1] 10700.0000     0.0000     0.9784    -0.4193     1.5521     0.9562
[1] 10800.0000     0.0000     0.9785    -0.5579     1.4945     1.1554
[1] 10900.0000     0.0000     0.9839    -0.4759     1.5325     1.0401
[1] 11000.0000     0.0000     0.9778    -0.4625     1.4952     0.9372
[1] 11100.0000     0.0001     0.9602    -0.4603     1.6046     0.8572
[1] 11200.0000     0.0069     0.9926    -0.5171     1.4333     0.9276
[1] 11300.0000     0.5960     0.9738    -0.5294     1.6176     1.1215
[1] 11400.0000     0.4964     0.9830    -0.4467     1.4990     1.0526
[1] 11500.0000     0.0000     0.9884    -0.4790     1.5666     0.8385
[1] 11600.0000     0.0007     0.9994    -0.5283     1.4831     0.9317
[1] 11700.0000     0.0000     0.9810    -0.5185     1.5412     0.9386
[1] 11800.0000     0.0000     0.9980    -0.3991     1.4812     1.1034
[1] 11900.0000     0.0003     0.9950    -0.4521     1.5863     1.0414
[1] 12000.0000     0.0267     0.9972    -0.3417     1.5327     1.1404
[1] 12100.0000     0.0365     0.9844    -0.5222     1.5581     1.0236
[1] 12200.0000     0.0000     0.9981    -0.5301     1.5424     1.1089
[1] 12300.0000     0.0004     0.9999    -0.5226     1.4776     0.9359
[1] 12400.0000     0.0000     0.9803    -0.4471     1.6516     1.0988
[1] 12500.0000     0.0000     0.9939    -0.3948     1.6301     0.9707
[1] 12600.0000     0.0026     0.9787    -0.4939     1.5343     0.8332
[1] 12700.0000     0.0000     0.9956    -0.5611     1.5489     1.1244
[1] 12800.0000     0.0002     0.9948    -0.5373     1.6073     0.8201
[1] 12900.0000     0.0000     0.9973    -0.5311     1.6018     0.9500
[1] 13000.0000     0.0001     0.9696    -0.6557     1.4173     0.9346
[1] 13100.0000     0.0010     0.9923    -0.5650     1.5097     0.9546
[1] 13200.0000     0.1413     0.9905    -0.4338     1.6226     1.0165
[1] 13300.0000     0.0156     0.9919    -0.5139     1.5554     0.8195
[1] 13400.0000     0.0000     0.9801    -0.4298     1.5595     1.0073
[1] 13500.0000     0.0000     0.9671    -0.5173     1.4835     0.9422
[1] 13600.0000     0.0000     0.9906    -0.5253     1.4804     0.9812
[1] 13700.0000     0.0000     0.9964    -0.4902     1.5987     1.1486
[1] 13800.0000     0.0000     0.9685    -0.4632     1.4976     0.9435
[1] 13900.0000     0.0000     0.9916    -0.5001     1.4924     1.1838
[1] 14000.0000     0.1095     0.9598    -0.5034     1.6131     0.8043
[1] 14100.0000     0.0000     0.9940    -0.4602     1.5213     1.1268
[1] 14200.0000     0.0000     0.9948    -0.4047     1.5472     0.9570
[1] 14300.0000     0.0576     0.9867    -0.4859     1.6196     0.9748
[1] 14400.0000     0.0000     0.9825    -0.4965     1.6765     0.9794
[1] 14500.0000     0.0033     0.9963    -0.4582     1.5506     1.0788
[1] 14600.0000     0.0000     0.9963    -0.4582     1.5506     1.0788
[1] 14700.0000     0.0000     0.9977    -0.4360     1.5536     1.0667
[1] 14800.0000     0.0000     0.9988    -0.4867     1.4809     0.9067
[1] 14900.0000     0.0401     0.9850    -0.3924     1.5282     1.1438
[1] 15000.0000     0.0000     0.9985    -0.4361     1.4867     1.0973
[1] 15100.0000     0.0000     0.9972    -0.3686     1.6060     0.8454
[1] 15200.0000     0.0184     0.9851    -0.4985     1.5399     0.9800
[1] 15300.0000     0.0000     0.9934    -0.5289     1.4158     1.1691
[1] 15400.0000     0.3173     0.9927    -0.4680     1.5987     1.0520
[1] 15500.0000     0.0000     0.9973    -0.4835     1.5888     0.8711
[1] 15600.0000     0.1063     0.9980    -0.5312     1.5951     0.8956
[1] 15700.0000     0.0000     0.9931    -0.4195     1.5469     0.8586
[1] 15800.0000     0.0065     0.9955    -0.4240     1.5107     1.0339
[1] 15900.0000     0.0000     0.9849    -0.4798     1.5641     1.0549
[1] 16000.0000     0.0238     0.9991    -0.5385     1.5097     1.1095
[1] 16100.0000     0.0663     0.9560    -0.3419     1.5850     1.0285
[1] 16200.0000     0.0000     0.9829    -0.4670     1.7234     1.1448
[1] 16300.0000     0.0000     0.9981    -0.4794     1.5420     0.9160
[1] 16400.0000     0.0000     0.9960    -0.3449     1.5424     0.8361
[1] 16500.0000     0.0005     0.9894    -0.5219     1.6107     0.9222
[1] 16600.0000     0.0015     0.9959    -0.3391     1.5670     0.8526
[1] 16700.0000     0.0044     0.9635    -0.3511     1.6189     0.8336
[1] 16800.0000     1.0000     0.9593    -0.6070     1.4211     0.8375
[1] 16900.0000     0.0050     0.9996    -0.4603     1.5887     0.8218
[1] 17000.0000     0.0000     0.9815    -0.4760     1.5929     0.9010
[1] 17100.0000     0.0000     0.9878    -0.4660     1.6308     1.1517
[1] 17200.0000     0.0000     0.9926    -0.5442     1.5562     0.8293
[1] 17300.0000     0.0000     0.9940    -0.4526     1.4901     0.8064
[1] 17400.0000     0.4321     0.9623    -0.6207     1.5654     1.1696
[1] 17500.0000     0.0390     0.9983    -0.4284     1.4852     0.9809
[1] 17600.0000     0.0531     0.9832    -0.4545     1.5501     1.1562
[1] 17700.0000     0.0000     0.9944    -0.5228     1.5688     0.9167
[1] 17800.0000     0.8071     0.9968    -0.3945     1.5644     0.8268
[1] 17900.0000     0.0119     0.9976    -0.4849     1.5689     0.9759
[1] 18000.0000     0.0002     0.9947    -0.4287     1.4785     0.8849
[1] 18100.0000     0.0000     0.9981    -0.4963     1.5132     1.0670
[1] 18200.0000     0.0000     0.9981    -0.4963     1.5132     1.0670
[1] 18300.0000     0.0012     0.9706    -0.4079     1.5621     1.1685
[1] 18400.0000     0.0000     0.9828    -0.4643     1.5498     1.0217
[1] 18500.0000     0.0000     0.9989    -0.4604     1.5692     0.9879
[1] 18600.0000     0.0000     0.9937    -0.4267     1.6801     0.9757
[1] 18700.0000     0.0000     0.9972    -0.4430     1.4036     1.0906
[1] 18800.0000     0.0001     0.9957    -0.5533     1.5978     1.1334
[1] 18900.0000     0.0000     0.9946    -0.4199     1.6624     1.1801
[1] 19000.0000     0.0000     0.9966    -0.3752     1.4770     0.8143
[1] 19100.0000     0.0022     0.9457    -0.4150     1.5777     1.0145
[1] 19200.0000     0.0000     0.9980    -0.5017     1.6128     1.0688
[1] 19300.0000     0.0546     0.9996    -0.5238     1.4879     0.8073
[1] 19400.0000     0.0000     0.9997    -0.4655     1.6081     0.8534
[1] 19500.0000     0.0000     0.9633    -0.4600     1.4958     1.1823
[1] 19600.0000     0.0195     0.9942    -0.5284     1.5578     0.8881
[1] 19700.0000     0.0000     0.9939    -0.5555     1.6438     0.9385
[1] 19800.0000     0.0027     0.9896    -0.5185     1.5304     0.9149
[1] 19900.0000     0.0024     0.9981    -0.5236     1.6452     1.0280
[1] 20000.0000     0.0055     0.9868    -0.4772     1.5244     0.8125
[1] 20100.0000     0.0000     0.9942    -0.5156     1.6214     0.9182
[1] 20200.0000     0.3602     0.9997    -0.4411     1.5007     1.0417
[1] 20300.0000     0.0011     0.9770    -0.5475     1.4256     0.9882
[1] 20400.0000     0.0000     0.9983    -0.4868     1.6117     0.9326
[1] 20500.0000     0.0000     0.9905    -0.5482     1.5225     1.0353
[1] 20600.0000     0.0000     0.9963    -0.4698     1.6351     0.8156
[1] 20700.0000     0.0000     0.9923    -0.4154     1.5724     1.0695
[1] 20800.0000     0.9533     0.9981    -0.5532     1.5205     1.0246
[1] 20900.0000     0.0000     0.9877    -0.4335     1.5914     0.9168
[1] 21000.0000     0.0000     0.9912    -0.3614     1.4912     1.0875
[1] 21100.0000     0.0000     0.9875    -0.4718     1.6215     0.8198
[1] 21200.0000     0.0246     0.9995    -0.3931     1.6170     0.8043
[1] 21300.0000     0.0000     0.9954    -0.4245     1.7508     0.8401
[1] 21400.0000     0.0000     0.9798    -0.4942     1.4693     1.1420
[1] 21500.0000     0.0000     0.9988    -0.3997     1.6348     0.9715
[1] 21600.0000     0.0268     0.9963    -0.4360     1.5699     0.9320
[1] 21700.0000     0.0072     0.9973    -0.3671     1.5055     0.9605
[1] 21800.0000     0.0000     0.9679    -0.3756     1.5422     0.8456
[1] 21900.0000     0.0028     0.9832    -0.3738     1.5314     1.1273
[1] 22000.0000     0.0000     0.9718    -0.4907     1.4938     1.0066
[1] 22100.0000     0.0000     0.9795    -0.4602     1.4751     0.8602
[1] 22200.0000     0.0000     0.9960    -0.5284     1.4091     0.9858
[1] 22300.0000     0.4353     0.9726    -0.4347     1.5738     0.8521
[1] 22400.0000     0.5528     0.9842    -0.5049     1.3600     1.0364
[1] 22500.0000     0.0017     0.9923    -0.3993     1.5689     0.9913
[1] 22600.0000     0.0000     0.9834    -0.4600     1.5773     0.8984
[1] 22700.0000     0.0000     0.9920    -0.4383     1.4735     1.1651
[1] 22800.0000     0.0001     0.9796    -0.4058     1.5776     0.9697
[1] 22900.0000     0.0000     0.9936    -0.3696     1.5894     1.1658
[1] 23000.0000     0.0000     0.9955    -0.4183     1.5920     0.9113
[1] 23100.0000     0.0000     0.9800    -0.4687     1.6689     1.0471
[1] 23200.0000     0.0000     0.9980    -0.3815     1.5638     0.8483
[1] 23300.0000     0.0003     0.9904    -0.3457     1.6367     1.1810
[1] 23400.0000     0.0000     0.9864    -0.4646     1.5879     0.9542
[1] 23500.0000     0.0731     0.9986    -0.4520     1.5232     1.0082
[1] 23600.0000     0.0000     0.9986    -0.4520     1.5232     1.0082
[1] 23700.0000     0.0117     0.9977    -0.4218     1.5831     0.9083
[1] 23800.0000     0.0003     0.9992    -0.5116     1.5257     0.9037
[1] 23900.0000     0.0000     0.9920    -0.5462     1.6161     1.0485
[1] 24000.0000     0.0000     0.9801    -0.3472     1.5510     1.1551
[1] 24100.0000     0.0001     0.9905    -0.4860     1.5264     1.1102
[1] 24200.0000     0.1776     0.9993    -0.4811     1.5630     1.0230
[1] 24300.0000     0.0000     0.9954    -0.5577     1.5500     1.1070
[1] 24400.0000     0.7528     0.9947    -0.4799     1.4681     0.9697
[1] 24500.0000     0.0000     0.9943    -0.4578     1.5934     1.0864
[1] 24600.0000     0.0000     0.9866    -0.4761     1.5459     1.1519
[1] 24700.0000     0.0005     0.9889    -0.3945     1.5892     0.9077
[1] 24800.0000     0.0080     0.9935    -0.4244     1.5681     0.8359
[1] 24900.0000     0.0000     0.9853    -0.5042     1.5842     0.9831
[1] 25000.0000     0.0000     0.9949    -0.3998     1.5170     1.0594
[1] 25100.0000     0.0000     0.9953    -0.4555     1.5064     1.1454
[1] 25200.0000     0.0000     0.9990    -0.4649     1.5964     1.1465
[1] 25300.0000     0.0000     0.9981    -0.5985     1.4215     0.8981
[1] 25400.0000     0.0000     0.9990    -0.4396     1.4804     1.0936
[1] 25500.0000     0.0000     0.9954    -0.4503     1.5188     0.9606
[1] 25600.0000     0.0000     0.9926    -0.5319     1.6040     0.9855
[1] 25700.0000     0.0000     0.9994    -0.4902     1.5683     1.0873
[1] 25800.0000     0.0001     0.9721    -0.5569     1.5690     1.1253
[1] 25900.0000     0.0000     0.9827    -0.5169     1.5151     0.8279
[1] 26000.0000     0.0052     0.9994    -0.4132     1.6138     0.8624
[1] 26100.0000     0.0000     0.9998    -0.4315     1.6268     0.9609
[1] 26200.0000     0.0000     0.9763    -0.4247     1.5782     0.8910
[1] 26300.0000     0.0001     0.9342    -0.4319     1.4693     1.1434
[1] 26400.0000     0.0000     0.9921    -0.3911     1.5507     1.1553
[1] 26500.0000     0.2174     0.9710    -0.5659     1.4232     1.0027
[1] 26600.0000     0.0000     0.9993    -0.3448     1.5531     1.0988
[1] 26700.0000     0.0001     0.9721    -0.4240     1.4863     0.8075
[1] 26800.0000     0.0001     0.9930    -0.5754     1.4883     0.8021
[1] 26900.0000     0.0006     0.9909    -0.5038     1.5021     0.9340
[1] 27000.0000     0.0000     0.9862    -0.4605     1.5465     0.8958
[1] 27100.0000     0.0003     0.9794    -0.4621     1.5286     1.1946
[1] 27200.0000     0.0000     0.9878    -0.4871     1.5822     0.8174
[1] 27300.0000     0.0961     0.9608    -0.5118     1.5568     0.8492
[1] 27400.0000     0.0000     0.9812    -0.4663     1.4876     1.0179
[1] 27500.0000     0.0000     0.9661    -0.4471     1.4751     1.0391
[1] 27600.0000     0.0000     0.9952    -0.5232     1.6414     1.1217
[1] 27700.0000     0.0000     0.9969    -0.5174     1.5593     1.1367
[1] 27800.0000     0.0000     0.9993    -0.4395     1.6006     0.8632
[1] 27900.0000     0.0001     0.9774    -0.4843     1.5627     0.8741
[1] 28000.0000     0.0000     0.9813    -0.3774     1.4611     1.1243
[1] 28100.0000     0.0000     0.9968    -0.4335     1.5624     1.0198
[1] 28200.0000     0.0002     0.9988    -0.4050     1.5977     1.1369
[1] 28300.0000     0.0000     0.9886    -0.5034     1.5822     1.1843
[1] 28400.0000     0.1250     0.9594    -0.4770     1.5342     0.8105
[1] 28500.0000     0.0000     0.9593    -0.5465     1.5327     0.9020
[1] 28600.0000     0.0007     0.9775    -0.3987     1.4730     0.9079
[1] 28700.0000     0.0001     0.9975    -0.4291     1.4913     1.1870
[1] 28800.0000     0.1647     0.9910    -0.4174     1.6298     0.8580
[1] 28900.0000     0.0608     0.9779    -0.4660     1.6153     0.9306
[1] 29000.0000     0.0000     0.9833    -0.4408     1.5757     0.9797
[1] 29100.0000     0.1013     0.9836    -0.5734     1.5436     1.0211
[1] 29200.0000     0.0002     0.9889    -0.5171     1.5710     1.0979
[1] 29300.0000     0.0000     0.9996    -0.4263     1.6047     1.1465
[1] 29400.0000     0.0000     0.9929    -0.5009     1.4891     1.1499
[1] 29500.0000     0.0000     0.9711    -0.4808     1.4454     0.9025
[1] 29600.0000     0.1016     0.9946    -0.4409     1.5364     1.1612
[1] 29700.0000     0.0000     0.9984    -0.6150     1.4417     0.8797
[1] 29800.0000     0.0000     0.9840    -0.4145     1.5951     0.9981
[1] 29900.0000     1.0000     0.9798    -0.4793     1.6166     1.0014
[1] 30000.0000     0.0009     0.9972    -0.4498     1.6437     1.1259
[1] 0.05471781
Time difference of 10.50047 hours
null device 
          1 
