[1] "El numero de nodos X particion es: 10"
[1] "Model = M1 / Data = sim_data/datasetSVIMatern28.Rdata"
[1] 100.0000   0.6492   0.9429   0.0592   1.7792   1.1970
[1] 200.0000   0.4425   0.9592  -0.0860   1.9539   1.1736
[1] 300.0000   0.6666   0.8776   0.0089   1.9026   1.0665
[1] 400.0000   0.0139   0.9217  -0.1808   2.1044   0.9692
[1] 500.0000   0.0000   0.8380  -0.2972   2.1707   0.8203
[1] 600.0000   1.0000   0.9748  -0.0288   1.8569   1.0386
[1] 700.0000   0.0783   0.8009   0.1179   1.7762   0.8720
[1] 800.0000   0.0055   0.8728  -0.1399   1.9630   0.9084
[1] 900.0000   0.0026   0.8086  -0.5042   2.2542   0.9130
[1] 1000.0000    0.0000    0.8568   -0.3197    2.1641    0.8983
[1] 1100.0000    0.0000    0.9319    0.6965    1.2105    0.8930
[1] 1200.0000    0.2106    0.8603   -0.0924    2.0661    0.9164
[1] 1300.0000    0.1167    0.9805   -0.1635    2.0334    0.8049
[1] 1400.0000    0.0000    0.9303   -0.1268    1.9697    1.1894
[1] 1500.0000    0.0048    0.9694    0.7697    1.0414    1.1238
[1] 1600.0000    0.0000    0.8718   -0.8500    2.6778    1.0625
[1] 1700.0000    0.0000    0.8745   -0.1592    2.0686    0.9148
[1] 1800.0000    0.0000    0.9376   -0.1583    2.0382    0.8302
[1] 1900.0000    0.0000    0.9005   -0.1497    2.0160    0.9368
[1] 2000.0000    0.0005    0.9400   -0.0858    1.9594    1.1109
[1] 2100.0000    0.0000    0.9401   -0.1267    1.9055    1.0501
[1] 2200.0000    0.0000    0.8668   -0.1185    2.0027    1.0989
[1] 2300.0000    0.0002    0.8951    1.0413    0.7649    0.9529
[1] 2400.0000    0.0000    0.9355    0.0378    1.8157    1.1578
[1] 2500.0000    0.0863    0.9668    0.1297    1.6897    0.8029
[1] 2600.0000    0.0000    0.8617   -0.5770    2.4028    0.8044
[1] 2700.0000    0.0000    0.8492    0.1068    1.8022    0.9140
[1] 2800.0000    0.0700    0.9386    0.1335    1.7079    0.8695
[1] 2900.0000    0.0048    0.9982   -0.3229    2.1548    0.9626
[1] 3000.0000    0.0000    0.8454   -0.0621    1.9470    0.9669
[1] 3100.0000    0.0000    0.9787    0.1214    1.7516    0.9283
[1] 3200.0000    0.0000    0.8205    0.5518    1.2858    0.8873
[1] 3300.0000    0.0000    0.9797   -0.1260    1.7972    1.0744
[1] 3400.0000    0.4880    0.8983    0.2676    1.5856    1.1525
[1] 3500.0000    0.0000    0.8954    0.0253    1.8213    0.8492
[1] 3600.0000    0.0000    0.9027   -0.6030    2.4941    1.1569
[1] 3700.0000    0.7711    0.9624    0.2096    1.6340    0.8094
[1] 3800.0000    0.0000    0.8653   -0.0746    1.8478    0.9884
[1] 3900.0000    0.0000    0.9030   -0.5707    2.4364    0.9530
[1] 4000.0000    0.0633    0.9388   -0.2438    1.9193    0.8131
[1] 4100.0000    0.0000    0.8388   -0.4551    2.3429    0.8864
[1] 4200.0000    0.0000    0.9756   -0.8404    2.6447    0.9752
[1] 4300.0000    0.2343    0.8741   -0.6468    2.5027    1.1249
[1] 4400.0000    0.0000    0.8077    0.0799    1.8864    1.0029
[1] 4500.0000    0.5725    0.8410   -0.3254    2.2491    1.1520
[1] 4600.0000    0.0002    0.9525    0.3729    1.5638    1.1110
[1] 4700.0000    0.0000    0.8536   -0.4832    2.3691    0.9410
[1] 4800.0000    0.0000    0.8616   -0.3527    2.1913    0.9384
[1] 4900.0000    0.0000    0.8114   -0.4556    2.3253    0.8255
[1] 5000.0000    1.0000    0.9273   -0.4890    2.3599    1.0348
[1] 5100.0000    0.0000    0.9679   -0.0801    1.9329    1.1951
[1] 5200.0000    0.0000    0.8350   -0.2037    2.2525    1.0935
[1] 5300.0000    0.0000    0.8821    0.0397    1.6738    1.0013
[1] 5400.0000    0.0000    0.8536    0.2814    1.4698    0.9337
[1] 5500.0000    0.0000    0.8913    0.5039    1.3455    1.1131
[1] 5600.0000    0.0000    0.8117   -0.2197    2.0421    0.9121
[1] 5700.0000    0.0000    0.9545   -0.0580    1.8807    0.8805
[1] 5800.0000    0.0000    0.8612   -0.1986    2.0492    1.0327
[1] 5900.0000    0.0000    0.8072   -0.2136    2.0605    1.1666
[1] 6000.0000    0.0000    0.8790    0.3254    1.6164    1.0590
[1] 6100.0000    0.0000    0.9025    0.2223    1.7994    0.9119
[1] 6200.0000    0.0030    0.9400   -0.0142    1.7475    0.8404
[1] 6300.0000    0.0000    0.9569   -0.4199    2.2501    0.8080
[1] 6400.0000    0.0000    0.9885   -0.4028    2.3579    0.8165
[1] 6500.0000    0.0310    0.9145   -0.6461    2.4844    0.8046
[1] 6600.0000    0.0000    0.8918    0.0180    1.9590    1.0184
[1] 6700.0000    0.0000    0.8253   -0.2242    2.0867    0.9280
[1] 6800.0000    0.0483    0.8794    0.2098    1.5517    0.9381
[1] 6900.0000    0.0000    0.9267   -0.2677    2.1862    1.0380
[1] 7000.0000    0.0000    0.8543    0.0161    1.8138    0.8271
[1] 7100.0000    0.0000    0.8247   -0.3148    2.2026    1.0835
[1] 7200.0000    0.0000    0.8247   -0.1590    2.0648    0.8913
[1] 7300.0000    0.0000    0.8356    0.5990    1.1984    1.1395
[1] 7400.0000    0.0000    0.8045   -0.3367    2.1751    0.8734
[1] 7500.0000    0.0002    0.9989   -0.9209    2.6000    1.1081
[1] 7600.0000    0.0000    0.8332   -0.2677    2.1250    1.0877
[1] 7700.0000    0.0000    0.8348   -1.1228    2.9106    1.0869
[1] 7800.0000    0.0001    0.9281   -0.2883    2.1534    0.8883
[1] 7900.0000    0.0000    0.8304    0.1544    1.7175    0.9653
[1] 8000.0000    0.0000    0.9309   -0.0384    1.8004    1.0835
[1] 8100.0000    0.0000    0.8250   -0.1492    1.9675    1.1136
[1] 8200.0000    0.0091    0.8808   -0.1847    1.9507    1.1030
[1] 8300.0000    0.0825    0.9009   -0.4968    2.2837    1.0589
[1] 8400.0000    0.0000    0.8421   -0.1868    1.9718    0.8322
[1] 8500.0000    0.0000    0.8325    0.1004    1.7663    1.0750
[1] 8600.0000    0.0057    0.8871   -0.9169    2.7496    0.9140
[1] 8700.0000    0.0000    0.8940   -0.0696    1.9351    1.0236
[1] 8800.0000    0.0000    0.9735   -0.3289    2.1417    1.0381
[1] 8900.0000    0.0001    0.8674    0.4784    1.4048    1.0474
[1] 9000.0000    0.0000    0.8638    0.2075    1.5723    1.1683
[1] 9100.0000    0.0000    0.8060   -0.0051    1.7321    0.8104
[1] 9200.0000    0.0000    0.8777   -0.2309    2.0954    1.1489
[1] 9300.0000    0.0000    0.8689    0.4039    1.4861    0.9976
[1] 9400.0000    0.0000    0.9739    1.1322    0.8568    1.1032
[1] 9500.0000    0.0000    0.8817   -0.0035    1.7847    1.0875
[1] 9600.0000    0.0038    0.8149   -0.0780    1.9889    0.9056
[1] 9700.0000    0.0000    0.9657    0.2412    1.5989    0.9166
[1] 9800.0000    0.0000    0.9462   -0.4941    2.3226    1.1275
[1] 9900.0000    0.0000    0.9876    0.5511    1.3023    0.9739
[1] 10000.0000     1.0000     0.8618    -0.4833     2.3583     0.8032
[1] 10100.0000     1.0000     0.9049    -0.2452     2.1787     1.0751
[1] 10200.0000     1.0000     0.9808    -0.2395     2.0623     0.8342
[1] 10300.0000     0.4402     0.9549     0.0919     1.8056     0.8021
[1] 10400.0000     0.0000     0.9337     0.3160     1.5229     1.0990
[1] 10500.0000     0.0018     0.8159    -0.1229     1.7646     1.1284
[1] 10600.0000     0.0000     0.8442     0.1955     1.6943     0.9495
[1] 10700.0000     0.0000     0.8398     0.2800     1.5769     1.0590
[1] 10800.0000     0.1492     0.9785    -0.1363     2.0314     1.1554
[1] 10900.0000     0.0000     0.9660     0.1911     1.7129     1.1970
[1] 1.100e+04 1.275e-01 8.012e-01 2.165e-01 1.775e+00 9.407e-01
[1] 11100.0000     0.0001     0.8902    -0.1645     1.9567     0.9114
[1] 11200.0000     1.0000     0.9412    -0.7384     2.6506     0.8257
[1] 11300.0000     0.0000     0.9202    -0.4384     2.2822     0.8464
[1] 11400.0000     0.0000     0.9548     0.0367     1.7055     1.0047
[1] 11500.0000     0.0000     0.8061    -0.1320     1.9873     1.1646
[1] 11600.0000     0.1212     0.9382    -0.2400     1.9600     0.8033
[1] 11700.0000     1.0000     0.8766    -0.1089     2.0188     0.9110
[1] 1.180e+04 0.000e+00 8.027e-01 1.630e-01 1.636e+00 8.530e-01
[1] 11900.0000     0.0000     0.8460    -0.5708     2.3356     0.8150
[1] 12000.0000     0.0000     0.8056    -0.1096     1.9598     1.1142
[1] 12100.0000     0.0000     0.8666    -0.7632     2.6033     0.9630
[1] 12200.0000     0.5312     0.8496     0.5071     1.4301     0.8460
[1] 12300.0000     0.0018     0.8010    -0.0659     1.9107     0.8810
[1] 12400.0000     1.0000     0.8046     0.1489     1.6932     0.8797
[1] 12500.0000     0.0000     0.9939     0.0200     1.9058     0.9707
[1] 12600.0000     0.0000     0.8126    -0.2131     2.1263     1.1805
[1] 12700.0000     0.0090     0.9614    -0.4307     2.1933     0.8958
[1] 12800.0000     0.0000     0.8719    -0.4118     2.2227     0.9384
[1] 12900.0000     0.2165     0.9204     0.1129     1.7455     0.8219
[1] 13000.0000     0.0000     0.8069     0.0847     1.7600     1.0997
[1] 13100.0000     0.0000     0.9404     0.3205     1.5629     0.9822
[1] 13200.0000     0.0756     0.8843    -0.5139     2.3389     0.9997
[1] 13300.0000     0.0000     0.9222    -0.4012     2.2872     0.8801
[1] 13400.0000     0.0000     0.9676     0.3671     1.5128     1.1418
[1] 13500.0000     0.0000     0.8466    -0.5712     2.4156     0.8143
[1] 13600.0000     0.0000     0.8917     0.4385     1.5068     1.0301
[1] 13700.0000     0.0000     0.8708    -0.0610     1.9120     1.0127
[1] 13800.0000     0.0000     0.8787    -0.5463     2.4077     1.0611
[1] 13900.0000     0.0008     0.8573    -0.1373     2.0105     0.8372
[1] 14000.0000     0.0000     0.9588    -0.1455     1.9745     0.9662
[1] 14100.0000     0.0000     0.8844    -0.2206     1.9499     1.1867
[1] 14200.0000     0.0001     0.8479     0.3152     1.4817     0.8739
[1] 14300.0000     0.0000     0.8548    -1.0313     2.8225     0.8231
[1] 14400.0000     0.1475     0.8623    -0.4171     2.2534     0.8985
[1] 14500.0000     0.0549     0.8647     0.4354     1.4427     1.0877
[1] 14600.0000     0.7329     0.8358    -0.3876     2.1271     0.9089
[1] 14700.0000     0.0000     0.8974    -0.0852     1.8649     1.0871
[1] 14800.0000     0.0000     0.8106    -0.1639     1.9452     1.0978
[1] 14900.0000     0.1724     0.8051    -0.0573     1.9135     1.0614
[1] 15000.0000     0.0026     0.9447    -0.1809     1.9672     0.8911
[1] 15100.0000     0.2516     0.8384    -0.1101     2.0137     0.8510
[1] 15200.0000     0.0000     0.8734     0.2942     1.5675     0.8767
[1] 15300.0000     1.0000     0.8282     0.1332     1.6882     1.1177
[1] 15400.0000     1.0000     0.9829    -0.3149     2.1409     1.0368
[1] 15500.0000     0.0000     0.8279    -0.6146     2.4035     0.8509
[1] 15600.0000     0.0000     0.8520    -0.4730     2.3503     1.1912
[1] 15700.0000     0.0000     0.8668    -0.2932     2.2302     1.0399
[1] 15800.0000     0.2475     0.9774     0.2417     1.7153     1.1822
[1] 15900.0000     0.0000     0.8560    -0.2647     2.0759     0.9619
[1] 16000.0000     1.0000     0.9761    -0.4896     2.3013     1.0600
[1] 16100.0000     0.0000     0.8906     0.2481     1.5862     0.9023
[1] 16200.0000     0.0002     0.9466    -0.1448     1.9668     0.9477
[1] 16300.0000     0.0000     0.9320    -0.5022     2.3634     1.0407
[1] 16400.0000     0.0000     0.8699    -0.0563     1.8721     0.9170
[1] 16500.0000     0.7355     0.9407     0.6540     1.2999     0.9877
[1] 16600.0000     0.0088     0.8568    -0.0394     1.9444     1.0645
[1] 16700.0000     0.0002     0.9635    -0.2678     2.1064     0.8336
[1] 16800.0000     0.0000     0.8165    -0.3362     2.2135     1.0376
[1] 16900.0000     0.0000     0.8138     0.0605     1.7521     1.1004
[1] 17000.0000     0.0000     0.9790    -0.5611     2.3442     0.8822
[1] 17100.0000     0.0123     0.9305     0.5828     1.2535     0.9283
[1] 17200.0000     0.0589     0.9497     0.3460     1.5373     0.8252
[1] 17300.0000     1.0000     0.8396    -0.0084     1.9297     1.0131
[1] 17400.0000     0.0000     0.8593    -0.0057     1.9365     1.1450
[1] 17500.0000     0.0000     0.9983     0.6296     1.3757     0.9809
[1] 17600.0000     0.0000     0.8242     0.2633     1.5294     0.9225
[1] 17700.0000     0.0000     0.8794     0.1098     1.7584     0.9707
[1] 17800.0000     0.0478     0.9571    -0.6809     2.6021     0.9258
[1] 17900.0000     0.0000     0.9083     0.0596     1.7974     0.9495
[1] 18000.0000     0.3244     0.9109    -0.2367     2.1868     0.8712
[1] 18100.0000     0.0000     0.9461    -0.1900     2.0377     0.9222
[1] 1.820e+04 2.400e-03 8.142e-01 8.988e-01 9.916e-01 8.298e-01
[1] 18300.0000     0.0000     0.9012    -0.1456     2.0230     1.0710
[1] 18400.0000     0.0000     0.9529     0.0641     1.8179     0.8173
[1] 18500.0000     0.0000     0.8451    -0.0098     1.8689     0.9054
[1] 18600.0000     0.0000     0.8656    -0.2703     2.1642     0.8624
[1] 18700.0000     0.0000     0.8080    -0.3752     2.2930     0.9308
[1] 18800.0000     0.0000     0.8537    -0.1909     2.0182     0.9005
[1] 18900.0000     0.0000     0.9024    -0.4341     2.2089     1.0613
[1] 19000.0000     0.0017     0.8366    -0.2162     2.0993     0.8015
[1] 19100.0000     0.0000     0.8142    -0.0788     1.8462     1.0716
[1] 19200.0000     0.0000     0.8001     0.1015     1.7442     0.9641
[1] 19300.0000     0.0000     0.8411     0.1911     1.6197     0.9272
[1] 19400.0000     0.0000     0.8040    -0.0618     2.0374     1.1551
[1] 19500.0000     0.0000     0.8527    -0.2419     2.0958     1.1208
[1] 19600.0000     0.2559     0.9162    -0.4896     2.2451     0.8038
[1] 19700.0000     0.0109     0.9629    -0.2542     2.0174     0.8437
[1] 19800.0000     0.0000     0.8193     0.1220     1.7921     0.8589
[1] 19900.0000     0.0000     0.9981    -0.1119     2.0190     1.0280
[1] 20000.0000     0.0000     0.8708    -0.4690     2.2979     1.0213
[1] 20100.0000     0.0000     0.9794     0.1121     1.7502     1.1721
[1] 20200.0000     0.9961     0.9840     0.0999     1.8544     1.1380
[1] 20300.0000     0.0000     0.8028    -0.3149     2.2370     0.9708
[1] 20400.0000     0.0445     0.9845     0.0598     1.7085     1.1049
[1] 20500.0000     0.0000     0.8964     0.6033     1.2571     1.1285
[1] 20600.0000     0.8007     0.9169     0.0100     1.8908     1.1057
[1] 20700.0000     1.0000     0.8107    -0.3608     2.2662     1.0874
[1] 20800.0000     0.0000     0.9606    -0.4481     2.3004     1.0886
[1] 20900.0000     0.2035     0.9109    -0.0301     1.8353     0.9980
[1] 21000.0000     0.0000     0.8369     0.0476     1.8024     1.0355
[1] 21100.0000     0.0000     0.9732    -0.2979     2.0806     0.8253
[1] 21200.0000     1.0000     0.9611    -0.1166     1.9339     0.8029
[1] 21300.0000     1.0000     0.9067     0.1718     1.8041     0.8492
[1] 21400.0000     0.0465     0.8276    -0.3946     2.0973     0.8233
[1] 21500.0000     0.0650     0.8906    -0.7215     2.6701     0.8206
[1] 21600.0000     0.0259     0.9806    -0.2825     2.1329     0.9443
[1] 21700.0000     0.0000     0.8449    -0.3694     2.1703     0.9351
[1] 21800.0000     0.0025     0.8218    -0.2420     2.1510     1.1739
[1] 21900.0000     0.0000     0.8416    -0.0845     1.9317     1.1370
[1] 22000.0000     0.0000     0.8850     0.1731     1.6231     0.9555
[1] 22100.0000     0.0000     0.8953    -0.4058     2.1911     0.9321
[1] 22200.0000     0.0000     0.8403    -0.2095     2.0318     1.1277
[1] 22300.0000     1.0000     0.9726     0.1206     1.7647     0.8521
[1] 22400.0000     0.0048     0.9494    -0.0874     1.9614     0.9207
[1] 22500.0000     0.2076     0.8623    -0.0423     1.9321     0.8008
[1] 22600.0000     0.0000     0.8858     0.2208     1.6287     0.9064
[1] 22700.0000     0.0000     0.8271    -0.1716     2.0494     1.1968
[1] 22800.0000     0.0592     0.8972    -0.2778     1.9797     1.0231
[1] 22900.0000     0.0002     0.9207     0.2002     1.5954     0.8362
[1] 23000.0000     0.0000     0.9652    -0.1412     1.9804     1.0264
[1] 23100.0000     0.0000     0.9231    -0.5597     2.3764     0.8179
[1] 23200.0000     0.0003     0.9586    -0.2109     2.0037     1.0581
[1] 23300.0000     0.1486     0.8966     0.0273     1.7833     1.0199
[1] 23400.0000     0.0004     0.8223    -0.2956     2.1812     1.0249
[1] 23500.0000     0.0000     0.8934    -0.9153     2.6946     1.1391
[1] 23600.0000     0.0000     0.9324    -0.0461     1.8428     0.8634
[1] 2.370e+04 0.000e+00 9.328e-01 2.220e-02 1.860e+00 1.018e+00
[1] 23800.0000     0.0000     0.8154    -0.4132     2.1530     1.1666
[1] 23900.0000     0.0470     0.8157     0.3071     1.5225     0.8034
[1] 24000.0000     0.0000     0.9801    -0.4359     2.2333     1.1551
[1] 24100.0000     0.0000     0.8747    -0.8701     2.6685     1.0767
[1] 24200.0000     0.0000     0.8562     0.3975     1.3643     0.9310
[1] 24300.0000     0.0000     0.8822    -0.6133     2.5030     1.1634
[1] 24400.0000     0.4957     0.9947     0.1373     1.7496     0.9697
[1] 24500.0000     0.0000     0.9407     0.4218     1.3542     1.0416
[1] 24600.0000     0.0000     0.9062    -0.5265     2.2644     0.8877
[1] 24700.0000     0.0431     0.8664    -0.2974     2.1382     1.1316
[1] 24800.0000     0.0657     0.8109     0.1266     1.6859     1.1899
[1] 24900.0000     0.3091     0.9126    -0.5374     2.4515     1.0268
[1] 25000.0000     0.4098     0.8801     0.1426     1.6166     0.8235
[1] 25100.0000     1.0000     0.8419     0.0369     1.7095     0.8544
[1] 25200.0000     0.0000     0.9920    -0.3740     2.2508     0.8420
[1] 25300.0000     1.0000     0.8151    -0.2449     2.0571     1.0748
[1] 25400.0000     0.9595     0.8988    -0.0260     1.8297     1.0888
[1] 25500.0000     0.0001     0.8303    -0.0591     1.9139     1.1248
[1] 25600.0000     0.0000     0.8978    -0.3934     2.2386     1.1142
[1] 25700.0000     0.0000     0.8060     0.2930     1.5751     0.8422
[1] 25800.0000     0.0000     0.8043    -0.1351     2.0058     0.8730
[1] 25900.0000     0.9294     0.8632     0.1986     1.7055     1.1254
[1] 26000.0000     0.5053     0.9492    -0.0827     2.0007     1.0058
[1] 26100.0000     0.0000     0.9196    -0.1607     1.9178     1.1722
[1] 26200.0000     0.0001     0.9529    -0.5804     2.3600     1.0017
[1] 26300.0000     0.0000     0.8989    -0.2118     1.9796     0.9807
[1] 2.640e+04 0.000e+00 8.767e-01 5.650e-02 1.705e+00 8.041e-01
[1] 26500.0000     0.0892     0.8136    -0.1646     2.0691     0.8843
[1] 26600.0000     0.0000     0.8376    -0.4088     2.2255     1.1467
[1] 26700.0000     0.8990     0.8892    -0.0530     2.0073     0.9428
[1] 26800.0000     0.0000     0.8173    -0.7580     2.5015     0.9752
[1] 26900.0000     0.0000     0.9586     0.1248     1.7567     1.0279
[1] 27000.0000     0.0000     0.9835     0.1646     1.7097     0.8857
[1] 27100.0000     0.5425     0.8095     0.1151     1.7973     1.0497
[1] 27200.0000     0.0058     0.8628    -0.1522     2.0200     1.0265
[1] 27300.0000     0.0000     0.9754    -0.3835     2.2552     0.9688
[1] 27400.0000     0.0000     0.8725     0.1590     1.7714     1.1899
[1] 27500.0000     0.0000     0.8463     0.3309     1.5565     0.8762
[1] 27600.0000     0.0000     0.8732     0.5253     1.3323     0.9172
[1] 27700.0000     0.0000     0.8317    -0.2129     2.0474     1.1846
[1] 27800.0000     0.0000     0.8338     0.4761     1.3845     0.9440
[1] 27900.0000     1.0000     0.8904    -0.2007     2.0570     0.9276
[1] 28000.0000     0.0000     0.8025    -0.1866     2.0470     0.9240
[1] 28100.0000     0.0000     0.9262    -0.5933     2.4153     1.0710
[1] 28200.0000     0.0000     0.9693     0.7724     1.1721     0.8876
[1] 28300.0000     0.0000     0.9886    -0.3583     2.2015     1.1843
[1] 28400.0000     0.3962     0.9594    -0.0681     2.0360     0.8105
[1] 28500.0000     0.0000     0.8824     0.0960     1.7069     0.8003
[1] 28600.0000     0.0000     0.9775     0.2863     1.6229     0.9079
[1] 28700.0000     0.0000     0.8546    -0.4976     2.3253     0.9787
[1] 28800.0000     0.0004     0.8950     0.2279     1.6067     0.9585
[1] 28900.0000     0.0000     0.9040    -0.2592     1.9907     0.8375
[1] 29000.0000     0.0000     0.9692    -0.1089     1.8647     0.9910
[1] 29100.0000     0.0000     0.9089    -0.3515     2.2387     0.8717
[1] 29200.0000     0.0759     0.9367     0.2740     1.5198     1.1465
[1] 29300.0000     1.0000     0.9064     0.3795     1.4383     1.0368
[1] 29400.0000     0.0000     0.8711     0.5716     1.4480     1.1935
[1] 29500.0000     0.0000     0.9607    -0.0401     1.9293     0.9544
[1] 29600.0000     0.0012     0.8335     0.1395     1.6622     1.1940
[1] 29700.0000     0.0002     0.8240     0.2601     1.6593     1.1041
[1] 29800.0000     0.0000     0.8030    -0.1089     1.9791     0.9421
[1] 29900.0000     0.6157     0.9798     0.1665     1.7345     1.0014
[1] 30000.0000     0.0160     0.8841     0.7560     1.1002     1.0036
[1] 0.1299548
Time difference of 4.504961 hours
null device 
          1 
