[1] "El numero de nodos X particion es: 10"
[1] "Model = M2 / Data = sim_data/datasetSVIExponential1.Rdata"
[1] 100.0000   1.0000   0.8291   0.0869   1.9633   0.9331
[1] 200.0000   0.0664   0.8487   0.1966   1.8631   0.8384
[1] 300.0000   0.3869   0.8776   0.3405   1.7630   1.0665
[1] 400.0000   0.0000   0.8775  -0.1241   2.2261   1.0971
[1] 500.0000   0.0000   0.8350   0.6022   1.3904   0.9084
[1] 600.0000   0.0021   0.8988  -0.7703   2.8172   1.1191
[1] 700.0000   0.0222   0.9506   0.1530   1.8061   1.0413
[1] 800.0000   0.0000   0.8728   0.1299   1.9215   0.9084
[1] 900.0000   0.0000   0.8673  -0.6493   2.6492   0.8963
[1] 1000.0000    0.0000    0.8209   -0.8730    2.8893    0.9374
[1] 1100.0000    0.0000    0.9319    0.5440    1.4569    0.8930
[1] 1200.0000    0.1600    0.9320    0.6873    1.3573    0.8095
[1] 1300.0000    0.5507    0.8617   -0.0979    1.9985    1.0550
[1] 1400.0000    0.0000    0.9303   -1.1989    3.1512    1.1894
[1] 1500.0000    0.0000    0.9584   -0.2608    2.3086    1.0940
[1] 1600.0000    0.0000    0.9658   -0.8960    2.9016    1.0950
[1] 1700.0000    0.0000    0.9419   -0.6170    2.7290    1.0966
[1] 1800.0000    0.0000    0.9376   -0.0354    2.1018    0.8302
[1] 1900.0000    0.0000    0.9005   -1.5532    3.6217    0.9368
[1] 2000.0000    0.0000    0.9694   -0.1862    2.2319    1.1746
[1] 2100.0000    0.0000    0.8246    0.0236    1.9064    1.1071
[1] 2200.0000    0.0000    0.8668    0.2990    1.7830    1.0989
[1] 2300.0000    0.0000    0.8951   -0.2279    2.2086    0.9529
[1] 2400.0000    0.0000    0.9355   -0.0510    2.0414    1.1578
[1] 2500.0000    0.0092    0.9668    0.2042    1.7561    0.8029
[1] 2600.0000    0.0000    0.8617   -0.4522    2.4177    0.8044
[1] 2700.0000    0.0000    0.8492   -0.6053    2.6886    0.9140
[1] 2800.0000    0.1594    0.8906   -0.0582    1.9457    0.8787
[1] 2900.0000    0.0000    0.9057   -0.7998    2.8344    0.9581
[1] 3000.0000    0.0000    0.8454   -0.2721    2.3129    0.9669
[1] 3100.0000    0.0000    0.9787    0.4954    1.5597    0.9283
[1] 3200.0000    0.0000    0.9190    0.4680    1.5638    0.9575
[1] 3300.0000    0.0000    0.9312    0.2276    1.8377    0.9302
[1] 3400.0000    0.4798    0.8983    0.8002    1.2661    1.1525
[1] 3500.0000    0.0000    0.8208    0.2123    1.8337    0.8172
[1] 3600.0000    0.0000    0.9625   -0.4780    2.4957    0.8525
[1] 3700.0000    0.5675    0.9624    0.5374    1.4407    0.8094
[1] 3800.0000    0.0000    0.9791    1.3381    0.6441    1.0179
[1] 3900.0000    0.0000    0.8349    0.6075    1.4416    1.1538
[1] 4000.0000    0.0000    0.9782   -0.4582    2.5260    1.1817
[1] 4100.0000    0.0000    0.8388   -1.2164    3.2977    0.8864
[1] 4200.0000    0.0000    0.9756   -1.1420    3.1179    0.9752
[1] 4300.0000    0.2574    0.8741   -1.4407    3.4679    1.1249
[1] 4400.0000    0.0000    0.8310   -0.1206    2.1058    1.1572
[1] 4500.0000    0.2333    0.8410   -0.0658    2.1874    1.1520
[1] 4600.0000    0.0000    0.9581    1.0049    1.1039    0.8180
[1] 4700.0000    0.0000    0.8528   -0.2536    2.2525    0.8411
[1] 4800.0000    0.0000    0.8660   -0.6760    2.7017    1.0939
[1] 4900.0000    0.0000    0.8114   -1.2184    3.2319    0.8255
[1] 5000.0000    0.0000    0.9762   -1.2028    3.1317    0.8665
[1] 5100.0000    0.0000    0.9679   -1.1396    3.1443    1.1951
[1] 5200.0000    0.0000    0.8381   -0.5295    2.6670    0.9753
[1] 5300.0000    0.0000    0.8845   -0.3127    2.3140    1.0022
[1] 5400.0000    0.0000    0.8536   -0.1816    2.2498    0.9337
[1] 5500.0000    0.0000    0.8506    0.4531    1.5247    1.1979
[1] 5600.0000    0.0000    0.8117    0.1945    1.7921    0.9121
[1] 5700.0000    0.0000    0.8882    0.7132    1.2951    1.0651
[1] 5800.0000    0.0000    0.8612   -0.7473    2.8493    1.0327
[1] 5900.0000    0.0000    0.9311   -0.9341    3.0006    0.8983
[1] 6000.0000    0.0000    0.9582    0.4096    1.5550    0.9643
[1] 6100.0000    0.0000    0.8914    0.5616    1.5077    0.9242
[1] 6200.0000    0.0000    0.8741    0.6414    1.3764    0.8043
[1] 6300.0000    0.0000    0.9569   -0.2473    2.2531    0.8080
[1] 6400.0000    0.0000    0.9599   -0.4145    2.5013    0.9947
[1] 6500.0000    0.0147    0.9084    0.5323    1.5945    1.0918
[1] 6600.0000    0.0000    0.8710   -0.1312    2.0627    0.9001
[1] 6700.0000    0.0000    0.8126   -1.0907    3.1822    1.1740
[1] 6800.0000    0.1812    0.8642    0.5501    1.5084    1.0905
[1] 6900.0000    0.0000    0.8857   -0.4926    2.5934    0.9847
[1] 7000.0000    0.0000    0.8521    0.1164    1.9442    1.0680
[1] 7100.0000    0.0000    0.9857    0.4778    1.5548    1.0571
[1] 7200.0000    0.0000    0.8247    0.0262    2.0901    0.8913
[1] 7300.0000    0.0000    0.9346    0.4540    1.5957    1.1740
[1] 7400.0000    0.0000    0.8045   -0.3116    2.3247    0.8734
[1] 7500.0000    0.0000    0.8475   -1.2961    3.2833    1.0597
[1] 7600.0000    0.0000    0.9493   -0.2235    2.2569    0.9281
[1] 7700.0000    0.0000    0.8552   -1.5156    3.4541    1.0850
[1] 7800.0000    0.0000    0.8350   -0.3386    2.4256    1.1361
[1] 7900.0000    0.0000    0.9654   -0.3640    2.3225    1.1831
[1] 8000.0000    0.0000    0.9309    0.2801    1.6392    1.0835
[1] 8100.0000    0.0000    0.8483   -0.3651    2.3259    0.8203
[1] 8200.0000    0.0000    0.9207   -0.4172    2.4345    1.1282
[1] 8300.0000    0.0000    0.8222   -0.3269    2.3911    0.8438
[1] 8400.0000    0.0000    0.9658   -0.5081    2.4390    0.9286
[1] 8500.0000    0.0000    0.8325   -0.2034    2.3029    1.0750
[1] 8600.0000    0.0000    0.8576   -0.8075    2.8235    1.0835
[1] 8700.0000    0.0000    0.8940   -0.4356    2.4362    1.0236
[1] 8800.0000    0.0000    0.9735   -0.3356    2.2599    1.0381
[1] 8900.0000    0.0000    0.8248   -0.1577    2.1734    1.0728
[1] 9000.0000    0.0000    0.8301    0.5903    1.3999    1.1387
[1] 9100.0000    0.0000    0.8755    0.3702    1.6573    0.8812
[1] 9200.0000    0.0000    0.8129   -0.1898    2.2382    1.1264
[1] 9300.0000    0.0000    0.9270   -0.0568    2.0985    1.1117
[1] 9400.0000    0.0000    0.8413    1.0612    0.8920    1.0761
[1] 9500.0000    0.0000    0.8817   -0.8190    2.8254    1.0875
[1] 9600.0000    0.0000    0.8149    0.1812    1.8427    0.9056
[1] 9700.0000    0.0000    0.8918    1.0636    0.9097    0.8845
[1] 9800.0000    0.0000    0.8667    0.5338    1.4623    0.9410
[1] 9900.0000    0.0000    0.9876    1.2843    0.7416    0.9739
[1] 10000.0000     0.4128     0.9984    -0.3816     2.3943     0.9987
[1] 10100.0000     0.0002     0.9390    -0.1096     2.1308     1.0815
[1] 10200.0000     0.0000     0.8133     0.0206     1.9836     1.1117
[1] 10300.0000     0.2721     0.9549     1.6599     0.3621     0.8021
[1] 10400.0000     0.0000     0.9109     0.1380     1.8147     0.9653
[1] 10500.0000     0.0000     0.9035     0.5607     1.4737     0.9966
[1] 10600.0000     0.0000     0.8442    -0.2926     2.3855     0.9495
[1] 1.070e+04 0.000e+00 8.398e-01 1.053e-01 1.932e+00 1.059e+00
[1] 10800.0000     0.0122     0.8878     0.7448     1.2734     0.8615
[1] 10900.0000     0.0000     0.9660     0.8186     1.2955     1.1970
[1] 11000.0000     0.0032     0.8176     0.8654     1.2393     0.9081
[1] 11100.0000     0.0000     0.9587    -0.0985     2.0841     0.9308
[1] 11200.0000     0.0813     0.9398    -0.4638     2.4526     0.9513
[1] 11300.0000     0.0000     0.8936    -0.4632     2.4721     1.0961
[1] 11400.0000     0.0003     0.9548     1.0073     1.0979     1.0047
[1] 11500.0000     0.0000     0.9619    -0.0036     1.9971     0.9110
[1] 11600.0000     0.0001     0.9104     0.0130     2.0496     0.8269
[1] 11700.0000     0.0001     0.8224     0.1413     1.9028     0.8539
[1] 11800.0000     0.0000     0.8027     0.0339     2.0642     0.8530
[1] 11900.0000     0.0000     0.8460    -0.8701     2.9044     0.8150
[1] 12000.0000     0.0000     0.8056     0.4525     1.6432     1.1142
[1] 12100.0000     0.0000     0.8005    -0.5177     2.5046     0.8375
[1] 12200.0000     0.1392     0.9853     0.1253     1.9438     1.1443
[1] 12300.0000     0.0000     0.8010     1.2726     0.7595     0.8810
[1] 12400.0000     0.1049     0.8019    -0.5749     2.6675     1.1971
[1] 12500.0000     0.0000     0.8870    -0.5706     2.5360     1.1524
[1] 12600.0000     0.0000     0.8126    -0.6656     2.7285     1.1805
[1] 12700.0000     0.0000     0.9614    -0.2651     2.1437     0.8958
[1] 12800.0000     0.0000     0.8257    -0.3957     2.4507     0.8904
[1] 12900.0000     0.0345     0.9204     0.4261     1.6404     0.8219
[1] 13000.0000     0.0000     0.8069     0.2070     1.7813     1.0997
[1] 13100.0000     0.0000     0.9404     0.9555     1.1097     0.9822
[1] 13200.0000     0.0000     0.8843     0.2688     1.7968     0.9997
[1] 13300.0000     0.0000     0.9057    -0.5428     2.5377     0.9177
[1] 13400.0000     0.0000     0.8092    -0.5525     2.5911     1.1676
[1] 13500.0000     0.0000     0.8466    -0.5759     2.6710     0.8143
[1] 13600.0000     0.0000     0.8917     0.9052     1.1447     1.0301
[1] 13700.0000     0.0000     0.9094     0.0689     1.9823     0.8623
[1] 13800.0000     0.0000     0.8787    -0.5702     2.5842     1.0611
[1] 13900.0000     0.0000     0.8573    -0.3503     2.3890     0.8372
[1] 1.400e+04 0.000e+00 9.588e-01 5.140e-01 1.500e+00 9.662e-01
[1] 14100.0000     0.0000     0.8844     0.7534     1.1356     1.1867
[1] 14200.0000     0.0000     0.8479     0.2385     1.7461     0.8739
[1] 14300.0000     0.0000     0.8548    -0.7325     2.6999     0.8231
[1] 14400.0000     0.0115     0.8623     0.2535     1.7543     0.8985
[1] 14500.0000     0.5367     0.9833     1.1203     0.9027     1.1771
[1] 14600.0000     0.0000     0.8570     0.6545     1.3052     1.1138
[1] 14700.0000     0.0000     0.9923     0.0427     1.8991     1.0723
[1] 14800.0000     0.0000     0.9988     0.8207     1.1532     0.9067
[1] 14900.0000     0.0319     0.8051     0.0243     1.9898     1.0614
[1] 15000.0000     0.0005     0.9447     0.2544     1.7033     0.8911
[1] 15100.0000     0.9793     0.8292     0.5273     1.5364     0.9249
[1] 15200.0000     0.0000     0.8242     0.1553     1.8567     1.0800
[1] 15300.0000     1.0000     0.8282     0.4337     1.5203     1.1177
[1] 15400.0000     0.0110     0.8397     0.1060     1.9702     1.1015
[1] 15500.0000     0.0000     0.9734    -1.3563     3.4191     1.1714
[1] 15600.0000     0.0000     0.8520    -0.7727     2.8818     1.1912
[1] 15700.0000     0.0000     0.8475    -0.3408     2.3255     0.9690
[1] 15800.0000     0.0000     0.9108    -0.2179     2.2258     0.9068
[1] 15900.0000     0.0000     0.8876    -0.1930     2.1731     0.9067
[1] 16000.0000     0.0001     0.8124    -0.7030     2.7050     1.1160
[1] 16100.0000     0.0000     0.9566     0.8220     1.2589     1.0234
[1] 16200.0000     0.0000     0.9466    -0.0232     2.0015     0.9477
[1] 16300.0000     0.0000     0.9158    -0.6230     2.6930     0.9491
[1] 1.640e+04 0.000e+00 9.648e-01 9.700e-02 1.948e+00 9.493e-01
[1] 16500.0000     0.6274     0.9646    -0.1341     2.1072     1.1820
[1] 16600.0000     0.0000     0.8294    -0.9784     3.0459     0.8835
[1] 16700.0000     0.0000     0.9635     0.7214     1.2176     0.8336
[1] 16800.0000     0.0000     0.9358     0.1125     1.9297     0.9778
[1] 16900.0000     0.0000     0.9190     0.7975     1.1826     0.9241
[1] 17000.0000     0.0000     0.9790     0.1231     1.9322     0.8822
[1] 17100.0000     0.0000     0.9305     1.2026     0.8795     0.9283
[1] 17200.0000     0.0000     0.9497     0.5586     1.4945     0.8252
[1] 17300.0000     1.0000     0.8396     0.0706     1.9399     1.0131
[1] 17400.0000     0.0000     0.8593     0.1973     1.8656     1.1450
[1] 17500.0000     0.0000     0.9677    -0.3671     2.4249     1.1479
[1] 17600.0000     0.0000     0.8280     0.1928     1.7948     1.1486
[1] 17700.0000     0.0000     0.8794     0.6767     1.3307     0.9707
[1] 17800.0000     0.0000     0.9383    -0.2194     2.3477     1.0084
[1] 17900.0000     0.0000     0.9083     0.4456     1.6371     0.9495
[1] 18000.0000     1.0000     0.9109     0.5109     1.5484     0.8712
[1] 1.810e+04 0.000e+00 9.461e-01 4.553e-01 1.447e+00 9.222e-01
[1] 18200.0000     0.0072     0.8582     1.4415     0.5127     0.9652
[1] 18300.0000     0.0000     0.9012     0.2882     1.7299     1.0710
[1] 18400.0000     0.0000     0.8109    -0.1321     2.1743     1.0647
[1] 18500.0000     0.0000     0.8451    -0.2731     2.3664     0.9054
[1] 18600.0000     0.0000     0.8656     0.1822     1.8889     0.8624
[1] 18700.0000     0.0000     0.8080    -0.3166     2.3698     0.9308
[1] 18800.0000     0.0000     0.8537     0.4838     1.5957     0.9005
[1] 18900.0000     0.0000     0.9024    -0.8961     2.8759     1.0613
[1] 19000.0000     0.0000     0.8366    -1.3922     3.3902     0.8015
[1] 19100.0000     0.0000     0.8878    -0.4620     2.3617     1.0323
[1] 19200.0000     0.0000     0.8001    -0.1934     2.1640     0.9641
[1] 19300.0000     0.0000     0.8035    -0.2362     2.2333     1.0886
[1] 19400.0000     0.0000     0.9330    -0.1216     2.1406     1.0363
[1] 19500.0000     0.0000     0.9654     0.4333     1.6261     0.9669
[1] 19600.0000     0.7232     0.9162    -0.6812     2.7367     0.8038
[1] 19700.0000     0.0000     0.8982     0.2612     1.6685     1.1826
[1] 19800.0000     0.0000     0.9408     0.9035     1.1669     0.9927
[1] 19900.0000     0.0000     0.9981     0.1568     1.8925     1.0280
[1] 20000.0000     0.0000     0.8708     0.2897     1.6918     1.0213
[1] 20100.0000     0.0000     0.9080    -0.1300     2.2402     1.0402
[1] 20200.0000     0.6276     0.9840    -0.3335     2.3125     1.1380
[1] 20300.0000     0.0000     0.9921     0.1386     1.9226     1.1096
[1] 20400.0000     0.0051     0.9072     0.3228     1.6912     0.9991
[1] 20500.0000     0.0000     0.9083    -0.7051     2.7838     0.8030
[1] 20600.0000     0.9093     0.9169    -0.1037     2.1668     1.1057
[1] 20700.0000     1.0000     0.8107     0.2196     1.7085     1.0874
[1] 20800.0000     0.0000     0.9606    -0.6054     2.6592     1.0886
[1] 20900.0000     0.0001     0.9109     0.8242     1.2322     0.9980
[1] 21000.0000     0.0000     0.9912     1.4068     0.6436     1.0875
[1] 21100.0000     0.0000     0.9732    -0.0358     2.0186     0.8253
[1] 21200.0000     0.0255     0.8263     0.4252     1.6006     1.1324
[1] 21300.0000     0.0000     0.8399    -0.3521     2.2789     1.0171
[1] 2.140e+04 1.000e-04 9.719e-01 3.936e-01 1.615e+00 9.071e-01
[1] 21500.0000     0.0000     0.9375    -0.0377     1.9541     1.0777
[1] 21600.0000     0.0000     0.8010    -0.3699     2.3558     1.1966
[1] 21700.0000     0.0000     0.8416    -0.9603     3.0276     1.0860
[1] 21800.0000     0.0000     0.8218    -0.3500     2.4877     1.1739
[1] 21900.0000     0.0000     0.9408     0.3556     1.6263     0.9421
[1] 22000.0000     0.0000     0.8850     1.1591     0.8077     0.9555
[1] 22100.0000     0.0000     0.8953    -0.2063     2.1717     0.9321
[1] 22200.0000     0.0000     0.9882    -0.0607     2.0033     0.9514
[1] 22300.0000     0.0007     0.8584     0.1621     1.8491     0.9367
[1] 22400.0000     0.0000     0.9494     0.6313     1.3977     0.9207
[1] 22500.0000     0.0001     0.9610     1.1553     0.8435     0.9963
[1] 22600.0000     0.0000     0.8858     1.4807     0.6603     0.9064
[1] 22700.0000     0.0000     0.8271     0.3992     1.5351     1.1968
[1] 2.280e+04 0.000e+00 9.630e-01 1.030e-01 1.999e+00 9.437e-01
[1] 2.290e+04 0.000e+00 9.207e-01 6.932e-01 1.272e+00 8.362e-01
[1] 2.300e+04 0.000e+00 9.491e-01 4.852e-01 1.509e+00 8.538e-01
[1] 23100.0000     0.0000     0.8611    -0.3038     2.3129     1.0907
[1] 23200.0000     0.0000     0.8288    -0.4761     2.5398     0.8616
[1] 23300.0000     0.4425     0.8966     0.0491     2.0128     1.0199
[1] 23400.0000     0.0000     0.9703    -0.0293     2.0624     0.9326
[1] 23500.0000     0.0000     0.8934    -0.3319     2.3556     1.1391
[1] 23600.0000     0.0000     0.8360     0.6724     1.3287     0.8406
[1] 23700.0000     0.0000     0.8580     0.7891     1.2368     0.8494
[1] 23800.0000     0.0000     0.9509     0.1657     1.7674     0.9516
[1] 23900.0000     0.0000     0.8157     0.5887     1.4387     0.8034
[1] 24000.0000     0.0000     0.9653     0.1857     1.8145     0.9324
[1] 24100.0000     0.0000     0.8643    -1.3830     3.4374     0.9462
[1] 24200.0000     0.0000     0.8562     0.2778     1.6354     0.9310
[1] 24300.0000     0.0000     0.8207    -0.9903     3.0347     1.1509
[1] 24400.0000     1.0000     0.9947     0.5846     1.4582     0.9697
[1] 24500.0000     0.0000     0.9064     0.8865     1.0759     0.8345
[1] 24600.0000     0.0000     0.9062     0.9323     1.0834     0.8877
[1] 24700.0000     0.0003     0.9025    -0.3507     2.4063     0.8040
[1] 24800.0000     0.0001     0.8109    -0.0148     2.0396     1.1899
[1] 2.490e+04 0.000e+00 9.495e-01 1.947e-01 1.775e+00 8.626e-01
[1] 25000.0000     0.0015     0.9399    -0.0104     2.0703     0.8472
[1] 25100.0000     0.0000     0.9605     1.2988     0.7022     1.0743
[1] 25200.0000     0.0000     0.8184    -0.1872     2.2020     0.8574
[1] 25300.0000     1.0000     0.8151    -0.4452     2.4817     1.0748
[1] 25400.0000     1.0000     0.8988    -0.1697     2.1875     1.0888
[1] 25500.0000     0.0000     0.8147     0.5479     1.4580     1.1844
[1] 25600.0000     0.0000     0.8978     0.0463     1.9777     1.1142
[1] 25700.0000     0.0000     0.8060     0.8748     1.1977     0.8422
[1] 25800.0000     0.0000     0.8043    -0.6669     2.5712     0.8730
[1] 25900.0000     1.0000     0.8632    -0.3663     2.4026     1.1254
[1] 26000.0000     0.3648     0.9492    -0.1132     2.2345     1.0058
[1] 26100.0000     0.0000     0.9196     0.4275     1.4832     1.1722
[1] 26200.0000     0.0000     0.9768    -0.2004     2.1437     0.9801
[1] 26300.0000     0.0000     0.8530     0.2531     1.7574     1.0678
[1] 26400.0000     0.0000     0.8767     0.3991     1.5526     0.8041
[1] 26500.0000     0.0012     0.9903     0.1692     1.9202     1.1966
[1] 26600.0000     0.0000     0.9293    -0.9362     3.1214     0.8497
[1] 26700.0000     0.0000     0.8184    -0.4795     2.4427     0.9177
[1] 26800.0000     0.0000     0.8448    -1.9322     3.8885     0.8652
[1] 26900.0000     0.0000     0.9241    -0.2506     2.3789     1.0646
[1] 27000.0000     0.0000     0.8794    -0.1422     2.1249     0.8948
[1] 27100.0000     0.8855     0.9280    -0.4247     2.4547     1.0348
[1] 27200.0000     0.0000     0.8628    -0.7504     2.7916     1.0265
[1] 27300.0000     0.0000     0.9326    -0.0267     2.0406     0.8298
[1] 27400.0000     0.0000     0.9843     0.1789     1.8504     1.1629
[1] 27500.0000     0.0000     0.8677     0.4566     1.5674     0.9516
[1] 27600.0000     0.0000     0.8732     1.4675     0.5821     0.9172
[1] 27700.0000     0.0000     0.8768     0.2980     1.7976     1.0202
[1] 27800.0000     0.0000     0.8338     0.3184     1.6781     0.9440
[1] 2.790e+04 1.000e+00 8.904e-01 6.606e-01 1.342e+00 9.276e-01
[1] 28000.0000     0.0000     0.8025    -0.5389     2.5732     0.9240
[1] 28100.0000     0.0000     0.9262     0.7981     1.2903     1.0710
[1] 28200.0000     0.0000     0.9683     0.2833     1.7445     0.8917
[1] 28300.0000     0.0000     0.9886    -0.2338     2.2486     1.1843
[1] 28400.0000     1.0000     0.9594     0.2395     1.7874     0.8105
[1] 28500.0000     0.0000     0.8824     0.5411     1.4446     0.8003
[1] 28600.0000     0.0000     0.9775    -0.1531     2.1119     0.9079
[1] 28700.0000     0.0000     0.9675    -0.7680     2.7898     1.1579
[1] 28800.0000     0.0000     0.8104    -0.2522     2.2661     1.1940
[1] 28900.0000     0.0000     0.9137    -0.2234     2.3115     0.8478
[1] 29000.0000     0.0000     0.9277     0.4044     1.6181     1.1735
[1] 29100.0000     0.0000     0.8445     0.0400     2.0201     0.8871
[1] 29200.0000     0.0388     0.9371     1.1053     0.9153     1.1436
[1] 29300.0000     0.0020     0.9749     0.8616     1.1391     0.9782
[1] 29400.0000     0.0000     0.9394     0.8310     1.0839     1.1754
[1] 29500.0000     0.0000     0.8094     0.1218     1.9066     0.8253
[1] 29600.0000     0.0000     0.8335    -0.0435     2.0399     1.1940
[1] 29700.0000     0.0000     0.9991    -0.4606     2.4415     0.9357
[1] 29800.0000     0.0000     0.8030    -0.9233     3.0133     0.9421
[1] 29900.0000     0.8254     0.9798    -0.1915     2.2607     1.0014
[1] 30000.0000     0.0000     0.8841     0.6868     1.3137     1.0036
[1] 0.07171713
Time difference of 10.40193 hours
null device 
          1 
