[1] "El numero de nodos X particion es: 10"
[1] "Model = M1 / Data = sim_data/datasetSVIMatern10.Rdata"
[1] 100.0000   0.5419   0.9429   0.0980   1.9114   1.1970
[1] 200.0000   0.0673   0.8487   0.2995   1.7148   0.8384
[1] 300.0000   0.7576   0.8776  -0.0927   2.1507   1.0665
[1] 400.0000   0.1059   0.9217   0.0385   1.9689   0.9692
[1] 500.0000   0.0000   0.8380   0.1158   1.9835   0.8203
[1] 600.0000   1.0000   0.9748  -0.5524   2.4932   1.0386
[1] 700.0000   0.0005   0.8999  -0.3130   2.3595   1.0702
[1] 800.0000   0.0000   0.8728   0.0772   1.9836   0.9084
[1] 900.0000   0.0000   0.9344  -0.4210   2.3350   1.0036
[1] 1000.0000    0.0000    0.8209   -0.0752    2.0969    0.9374
[1] 1100.0000    0.0000    0.9319    0.5637    1.4405    0.8930
[1] 1200.0000    0.4585    0.8603    0.7799    1.3244    0.9164
[1] 1300.0000    0.4883    0.8617   -0.4396    2.3503    1.0550
[1] 1400.0000    0.0000    0.9303   -1.2891    3.2255    1.1894
[1] 1500.0000    0.0000    0.9584   -0.2459    2.2539    1.0940
[1] 1600.0000    0.0000    0.9658   -1.2770    3.2407    1.0950
[1] 1700.0000    0.0000    0.9419   -0.7418    2.8423    1.0966
[1] 1800.0000    0.0000    0.9376   -0.1441    2.1823    0.8302
[1] 1900.0000    0.0000    0.9875   -0.6933    2.7360    0.8532
[1] 2000.0000    0.0000    0.9400   -0.1380    2.2175    1.1109
[1] 2100.0000    0.0000    0.9433   -0.2797    2.1670    1.0825
[1] 2200.0000    0.0000    0.8668   -0.0133    2.0698    1.0989
[1] 2300.0000    0.0001    0.8951   -0.4362    2.4228    0.9529
[1] 2400.0000    0.0000    0.9355    0.1693    1.8099    1.1578
[1] 2500.0000    0.0316    0.8909    0.7153    1.2506    1.1217
[1] 2600.0000    0.0000    0.8617   -0.3465    2.3305    0.8044
[1] 2700.0000    0.0000    0.9893   -0.0829    2.0706    0.9085
[1] 2800.0000    0.0004    0.9382    0.2842    1.6914    1.1558
[1] 2900.0000    0.0000    0.9982   -0.5595    2.5611    0.9626
[1] 3000.0000    0.0000    0.9485   -0.5160    2.4939    1.1645
[1] 3100.0000    0.0000    0.9751    0.3926    1.6336    1.0618
[1] 3200.0000    0.0000    0.9190   -0.3598    2.3984    0.9575
[1] 3300.0000    0.0000    0.9312   -0.0517    2.0841    0.9302
[1] 3400.0000    0.9385    0.8983    0.4918    1.5614    1.1525
[1] 3500.0000    0.0000    0.9256    0.0605    1.8901    1.1684
[1] 3600.0000    0.0000    0.8412   -0.1833    2.1991    0.8625
[1] 3700.0000    1.0000    0.9624    0.7649    1.2593    0.8094
[1] 3800.0000    0.0000    0.9791    1.4182    0.5635    1.0179
[1] 3900.0000    0.0000    0.8319   -0.0122    2.1037    0.8180
[1] 4000.0000    0.0000    0.9448    0.2282    1.7854    1.0791
[1] 4100.0000    0.0000    0.8388   -0.6371    2.6963    0.8864
[1] 4200.0000    0.0000    0.9756   -0.4794    2.4715    0.9752
[1] 4300.0000    0.4024    0.8741   -0.7178    2.6811    1.1249
[1] 4400.0000    0.0000    0.9459    0.2752    1.7845    1.1887
[1] 4500.0000    0.4491    0.8410    0.3561    1.7366    1.1520
[1] 4600.0000    0.0000    0.9525    1.0465    1.0656    1.1110
[1] 4700.0000    0.0000    0.9806   -0.2681    2.2882    1.0866
[1] 4800.0000    0.0000    0.8660   -0.6210    2.6622    1.0939
[1] 4900.0000    0.0000    0.9924   -0.5145    2.5853    1.1836
[1] 5000.0000    0.0055    0.9988   -1.5119    3.4353    0.9542
[1] 5100.0000    0.0000    0.9679   -0.8220    2.7410    1.1951
[1] 5200.0000    0.0000    0.8051    0.1015    1.9199    0.8965
[1] 5300.0000    0.0000    0.8845    0.0403    1.9776    1.0022
[1] 5400.0000    0.0000    0.9713   -0.0431    1.8716    1.1011
[1] 5500.0000    0.0000    0.8506    0.4442    1.4810    1.1979
[1] 5600.0000    0.0000    0.9929   -0.5422    2.4725    1.1085
[1] 5700.0000    0.0000    0.9445    0.2058    1.8556    1.0237
[1] 5800.0000    0.0000    0.8612   -0.8232    2.9242    1.0327
[1] 5900.0000    0.0000    0.9311   -0.7800    2.8031    0.8983
[1] 6000.0000    0.0000    0.9870    0.0722    1.8966    1.0819
[1] 6100.0000    0.0000    0.9284   -0.3864    2.4183    0.9188
[1] 6200.0000    0.0000    0.9400    0.1097    1.8120    0.8404
[1] 6300.0000    0.0000    0.9569    0.3165    1.8025    0.8080
[1] 6400.0000    0.0000    0.9918   -0.5179    2.6836    1.1860
[1] 6500.0000    0.0210    0.9084   -0.4238    2.4913    1.0918
[1] 6600.0000    0.0000    0.8710    0.2867    1.6760    0.9001
[1] 6700.0000    0.0000    0.9599   -0.9887    2.9524    0.9404
[1] 6800.0000    0.1385    0.8794    0.2973    1.7222    0.9381
[1] 6900.0000    0.0000    0.9290   -0.7151    2.7314    1.0476
[1] 7000.0000    0.0000    0.8521    0.5097    1.5034    1.0680
[1] 7100.0000    0.0000    0.9857    0.7533    1.2938    1.0571
[1] 7200.0000    0.0000    0.8247   -0.1402    2.2346    0.8913
[1] 7300.0000    0.0000    0.9346    0.5114    1.5152    1.1740
[1] 7400.0000    0.0000    0.8045   -0.2211    2.2076    0.8734
[1] 7500.0000    0.0000    0.8918   -2.1597    4.1081    1.0101
[1] 7600.0000    0.0000    0.9493   -0.4622    2.4324    0.9281
[1] 7700.0000    0.0000    0.9030   -1.2321    3.2357    1.1500
[1] 7800.0000    0.0000    0.9477   -0.0508    2.0176    0.8206
[1] 7900.0000    0.0000    0.9654   -0.4178    2.2896    1.1831
[1] 8000.0000    0.0000    0.9309    0.8469    1.1052    1.0835
[1] 8100.0000    0.0000    0.8483   -0.0145    1.9779    0.8203
[1] 8200.0000    0.0000    0.9207   -0.2399    2.2155    1.1282
[1] 8300.0000    0.0000    0.8222   -0.1765    2.2315    0.8438
[1] 8400.0000    0.0000    0.9658    0.0531    1.9466    0.9286
[1] 8500.0000    0.0000    0.8325   -0.1357    2.2144    1.0750
[1] 8600.0000    0.0030    0.9564   -0.9373    3.0063    0.9963
[1] 8700.0000    0.0000    0.8940   -0.1221    2.1328    1.0236
[1] 8800.0000    0.0000    0.9735   -0.3294    2.2745    1.0381
[1] 8900.0000    0.0000    0.8674    0.3871    1.5882    1.0474
[1] 9000.0000    0.0000    0.8301    0.7698    1.1798    1.1387
[1] 9100.0000    0.0000    0.8755   -0.4517    2.4752    0.8812
[1] 9200.0000    0.0000    0.8777   -0.5830    2.7031    1.1489
[1] 9300.0000    0.0000    0.8689    0.2199    1.8812    0.9976
[1] 9400.0000    0.0000    0.9737    1.2079    0.7233    1.0570
[1] 9500.0000    0.0000    0.8817   -0.2738    2.2379    1.0875
[1] 9600.0000    0.0000    0.8149    0.2621    1.7429    0.9056
[1] 9700.0000    0.0000    0.9657    1.3468    0.7551    0.9166
[1] 9800.0000    0.0000    0.9462   -0.1063    2.1077    1.1275
[1] 9900.0000    0.0000    0.9876    1.4035    0.5996    0.9739
[1] 10000.0000     0.2527     0.9984    -0.8444     2.8409     0.9987
[1] 10100.0000     0.1813     0.9259    -0.6692     2.5986     1.1999
[1] 10200.0000     0.0002     0.8458    -0.1363     2.1268     1.1044
[1] 1.030e+04 7.800e-01 9.112e-01 1.372e+00 6.365e-01 1.032e+00
[1] 10400.0000     0.0000     0.9104    -0.0174     1.9632     1.0059
[1] 10500.0000     0.0000     0.9828     0.3230     1.6369     0.8036
[1] 10600.0000     0.0000     0.8442     0.5046     1.5923     0.9495
[1] 10700.0000     0.0000     0.8398     0.2451     1.8135     1.0590
[1] 10800.0000     0.0063     0.9785     0.3084     1.7122     1.1554
[1] 10900.0000     0.0000     0.9660     0.5590     1.5484     1.1970
[1] 11000.0000     0.2757     0.8012     0.6327     1.4688     0.9407
[1] 11100.0000     0.0000     0.9587    -0.2688     2.2563     0.9308
[1] 11200.0000     0.1489     0.9398    -0.6100     2.5993     0.9513
[1] 11300.0000     0.0000     0.8936    -0.6094     2.6176     1.0961
[1] 11400.0000     0.0102     0.9548     0.1323     1.9745     1.0047
[1] 11500.0000     0.0000     0.9619    -0.6897     2.6490     0.9110
[1] 11600.0000     0.0001     0.9104    -0.6717     2.6965     0.8269
[1] 11700.0000     0.0016     0.9616     0.4818     1.5245     1.1733
[1] 11800.0000     0.0000     0.8027     0.0707     2.0112     0.8530
[1] 11900.0000     0.0000     0.8934    -0.5761     2.6186     1.0759
[1] 12000.0000     0.0000     0.8056     0.3948     1.6840     1.1142
[1] 12100.0000     0.0000     0.8005    -0.6062     2.5996     0.8375
[1] 12200.0000     0.2344     0.8496     0.6722     1.4068     0.8460
[1] 12300.0000     0.0001     0.8010     0.4837     1.5806     0.8810
[1] 12400.0000     0.1431     0.8019    -0.3916     2.4526     1.1971
[1] 12500.0000     0.0000     0.8870    -0.0455     2.0052     1.1524
[1] 12600.0000     0.0000     0.9125    -0.4500     2.5594     1.1924
[1] 12700.0000     0.0000     0.9614    -0.5492     2.4511     0.8958
[1] 12800.0000     0.0000     0.8257    -0.2133     2.2322     0.8904
[1] 12900.0000     0.0748     0.9204     0.7640     1.2872     0.8219
[1] 13000.0000     0.0000     0.8069     0.2880     1.7030     1.0997
[1] 1.310e+04 0.000e+00 9.404e-01 1.580e+00 4.740e-01 9.822e-01
[1] 13200.0000     0.0009     0.8843    -1.4061     3.3678     0.9997
[1] 13300.0000     0.0000     0.9271    -0.1494     2.1018     0.8364
[1] 13400.0000     0.0000     0.8092    -0.4118     2.4324     1.1676
[1] 13500.0000     0.0000     0.8466    -0.5894     2.5866     0.8143
[1] 13600.0000     0.0000     0.8917     0.0948     1.9292     1.0301
[1] 13700.0000     0.0000     0.8561     0.0477     1.9693     0.9281
[1] 13800.0000     0.0000     0.8787    -0.5380     2.6072     1.0611
[1] 13900.0000     0.0000     0.8495     0.3611     1.5936     1.0802
[1] 14000.0000     0.0000     0.9588     0.8646     1.1201     0.9662
[1] 14100.0000     0.0000     0.8844     0.6122     1.2533     1.1867
[1] 14200.0000     0.0000     0.8479     1.0056     0.9476     0.8739
[1] 14300.0000     0.0000     0.9227    -0.7308     2.6825     1.0001
[1] 14400.0000     0.1074     0.8623     0.1359     1.8853     0.8985
[1] 14500.0000     1.0000     0.9833     0.9722     1.0643     1.1771
[1] 14600.0000     0.0000     0.8721     1.0203     1.0331     0.9912
[1] 14700.0000     0.0000     0.9923    -0.2864     2.2342     1.0723
[1] 14800.0000     0.0000     0.9988     1.1926     0.8506     0.9067
[1] 14900.0000     0.0182     0.9582    -0.2801     2.3203     1.0321
[1] 15000.0000     0.0075     0.8279     0.1052     1.9039     1.0826
[1] 15100.0000     0.2983     0.9118     0.1043     1.8849     0.9692
[1] 15200.0000     0.0000     0.8734    -0.1806     2.2329     0.8767
[1] 15300.0000     1.0000     0.8282    -0.3099     2.2898     1.1177
[1] 15400.0000     0.0947     0.8005    -1.2595     3.3348     0.8812
[1] 15500.0000     0.0000     0.9734    -1.7598     3.8704     1.1714
[1] 15600.0000     0.0000     0.8520    -1.4930     3.4836     1.1912
[1] 15700.0000     0.0000     0.8475    -0.3487     2.3244     0.9690
[1] 15800.0000     0.0001     0.9108    -0.7129     2.6736     0.9068
[1] 15900.0000     0.0000     0.8841    -0.2775     2.2669     0.8192
[1] 16000.0000     0.0004     0.8124    -0.8912     2.8816     1.1160
[1] 16100.0000     0.0000     0.9138     0.2176     1.8590     1.1342
[1] 16200.0000     0.0000     0.9466     0.9294     1.0155     0.9477
[1] 16300.0000     0.0000     0.9158     0.3281     1.7086     0.9491
[1] 16400.0000     0.0000     0.9648     0.1759     1.8608     0.9493
[1] 16500.0000     0.1805     0.9668     0.3373     1.6677     1.0926
[1] 16600.0000     0.0000     0.8294    -1.0942     3.1668     0.8835
[1] 16700.0000     0.0000     0.9287     0.1824     1.7289     0.9633
[1] 16800.0000     0.0000     0.9358    -0.4259     2.4397     0.9778
[1] 16900.0000     0.0000     0.8138    -0.0528     1.9983     1.1004
[1] 17000.0000     0.0000     0.9790    -0.4974     2.4778     0.8822
[1] 17100.0000     0.0031     0.9305     1.1721     0.7388     0.9283
[1] 17200.0000     0.0000     0.9497     1.5886     0.3554     0.8252
[1] 17300.0000     1.0000     0.8396     0.6105     1.3900     1.0131
[1] 1.740e+04 0.000e+00 8.593e-01 7.346e-01 1.319e+00 1.145e+00
[1] 17500.0000     0.0000     0.9677    -0.2136     2.2286     1.1479
[1] 17600.0000     0.0000     0.8280     0.9477     1.0668     1.1486
[1] 17700.0000     0.0000     0.8794     0.4245     1.6866     0.9707
[1] 17800.0000     0.0001     0.8771    -1.0583     3.1577     0.9481
[1] 17900.0000     0.0000     0.9083    -0.2818     2.3493     0.9495
[1] 18000.0000     1.0000     0.9109    -0.3856     2.4294     0.8712
[1] 18100.0000     0.0000     0.9981    -0.3183     2.3565     1.0670
[1] 18200.0000     0.0001     0.9706     1.0869     0.9167     0.8923
[1] 18300.0000     0.0000     0.9012     0.3598     1.6698     1.0710
[1] 18400.0000     0.0000     0.9529    -0.1153     2.1709     0.8173
[1] 18500.0000     0.0000     0.9525    -0.0118     1.9958     0.9333
[1] 18600.0000     0.0000     0.8420     0.9045     1.1738     0.8224
[1] 18700.0000     0.0000     0.8080    -0.1762     2.2396     0.9308
[1] 18800.0000     0.0000     0.8635     0.3165     1.6681     1.1693
[1] 18900.0000     0.0000     0.9024     0.0177     1.9057     1.0613
[1] 19000.0000     0.0000     0.8366    -1.2266     3.2291     0.8015
[1] 19100.0000     0.0000     0.9728     0.2616     1.6881     0.8217
[1] 19200.0000     0.0000     0.8001     0.6282     1.3526     0.9641
[1] 19300.0000     0.0000     0.9918    -0.1735     2.1137     0.8386
[1] 19400.0000     0.0000     0.8040    -0.7679     2.9414     1.1551
[1] 19500.0000     0.0000     0.9654     0.3429     1.6786     0.9669
[1] 19600.0000     0.8484     0.9162    -1.0911     3.1279     0.8038
[1] 19700.0000     0.0000     0.8982    -0.1338     2.0411     1.1826
[1] 1.980e+04 0.000e+00 9.408e-01 5.187e-01 1.531e+00 9.927e-01
[1] 19900.0000     0.0000     0.9981    -0.0298     2.1097     1.0280
[1] 20000.0000     0.0000     0.8708     0.2268     1.7188     1.0213
[1] 20100.0000     0.0000     0.9080     0.5615     1.4973     1.0402
[1] 20200.0000     1.0000     0.9840    -0.3932     2.4158     1.1380
[1] 20300.0000     0.0000     0.9533    -0.4623     2.4827     0.8784
[1] 20400.0000     0.0007     0.9072    -0.4991     2.4667     0.9991
[1] 20500.0000     0.0000     0.8964    -0.5729     2.6121     1.1285
[1] 20600.0000     0.8743     0.9169    -0.0011     2.0854     1.1057
[1] 20700.0000     0.8216     0.8107     0.2666     1.7638     1.0874
[1] 20800.0000     0.0000     0.9606    -0.5936     2.5498     1.0886
[1] 20900.0000     0.0004     0.9109     0.6594     1.3851     0.9980
[1] 21000.0000     0.0000     0.9912     1.6125     0.3976     1.0875
[1] 21100.0000     0.0000     0.9732     0.2648     1.7274     0.8253
[1] 21200.0000     0.0077     0.9704     0.1936     1.7930     1.1667
[1] 21300.0000     0.0000     0.9596    -0.3248     2.3134     1.0815
[1] 21400.0000     0.0000     0.9719    -0.1037     2.0661     0.9071
[1] 21500.0000     0.0000     0.9375     0.0762     1.8457     1.0777
[1] 21600.0000     0.0000     0.8010    -0.6104     2.6159     1.1966
[1] 21700.0000     0.0000     0.9766    -0.5275     2.5338     1.1392
[1] 21800.0000     0.0000     0.8218    -0.1038     2.2193     1.1739
[1] 21900.0000     0.0000     0.9084    -1.0931     3.0506     1.1067
[1] 22000.0000     0.0000     0.8850     1.2602     0.7786     0.9555
[1] 22100.0000     0.0000     0.8953    -0.5461     2.5267     0.9321
[1] 22200.0000     0.0000     0.8403    -0.4566     2.4398     1.1277
[1] 22300.0000     0.0000     0.8584    -0.2297     2.2825     0.9367
[1] 22400.0000     0.0000     0.9494     0.4738     1.5456     0.9207
[1] 2.250e+04 2.800e-03 9.610e-01 7.181e-01 1.316e+00 9.963e-01
[1] 22600.0000     0.0000     0.8858     0.9673     1.1532     0.9064
[1] 22700.0000     0.0000     0.8271     1.2486     0.6596     1.1968
[1] 22800.0000     0.0002     0.9630     0.4294     1.6747     0.9437
[1] 22900.0000     0.0000     0.9699     0.5373     1.4297     0.9238
[1] 23000.0000     0.0000     0.9652     0.4815     1.4855     1.0264
[1] 23100.0000     0.0000     0.9231    -0.6218     2.6557     0.8179
[1] 23200.0000     0.0000     0.9741    -0.5231     2.5983     1.1699
[1] 23300.0000     0.1750     0.8966    -0.3801     2.3587     1.0199
[1] 23400.0000     0.0000     0.9418     0.6580     1.3617     0.8205
[1] 23500.0000     0.0000     0.8934    -0.2726     2.3108     1.1391
[1] 23600.0000     0.0000     0.8360     0.7404     1.2732     0.8406
[1] 23700.0000     0.0000     0.8580     0.3282     1.6663     0.8494
[1] 23800.0000     0.0000     0.9509    -0.4460     2.3596     0.9516
[1] 23900.0000     0.0000     0.9284     0.9370     1.0854     0.8824
[1] 24000.0000     0.0000     0.9801     0.2183     1.7192     1.1551
[1] 24100.0000     0.0000     0.8643    -1.5202     3.5045     0.9462
[1] 24200.0000     0.0000     0.8399    -0.1775     2.1751     1.0287
[1] 24300.0000     0.0000     0.8805    -1.2578     3.2654     1.0014
[1] 24400.0000     0.0270     0.9020     0.4633     1.6802     1.0534
[1] 24500.0000     0.0000     0.9407     1.0848     0.8342     1.0416
[1] 24600.0000     0.0000     0.9062    -0.2219     2.1753     0.8877
[1] 24700.0000     0.0000     0.9574    -0.3030     2.2501     1.0919
[1] 24800.0000     0.0011     0.8109    -0.3120     2.3253     1.1899
[1] 24900.0000     0.0000     0.9495    -0.0997     2.0574     0.8626
[1] 25000.0000     0.0001     0.9399     0.3109     1.6997     0.8472
[1] 25100.0000     0.0000     0.9605     1.4449     0.5129     1.0743
[1] 25200.0000     0.0000     0.9435     0.9042     1.1131     1.0372
[1] 25300.0000     1.0000     0.8151     0.6909     1.2487     1.0748
[1] 25400.0000     1.0000     0.8988    -0.3394     2.3531     1.0888
[1] 25500.0000     0.0000     0.8147     0.3888     1.6130     1.1844
[1] 25600.0000     0.0000     0.8978    -0.1202     2.1402     1.1142
[1] 25700.0000     0.0000     0.8662    -0.0474     2.0663     1.1677
[1] 25800.0000     0.0000     0.8043     0.0845     1.8486     0.8730
[1] 25900.0000     1.0000     0.8632     0.2148     1.8070     1.1254
[1] 26000.0000     0.5319     0.9492     0.4695     1.6378     1.0058
[1] 26100.0000     0.0000     0.9196     1.0146     0.8805     1.1722
[1] 26200.0000     0.0000     0.9768     0.3748     1.5527     0.9801
[1] 26300.0000     0.0000     0.8989    -0.2238     2.1491     0.9807
[1] 26400.0000     0.0000     0.8767    -0.0301     2.0469     0.8041
[1] 26500.0000     0.1766     0.8611    -0.5503     2.5395     1.1675
[1] 26600.0000     0.0000     0.9958    -0.3437     2.2780     0.9534
[1] 2.670e+04 6.000e-04 9.890e-01 1.848e-01 1.731e+00 9.390e-01
[1] 26800.0000     0.0000     0.8448    -1.3734     3.3245     0.8652
[1] 26900.0000     0.0000     0.9241    -0.2514     2.3867     1.0646
[1] 27000.0000     0.0000     0.8280    -0.0776     2.0454     0.9596
[1] 27100.0000     1.0000     0.9280    -0.3621     2.3777     1.0348
[1] 27200.0000     0.0000     0.9878     0.5479     1.4696     0.8174
[1] 27300.0000     0.0000     0.8270    -0.2968     2.3326     1.1347
[1] 27400.0000     0.0000     0.9754    -0.3697     2.3514     1.0598
[1] 27500.0000     0.0000     0.8301    -0.1409     2.1207     0.9239
[1] 2.760e+04 0.000e+00 8.732e-01 1.524e+00 5.214e-01 9.172e-01
[1] 27700.0000     0.0000     0.8768    -0.0052     2.0632     1.0202
[1] 27800.0000     0.0000     0.8338     0.6663     1.3479     0.9440
[1] 27900.0000     1.0000     0.8904    -0.0006     2.0064     0.9276
[1] 28000.0000     0.0000     0.8025    -0.0414     2.0542     0.9240
[1] 28100.0000     0.0000     0.9262     0.7813     1.3337     1.0710
[1] 2.820e+04 0.000e+00 9.683e-01 3.990e-01 1.677e+00 8.917e-01
[1] 28300.0000     0.0000     0.9886    -0.5089     2.5080     1.1843
[1] 28400.0000     1.0000     0.9594    -1.1163     3.1557     0.8105
[1] 28500.0000     0.0000     0.8678     0.5043     1.4948     0.8688
[1] 28600.0000     0.0000     0.9775    -0.1932     2.1653     0.9079
[1] 28700.0000     0.0000     0.9675    -0.5109     2.5297     1.1579
[1] 28800.0000     0.0000     0.8104     0.0965     1.9513     1.1940
[1] 28900.0000     0.0000     0.9137    -0.1024     2.1951     0.8478
[1] 29000.0000     0.0000     0.9692     0.0929     1.7549     0.9910
[1] 29100.0000     0.0000     0.8848    -0.5973     2.6165     0.8090
[1] 29200.0000     0.0570     0.9371     0.4685     1.5109     1.1436
[1] 29300.0000     0.0034     0.9749     0.8123     1.1764     0.9782
[1] 29400.0000     0.0000     0.9394     1.3197     0.5931     1.1754
[1] 29500.0000     0.0000     0.9697    -0.2861     2.2684     0.9614
[1] 29600.0000     0.0000     0.8335    -0.1551     2.1110     1.1940
[1] 29700.0000     0.0000     0.9991    -0.5739     2.5143     0.9357
[1] 29800.0000     0.0000     0.8030    -1.4456     3.5139     0.9421
[1] 29900.0000     1.0000     0.9798    -0.7058     2.7532     1.0014
[1] 30000.0000     0.0000     0.9561     1.4149     0.5221     1.0811
[1] 0.07719691
Time difference of 4.5634 hours
null device 
          1 
