[1] "El numero de nodos X particion es: 10"
[1] "Model = M2 / Data = sim_data/datasetSVIExponential3.Rdata"
[1] 100.0000   0.4074   0.9429   0.2316   1.8066   1.1970
[1] 200.0000   0.0000   0.9645   0.8125   1.2098   1.1745
[1] 300.0000   1.0000   0.8776  -0.0372   2.1101   1.0665
[1] 400.0000   0.0000   0.9472  -1.5853   3.6212   1.0679
[1] 500.0000   0.0000   0.8673  -0.0085   2.0488   1.1452
[1] 600.0000   0.0180   0.8988   0.0973   2.0995   1.1191
[1] 700.0000   0.0000   0.9506   0.4926   1.4428   1.0413
[1] 800.0000   0.0000   0.9999   0.0113   1.9512   1.0968
[1] 900.0000   0.0000   0.8639  -0.5781   2.6134   1.0016
[1] 1000.0000    0.0000    0.8209   -0.4889    2.5329    0.9374
[1] 1100.0000    0.0000    0.9319    0.4102    1.6032    0.8930
[1] 1200.0000    0.0319    0.8544    1.3164    0.7350    0.9984
[1] 1300.0000    0.0000    0.9498   -0.1484    2.0586    1.1653
[1] 1400.0000    0.0000    0.8099    0.1437    1.9540    1.1384
[1] 1500.0000    0.0000    0.9584    0.4575    1.5622    1.0940
[1] 1600.0000    0.0000    0.9658   -0.4499    2.4418    1.0950
[1] 1700.0000    0.0000    0.9419   -0.0995    2.2236    1.0966
[1] 1800.0000    0.0000    0.9376    0.6176    1.4375    0.8302
[1] 1900.0000    0.0000    0.9005   -0.4013    2.3902    0.9368
[1] 2000.0000    0.0000    0.8550    0.3370    1.7811    1.0762
[1] 2100.0000    0.0000    0.8676   -1.1186    3.1190    0.9194
[1] 2200.0000    0.0000    0.8668    0.1858    1.9370    1.0989
[1] 2300.0000    0.0000    0.9142    0.2388    1.7347    0.8527
[1] 2400.0000    0.0000    0.9355    0.1308    1.8520    1.1578
[1] 2500.0000    0.0193    0.8909    0.3531    1.6394    1.1217
[1] 2600.0000    0.0000    0.9100    0.4420    1.6586    1.1442
[1] 2700.0000    0.0000    0.9115   -0.9140    2.9707    1.0018
[1] 2800.0000    0.0014    0.8113   -0.2307    2.3001    0.9151
[1] 2900.0000    0.0000    0.9057   -0.5854    2.5430    0.9581
[1] 3000.0000    0.0000    0.8454   -0.0593    2.1002    0.9669
[1] 3100.0000    0.0000    0.9787    0.7877    1.2808    0.9283
[1] 3200.0000    0.0000    0.9190    0.7563    1.2863    0.9575
[1] 3300.0000    0.0000    0.9312    0.4829    1.5923    0.9302
[1] 3400.0000    0.1545    0.9079    0.9732    1.1233    0.8348
[1] 3500.0000    0.0000    0.8208    0.2352    1.8077    0.8172
[1] 3600.0000    0.0000    0.9625   -0.0341    2.0301    0.8525
[1] 3700.0000    1.0000    0.9624    0.6891    1.3238    0.8094
[1] 3800.0000    0.0000    0.8306    0.6929    1.3592    0.8349
[1] 3900.0000    0.0000    0.8351    0.5346    1.4654    0.9576
[1] 4000.0000    0.0000    0.9782   -0.7964    2.8415    1.1817
[1] 4100.0000    0.0000    0.8388   -0.7175    2.7798    0.8864
[1] 4200.0000    0.0000    0.9756   -0.6371    2.5905    0.9752
[1] 4300.0000    0.0756    0.8028   -0.6660    2.7200    0.9927
[1] 4400.0000    0.0000    0.8091    1.0485    0.9820    1.0451
[1] 4500.0000    0.1455    0.8404   -0.0791    2.1362    1.1577
[1] 4600.0000    0.0000    0.9525    0.4192    1.6831    1.1110
[1] 4700.0000    0.0000    0.8528   -0.8280    2.8165    0.8411
[1] 4800.0000    0.0000    0.8660   -1.2646    3.2759    1.0939
[1] 4900.0000    0.0000    0.9924   -1.1805    3.2643    1.1836
[1] 5000.0000    0.0000    0.9762   -1.8742    3.8364    0.8665
[1] 5100.0000    0.0000    0.9679   -1.7341    3.6827    1.1951
[1] 5200.0000    0.0000    0.8051   -0.6450    2.6863    0.8965
[1] 5300.0000    0.0000    0.9010    0.0261    1.9579    1.0910
[1] 5400.0000    0.0000    0.8536   -0.0242    2.1092    0.9337
[1] 5500.0000    0.0000    0.8506    0.6920    1.2942    1.1979
[1] 5600.0000    0.0000    0.9929   -0.3739    2.3555    1.1085
[1] 5700.0000    0.0000    0.9445    0.4371    1.6211    1.0237
[1] 5800.0000    0.0000    0.8612   -0.7904    2.9396    1.0327
[1] 5900.0000    0.0000    0.8278    0.6753    1.4265    1.0767
[1] 6000.0000    0.0000    0.9870    0.7199    1.2863    1.0819
[1] 6100.0000    0.0000    0.9284    0.0836    2.0046    0.9188
[1] 6200.0000    0.0000    0.8235    0.6907    1.3621    1.1329
[1] 6300.0000    0.0000    0.9569    0.3367    1.8429    0.8080
[1] 6400.0000    0.0000    0.9924   -0.3662    2.2890    1.0322
[1] 6500.0000    0.0002    0.9084    0.9794    1.1338    1.0918
[1] 6600.0000    0.0000    0.8401   -0.4794    2.3910    1.0889
[1] 6700.0000    0.0000    0.8253   -0.1607    2.3027    0.9280
[1] 6800.0000    0.5439    0.8642   -0.4509    2.5445    1.0905
[1] 6900.0000    0.0000    0.8857   -0.7578    2.7691    0.9847
[1] 7000.0000    0.0000    0.8521   -0.2278    2.2768    1.0680
[1] 7100.0000    0.0000    0.9857    0.1827    1.8380    1.0571
[1] 7200.0000    0.0000    0.8247   -0.3172    2.4272    0.8913
[1] 7300.0000    0.0000    0.9346   -0.4117    2.5019    1.1740
[1] 7400.0000    0.0000    0.8045   -0.7048    2.6343    0.8734
[1] 7500.0000    0.0000    0.8475   -1.6775    3.6500    1.0597
[1] 7600.0000    0.0000    0.9493   -0.4468    2.4808    0.9281
[1] 7700.0000    0.0000    0.8440   -1.0799    3.0788    0.8976
[1] 7800.0000    0.0000    0.8350    0.1323    1.9763    1.1361
[1] 7900.0000    0.0000    0.9168    0.4482    1.5012    1.1281
[1] 8000.0000    0.0000    0.9309    0.4247    1.5335    1.0835
[1] 8100.0000    0.0000    0.8250    0.5949    1.4381    1.1136
[1] 8200.0000    0.0000    0.9207   -0.8347    2.8583    1.1282
[1] 8300.0000    0.0000    0.8222   -0.5743    2.6087    0.8438
[1] 8400.0000    0.0000    0.9658    0.6439    1.3290    0.9286
[1] 8500.0000    0.0000    0.8325   -0.1233    2.2168    1.0750
[1] 8600.0000    0.0000    0.8576   -0.8051    2.7996    1.0835
[1] 8700.0000    0.0000    0.8940    0.5281    1.4545    1.0236
[1] 8800.0000    0.0000    0.9735    0.2718    1.6300    1.0381
[1] 8900.0000    0.0000    0.8674    0.5713    1.4403    1.0474
[1] 9000.0000    0.0000    0.8301    0.6221    1.4218    1.1387
[1] 9100.0000    0.0000    0.8755    0.4207    1.6143    0.8812
[1] 9200.0000    0.0000    0.8129   -0.2161    2.2706    1.1264
[1] 9300.0000    0.0000    0.9270   -0.2228    2.2807    1.1117
[1] 9400.0000    0.0000    0.8413    1.0468    0.9197    1.0761
[1] 9500.0000    0.0000    0.8817   -0.1245    2.0248    1.0875
[1] 9600.0000    0.0000    0.8149   -0.2049    2.2340    0.9056
[1] 9700.0000    0.0000    0.8918    1.6264    0.3572    0.8845
[1] 9800.0000    0.0000    0.8667    0.6008    1.3959    0.9410
[1] 9900.0000    0.0000    0.9876    1.4458    0.5896    0.9739
[1] 10000.0000     0.3820     0.9984    -0.4262     2.4346     0.9987
[1] 10100.0000     0.0000     0.9390    -0.1204     2.1403     1.0815
[1] 10200.0000     0.0000     0.8133    -0.2830     2.2579     1.1117
[1] 10300.0000     0.5621     0.9112     0.6163     1.4584     1.0320
[1] 10400.0000     0.0000     0.9109     0.0952     1.8821     0.9653
[1] 10500.0000     0.0000     0.9828     0.4925     1.5026     0.8036
[1] 10600.0000     0.0000     0.8442     0.3463     1.7788     0.9495
[1] 10700.0000     0.0000     0.9346     0.9816     1.0973     1.0990
[1] 10800.0000     0.0022     0.8310     0.5841     1.4465     0.9940
[1] 10900.0000     0.0000     0.9660     0.4036     1.6554     1.1970
[1] 11000.0000     0.0753     0.8555     0.1820     1.8343     1.1761
[1] 11100.0000     0.0000     0.8902     0.3392     1.7303     0.9114
[1] 11200.0000     0.3017     0.8258     0.3572     1.6877     1.0628
[1] 11300.0000     0.0000     0.8936    -0.2346     2.2805     1.0961
[1] 11400.0000     0.0000     0.9548     0.6829     1.3730     1.0047
[1] 11500.0000     0.0000     0.8034    -0.4348     2.4529     0.8501
[1] 11600.0000     0.0000     0.9104    -0.2095     2.2737     0.8269
[1] 11700.0000     0.0000     0.9616     0.3254     1.7161     1.1733
[1] 11800.0000     0.0000     0.8027    -0.7465     2.7657     0.8530
[1] 11900.0000     0.0000     0.8460    -1.1598     3.1751     0.8150
[1] 12000.0000     0.0000     0.8056     0.2747     1.8139     1.1142
[1] 12100.0000     0.0000     0.8005    -0.5579     2.5358     0.8375
[1] 12200.0000     0.1092     0.9853     0.1391     1.9309     1.1443
[1] 12300.0000     0.0000     0.8010     0.7016     1.3061     0.8810
[1] 12400.0000     0.2039     0.8339    -0.2582     2.3069     0.9391
[1] 12500.0000     0.0000     0.8059     0.2197     1.8243     1.1427
[1] 12600.0000     0.0000     0.8126    -0.4557     2.5293     1.1805
[1] 12700.0000     0.0000     0.8779    -0.5901     2.5170     0.8170
[1] 12800.0000     0.0000     0.8257    -0.2056     2.2674     0.8904
[1] 12900.0000     0.0156     0.8545    -0.0308     2.1015     1.0312
[1] 13000.0000     0.0000     0.8069     0.1223     1.8930     1.0997
[1] 13100.0000     0.0000     0.9404     1.5661     0.4901     0.9822
[1] 13200.0000     0.0000     0.8843     0.5708     1.4499     0.9997
[1] 13300.0000     0.0000     0.8427    -0.8526     2.8230     1.0281
[1] 13400.0000     0.0000     0.8092    -0.5626     2.5953     1.1676
[1] 13500.0000     0.0000     0.8466    -0.2614     2.2658     0.8143
[1] 13600.0000     0.0000     0.8917     0.5068     1.5311     1.0301
[1] 13700.0000     0.0000     0.8421     0.5297     1.5355     0.9544
[1] 13800.0000     0.0000     0.8787    -0.8332     2.8653     1.0611
[1] 13900.0000     0.0000     0.8573    -0.0024     2.0254     0.8372
[1] 14000.0000     0.0000     0.9588     0.0392     1.9032     0.9662
[1] 14100.0000     0.0000     0.8411     0.3041     1.6060     1.1804
[1] 14200.0000     0.0000     0.8479     0.4696     1.5096     0.8739
[1] 14300.0000     0.0000     0.8548    -0.5416     2.5708     0.8231
[1] 14400.0000     0.0565     0.8623     0.8960     1.1501     0.8985
[1] 14500.0000     1.0000     0.9833     0.4863     1.5406     1.1771
[1] 14600.0000     0.0000     0.8570    -0.0024     1.9604     1.1138
[1] 14700.0000     0.0000     0.8974    -0.2464     2.1980     1.0871
[1] 14800.0000     0.0000     0.9433     1.2133     0.7094     0.9182
[1] 14900.0000     0.0012     0.9582     0.4848     1.5900     1.0321
[1] 15000.0000     0.0100     0.8279    -0.1316     2.2086     1.0826
[1] 15100.0000     1.0000     0.8292    -0.1102     2.1727     0.9249
[1] 15200.0000     0.0000     0.8242     0.5405     1.4849     1.0800
[1] 15300.0000     0.3045     0.9517     0.3968     1.6769     1.1636
[1] 15400.0000     0.0019     0.8397    -0.8294     2.8939     1.1015
[1] 15500.0000     0.0000     0.8727    -1.4488     3.4773     1.1104
[1] 15600.0000     0.0000     0.8878    -1.0229     3.0373     0.8550
[1] 15700.0000     0.0000     0.8475    -0.2062     2.1940     0.9690
[1] 15800.0000     0.0000     0.9108    -0.0752     2.0884     0.9068
[1] 15900.0000     0.0000     0.8876    -0.0489     2.0328     0.9067
[1] 16000.0000     0.0000     0.8124    -0.5935     2.5969     1.1160
[1] 16100.0000     0.0000     0.9566     0.5733     1.5267     1.0234
[1] 16200.0000     0.0000     0.9466     0.3034     1.6421     0.9477
[1] 16300.0000     0.0000     0.9158    -0.3787     2.4394     0.9491
[1] 1.640e+04 0.000e+00 8.807e-01 1.108e+00 8.960e-01 8.691e-01
[1] 16500.0000     0.2305     0.9646    -0.0918     2.0860     1.1820
[1] 16600.0000     0.0000     0.8294    -0.9948     3.0832     0.8835
[1] 16700.0000     0.0000     0.9635     0.8231     1.1405     0.8336
[1] 16800.0000     0.0000     0.8621     0.5902     1.3775     1.1596
[1] 16900.0000     0.0000     0.8583     1.2283     0.7641     0.9158
[1] 17000.0000     0.0000     0.9790    -0.3337     2.4017     0.8822
[1] 17100.0000     0.0000     0.9305     0.8206     1.2831     0.9283
[1] 17200.0000     0.0000     0.9497     0.8043     1.1765     0.8252
[1] 17300.0000     1.0000     0.8396     1.0763     0.9584     1.0131
[1] 17400.0000     0.0000     0.8593     0.3768     1.7098     1.1450
[1] 17500.0000     0.0000     0.9677     0.1139     1.9107     1.1479
[1] 17600.0000     0.0000     0.8280     0.3464     1.6511     1.1486
[1] 17700.0000     0.0000     0.8794     0.7504     1.2549     0.9707
[1] 17800.0000     0.0000     0.8771    -0.8436     2.9385     0.9481
[1] 17900.0000     0.0000     0.8750    -0.2782     2.3353     0.9636
[1] 18000.0000     1.0000     0.9109     0.4213     1.6409     0.8712
[1] 18100.0000     0.0000     0.9461     0.3621     1.5337     0.9222
[1] 1.820e+04 2.200e-03 8.582e-01 1.410e+00 5.475e-01 9.652e-01
[1] 18300.0000     0.0000     0.9012    -0.4153     2.4808     1.0710
[1] 18400.0000     0.0000     0.9529     0.0491     1.9842     0.8173
[1] 18500.0000     0.0000     0.8451    -0.1002     2.1864     0.9054
[1] 18600.0000     0.0000     0.8656     0.3811     1.6848     0.8624
[1] 18700.0000     0.0000     0.8080    -0.2531     2.4208     0.9308
[1] 18800.0000     0.0000     0.8537     0.1415     1.8988     0.9005
[1] 18900.0000     0.0000     0.9024    -0.5522     2.5395     1.0613
[1] 19000.0000     0.0000     0.8770     0.1193     1.9681     1.0394
[1] 19100.0000     0.0000     0.8878     0.0822     1.8182     1.0323
[1] 19200.0000     0.0000     0.8001     0.6134     1.3935     0.9641
[1] 19300.0000     0.0000     0.8035     0.3875     1.6220     1.0886
[1] 19400.0000     0.0000     0.8500    -0.2017     2.2397     0.9313
[1] 19500.0000     0.0000     0.8527     0.6736     1.3593     1.1208
[1] 19600.0000     0.9498     0.9648    -0.7794     2.8362     1.1447
[1] 19700.0000     0.0000     0.8982     0.2018     1.7294     1.1826
[1] 19800.0000     0.0000     0.9408     0.8705     1.2099     0.9927
[1] 19900.0000     0.0000     0.9981     0.0942     1.9605     1.0280
[1] 20000.0000     0.0000     0.8708    -0.3071     2.3256     1.0213
[1] 20100.0000     0.0000     0.9080     1.0814     0.9888     1.0402
[1] 2.020e+04 9.544e-01 9.840e-01 9.760e-02 1.929e+00 1.138e+00
[1] 2.030e+04 0.000e+00 9.533e-01 2.600e-02 1.998e+00 8.784e-01
[1] 20400.0000     0.0081     0.9072    -0.2126     2.2452     0.9991
[1] 20500.0000     0.0000     0.8964    -0.6069     2.6749     1.1285
[1] 20600.0000     0.2803     0.9169    -0.2576     2.3624     1.1057
[1] 20700.0000     1.0000     0.8107    -0.2611     2.2328     1.0874
[1] 20800.0000     0.0000     0.9606    -1.0523     3.0457     1.0886
[1] 20900.0000     0.0001     0.9109     0.0981     1.9404     0.9980
[1] 21000.0000     0.0000     0.9912     0.8199     1.2166     1.0875
[1] 21100.0000     0.0000     0.9732    -0.6694     2.6296     0.8253
[1] 21200.0000     0.0127     0.8263    -0.2776     2.3031     1.1324
[1] 21300.0000     0.0000     0.8399    -1.0732     2.9943     1.0171
[1] 21400.0000     0.0000     0.9719    -0.3898     2.3815     0.9071
[1] 21500.0000     0.0000     0.9375    -0.2030     2.1742     1.0777
[1] 21600.0000     0.0000     0.8010    -0.1507     2.2110     1.1966
[1] 21700.0000     0.0000     0.8258    -0.6083     2.6929     1.1265
[1] 21800.0000     0.0000     0.8709    -0.3445     2.3975     1.0601
[1] 21900.0000     0.0000     0.9408     0.8147     1.1262     0.9421
[1] 2.200e+04 0.000e+00 8.850e-01 1.634e-01 1.864e+00 9.555e-01
[1] 22100.0000     0.0000     0.9825    -0.2592     2.2959     1.1195
[1] 22200.0000     0.0000     0.9349    -0.1307     2.0782     0.9881
[1] 22300.0000     0.0003     0.8584     0.0967     1.9216     0.9367
[1] 22400.0000     0.0000     0.9494     0.5757     1.4631     0.9207
[1] 22500.0000     0.0000     0.9610     1.7374     0.2437     0.9963
[1] 22600.0000     0.0000     0.8858     1.2293     0.7982     0.9064
[1] 22700.0000     0.0000     0.8271     0.2226     1.7028     1.1968
[1] 22800.0000     0.0000     0.9630    -0.0808     2.1765     0.9437
[1] 22900.0000     0.0000     0.9207     0.5258     1.4327     0.8362
[1] 23000.0000     0.0000     0.9491     0.3130     1.6743     0.8538
[1] 23100.0000     0.0000     0.8611     0.1245     1.8868     1.0907
[1] 23200.0000     0.0000     0.8288    -0.1829     2.2156     0.8616
[1] 23300.0000     0.1734     0.8966    -0.0252     2.0455     1.0199
[1] 23400.0000     0.0000     0.9418     0.5358     1.4768     0.8205
[1] 23500.0000     0.0000     0.8934    -0.4054     2.4321     1.1391
[1] 23600.0000     0.0000     0.8360     0.6194     1.3873     0.8406
[1] 23700.0000     0.0000     0.8580     0.6826     1.3912     0.8494
[1] 23800.0000     0.0000     0.9509     0.8882     1.0275     0.9516
[1] 23900.0000     0.0000     0.8157     0.3468     1.6532     0.8034
[1] 24000.0000     0.0000     0.9653    -0.0644     2.0356     0.9324
[1] 24100.0000     0.0000     0.8643    -1.8202     3.8311     0.9462
[1] 24200.0000     0.0000     0.8399    -0.0185     1.9331     1.0287
[1] 24300.0000     0.0000     0.8805    -0.9867     2.9965     1.0014
[1] 24400.0000     0.0077     0.9020     0.7504     1.4026     1.0534
[1] 24500.0000     0.0000     0.9064     0.7916     1.1811     0.8345
[1] 2.460e+04 0.000e+00 9.062e-01 8.383e-01 1.189e+00 8.877e-01
[1] 24700.0000     0.0000     0.9025    -0.0405     2.0497     0.8040
[1] 24800.0000     0.0001     0.8109    -0.2498     2.2769     1.1899
[1] 24900.0000     0.0000     0.9495    -0.3181     2.2870     0.8626
[1] 25000.0000     0.0001     0.9628     0.1158     1.9078     0.9362
[1] 25100.0000     0.0000     0.9605     0.5396     1.4376     1.0743
[1] 25200.0000     0.0000     0.8184    -0.1022     2.1403     0.8574
[1] 25300.0000     0.9009     0.8151     0.0018     1.9581     1.0748
[1] 25400.0000     1.0000     0.8988    -0.1712     2.1878     1.0888
[1] 25500.0000     0.0000     0.8147     0.5605     1.4462     1.1844
[1] 25600.0000     0.0000     0.8978     0.0490     1.9745     1.1142
[1] 25700.0000     0.0000     0.8060     0.8940     1.1816     0.8422
[1] 25800.0000     0.0000     0.8043    -0.6780     2.5777     0.8730
[1] 25900.0000     1.0000     0.8632    -0.3714     2.4063     1.1254
[1] 26000.0000     0.3307     0.9492    -0.1133     2.2353     1.0058
[1] 26100.0000     0.0000     0.9196     0.4382     1.4714     1.1722
[1] 26200.0000     0.0000     0.9768    -0.2022     2.1429     0.9801
[1] 26300.0000     0.0000     0.8530     0.2604     1.7501     1.0678
[1] 26400.0000     0.0000     0.8767     0.4093     1.5419     0.8041
[1] 26500.0000     0.0008     0.9903     0.1748     1.9156     1.1966
[1] 26600.0000     0.0000     0.9293    -0.9524     3.1367     0.8497
[1] 26700.0000     0.0000     0.8184     0.0786     1.9299     0.9177
[1] 26800.0000     0.0000     0.8448    -0.8588     2.8078     0.8652
[1] 26900.0000     0.0000     0.9241     0.2690     1.8679     1.0646
[1] 27000.0000     0.0000     0.8280     0.4433     1.5265     0.9596
[1] 27100.0000     0.9302     0.9280    -0.2443     2.2933     1.0348
[1] 27200.0000     0.0000     0.8628    -0.5743     2.6338     1.0265
[1] 27300.0000     0.0000     0.9185    -0.5246     2.4924     0.9822
[1] 27400.0000     0.0000     0.9843     0.2420     1.7756     1.1629
[1] 27500.0000     0.0000     0.8677     0.5236     1.4894     0.9516
[1] 27600.0000     0.0000     0.8732     1.5489     0.4925     0.9172
[1] 27700.0000     0.0000     0.8317     0.8476     1.2332     1.1846
[1] 27800.0000     0.0000     0.8338     0.0381     1.9277     0.9440
[1] 27900.0000     1.0000     0.8904     0.3857     1.5872     0.9276
[1] 28000.0000     0.0000     0.8651    -0.3619     2.4505     0.8498
[1] 28100.0000     0.0000     0.8313     0.3207     1.7787     0.8089
[1] 28200.0000     0.0000     0.9683    -0.2013     2.2381     0.8917
[1] 28300.0000     0.0000     0.9886    -0.7247     2.7470     1.1843
[1] 28400.0000     1.0000     0.9594    -0.6893     2.7155     0.8105
[1] 28500.0000     0.0000     0.8678     0.9437     1.0461     0.8688
[1] 28600.0000     0.0000     0.9775     0.2394     1.7215     0.9079
[1] 28700.0000     0.0000     0.9675    -1.5466     3.5861     1.1579
[1] 28800.0000     0.0000     0.8104    -0.2118     2.2242     1.1940
[1] 28900.0000     0.0000     0.9137    -0.1825     2.2703     0.8478
[1] 29000.0000     0.0000     0.9277    -0.4898     2.5251     1.1735
[1] 29100.0000     0.0000     0.8445    -0.8601     2.9331     0.8871
[1] 29200.0000     0.0681     0.9367     0.5637     1.4450     1.1465
[1] 29300.0000     0.0289     0.8726     0.6275     1.4293     0.8176
[1] 29400.0000     0.0000     0.9394     0.8422     1.2441     1.1754
[1] 29500.0000     0.0000     0.8094    -0.7058     2.7242     0.8253
[1] 29600.0000     0.0000     0.8335     0.5903     1.3898     1.1940
[1] 29700.0000     0.0000     0.9991     0.1637     1.7999     0.9357
[1] 29800.0000     0.0000     0.8030    -0.8923     2.9828     0.9421
[1] 29900.0000     0.7748     0.9798    -0.1452     2.2157     1.0014
[1] 30000.0000     0.0000     0.9561     1.3507     0.6171     1.0811
[1] 0.06847726
Time difference of 10.44959 hours
null device 
          1 
