[1] "El numero de nodos X particion es: 10"
[1] "Model = M2 / Data = sim_data/datasetSVCMatern2.Rdata"
[1] 100.0000   0.0005   0.9429   0.0120   1.9993   1.1970
[1] 200.0000   0.2594   0.9645  -0.0002   2.0009   1.1745
[1] 300.0000   0.0062   0.9841   0.0360   2.0099   1.1580
[1] 400.0000   0.0011   0.9953   0.0441   2.0044   1.1112
[1] 500.0000   0.0030   0.9947   0.1853   2.0258   1.1446
[1] 600.0000   0.1555   0.9748   0.0467   2.0286   1.0386
[1] 700.0000   0.0028   0.9912   0.0302   2.0718   1.0784
[1] 800.0000   0.0933   0.9999   0.0084   2.0696   1.0968
[1] 900.0000   0.0601   0.9806  -0.0020   2.1096   1.1985
[1] 1000.0000    1.0000    0.9692    0.0590    2.1446    0.9576
[1] 1100.0000    0.9286    0.9726    0.0959    2.0666    1.0201
[1] 1200.0000    0.0109    0.9484    0.1675    2.0411    1.1699
[1] 1300.0000    0.0406    0.9498    0.2037    2.0520    1.1653
[1] 1400.0000    0.0105    0.9303    0.0633    2.1544    1.1894
[1] 1500.0000    0.0000    0.9694    0.1595    2.0531    1.1238
[1] 1600.0000    0.0012    0.9998    0.0187    2.0892    1.1214
[1] 1700.0000    0.0003    0.9916    0.0306    2.1015    1.1881
[1] 1800.0000    0.1411    0.9886    0.1657    2.0669    1.1888
[1] 1900.0000    0.0310    0.9957    0.1852    2.1357    1.1822
[1] 2000.0000    0.0002    0.9978    0.1378    2.1180    1.1535
[1] 2100.0000    0.0081    0.9401    0.1715    2.0252    1.0501
[1] 2200.0000    0.0156    0.9727    0.1093    2.0880    1.1727
[1] 2300.0000    1.0000    0.9707    0.2414    2.0606    1.1994
[1] 2400.0000    0.3281    0.9764    0.2438    2.1001    1.0594
[1] 2500.0000    0.0131    0.9991    0.1529    2.0880    1.1106
[1] 2600.0000    0.0020    0.9901   -0.0034    2.0934    1.1640
[1] 2700.0000    0.0254    0.9335    0.1102    2.0271    0.9591
[1] 2800.0000    0.0061    0.9946    0.1911    2.0757    1.1337
[1] 2900.0000    0.0029    0.9982    0.1628    2.0644    0.9626
[1] 3000.0000    1.0000    0.9623    0.0763    2.0601    1.1476
[1] 3100.0000    0.1988    0.9751    0.2641    2.1106    1.0618
[1] 3200.0000    0.1690    0.9371    0.1517    2.0619    1.1278
[1] 3300.0000    0.0669    0.9877    0.1515    2.0330    0.9428
[1] 3400.0000    0.0285    0.9912    0.0951    2.0986    1.1933
[1] 3500.0000    0.0023    0.9937    0.0782    2.0306    1.0990
[1] 3600.0000    0.0258    0.9538    0.0767    2.0585    1.1717
[1] 3700.0000    0.0149    0.9950    0.0248    2.0605    1.0085
[1] 3800.0000    0.0021    0.9380    0.1592    2.0298    1.1005
[1] 3900.0000    0.0067    0.9884   -0.0311    2.0241    1.1762
[1] 4000.0000    0.0006    0.9782    0.0454    2.0677    1.1817
[1] 4100.0000    0.0385    0.9779    0.1481    2.1098    0.9562
[1] 4200.0000    0.0214    0.9756    0.1232    2.1937    0.9752
[1] 4300.0000    0.0002    0.9305    0.1265    2.2102    1.1545
[1] 4400.0000    0.0029    0.9882    0.1599    2.0442    1.1147
[1] 4500.0000    0.0207    0.9575    0.0666    2.0915    1.1253
[1] 4600.0000    0.0017    0.9998    0.1581    2.0830    1.1768
[1] 4700.0000    0.0569    0.9516    0.1391    2.2066    1.1937
[1] 4800.0000    0.1420    0.9940    0.2604    2.1448    1.1699
[1] 4900.0000    0.0492    0.9345    0.0512    2.1338    1.1584
[1] 5000.0000    0.0347    0.9955    0.1070    2.1491    1.1626
[1] 5100.0000    0.0005    0.9679    0.1419    2.1191    1.1951
[1] 5200.0000    0.0284    0.8440    0.0766    2.1884    1.1937
[1] 5300.0000    1.0000    0.8379    0.1266    2.1486    1.0434
[1] 5400.0000    0.0051    0.9713    0.0492    2.0515    1.1011
[1] 5500.0000    0.0597    0.9965    0.1011    2.1632    1.1849
[1] 5600.0000    0.0000    0.9595   -0.0284    2.1772    1.1319
[1] 5700.0000    1.0000    0.9639    0.0432    1.9926    1.0846
[1] 5800.0000    0.0071    0.9611    0.0330    2.1349    1.1298
[1] 5900.0000    0.0001    0.9936    0.0097    2.0875    1.1548
[1] 6000.0000    0.0001    0.9892    0.1167    1.9920    0.9479
[1] 6100.0000    0.0008    0.9899    0.1556    2.1452    1.1399
[1] 6200.0000    0.0017    0.9932    0.0736    2.0873    1.1327
[1] 6300.0000    0.0008    0.9560    0.0358    2.0777    1.1950
[1] 6400.0000    0.0023    0.9918    0.1930    2.1229    1.1860
[1] 6500.0000    0.0857    0.9717    0.1444    2.1190    1.1753
[1] 6600.0000    0.0614    0.9915    0.0939    2.0409    1.1396
[1] 6700.0000    0.0752    0.9726    0.0895    1.9813    1.0730
[1] 6800.0000    0.0106    0.9528    0.1493    2.0855    1.0991
[1] 6900.0000    0.0002    0.9976    0.1170    1.9958    1.1697
[1] 7000.0000    0.1116    0.9977    0.1356    2.0269    1.0944
[1] 7100.0000    0.0053    0.9857    0.0388    2.0951    1.0571
[1] 7200.0000    0.0001    0.9809    0.1020    2.0481    1.1509
[1] 7300.0000    0.0042    0.9946    0.1266    2.1434    1.1299
[1] 7400.0000    1.0000    0.9719    0.1170    2.0383    1.0971
[1] 7500.0000    0.0726    0.8906    0.1906    2.1448    1.1782
[1] 7600.0000    0.0006    0.9979    0.1474    1.9989    1.1442
[1] 7700.0000    0.0004    0.9975    0.1037    2.0206    1.1871
[1] 7800.0000    0.0106    0.9739    0.0868    2.0888    1.1301
[1] 7900.0000    0.0214    0.9654    0.0554    2.1502    1.1831
[1] 8000.0000    0.0054    0.9576    0.1037    2.0961    1.1932
[1] 8100.0000    0.0065    0.9661    0.1665    2.1348    1.1507
[1] 8200.0000    0.0086    0.9620    0.1040    2.1946    1.1955
[1] 8300.0000    0.0313    0.8896    0.2065    2.1682    1.1748
[1] 8400.0000    0.0059    0.9589    0.0475    2.1852    1.0527
[1] 8500.0000    0.0024    0.9939    0.0740    2.0824    1.0648
[1] 8600.0000    0.0228    0.9648    0.0673    2.1990    1.1411
[1] 8700.0000    0.0000    0.9804    0.0588    2.0053    1.1510
[1] 8800.0000    0.0222    0.9324    0.1785    2.0838    0.8066
[1] 8900.0000    0.6902    0.9431    0.1204    2.0708    1.1381
[1] 9000.0000    0.0004    0.9878    0.0946    1.9294    1.0272
[1] 9100.0000    0.0355    0.9946    0.0739    2.1013    1.1509
[1] 9200.0000    0.1606    0.9966    0.1549    2.0685    1.1317
[1] 9300.0000    0.0021    0.9856    0.0950    2.0481    1.1370
[1] 9400.0000    0.0003    0.9943    0.2317    2.2197    1.0986
[1] 9500.0000    1.0000    0.9477    0.1040    2.1283    1.0427
[1] 9600.0000    1.0000    0.9566    0.1478    2.0439    1.1182
[1] 9700.0000    0.0068    0.9991    0.2205    2.1365    1.1269
[1] 9800.0000    0.0002    0.9959    0.1636    2.1553    1.1171
[1] 9900.0000    0.0019    0.9529    0.1752    2.0823    0.9335
[1] 10000.0000     0.0016     0.9167     0.0364     2.0909     1.1877
[1] 10100.0000     0.0675     0.9885     0.1020     2.0373     1.0494
[1] 10200.0000     0.0016     0.9985     0.0515     1.9719     1.1837
[1] 10300.0000     0.0237     0.9923     0.1703     2.0643     1.0554
[1] 10400.0000     0.0061     0.9434     0.2433     2.0813     1.1753
[1] 10500.0000     0.0210     0.8159     0.2280     2.0483     1.1284
[1] 10600.0000     0.0266     0.9813     0.1532     2.1832     1.0459
[1] 10700.0000     0.0003     0.9754     0.2029     2.1015     1.0595
[1] 10800.0000     0.0004     0.9785     0.1376     2.0813     1.1554
[1] 10900.0000     0.0014     0.9660     0.2246     2.1933     1.1970
[1] 11000.0000     0.0028     0.9998     0.1779     2.1022     0.9957
[1] 11100.0000     0.0993     0.9810     0.2496     2.1470     1.0898
[1] 11200.0000     0.0008     0.9988     0.0452     2.0117     1.1855
[1] 11300.0000     1.0000     0.9738     0.0813     2.0755     1.1215
[1] 11400.0000     0.1043     0.9830     0.1121     2.1195     1.0526
[1] 11500.0000     0.0002     0.9870     0.0207     2.1057     1.0948
[1] 11600.0000     0.0006     0.9852     0.0551     2.0779     1.1710
[1] 11700.0000     0.0023     0.9895     0.1365     2.0739     1.1864
[1] 11800.0000     0.0000     0.9849     0.1807     2.1209     1.0283
[1] 11900.0000     0.2699     0.9709     0.1255     2.0628     1.1102
[1] 12000.0000     1.0000     0.9595     0.1688     2.1198     1.1960
[1] 12100.0000     0.0094     0.9872     0.1969     2.2521     1.0779
[1] 12200.0000     0.0008     0.9853     0.0645     2.1099     1.1443
[1] 12300.0000     0.0393     0.9623     0.1974     2.0396     1.1420
[1] 12400.0000     0.0023     0.9803     0.1155     2.1921     1.0988
[1] 12500.0000     0.0069     0.9775     0.1970     2.1127     1.1774
[1] 12600.0000     0.1963     0.9564     0.0706     1.9925     1.1675
[1] 12700.0000     0.0000     0.9917     0.0669     2.1865     1.0988
[1] 12800.0000     0.0166     0.9108     0.1309     2.1156     1.0765
[1] 12900.0000     0.0138     0.9378     0.1228     2.0536     1.1252
[1] 13000.0000     0.1058     0.9313     0.0808     2.0903     1.1678
[1] 13100.0000     0.0208     0.9667     0.0252     2.1224     1.1263
[1] 13200.0000     0.0117     0.9589     0.1300     1.9939     1.1555
[1] 13300.0000     0.1670     0.9911     0.2556     2.1562     1.1585
[1] 13400.0000     0.2381     0.9485     0.1161     2.0264     1.0271
[1] 13500.0000     0.0015     0.9671     0.1745     2.1321     0.9422
[1] 13600.0000     0.0275     0.9601     0.2109     2.1067     0.9762
[1] 13700.0000     0.0008     0.9578     0.1550     2.0851     1.1070
[1] 13800.0000     0.0043     0.9432     0.0001     2.0533     1.1717
[1] 13900.0000     0.0014     0.9575     0.1177     2.1176     1.0672
[1] 14000.0000     0.0054     0.9987     0.1143     2.1597     1.1083
[1] 14100.0000     0.0033     0.9803     0.0862     2.1021     1.0983
[1] 14200.0000     0.3069     0.9721     0.0003     2.0210     1.0984
[1] 14300.0000     0.0252     0.9946     0.1162     2.0828     1.1737
[1] 14400.0000     0.5352     0.9825     0.1175     2.1588     0.9794
[1] 14500.0000     0.1562     0.9496     0.1472     2.0735     1.1844
[1] 14600.0000     0.0000     0.9646    -0.0004     2.0271     1.1720
[1] 14700.0000     0.0091     0.9964     0.1132     2.0876     1.0814
[1] 14800.0000     0.0039     0.9461     0.1606     1.9907     1.1950
[1] 14900.0000     0.5200     0.9850     0.1851     2.1263     1.1438
[1] 15000.0000     0.0002     0.9853     0.1341     2.0167     1.1126
[1] 15100.0000     0.0007     0.9995     0.1253     2.1352     1.1724
[1] 15200.0000     0.4713     0.9896     0.2106     2.1011     1.1186
[1] 15300.0000     0.0288     0.9517     0.1735     1.9795     1.1636
[1] 15400.0000     0.2208     0.9912     0.1200     2.1160     1.1712
[1] 15500.0000     0.0014     0.9969     0.0983     2.1183     1.1403
[1] 15600.0000     0.1829     0.9579     0.0385     2.0412     1.1521
[1] 15700.0000     0.0372     0.9332     0.1322     2.1477     1.1784
[1] 15800.0000     0.2407     0.9774     0.2096     2.0481     1.1822
[1] 15900.0000     0.0000     0.9619     0.1530     2.1917     1.1569
[1] 16000.0000     0.5566     0.9761     0.0548     2.1957     1.0600
[1] 16100.0000     0.0042     0.9304     0.0958     2.1834     1.0894
[1] 16200.0000     0.0046     0.9829     0.1855     2.1118     1.1448
[1] 16300.0000     0.0326     0.9793     0.0337     2.0399     1.1641
[1] 16400.0000     0.1203     0.9797     0.1003     2.1210     1.0271
[1] 16500.0000     0.4164     0.9894     0.2363     2.1675     0.9222
[1] 16600.0000     0.7049     0.9300     0.1171     2.0252     1.1365
[1] 16700.0000     0.0767     0.9710     0.0878     2.1394     1.1617
[1] 16800.0000     0.0310     0.9971     0.2218     2.1056     1.1907
[1] 16900.0000     0.4249     0.9993     0.1350     2.1796     1.1521
[1] 17000.0000     0.0011     0.9932     0.0718     2.1008     1.1603
[1] 17100.0000     0.0006     0.9878     0.1558     2.0799     1.1517
[1] 17200.0000     0.0010     0.9648     0.1590     1.9916     1.0628
[1] 17300.0000     0.0033     0.9491     0.0901     2.0307     1.1870
[1] 17400.0000     1.0000     0.9623    -0.0157     2.1132     1.1696
[1] 17500.0000     0.1468     0.9677     0.1201     2.1111     1.1479
[1] 17600.0000     0.0451     0.9832     0.1736     2.1431     1.1562
[1] 1.770e+04 4.400e-03 9.944e-01 1.629e-01 2.045e+00 9.167e-01
[1] 17800.0000     0.0537     0.9877    -0.0370     1.9924     1.0638
[1] 17900.0000     0.5328     0.9881     0.0133     2.1003     1.1028
[1] 18000.0000     0.1074     0.9295     0.1083     2.1006     1.0108
[1] 18100.0000     0.0279     0.9434     0.1972     2.0937     1.0478
[1] 18200.0000     0.0189     0.9180     0.1909     2.0896     0.9221
[1] 18300.0000     0.0018     0.9706     0.0666     2.2282     1.1685
[1] 18400.0000     0.0000     0.9581    -0.0021     2.1257     1.1627
[1] 18500.0000     0.0007     0.9995     0.1379     2.0874     1.1358
[1] 18600.0000     0.0211     0.9571     0.1436     2.1246     1.0820
[1] 18700.0000     0.0355     0.9972     0.1104     2.0564     1.0906
[1] 18800.0000     0.0577     0.9886     0.1839     2.1994     0.9459
[1] 18900.0000     0.0001     0.9946     0.1594     2.1622     1.1801
[1] 19000.0000     0.0116     0.9259     0.1089     2.1426     1.1781
[1] 19100.0000     0.0012     0.9451     0.0891     2.1909     1.0897
[1] 19200.0000     0.0035     0.9980     0.1592     2.1052     1.0688
[1] 19300.0000     0.0478     0.9684     0.0980     2.1273     1.1581
[1] 19400.0000     0.0008     0.9750     0.1903     2.1842     1.1110
[1] 19500.0000     0.0028     0.9633     0.1639     2.0949     1.1823
[1] 19600.0000     0.6816     0.9797     0.0862     2.0708     1.1185
[1] 19700.0000     0.2451     0.8665     0.0697     2.1543     1.1248
[1] 19800.0000     1.0000     0.9324     0.1888     2.1790     1.1958
[1] 19900.0000     0.0112     0.9981     0.0880     2.1381     1.0280
[1] 20000.0000     0.0684     0.9132     0.1069     2.1149     1.1473
[1] 20100.0000     0.0060     0.9794     0.2682     2.0848     1.1721
[1] 20200.0000     1.0000     0.9840     0.0954     2.0527     1.1380
[1] 20300.0000     0.4652     0.9770     0.0611     2.0023     0.9882
[1] 20400.0000     0.0111     0.9596     0.0661     2.1223     1.0259
[1] 20500.0000     0.0017     0.9905     0.1441     2.1354     1.0353
[1] 20600.0000     0.0496     0.9981     0.1507     2.1460     1.1462
[1] 20700.0000     0.0031     0.9923     0.1501     2.0258     1.0695
[1] 20800.0000     0.0686     0.9983     0.0381     2.0535     1.1503
[1] 20900.0000     0.0199     0.9761     0.1185     2.0906     1.1465
[1] 21000.0000     0.0157     0.9912     0.2470     2.0697     1.0875
[1] 21100.0000     0.0006     0.9432     0.0633     2.0495     1.1917
[1] 21200.0000     0.0081     0.9861     0.1631     2.1044     1.1830
[1] 21300.0000     1.0000     0.9067     0.1858     2.1024     0.8492
[1] 21400.0000     0.0002     0.9798     0.0949     2.0353     1.1420
[1] 21500.0000     0.0001     0.9986     0.1322     2.0524     1.1603
[1] 21600.0000     0.0501     0.9951     0.0821     2.0833     1.0943
[1] 21700.0000     0.6619     0.9973     0.2018     2.1019     0.9605
[1] 21800.0000     0.0666     0.9794     0.1891     2.0312     1.1483
[1] 21900.0000     0.0214     0.9832     0.1088     2.0610     1.1273
[1] 22000.0000     0.0506     0.9312     0.0415     2.0834     1.0052
[1] 22100.0000     0.0071     0.9825     0.1908     2.1211     1.1195
[1] 22200.0000     0.0241     0.8918     0.1435     2.1267     1.1042
[1] 22300.0000     0.0514     0.9726     0.0988     2.1041     0.8521
[1] 22400.0000     0.4382     0.9556     0.0969     2.0094     1.0506
[1] 22500.0000     0.0153     0.9360     0.2296     2.1264     1.1244
[1] 22600.0000     0.2034     0.9490     0.1685     2.1439     1.0906
[1] 22700.0000     0.0034     0.9920     0.1653     2.0604     1.1651
[1] 22800.0000     0.0783     0.8972     0.1829     2.0598     1.0231
[1] 22900.0000     1.0000     0.8956     0.0998     2.0964     1.1446
[1] 23000.0000     0.0007     0.9856     0.1249     2.0576     1.1917
[1] 23100.0000     0.0038     0.9662     0.1351     2.1702     1.1055
[1] 23200.0000     0.0091     0.9573     0.1426     2.0578     1.0522
[1] 23300.0000     0.0041     0.9904     0.1938     2.1613     1.1810
[1] 23400.0000     0.4116     0.8888     0.1058     2.1438     1.0444
[1] 23500.0000     0.5099     0.9986     0.2055     2.0644     1.0082
[1] 23600.0000     0.1171     0.9485     0.0990     2.0533     0.9403
[1] 23700.0000     0.0017     0.9809     0.1518     1.9777     1.1074
[1] 23800.0000     0.6030     0.9299     0.1182     2.0657     1.0580
[1] 23900.0000     0.0046     0.9920     0.2338     2.1768     1.0485
[1] 24000.0000     0.0002     0.9851     0.2230     2.1941     1.0873
[1] 24100.0000     0.0005     0.9867     0.1294     2.0552     1.0857
[1] 24200.0000     0.0373     0.9847     0.0071     2.1545     1.1679
[1] 24300.0000     0.0017     0.9954     0.1004     2.1138     1.1070
[1] 24400.0000     0.3966     0.9803     0.1089     2.1889     1.1881
[1] 24500.0000     0.0029     0.9726     0.1466     2.2161     1.0605
[1] 24600.0000     0.0002     0.9866     0.1282     2.0983     1.1519
[1] 24700.0000     0.2703     0.9889     0.1129     2.2085     0.9077
[1] 24800.0000     1.0000     0.9886     0.2275     2.1009     1.1188
[1] 24900.0000     0.0173     0.9853     0.0496     2.2006     0.9831
[1] 25000.0000     0.0031     0.9949     0.1716     2.1145     1.0594
[1] 25100.0000     0.0001     0.9974     0.0977     1.9359     1.1252
[1] 25200.0000     0.0569     0.9240     0.1725     2.0580     1.1619
[1] 25300.0000     0.0007     0.9787     0.1269     2.1514     1.1404
[1] 25400.0000     0.0193     0.9836     0.1703     2.0780     1.0873
[1] 25500.0000     0.0023     0.9634     0.0804     1.9863     1.1502
[1] 25600.0000     0.0003     0.9926     0.1128     2.2045     0.9855
[1] 25700.0000     0.0022     0.9606     0.1861     2.0822     1.1252
[1] 25800.0000     0.0119     0.9689    -0.0085     2.0988     1.1962
[1] 25900.0000     0.0123     0.9839    -0.0001     2.0859     1.1784
[1] 26000.0000     0.0450     0.9804     0.1426     1.9921     1.1308
[1] 26100.0000     0.0086     0.9935     0.1821     2.0697     1.0009
[1] 26200.0000     0.0001     0.9921     0.0436     2.1477     1.1908
[1] 26300.0000     0.0124     0.9342     0.0617     2.0312     1.1434
[1] 26400.0000     0.0004     0.9921     0.3040     2.1361     1.1553
[1] 26500.0000     0.1318     0.9611     0.0507     2.0381     1.0834
[1] 26600.0000     0.1056     0.9993     0.2546     2.1446     1.0988
[1] 26700.0000     0.0300     0.9438     0.2282     2.1023     1.1874
[1] 26800.0000     0.0031     0.9994     0.0406     2.0322     1.1742
[1] 26900.0000     0.0116     0.8955     0.1030     2.1260     1.0592
[1] 27000.0000     0.1012     0.9303     0.2557     2.1546     1.1736
[1] 27100.0000     0.0618     0.9559     0.1318     2.1034     1.0717
[1] 27200.0000     0.0001     0.9713     0.0099     2.1539     1.0324
[1] 27300.0000     0.9255     0.9857    -0.0214     2.0022     1.1356
[1] 27400.0000     0.0010     0.9728     0.1058     2.0379     1.1655
[1] 27500.0000     0.0040     0.9665     0.1518     2.0780     1.1723
[1] 27600.0000     0.2251     0.9722     0.0311     2.0921     1.1921
[1] 27700.0000     0.0510     0.8620     0.2276     2.2161     1.0941
[1] 27800.0000     0.1069     0.8828     0.1525     2.2192     1.1030
[1] 27900.0000     0.0028     0.9798     0.1321     2.0397     1.1875
[1] 28000.0000     0.0000     0.9813     0.1341     2.0801     1.1243
[1] 28100.0000     0.0048     0.9846     0.1240     2.1155     1.0862
[1] 28200.0000     0.0185     0.9920     0.2088     2.1053     1.1206
[1] 28300.0000     0.0000     0.9886     0.0014     2.1485     1.1843
[1] 28400.0000     0.0050     0.9826    -0.0015     2.0903     1.1671
[1] 28500.0000     0.0021     0.9969     0.1178     2.0362     1.1739
[1] 28600.0000     0.0557     0.9856     0.1057     1.9914     1.1641
[1] 28700.0000     0.0016     0.9975     0.1785     2.1116     1.1870
[1] 28800.0000     0.2150     0.9898     0.1820     2.0334     0.9966
[1] 28900.0000     0.4161     0.9964     0.1190     2.0659     1.0933
[1] 29000.0000     0.0007     0.9902     0.2205     2.1515     1.1485
[1] 29100.0000     0.3348     0.9836     0.1451     2.1594     1.0211
[1] 29200.0000     0.0318     0.9889     0.0708     2.1010     1.0979
[1] 29300.0000     0.0432     0.9631     0.2039     2.1468     1.1728
[1] 29400.0000     0.0052     0.9512     0.1096     1.9741     1.1262
[1] 29500.0000     0.0001     0.9902     0.1473     2.0615     1.1150
[1] 29600.0000     0.9311     0.9770     0.1919     2.1450     1.1651
[1] 29700.0000     0.0010     0.9571     0.0906     2.0173     0.9736
[1] 29800.0000     0.0090     0.8980     0.1313     2.0881     1.1905
[1] 29900.0000     0.3242     0.9798     0.1361     2.1712     1.0014
[1] 30000.0000     0.0629     0.9561     0.1652     2.1345     1.0811
[1] 0.149394
Time difference of 11.52985 hours
null device 
          1 
