[1] "El numero de nodos X particion es: 10"
[1] "Model = M2 / Data = sim_data/datasetSVIExponential29.Rdata"
[1] 100.0000   0.9935   0.8291   0.0500   1.9147   0.9331
[1] 200.0000   0.0006   0.8487   0.3317   1.5735   0.8384
[1] 300.0000   0.4445   0.8776  -0.0814   2.0877   1.0665
[1] 400.0000   0.0211   0.9217  -0.4322   2.3501   0.9692
[1] 500.0000   0.0000   0.8380   0.2671   1.7372   0.8203
[1] 600.0000   1.0000   0.9748  -0.2001   2.0507   1.0386
[1] 700.0000   0.0146   0.9506  -0.2660   2.2093   1.0413
[1] 800.0000   0.0002   0.9313  -0.2250   2.0772   1.0430
[1] 900.0000   0.0000   0.9606  -0.1907   2.0999   1.0158
[1] 1000.0000    0.0000    0.8209    0.0401    1.9173    0.9374
[1] 1100.0000    0.0000    0.8924    0.2813    1.6019    0.9545
[1] 1200.0000    0.4947    0.8603    0.0586    1.9535    0.9164
[1] 1300.0000    1.0000    0.8617   -0.3203    2.2301    1.0550
[1] 1400.0000    0.0000    0.9303   -0.5361    2.4426    1.1894
[1] 1500.0000    0.0005    0.9584   -0.0637    2.0282    1.0940
[1] 1600.0000    0.0000    0.8718   -0.6423    2.5428    1.0625
[1] 1700.0000    0.0000    0.8745   -0.3294    2.3252    0.9148
[1] 1800.0000    0.0000    0.9376   -0.0024    1.9377    0.8302
[1] 1900.0000    0.0000    0.9875    0.0002    1.9813    0.8532
[1] 2000.0000    0.0000    0.9400    0.1003    1.8661    1.1109
[1] 2100.0000    0.0000    0.9372    0.1859    1.7122    0.8634
[1] 2200.0000    0.0000    0.8668    0.2473    1.7176    1.0989
[1] 2300.0000    0.0001    0.9906    0.4978    1.3740    0.8768
[1] 2400.0000    0.0000    0.9355    0.1338    1.8471    1.1578
[1] 2500.0000    0.0404    0.8909    0.1674    1.7006    1.1217
[1] 2600.0000    0.0000    0.8617   -0.2310    2.1061    0.8044
[1] 2700.0000    0.0000    0.8492   -0.1409    2.1260    0.9140
[1] 2800.0000    0.1943    0.8906   -0.0980    1.9234    0.8787
[1] 2900.0000    0.0074    0.9982   -0.2781    2.2134    0.9626
[1] 3000.0000    0.0000    0.8454   -0.0462    1.9801    0.9669
[1] 3100.0000    0.0003    0.8265    0.2726    1.7287    1.1652
[1] 3200.0000    0.0000    0.8205    0.6245    1.3087    0.8873
[1] 3300.0000    0.0000    0.9797   -0.0036    1.9906    1.0744
[1] 3400.0000    0.8821    0.8983    0.1253    1.8483    1.1525
[1] 3500.0000    0.0000    0.9256    0.5158    1.4209    1.1684
[1] 3600.0000    0.0000    0.8756   -0.5169    2.4735    0.9795
[1] 3700.0000    0.5921    0.9624    0.6687    1.2854    0.8094
[1] 3800.0000    0.0000    0.8306    0.3573    1.6174    0.8349
[1] 3900.0000    0.0000    0.9030   -0.0249    1.9571    0.9530
[1] 4000.0000    0.0000    0.9448    0.2576    1.6956    1.0791
[1] 4100.0000    0.0000    0.8388   -0.1695    2.1385    0.8864
[1] 4200.0000    0.0000    0.9756   -0.6802    2.5806    0.9752
[1] 4300.0000    0.1022    0.9117   -0.1820    2.0620    0.8380
[1] 4400.0000    0.0000    0.9459    0.3678    1.5697    1.1887
[1] 4500.0000    1.0000    0.8410   -0.1972    2.1436    1.1520
[1] 4600.0000    0.0003    0.9525    0.4196    1.5660    1.1110
[1] 4700.0000    0.0000    0.9516   -0.6199    2.4751    1.1937
[1] 4800.0000    0.0000    0.8444   -0.7591    2.7178    1.1184
[1] 4900.0000    0.0000    0.9924   -0.6908    2.6612    1.1836
[1] 5000.0000    0.1008    0.8074   -0.3058    2.1692    1.0307
[1] 5100.0000    0.0000    0.9679   -0.0626    2.0026    1.1951
[1] 5200.0000    0.0000    0.8350    0.0365    2.0927    1.0935
[1] 5300.0000    0.0000    0.8821    0.2748    1.5093    1.0013
[1] 5400.0000    0.0000    0.9713    0.1992    1.6038    1.1011
[1] 5500.0000    0.0000    0.8913    0.2072    1.7406    1.1131
[1] 5600.0000    0.0000    0.8117   -0.0500    1.9856    0.9121
[1] 5700.0000    0.0000    0.8882   -0.1694    2.0707    1.0651
[1] 5800.0000    0.0000    0.8612   -0.2537    2.2214    1.0327
[1] 5900.0000    0.0000    0.8278    0.4294    1.5104    1.0767
[1] 6000.0000    0.0000    0.9208    0.4548    1.4701    1.1507
[1] 6100.0000    0.0000    0.9100    0.2079    1.6541    1.1509
[1] 6200.0000    0.0000    0.8235    0.4319    1.4685    1.1329
[1] 6300.0000    0.0000    0.9569    0.2316    1.6655    0.8080
[1] 6400.0000    0.0000    0.9599   -0.3495    2.2991    0.9947
[1] 6500.0000    0.1057    0.9084   -0.2321    2.2039    1.0918
[1] 6600.0000    0.0000    0.8710    0.3172    1.5843    0.9001
[1] 6700.0000    0.0000    0.8204   -0.0121    1.9136    0.9264
[1] 6800.0000    0.4458    0.8794    0.1151    1.8317    0.9381
[1] 6900.0000    0.0000    0.9290   -0.5916    2.5382    1.0476
[1] 7000.0000    0.0000    0.9736    0.2072    1.7612    1.0588
[1] 7100.0000    0.0000    0.9857    0.3298    1.6471    1.0571
[1] 7200.0000    0.0000    0.8247    0.0750    1.9295    0.8913
[1] 7300.0000    0.0000    0.9346    0.6166    1.3458    1.1740
[1] 7400.0000    0.0000    0.9512   -0.4221    2.2960    0.8676
[1] 7500.0000    0.0000    0.9989   -0.8375    2.5820    1.1081
[1] 7600.0000    0.0000    0.9493   -0.2346    2.2281    0.9281
[1] 7700.0000    0.0000    0.8348   -0.8007    2.6503    1.0869
[1] 7800.0000    0.0018    0.9281   -0.4796    2.4859    0.8883
[1] 7900.0000    0.0000    0.8304    0.0785    1.8354    0.9653
[1] 8000.0000    0.0000    0.9309   -0.1110    1.9393    1.0835
[1] 8100.0000    0.0000    0.9446   -0.2388    2.0999    0.9329
[1] 8200.0000    0.0003    0.8808   -0.2631    2.1159    1.1030
[1] 8300.0000    0.0000    0.8896   -0.2447    2.2926    1.1748
[1] 8400.0000    0.0000    0.9658   -0.3644    2.2088    0.9286
[1] 8500.0000    0.0000    0.8325    0.1790    1.7828    1.0750
[1] 8600.0000    0.0337    0.9564   -0.4648    2.4295    0.9963
[1] 8700.0000    0.0000    0.8940    0.0348    1.9244    1.0236
[1] 8800.0000    0.0000    0.9735   -0.4451    2.3477    1.0381
[1] 8900.0000    0.0000    0.8674    0.6587    1.3150    1.0474
[1] 9000.0000    0.0000    0.8638    0.4394    1.4093    1.1683
[1] 9100.0000    0.0000    0.8755   -0.1016    2.0048    0.8812
[1] 9200.0000    0.0000    0.8777    0.0714    1.9359    1.1489
[1] 9300.0000    0.0000    0.8689    0.0682    1.8982    0.9976
[1] 9400.0000    0.0000    0.9163    0.6699    1.2466    0.8003
[1] 9500.0000    0.0000    0.8817   -0.4080    2.3296    1.0875
[1] 9600.0000    0.0003    0.8149    0.1193    1.8533    0.9056
[1] 9700.0000    0.0000    0.9657    0.7915    1.0849    0.9166
[1] 9800.0000    0.0000    0.9514   -0.3482    2.2327    1.0521
[1] 9900.0000    0.0000    0.8192    0.2969    1.5737    0.8099
[1] 10000.0000     0.7738     0.8618    -0.4179     2.3839     0.8032
[1] 10100.0000     1.0000     0.9049    -0.3222     2.3354     1.0751
[1] 10200.0000     0.0332     0.8458     0.1308     1.8000     1.1044
[1] 10300.0000     0.1713     0.9549     0.6916     1.2932     0.8021
[1] 10400.0000     0.0000     0.9434     0.2479     1.6443     1.1753
[1] 10500.0000     0.0001     0.9828     0.0615     1.8946     0.8036
[1] 10600.0000     0.0000     0.8442    -0.1759     2.1015     0.9495
[1] 10700.0000     0.0000     0.8398     0.3523     1.6296     1.0590
[1] 10800.0000     1.0000     0.8056     0.0028     1.9025     0.8503
[1] 10900.0000     0.0000     0.9660     0.5504     1.4933     1.1970
[1] 11000.0000     0.3159     0.8012     0.1152     1.9053     0.9407
[1] 11100.0000     0.0000     0.9587    -0.5793     2.4996     0.9308
[1] 11200.0000     0.0938     0.9645     0.0288     1.8008     0.8187
[1] 11300.0000     0.0000     0.9481    -0.0461     1.8997     1.1448
[1] 11400.0000     0.0000     0.9548     0.4008     1.4458     1.0047
[1] 1.150e+04 0.000e+00 8.034e-01 1.244e-01 1.797e+00 8.501e-01
[1] 11600.0000     0.3793     0.9382    -0.4139     2.2503     0.8033
[1] 11700.0000     0.0589     0.9616     0.0034     1.9284     1.1733
[1] 11800.0000     0.0000     0.8027     0.3557     1.4811     0.8530
[1] 11900.0000     0.0000     0.8460    -0.3271     2.2585     0.8150
[1] 12000.0000     0.0000     0.8056     0.1518     1.8340     1.1142
[1] 12100.0000     0.0000     0.8666    -0.2655     2.1389     0.9630
[1] 12200.0000     0.2062     0.8496     0.4083     1.6188     0.8460
[1] 12300.0000     0.0156     0.8010    -0.0330     2.0051     0.8810
[1] 12400.0000     0.1388     0.8019     0.3367     1.6630     1.1971
[1] 12500.0000     0.0000     0.8870    -0.0801     2.0123     1.1524
[1] 12600.0000     0.0000     0.9359    -0.6467     2.6289     1.1279
[1] 12700.0000     0.0137     0.9614    -0.2405     2.0712     0.8958
[1] 12800.0000     0.0000     0.9902    -0.8148     2.7304     0.9345
[1] 12900.0000     0.1842     0.9204     0.2638     1.6779     0.8219
[1] 13000.0000     0.0000     0.8069    -0.0402     1.9413     1.0997
[1] 13100.0000     0.0001     0.9339     0.9488     0.9367     1.1193
[1] 13200.0000     0.1862     0.8843    -0.3019     2.1708     0.9997
[1] 13300.0000     0.0000     0.8427    -0.2864     2.1765     1.0281
[1] 13400.0000     0.0000     0.9676     0.1903     1.7780     1.1418
[1] 13500.0000     0.0000     0.8466    -0.1806     2.0603     0.8143
[1] 13600.0000     0.0000     0.8917     0.0637     1.9702     1.0301
[1] 13700.0000     0.0000     0.8951     0.2136     1.6806     1.0363
[1] 13800.0000     0.0000     0.9432    -0.0976     2.0209     1.1717
[1] 13900.0000     0.0000     0.8495    -0.0757     1.9780     1.0802
[1] 14000.0000     0.0000     0.9588    -0.1048     2.0773     0.9662
[1] 14100.0000     0.0000     0.9803     0.0969     1.8133     1.0983
[1] 14200.0000     1.0000     0.9100     0.2180     1.8926     1.1948
[1] 14300.0000     0.0000     0.8548    -0.5835     2.4998     0.8231
[1] 14400.0000     0.2517     0.8171    -0.2859     2.2177     1.1588
[1] 14500.0000     0.4266     0.8647     0.0364     1.9110     1.0877
[1] 14600.0000     0.0000     0.8570    -0.1223     2.0284     1.1138
[1] 14700.0000     0.0000     0.8974    -0.3363     2.2125     1.0871
[1] 14800.0000     0.0000     0.8106     0.2903     1.5760     1.0978
[1] 14900.0000     0.2028     0.9582    -0.2410     2.1803     1.0321
[1] 15000.0000     0.0669     0.8279     0.1634     1.7841     1.0826
[1] 15100.0000     1.0000     0.8292     0.3041     1.6113     0.9249
[1] 15200.0000     0.0000     0.8734     0.0669     1.8991     0.8767
[1] 15300.0000     1.0000     0.8282    -0.0485     1.9697     1.1177
[1] 15400.0000     1.0000     0.9829    -0.9476     2.8236     1.0368
[1] 15500.0000     0.0000     0.8279    -0.4804     2.3681     0.8509
[1] 15600.0000     0.0000     0.8520    -0.7480     2.6728     1.1912
[1] 15700.0000     0.0000     0.8475    -0.3553     2.2539     0.9690
[1] 15800.0000     0.0068     0.8834    -0.2910     2.2100     0.9061
[1] 15900.0000     0.0000     0.9431     0.0148     1.8533     0.8611
[1] 16000.0000     1.0000     0.9761    -0.4845     2.3799     1.0600
[1] 16100.0000     0.0000     0.8906     0.4056     1.5142     0.9023
[1] 16200.0000     0.0002     0.9466    -0.2913     2.1661     0.9477
[1] 16300.0000     0.0000     0.9327    -0.3313     2.3249     0.9714
[1] 16400.0000     0.0000     0.9648     0.0513     1.8845     0.9493
[1] 16500.0000     1.0000     0.9407     0.7676     1.2561     0.9877
[1] 16600.0000     0.0205     0.8568     0.4111     1.5462     1.0645
[1] 16700.0000     0.0000     0.9287     0.0813     1.7846     0.9633
[1] 16800.0000     0.0000     0.9378     0.1049     1.7963     1.0931
[1] 16900.0000     0.0000     0.8583     0.1724     1.7236     0.9158
[1] 17000.0000     0.0000     0.9790    -0.2404     2.1220     0.8822
[1] 1.710e+04 1.120e-02 9.305e-01 6.909e-01 1.206e+00 9.283e-01
[1] 17200.0000     0.0103     0.9497     0.0076     1.9328     0.8252
[1] 17300.0000     1.0000     0.8396    -0.0085     1.9995     1.0131
[1] 17400.0000     0.0000     0.8593     0.0925     1.8832     1.1450
[1] 17500.0000     0.0000     0.9677    -0.0257     2.0093     1.1479
[1] 17600.0000     0.0000     0.8242     0.2274     1.6403     0.9225
[1] 17700.0000     0.0000     0.8794     0.2449     1.7161     0.9707
[1] 17800.0000     0.0152     0.9571    -0.5876     2.6011     0.9258
[1] 17900.0000     0.0001     0.9083    -0.0269     2.0003     0.9495
[1] 18000.0000     0.5397     0.9109    -0.3923     2.3882     0.8712
[1] 18100.0000     0.0000     0.9461    -0.2860     2.2029     0.9222
[1] 18200.0000     0.0122     0.8728     0.5161     1.4165     0.9452
[1] 18300.0000     0.0000     0.9928     0.0970     1.8740     1.1096
[1] 18400.0000     0.0000     0.9121     0.0647     1.8922     0.9764
[1] 18500.0000     0.0000     0.8451    -0.2627     2.1984     0.9054
[1] 18600.0000     0.0000     0.8656    -0.2177     2.2265     0.8624
[1] 18700.0000     0.0000     0.8690     0.1768     1.6637     0.9055
[1] 18800.0000     0.0000     0.8537    -0.2084     2.1570     0.9005
[1] 18900.0000     0.0000     0.9024    -0.1451     2.0687     1.0613
[1] 19000.0000     0.0324     0.8159    -0.4109     2.4256     0.9046
[1] 19100.0000     0.0000     0.8142     0.1221     1.7386     1.0716
[1] 19200.0000     0.0000     0.8001     0.4003     1.5298     0.9641
[1] 19300.0000     0.0000     0.8411     0.2047     1.6915     0.9272
[1] 19400.0000     0.0000     0.8040    -0.9928     2.9715     1.1551
[1] 19500.0000     0.0000     0.9654    -0.0798     2.0166     0.9669
[1] 19600.0000     0.3524     0.9162    -0.4173     2.2201     0.8038
[1] 19700.0000     0.0001     0.8143    -0.0364     1.9092     0.8081
[1] 19800.0000     0.0000     0.8275     0.5432     1.3950     1.0965
[1] 19900.0000     0.0000     0.9981    -0.3600     2.3628     1.0280
[1] 20000.0000     0.0000     0.8708    -0.1256     2.0816     1.0213
[1] 20100.0000     0.0000     0.9794     0.4798     1.4718     1.1721
[1] 20200.0000     0.7944     0.9840    -0.2974     2.2038     1.1380
[1] 20300.0000     0.0000     0.8028    -0.0442     1.9507     0.9708
[1] 20400.0000     0.0215     0.9845    -0.3042     2.1838     1.1049
[1] 20500.0000     0.0000     0.8964     0.4209     1.5089     1.1285
[1] 20600.0000     0.5104     0.9169     0.0683     1.9489     1.1057
[1] 20700.0000     0.9167     0.8107    -0.0919     2.1105     1.0874
[1] 20800.0000     0.0000     0.9606    -0.2914     2.2738     1.0886
[1] 20900.0000     0.0594     0.9109    -0.1184     2.0193     0.9980
[1] 21000.0000     0.0000     0.8369     0.1974     1.7077     1.0355
[1] 21100.0000     0.0000     0.9732    -0.1699     2.0018     0.8253
[1] 21200.0000     0.7523     0.9611     0.0156     1.8515     0.8029
[1] 21300.0000     1.0000     0.9067     0.1205     1.9271     0.8492
[1] 21400.0000     0.0170     0.9719    -0.3459     2.2535     0.9071
[1] 21500.0000     0.0000     0.9375    -0.2905     2.1793     1.0777
[1] 21600.0000     0.0245     0.8420    -0.0652     1.9837     0.8926
[1] 21700.0000     0.0000     0.8449    -0.2848     2.2314     0.9351
[1] 21800.0000     0.0038     0.8660    -0.1290     2.0846     1.1387
[1] 21900.0000     0.0000     0.9084     0.1154     1.7603     1.1067
[1] 22000.0000     0.0000     0.8850     0.4095     1.5423     0.9555
[1] 22100.0000     0.0000     0.8953    -0.3065     2.2142     0.9321
[1] 22200.0000     0.0000     0.9218    -0.3828     2.2894     0.8208
[1] 2.230e+04 1.464e-01 9.726e-01 3.463e-01 1.717e+00 8.521e-01
[1] 22400.0000     0.0000     0.8145    -0.3454     2.2371     0.8604
[1] 22500.0000     0.2339     0.8623     0.3152     1.6857     0.8008
[1] 22600.0000     0.0000     0.8858    -0.3696     2.2966     0.9064
[1] 22700.0000     0.0000     0.8271     0.1892     1.7026     1.1968
[1] 22800.0000     0.0383     0.8972    -0.1796     1.9601     1.0231
[1] 22900.0000     0.0000     0.9207     0.3467     1.4986     0.8362
[1] 23000.0000     0.0000     0.9652     0.1075     1.8343     1.0264
[1] 23100.0000     0.0000     0.8291    -0.3094     2.3577     0.9730
[1] 23200.0000     0.0001     0.9586    -0.3713     2.2292     1.0581
[1] 23300.0000     0.3912     0.8966    -0.0824     2.0110     1.0199
[1] 23400.0000     0.0130     0.9418     0.1761     1.8522     0.8205
[1] 23500.0000     0.0000     0.8934    -0.9475     2.8043     1.1391
[1] 23600.0000     0.0000     0.8176     0.1417     1.7628     0.8266
[1] 23700.0000     0.0000     0.8580     0.2164     1.7332     0.8494
[1] 23800.0000     0.0000     0.9509    -0.2959     2.1655     0.9516
[1] 23900.0000     0.0210     0.9496     0.4477     1.4637     1.1869
[1] 24000.0000     0.0000     0.9801     0.2964     1.5505     1.1551
[1] 24100.0000     0.0000     0.8747    -0.6317     2.5356     1.0767
[1] 24200.0000     0.0000     0.8562     0.1985     1.6625     0.9310
[1] 24300.0000     0.0000     0.8894    -0.5659     2.4785     0.9198
[1] 24400.0000     0.1600     0.9020     0.3393     1.6589     1.0534
[1] 24500.0000     0.0000     0.9407     0.5842     1.3275     1.0416
[1] 24600.0000     0.0000     0.9062    -0.1318     2.0615     0.8877
[1] 24700.0000     0.0114     0.8664    -0.4137     2.3153     1.1316
[1] 24800.0000     0.0234     0.8109    -0.1106     2.0575     1.1899
[1] 24900.0000     0.0662     0.9495     0.1298     1.8284     0.8626
[1] 25000.0000     0.0755     0.8801     0.0617     1.7453     0.8235
[1] 25100.0000     0.0009     0.9102     0.3158     1.6282     0.9221
[1] 25200.0000     0.0000     0.9920    -0.1674     2.1528     0.8420
[1] 25300.0000     1.0000     0.8151     0.0295     1.9062     1.0748
[1] 25400.0000     1.0000     0.8988    -0.1602     2.0809     1.0888
[1] 25500.0000     0.0000     0.8147     0.2593     1.6800     1.1844
[1] 25600.0000     0.0000     0.8978    -0.0266     1.9837     1.1142
[1] 25700.0000     0.0000     0.8662     0.0772     1.8460     1.1677
[1] 25800.0000     0.0000     0.8043    -0.0091     1.9754     0.8730
[1] 25900.0000     1.0000     0.8632     0.0957     1.8562     1.1254
[1] 26000.0000     1.0000     0.9492    -0.0384     2.0057     1.0058
[1] 26100.0000     0.0000     0.9375    -0.2562     2.1786     0.9726
[1] 26200.0000     0.1013     0.9529    -0.3056     2.3044     1.0017
[1] 26300.0000     0.0000     0.9342    -0.0025     1.8350     1.1434
[1] 26400.0000     0.0000     0.8767    -0.0438     1.8923     0.8041
[1] 26500.0000     0.1044     0.8136     0.2065     1.7415     0.8843
[1] 26600.0000     0.0000     0.9293    -0.1605     2.1532     0.8497
[1] 26700.0000     0.1671     0.9890     0.1691     1.7038     0.9390
[1] 26800.0000     0.0000     0.8448    -0.7525     2.6729     0.8652
[1] 26900.0000     0.0000     0.9586    -0.2070     2.2342     1.0279
[1] 27000.0000     0.0000     0.9618    -0.0102     1.9531     1.1838
[1] 27100.0000     0.2337     0.8095    -0.2230     2.1989     1.0497
[1] 27200.0000     0.0017     0.8628     0.0246     1.9126     1.0265
[1] 27300.0000     0.0000     0.9754    -0.0972     2.1062     0.9688
[1] 27400.0000     0.0000     0.9269     0.0513     1.9349     1.0000
[1] 27500.0000     0.0000     0.8463     0.3125     1.6214     0.8762
[1] 2.760e+04 0.000e+00 9.357e-01 5.800e-02 1.830e+00 9.330e-01
[1] 27700.0000     0.0000     0.8219    -0.1336     2.1208     0.8500
[1] 27800.0000     0.0000     0.8358     0.0347     1.9385     1.1051
[1] 27900.0000     0.8254     0.8904    -0.1203     2.1046     0.9276
[1] 28000.0000     0.0000     0.8025    -0.0091     1.9518     0.9240
[1] 28100.0000     0.0000     0.9262     0.1227     1.8505     1.0710
[1] 28200.0000     0.0000     0.9683    -0.1616     2.0992     0.8917
[1] 28300.0000     0.0000     0.9886    -0.4549     2.3546     1.1843
[1] 28400.0000     0.4451     0.9594     0.0105     2.0206     0.8105
[1] 28500.0000     0.0000     0.9130     0.0007     1.8757     1.1129
[1] 28600.0000     0.0000     0.9775     0.1042     1.7215     0.9079
[1] 28700.0000     0.0000     0.8546    -0.1868     2.1120     0.9787
[1] 28800.0000     0.0001     0.8950     0.2201     1.6915     0.9585
[1] 28900.0000     0.0000     0.9040    -0.2174     2.0387     0.8375
[1] 29000.0000     0.0000     0.9692    -0.2333     2.0602     0.9910
[1] 29100.0000     0.0000     0.9089    -0.5449     2.4585     0.8717
[1] 29200.0000     0.1055     0.9371     0.4034     1.5471     1.1436
[1] 2.930e+04 2.764e-01 9.749e-01 4.516e-01 1.471e+00 9.782e-01
[1] 29400.0000     0.0671     0.9394     0.4596     1.3848     1.1754
[1] 29500.0000     0.0000     0.8852     0.0158     1.8858     0.8002
[1] 29600.0000     0.0004     0.8035     0.1427     1.7405     1.0772
[1] 29700.0000     0.0000     0.8049     0.0219     1.8975     0.9958
[1] 29800.0000     0.0000     0.8503     0.2853     1.5941     0.9822
[1] 29900.0000     0.8190     0.9798    -0.0661     2.0890     1.0014
[1] 30000.0000     0.0011     0.9561     0.3740     1.4979     1.0811
[1] 0.1203552
Time difference of 10.73759 hours
null device 
          1 
