[1] "El numero de nodos X particion es: 10"
[1] "Model = M1 / Data = sim_data/datasetSVCExponential30.Rdata"
[1] 100.0000   1.0000   0.8291   0.0078   2.1768   0.9331
[1] 200.0000   1.0000   0.9804  -0.1085   2.0350   1.0297
[1] 300.0000   0.6145   0.8776  -0.1295   2.0866   1.0665
[1] 400.0000   0.0532   0.9217  -0.1418   2.0017   0.9692
[1] 500.0000   1.0000   0.8902  -0.1729   1.9671   0.8863
[1] 600.0000   0.0001   0.8693  -0.1823   1.8543   1.0610
[1] 700.0000   0.4191   0.8009  -0.3430   1.7814   0.8720
[1] 800.0000   0.4047   0.8830  -0.1711   2.0506   0.9772
[1] 900.0000   0.4540   0.9357  -0.3897   1.8971   1.0743
[1] 1000.0000    0.1844    0.8568   -0.2587    1.9028    0.8983
[1] 1100.0000    0.1241    0.8326   -0.2761    1.8279    1.0285
[1] 1200.0000    0.0575    0.8467   -0.0897    2.0346    1.0747
[1] 1300.0000    0.5919    0.8617   -0.3066    1.8981    1.0550
[1] 1400.0000    0.0000    0.9303   -0.2016    2.0267    1.1894
[1] 1500.0000    0.0000    0.9672    0.0010    2.1201    1.1986
[1] 1600.0000    0.7318    0.8673   -0.0739    2.0532    0.9237
[1] 1700.0000    0.0003    0.8745   -0.1911    1.9768    0.9148
[1] 1800.0000    0.0000    0.9234   -0.1231    2.1065    1.1307
[1] 1900.0000    0.4483    0.9957   -0.1464    2.0251    1.1822
[1] 2000.0000    0.7175    0.8107   -0.2094    1.8584    0.8113
[1] 2100.0000    0.4460    0.8081   -0.0533    2.1474    0.9300
[1] 2200.0000    0.6811    0.8580   -0.1642    1.9813    1.0161
[1] 2300.0000    0.2234    0.8377   -0.1802    2.0720    0.8487
[1] 2400.0000    0.0354    0.9764   -0.0622    1.9177    1.0594
[1] 2500.0000    0.8114    0.9002   -0.0573    1.9830    1.1531
[1] 2600.0000    0.0827    0.9658   -0.2311    1.9589    1.0023
[1] 2700.0000    0.0799    0.8044   -0.2814    1.9340    1.0835
[1] 2800.0000    0.3478    0.8906   -0.3618    1.8815    0.8787
[1] 2900.0000    0.0104    0.8994   -0.3495    1.8457    1.0050
[1] 3000.0000    0.0193    0.9297   -0.0871    2.0661    1.1984
[1] 3100.0000    0.2194    0.8265   -0.1564    1.9671    1.1652
[1] 3200.0000    0.3821    0.9371   -0.1235    2.0524    1.1278
[1] 3300.0000    0.0000    0.9877   -0.1492    2.0018    0.9428
[1] 3400.0000    0.0038    0.9079   -0.3311    1.7754    0.8348
[1] 3500.0000    1.0000    0.9338   -0.1082    2.1604    0.8830
[1] 3600.0000    0.0227    0.9027   -0.2732    1.8541    1.1569
[1] 3700.0000    0.0003    0.9950   -0.1229    1.9485    1.0085
[1] 3800.0000    0.0000    0.8653   -0.2544    1.8602    0.9884
[1] 3900.0000    0.0034    0.8553   -0.3620    1.7788    1.0542
[1] 4000.0000    0.2690    0.9388   -0.2646    1.7517    0.8131
[1] 4100.0000    0.3458    0.9193   -0.0564    2.0509    1.0337
[1] 4200.0000    1.0000    0.8436   -0.2444    1.8876    0.9733
[1] 4300.0000    0.0000    0.9986   -0.1925    1.9651    0.9026
[1] 4400.0000    0.1377    0.9571   -0.0712    2.0396    0.9932
[1] 4500.0000    1.0000    0.8410   -0.1406    1.9835    1.1520
[1] 4600.0000    0.0295    0.8039   -0.2527    1.8241    1.1669
[1] 4700.0000    0.0273    0.9516   -0.1674    2.0771    1.1937
[1] 4800.0000    0.0857    0.8985   -0.1983    1.9815    0.9827
[1] 4900.0000    0.7745    0.8201    0.0501    2.2158    1.1747
[1] 5000.0000    1.0000    0.9273   -0.2312    1.8833    1.0348
[1] 5100.0000    1.0000    0.8496   -0.3031    1.9026    0.8317
[1] 5200.0000    0.0016    0.8350   -0.0375    2.2813    1.0935
[1] 5300.0000    1.0000    0.8379   -0.2113    1.8803    1.0434
[1] 5400.0000    0.8334    0.8333   -0.1217    2.0296    0.9811
[1] 5500.0000    0.3301    0.8940   -0.3295    1.8635    1.1671
[1] 5600.0000    0.0198    0.9095   -0.5295    1.7382    0.9324
[1] 5700.0000    0.1238    0.9403   -0.2252    1.8537    0.9236
[1] 5800.0000    0.3475    0.8520   -0.0187    2.1697    1.0482
[1] 5900.0000    0.1863    0.8706   -0.2405    1.9101    1.1672
[1] 6000.0000    0.4701    0.8325   -0.3602    1.8676    0.8825
[1] 6100.0000    0.0724    0.9517    0.0170    2.1304    0.9216
[1] 6200.0000    1.0000    0.8336   -0.4437    1.6482    0.9759
[1] 6300.0000    0.0262    0.8959   -0.2853    1.9533    1.1826
[1] 6400.0000    0.3773    0.9022   -0.1904    1.8563    0.8332
[1] 6500.0000    0.0359    0.8697   -0.1407    2.0456    0.9040
[1] 6600.0000    0.0193    0.8918   -0.3811    1.7838    1.0184
[1] 6700.0000    0.0000    0.8229   -0.2590    1.7771    1.0410
[1] 6800.0000    1.0000    0.8496   -0.2083    2.0006    0.9728
[1] 6900.0000    0.1229    0.8556   -0.2738    1.8965    1.1638
[1] 7000.0000    0.0010    0.8011   -0.2240    1.9117    1.0228
[1] 7100.0000    0.9342    0.8440   -0.2403    1.8242    0.9302
[1] 7200.0000    0.0007    0.9645   -0.1399    1.9731    0.9109
[1] 7300.0000    0.0016    0.8821   -0.2348    1.9619    0.9361
[1] 7400.0000    0.0000    0.8164   -0.3273    1.7297    0.8600
[1] 7500.0000    0.1173    0.9538   -0.0149    2.1481    1.0728
[1] 7600.0000    0.4339    0.8898   -0.2091    1.8471    1.1032
[1] 7700.0000    0.0024    0.8552   -0.2006    1.9271    1.0850
[1] 7800.0000    0.0014    0.8139   -0.2770    1.9079    0.8702
[1] 7900.0000    0.2799    0.8037   -0.2685    1.9226    1.1632
[1] 8000.0000    0.4974    0.9186   -0.3497    1.7234    1.0026
[1] 8100.0000    0.2641    0.8687   -0.1789    2.0194    1.0506
[1] 8200.0000    0.0000    0.9636   -0.1355    1.9896    1.1811
[1] 8300.0000    0.0008    0.8222   -0.0140    2.1219    0.8438
[1] 8400.0000    1.0000    0.9278   -0.2279    1.9097    0.8107
[1] 8500.0000    0.0479    0.8716   -0.1662    2.0344    1.1821
[1] 8600.0000    0.3584    0.9214   -0.1572    2.0957    1.0135
[1] 8700.0000    1.0000    0.8293   -0.1804    1.9580    0.8767
[1] 8800.0000    1.0000    0.9324   -0.2255    1.9302    0.8066
[1] 8900.0000    0.4145    0.9431   -0.2895    1.9530    1.1381
[1] 9000.0000    0.1069    0.9025   -0.1985    1.9079    0.9096
[1] 9100.0000    0.4161    0.9156   -0.0709    2.1224    1.0916
[1] 9200.0000    0.3413    0.8777   -0.0704    2.0163    1.1489
[1] 9300.0000    0.0011    0.9856   -0.1706    1.9376    1.1370
[1] 9400.0000    0.1914    0.8458   -0.0477    2.0181    1.0091
[1] 9500.0000    0.0000    0.9329   -0.3106    1.9378    0.8817
[1] 9600.0000    0.3699    0.8149   -0.2318    1.9920    0.9056
[1] 9700.0000    0.0037    0.8614   -0.0257    2.0222    0.9692
[1] 9800.0000    0.1097    0.8196   -0.1504    1.9218    0.9680
[1] 9900.0000    0.0000    0.8466   -0.0171    2.0671    0.8248
[1] 10000.0000     1.0000     0.8618    -0.2515     1.8411     0.8032
[1] 10100.0000     1.0000     0.9049    -0.1470     2.0119     1.0751
[1] 10200.0000     0.0021     0.9084    -0.2508     1.8278     0.8386
[1] 10300.0000     0.0248     0.8120    -0.0375     2.0446     0.8804
[1] 10400.0000     0.2378     0.9337    -0.0958     2.0110     1.0990
[1] 10500.0000     1.0000     0.8159     0.0059     2.0871     1.1284
[1] 10600.0000     0.4942     0.8330    -0.0687     2.1868     0.9483
[1] 10700.0000     0.0000     0.8531    -0.0055     2.1597     0.8181
[1] 10800.0000     0.8779     0.8056    -0.2294     1.9666     0.8503
[1] 10900.0000     0.0000     0.9660    -0.2393     2.0028     1.1970
[1] 11000.0000     0.5194     0.8012    -0.1808     2.0803     0.9407
[1] 11100.0000     0.0003     0.9709     0.0342     2.2467     0.9321
[1] 11200.0000     1.0000     0.9412    -0.2336     1.9917     0.8257
[1] 11300.0000     1.0000     0.9738    -0.1638     1.9440     1.1215
[1] 11400.0000     1.0000     0.9866    -0.1487     1.9867     0.8664
[1] 11500.0000     0.0000     0.9311    -0.3631     1.8614     0.8792
[1] 11600.0000     1.0000     0.9382    -0.4186     1.7393     0.8033
[1] 11700.0000     0.7953     0.9810    -0.3725     1.8533     0.9386
[1] 11800.0000     0.0133     0.8440    -0.2261     1.8232     0.8198
[1] 11900.0000     0.2732     0.8272    -0.0688     2.0427     0.8962
[1] 12000.0000     0.0099     0.8543    -0.3013     1.8554     1.1591
[1] 12100.0000     0.1033     0.9452    -0.1996     1.9782     0.8400
[1] 12200.0000     0.0236     0.9853    -0.1567     1.9281     1.1443
[1] 12300.0000     0.0067     0.9623    -0.1427     1.8727     1.1420
[1] 12400.0000     1.0000     0.8046    -0.3748     1.7885     0.8797
[1] 12500.0000     0.0383     0.8185     0.0153     2.1562     0.9052
[1] 12600.0000     0.0369     0.8046    -0.1253     2.0767     0.9151
[1] 1.270e+04 4.000e-04 9.486e-01 2.900e-03 2.117e+00 8.166e-01
[1] 12800.0000     0.0055     0.9108    -0.2509     1.8739     1.0765
[1] 12900.0000     0.0182     0.8218    -0.4538     1.7392     1.1924
[1] 13000.0000     0.0006     0.8069     0.1417     2.2008     1.0997
[1] 13100.0000     0.0098     0.9404    -0.1630     1.9566     0.9822
[1] 13200.0000     0.1052     0.9589    -0.3967     1.7719     1.1555
[1] 13300.0000     1.0000     0.9675    -0.0451     2.1523     1.1190
[1] 13400.0000     0.0000     0.9485    -0.1406     1.8170     1.0271
[1] 13500.0000     0.0001     0.8240    -0.2727     1.9335     1.0099
[1] 13600.0000     0.0035     0.8917    -0.3043     1.7169     1.0301
[1] 13700.0000     1.0000     0.8314    -0.1847     1.9374     0.8589
[1] 13800.0000     0.0000     0.9394    -0.1785     2.0216     0.9910
[1] 13900.0000     0.8749     0.8104    -0.3123     1.8502     0.8994
[1] 14000.0000     0.7488     0.9598    -0.1727     1.8733     0.8043
[1] 14100.0000     0.0004     0.9236    -0.1363     2.0083     0.9106
[1] 14200.0000     0.0384     0.9171    -0.1995     1.9154     0.8964
[1] 14300.0000     0.0176     0.8359    -0.2531     1.9362     1.0907
[1] 14400.0000     0.6434     0.8570    -0.2107     1.9640     0.9360
[1] 14500.0000     0.1376     0.8302    -0.2623     1.9932     1.1813
[1] 14600.0000     0.0000     0.8329    -0.3686     1.8677     0.9630
[1] 14700.0000     1.0000     0.8840    -0.1882     2.0040     1.0394
[1] 14800.0000     0.0000     0.9533    -0.2406     1.8141     0.8106
[1] 14900.0000     0.5751     0.9485    -0.2667     1.9633     1.1960
[1] 15000.0000     0.0000     0.9486    -0.3166     1.8181     0.9418
[1] 15100.0000     0.0807     0.9112    -0.2767     1.9055     1.0503
[1] 15200.0000     0.4553     0.9896    -0.0537     2.0524     1.1186
[1] 15300.0000     0.0264     0.8296    -0.0344     2.2305     1.1944
[1] 15400.0000     0.6214     0.9829    -0.0664     2.1647     1.0368
[1] 15500.0000     0.3447     0.9973    -0.2867     1.8432     0.8711
[1] 15600.0000     0.9697     0.9912    -0.2046     1.9592     1.0551
[1] 15700.0000     0.0004     0.9705     0.0519     2.1883     0.8969
[1] 15800.0000     0.1435     0.9774    -0.3521     1.6386     1.1822
[1] 15900.0000     0.0000     0.9524    -0.1358     2.0864     1.0855
[1] 16000.0000     0.7956     0.9761    -0.3377     1.8462     1.0600
[1] 16100.0000     1.0000     0.9477    -0.1339     2.1180     0.9420
[1] 16200.0000     1.0000     0.8455    -0.2637     1.9027     1.0509
[1] 16300.0000     0.0845     0.9320    -0.1429     2.0607     1.0407
[1] 16400.0000     0.2551     0.8090    -0.1627     1.9844     0.8978
[1] 16500.0000     0.1415     0.9894    -0.1238     2.0360     0.9222
[1] 16600.0000     1.0000     0.9292    -0.3701     1.7885     1.0485
[1] 16700.0000     0.1234     0.8804    -0.2460     1.9354     1.1815
[1] 16800.0000     0.3858     0.8165    -0.3187     1.7531     1.0376
[1] 16900.0000     0.0172     0.8221    -0.3170     1.7415     1.1575
[1] 17000.0000     0.5829     0.8355    -0.0043     2.1115     0.9526
[1] 17100.0000     0.0601     0.9262    -0.0793     2.0427     0.9696
[1] 17200.0000     0.3368     0.9497    -0.4170     1.7137     0.8252
[1] 17300.0000     1.0000     0.8396    -0.5808     1.5932     1.0131
[1] 17400.0000     0.7099     0.9623    -0.0667     2.2090     1.1696
[1] 17500.0000     1.0000     0.9645    -0.3178     1.7781     0.9956
[1] 17600.0000     0.0113     0.8018    -0.1236     1.9842     1.0705
[1] 17700.0000     0.0138     0.8922    -0.2660     1.8230     1.0234
[1] 17800.0000     1.0000     0.9968    -0.3051     1.8307     0.8268
[1] 17900.0000     0.0827     0.8644    -0.1498     1.9537     1.0507
[1] 18000.0000     0.7952     0.9109    -0.0868     2.0885     0.8712
[1] 18100.0000     0.0042     0.9137    -0.1440     2.0731     0.9014
[1] 18200.0000     0.2130     0.8127    -0.1589     2.0286     0.8547
[1] 18300.0000     0.0241     0.9928    -0.2416     1.9257     1.1096
[1] 18400.0000     0.0007     0.9243    -0.4861     1.7648     1.1066
[1] 18500.0000     0.0215     0.8611    -0.3285     1.9052     0.9812
[1] 18600.0000     0.0068     0.8932    -0.2101     2.0588     0.8460
[1] 18700.0000     0.1342     0.8557    -0.1920     1.9683     0.9105
[1] 18800.0000     0.0052     0.9415    -0.2157     2.0347     0.8205
[1] 18900.0000     0.0002     0.8297    -0.1955     1.9665     0.8354
[1] 19000.0000     1.0000     0.8087    -0.1343     2.0890     1.1060
[1] 19100.0000     0.0353     0.9457    -0.3145     1.8471     1.0145
[1] 19200.0000     0.7749     0.8319    -0.3328     1.7235     1.0132
[1] 19300.0000     0.1314     0.8940    -0.0622     2.0086     1.1248
[1] 19400.0000     0.5414     0.8040    -0.2339     1.8350     1.1551
[1] 19500.0000     0.0007     0.8243     0.0229     2.1609     0.8751
[1] 19600.0000     0.2114     0.8098    -0.1703     1.9971     1.1951
[1] 19700.0000     0.0733     0.8143    -0.0883     2.0755     0.8081
[1] 19800.0000     0.1938     0.8317    -0.0738     2.0886     1.0742
[1] 19900.0000     0.3428     0.9981     0.0335     2.2472     1.0280
[1] 20000.0000     0.3348     0.9729    -0.3084     1.8923     0.8904
[1] 20100.0000     0.0000     0.8622    -0.0900     2.1034     0.8640
[1] 20200.0000     0.5560     0.9840    -0.2168     2.0140     1.1380
[1] 20300.0000     0.0171     0.9350    -0.3912     1.7954     0.8887
[1] 20400.0000     1.0000     0.8446    -0.1929     1.9367     1.0333
[1] 20500.0000     0.0477     0.9905    -0.1800     1.9622     1.0353
[1] 20600.0000     0.0867     0.9963    -0.2317     1.9889     0.8156
[1] 20700.0000     0.7278     0.8107     0.0438     2.1287     1.0874
[1] 20800.0000     1.0000     0.9981    -0.2839     1.9218     1.0246
[1] 20900.0000     0.0000     0.8285    -0.2444     1.9191     0.8493
[1] 21000.0000     0.2149     0.8708    -0.2721     1.9091     1.1617
[1] 21100.0000     0.1037     0.9291    -0.2323     1.8884     1.1428
[1] 21200.0000     1.0000     0.9611    -0.0593     2.1073     0.8029
[1] 21300.0000     0.0007     0.8214    -0.2064     1.8105     1.0391
[1] 21400.0000     1.0000     0.8276    -0.1646     1.9948     0.8233
[1] 21500.0000     0.0038     0.8906    -0.1123     2.0409     0.8206
[1] 21600.0000     0.2881     0.8069    -0.2068     1.9344     0.8555
[1] 21700.0000     0.5437     0.9973    -0.2281     1.9518     0.9605
[1] 21800.0000     0.4717     0.8380     0.0264     2.2781     1.0649
[1] 21900.0000     0.6287     0.9598    -0.1207     2.0635     0.8497
[1] 22000.0000     0.2163     0.8850    -0.0627     2.0128     0.9555
[1] 22100.0000     0.1602     0.8953    -0.1251     2.0255     0.9321
[1] 22200.0000     0.2777     0.8918    -0.3234     1.8893     1.1042
[1] 22300.0000     0.0577     0.9726    -0.3571     1.9401     0.8521
[1] 22400.0000     0.4436     0.8145    -0.3833     1.8511     0.8604
[1] 22500.0000     0.0039     0.8239    -0.2783     1.9459     1.1368
[1] 22600.0000     0.0000     0.8006    -0.3092     1.8929     0.8902
[1] 22700.0000     0.0004     0.8271    -0.3235     1.8137     1.1968
[1] 22800.0000     0.0840     0.8972    -0.2694     1.7347     1.0231
[1] 22900.0000     0.1903     0.8804    -0.1708     2.0152     0.9211
[1] 23000.0000     0.0000     0.8997    -0.0088     2.0227     0.9381
[1] 23100.0000     0.3086     0.8119     0.0171     2.1111     1.0551
[1] 23200.0000     0.2166     0.9573    -0.1626     1.9964     1.0522
[1] 23300.0000     0.0001     0.9727    -0.0707     2.1047     0.9482
[1] 23400.0000     0.3950     0.8888    -0.1090     1.9285     1.0444
[1] 23500.0000     1.0000     0.9916    -0.0930     2.0304     1.1297
[1] 23600.0000     0.2719     0.8573    -0.1105     2.1378     0.9429
[1] 23700.0000     0.2092     0.9328    -0.2910     1.9068     1.0180
[1] 23800.0000     0.8402     0.9299    -0.2297     1.8338     1.0580
[1] 23900.0000     1.0000     0.8722    -0.1345     2.0036     0.8735
[1] 24000.0000     0.5400     0.9322    -0.2165     1.8829     0.9399
[1] 24100.0000     1.0000     0.9214    -0.1992     2.0418     0.8541
[1] 24200.0000     0.0158     0.9331    -0.2969     1.9927     1.1419
[1] 24300.0000     1.0000     0.8163    -0.2337     1.9410     1.0906
[1] 24400.0000     0.7278     0.9947    -0.1613     1.9252     0.9697
[1] 24500.0000     0.0075     0.8969    -0.0733     2.0631     1.0480
[1] 24600.0000     0.0001     0.8781    -0.1439     2.0219     0.8812
[1] 24700.0000     0.2215     0.8340    -0.1219     2.0273     1.1974
[1] 24800.0000     0.0009     0.8460    -0.1479     2.0286     0.9489
[1] 24900.0000     0.2721     0.8023    -0.2590     1.8895     1.0260
[1] 25000.0000     1.0000     0.8801    -0.0529     2.0969     0.8235
[1] 25100.0000     1.0000     0.8419    -0.1779     2.0167     0.8544
[1] 25200.0000     0.0422     0.8495    -0.0219     2.1945     1.1739
[1] 25300.0000     0.0001     0.9779    -0.3619     1.8718     0.8977
[1] 25400.0000     0.2172     0.9621    -0.3558     1.8203     0.9516
[1] 25500.0000     0.3764     0.8303    -0.2681     1.8615     1.1248
[1] 2.560e+04 2.780e-02 9.926e-01 7.720e-02 2.176e+00 9.855e-01
[1] 25700.0000     0.2677     0.8976    -0.3896     1.7803     0.9408
[1] 25800.0000     0.0443     0.9689    -0.1718     1.9874     1.1962
[1] 25900.0000     0.0010     0.8683    -0.1337     1.9316     0.8098
[1] 26000.0000     0.3645     0.9492    -0.2654     1.7823     1.0058
[1] 26100.0000     0.0622     0.8951    -0.2045     2.0253     0.8249
[1] 26200.0000     0.2667     0.8496    -0.1943     1.9482     1.1269
[1] 26300.0000     0.9924     0.8623    -0.3038     1.9199     1.0835
[1] 26400.0000     0.0206     0.8446    -0.1230     2.0148     0.9223
[1] 26500.0000     0.0665     0.8034    -0.4536     1.7028     1.1338
[1] 26600.0000     1.0000     0.8531    -0.2812     1.7681     1.1347
[1] 26700.0000     0.1764     0.8892    -0.2196     2.0555     0.9428
[1] 26800.0000     0.0545     0.8173    -0.2256     1.9312     0.9752
[1] 26900.0000     0.0016     0.9241    -0.0291     2.1391     1.0646
[1] 27000.0000     1.0000     0.8977    -0.1673     2.0077     0.8661
[1] 27100.0000     0.0001     0.8095    -0.2698     1.8757     1.0497
[1] 27200.0000     0.1092     0.8628    -0.2302     1.9148     1.0265
[1] 27300.0000     0.0040     0.9608    -0.2934     1.8482     0.8492
[1] 27400.0000     0.1798     0.8725    -0.2967     1.8355     1.1899
[1] 27500.0000     1.0000     0.8366    -0.2134     1.8821     1.0805
[1] 27600.0000     0.0017     0.8069    -0.1550     1.9403     0.9996
[1] 27700.0000     0.0126     0.8620     0.1263     2.3549     1.0941
[1] 27800.0000     0.0000     0.8358    -0.0482     2.1028     1.1051
[1] 27900.0000     0.5297     0.8774    -0.1239     1.9926     1.0564
[1] 28000.0000     0.0000     0.9003    -0.1707     2.0104     0.9918
[1] 28100.0000     0.0000     0.9262    -0.1821     1.9393     1.0710
[1] 28200.0000     0.8268     0.9271    -0.0721     2.0849     0.9591
[1] 28300.0000     0.0578     0.8510    -0.1986     1.8985     0.8048
[1] 28400.0000     0.6517     0.9594    -0.2039     1.8859     0.8105
[1] 28500.0000     0.6531     0.8206    -0.3045     1.9814     1.0447
[1] 28600.0000     0.0584     0.9775    -0.1601     1.9329     0.9079
[1] 28700.0000     0.1249     0.8497    -0.1388     1.9344     1.1155
[1] 28800.0000     1.0000     0.9743    -0.3293     1.8461     0.8723
[1] 28900.0000     0.4155     0.8662    -0.3775     1.8331     0.8550
[1] 29000.0000     0.4547     0.9401    -0.2647     1.8723     1.1755
[1] 29100.0000     0.0714     0.8438    -0.0479     2.0684     0.8008
[1] 29200.0000     0.0002     0.8505    -0.4565     1.7041     0.9156
[1] 29300.0000     0.0284     0.8435    -0.2682     1.8232     1.1245
[1] 29400.0000     0.0266     0.9512    -0.0699     1.9775     1.1262
[1] 29500.0000     0.0225     0.8346    -0.1695     1.9372     0.9665
[1] 29600.0000     0.0024     0.8267    -0.0963     2.1022     1.0464
[1] 29700.0000     0.0061     0.8203    -0.2507     1.8075     1.1249
[1] 29800.0000     1.0000     0.8701    -0.2879     1.9557     0.8024
[1] 29900.0000     0.5309     0.9798    -0.1150     1.9786     1.0014
[1] 30000.0000     0.0931     0.8172    -0.3292     1.7992     1.1626
[1] 0.3611856
Time difference of 3.984282 hours
null device 
          1 
