[1] "El numero de nodos X particion es: 10"
[1] "Model = M2 / Data = sim_data/datasetSVIMatern17.Rdata"
[1] 100.0000   1.0000   0.8291   0.1118   1.9152   0.9331
[1] 200.0000   0.0091   0.8487   0.3500   1.6721   0.8384
[1] 300.0000   0.2209   0.8776   0.1726   1.9303   1.0665
[1] 400.0000   0.0001   0.8775  -0.1083   2.1752   1.0971
[1] 500.0000   0.0000   0.8350   0.2793   1.6708   0.9084
[1] 600.0000   0.0088   0.8148   0.3930   1.6045   0.8457
[1] 700.0000   0.1056   0.9506   0.1245   1.8267   1.0413
[1] 800.0000   0.0000   0.9313  -0.0520   1.9769   1.0430
[1] 900.0000   0.0000   0.8673  -0.0870   2.0409   0.8963
[1] 1000.0000    0.0000    0.8209   -0.5652    2.5933    0.9374
[1] 1100.0000    0.0000    0.9319    1.0494    0.9301    0.8930
[1] 1200.0000    0.0915    0.8544    1.1700    0.8834    0.9984
[1] 1300.0000    0.0240    0.9805    0.3694    1.6609    0.8049
[1] 1400.0000    0.0000    0.9303   -0.2515    2.1280    1.1894
[1] 1500.0000    0.0000    0.9584    0.6578    1.3742    1.0940
[1] 1600.0000    0.0000    0.9658   -0.9150    2.8787    1.0950
[1] 1700.0000    0.0000    0.9419   -0.2842    2.3472    1.0966
[1] 1800.0000    0.0000    0.8314   -0.1657    2.1570    0.9945
[1] 1900.0000    0.0000    0.8411   -1.1449    3.1226    1.0047
[1] 2000.0000    0.0000    0.8550    0.1192    1.9530    1.0762
[1] 2100.0000    0.0000    0.8676   -0.9893    2.9644    0.9194
[1] 2200.0000    0.0000    0.8668    0.1518    1.9170    1.0989
[1] 2300.0000    0.0000    0.8228   -0.3479    2.2853    1.1776
[1] 2400.0000    0.0000    0.9355    0.0956    1.9159    1.1578
[1] 2500.0000    0.0111    0.9668    0.4338    1.4826    0.8029
[1] 2600.0000    0.0000    0.8617   -0.6126    2.5034    0.8044
[1] 2700.0000    0.0034    0.9469   -0.5379    2.3734    1.1386
[1] 2800.0000    0.0002    0.9386    0.1277    1.8392    0.8695
[1] 2900.0000    0.0000    0.9057   -0.4693    2.4041    0.9581
[1] 3000.0000    0.0000    0.8318    0.1237    1.8545    1.1464
[1] 3100.0000    0.0000    0.9787    0.1485    1.8802    0.9283
[1] 3200.0000    0.0000    0.9190    0.1282    1.8767    0.9575
[1] 3300.0000    0.0000    0.9312   -0.1699    2.1815    0.9302
[1] 3400.0000    0.2366    0.8983    1.1173    0.9327    1.1525
[1] 3500.0000    0.0000    0.8568    0.2438    1.7029    1.0820
[1] 3600.0000    0.0000    0.8846   -0.1355    2.0899    1.0977
[1] 3700.0000    0.3637    0.8237    0.6467    1.3788    0.8398
[1] 3800.0000    0.0000    0.9791    1.3628    0.6153    1.0179
[1] 3900.0000    0.0000    0.8319    0.0216    2.0978    0.8180
[1] 4000.0000    0.0000    0.9448   -0.3704    2.3591    1.0791
[1] 4100.0000    0.0000    0.8388   -0.9291    2.9628    0.8864
[1] 4200.0000    0.0000    0.9756   -0.8589    2.7947    0.9752
[1] 4300.0000    0.0795    0.8028   -0.8851    2.9117    0.9927
[1] 4400.0000    0.0000    0.8091    0.9905    0.9866    1.0451
[1] 4500.0000    0.2056    0.8404    0.4981    1.5326    1.1577
[1] 4600.0000    0.0000    0.9581    0.6071    1.4987    0.8180
[1] 4700.0000    0.0000    0.8536    0.0722    1.9369    0.9410
[1] 4800.0000    0.0000    0.8977   -0.9037    2.8777    0.9517
[1] 4900.0000    0.0000    0.8114   -1.1981    3.1313    0.8255
[1] 5000.0000    0.0061    0.8074   -0.6200    2.4829    1.0307
[1] 5100.0000    0.0000    0.8192   -1.2650    3.2040    0.8134
[1] 5200.0000    0.0000    0.8051    0.8906    1.0562    0.8965
[1] 5300.0000    0.0000    0.9010    0.7850    1.2046    1.0910
[1] 5400.0000    0.0000    0.8536    1.1584    0.8212    0.9337
[1] 5500.0000    0.0000    0.8506    0.6032    1.4239    1.1979
[1] 5600.0000    0.0000    0.9929    0.0852    1.7935    1.1085
[1] 5700.0000    0.0000    0.9545    0.7835    1.1194    0.8805
[1] 5800.0000    0.0000    0.8612   -0.9114    2.9912    1.0327
[1] 5900.0000    0.0000    0.8072    0.2639    1.6857    1.1666
[1] 6000.0000    0.0000    0.8887    0.7927    1.1137    0.8335
[1] 6100.0000    0.0000    0.9572   -0.7674    2.6777    0.9060
[1] 6200.0000    0.0000    0.9400    0.2828    1.6555    0.8404
[1] 6300.0000    0.0000    0.9569    0.1149    2.0231    0.8080
[1] 6400.0000    0.0000    0.9924   -0.5313    2.4346    1.0322
[1] 6500.0000    0.0048    0.9084   -0.3248    2.3910    1.0918
[1] 6600.0000    0.0000    0.8710   -0.0874    1.9633    0.9001
[1] 6700.0000    0.0000    0.8253   -0.6672    2.7854    0.9280
[1] 6800.0000    0.1615    0.8794   -0.1815    2.2046    0.9381
[1] 6900.0000    0.0000    0.9290   -1.1065    3.0500    1.0476
[1] 7000.0000    0.0000    0.8521   -0.2980    2.3439    1.0680
[1] 7100.0000    0.0000    0.9544    0.0470    2.0004    0.9045
[1] 7200.0000    0.0000    0.8247    0.2158    1.9076    0.8913
[1] 7300.0000    0.0000    0.9604    1.0057    1.0344    0.9357
[1] 7400.0000    0.0000    0.8045   -0.2486    2.2158    0.8734
[1] 7500.0000    0.0000    0.8475   -1.2687    3.2042    1.0597
[1] 7600.0000    0.0000    0.9493   -0.1067    2.1150    0.9281
[1] 7700.0000    0.0000    0.8440   -0.6810    2.6593    0.8976
[1] 7800.0000    0.0000    0.8350    0.4137    1.6610    1.1361
[1] 7900.0000    0.0000    0.8304    0.3991    1.4873    0.9653
[1] 8000.0000    0.0000    0.9309    0.6362    1.3064    1.0835
[1] 8100.0000    0.0000    0.8483   -0.0247    1.9104    0.8203
[1] 8200.0000    0.0000    0.9207   -0.3897    2.4010    1.1282
[1] 8300.0000    0.0000    0.8222   -0.3996    2.3710    0.8438
[1] 8400.0000    0.0000    0.9658    0.0178    1.8488    0.9286
[1] 8500.0000    0.0000    0.8901   -0.1207    2.1564    0.8333
[1] 8600.0000    0.0000    0.8576   -0.5910    2.5751    1.0835
[1] 8700.0000    0.0000    0.8940   -0.2072    2.1784    1.0236
[1] 8800.0000    0.0000    0.9735   -0.4345    2.3331    1.0381
[1] 8900.0000    0.0000    0.8674    0.2742    1.7476    1.0474
[1] 9000.0000    0.0000    0.8301    1.2534    0.7169    1.1387
[1] 9100.0000    0.0000    0.8755    0.0275    1.9731    0.8812
[1] 9200.0000    0.0000    0.8129   -0.5503    2.5681    1.1264
[1] 9300.0000    0.0000    0.9734    0.9725    0.9359    1.1056
[1] 9400.0000    0.0000    0.8413    1.7131    0.2336    1.0761
[1] 9500.0000    0.0000    0.8817   -0.2675    2.2552    1.0875
[1] 9600.0000    0.0000    0.8149   -0.0244    2.0421    0.9056
[1] 9700.0000    0.0000    0.9657    0.7988    1.1781    0.9166
[1] 9800.0000    0.0000    0.8196    0.2099    1.7370    0.8766
[1] 9900.0000    0.0000    0.9369    1.7566    0.3089    1.1404
[1] 10000.0000     1.0000     0.8618    -0.4255     2.4588     0.8032
[1] 10100.0000     0.0001     0.9832    -0.2655     2.2691     0.9199
[1] 10200.0000     0.0002     0.8458     0.5873     1.3929     1.1044
[1] 1.030e+04 4.950e-02 9.549e-01 1.846e+00 2.339e-01 8.021e-01
[1] 10400.0000     0.0000     0.9109     0.2490     1.7091     0.9653
[1] 10500.0000     0.0000     0.9828     0.6257     1.3497     0.8036
[1] 10600.0000     0.0000     0.8442     0.4548     1.6272     0.9495
[1] 10700.0000     0.0000     0.8398     0.5725     1.4828     1.0590
[1] 1.080e+04 3.200e-03 8.310e-01 1.961e-01 1.813e+00 9.940e-01
[1] 10900.0000     0.0000     0.8191     0.6946     1.3147     0.8008
[1] 11000.0000     0.0435     0.8191     0.6946     1.3147     0.8008
[1] 11100.0000     0.0000     0.8480    -0.3950     2.2944     1.1683
[1] 11200.0000     0.1868     0.8258    -0.5733     2.5560     1.0628
[1] 11300.0000     0.0000     0.8936    -0.5726     2.5762     1.0961
[1] 11400.0000     0.0008     0.9548     0.6283     1.4467     1.0047
[1] 11500.0000     0.0000     0.8034    -0.0118     1.9881     0.8501
[1] 11600.0000     0.0000     0.9104    -0.7791     2.7592     0.8269
[1] 11700.0000     0.0000     0.8224    -0.2408     2.2673     0.8539
[1] 11800.0000     0.0000     0.8027    -0.5825     2.6448     0.8530
[1] 11900.0000     0.0000     0.8460    -0.5812     2.5443     0.8150
[1] 12000.0000     0.0000     0.8014    -0.1899     2.2026     1.0595
[1] 12100.0000     0.0000     0.8005    -1.1490     3.1394     0.8375
[1] 12200.0000     0.2698     0.8496     0.7082     1.3666     0.8460
[1] 12300.0000     0.0000     0.8010     0.2300     1.7993     0.8810
[1] 12400.0000     0.2425     0.8019    -0.8827     2.9221     1.1971
[1] 12500.0000     0.0000     0.8059    -0.9969     3.0272     1.1427
[1] 12600.0000     0.0000     0.8126    -0.6726     2.7177     1.1805
[1] 12700.0000     0.0000     0.8779    -0.3815     2.2892     0.8170
[1] 12800.0000     0.0000     0.8257    -0.0023     2.0427     0.8904
[1] 1.290e+04 4.869e-01 8.845e-01 4.946e-01 1.587e+00 8.572e-01
[1] 13000.0000     0.0000     0.8069     0.1495     1.8069     1.0997
[1] 13100.0000     0.0000     0.9404     0.9074     1.0959     0.9822
[1] 13200.0000     0.0000     0.8843    -0.2078     2.2266     0.9997
[1] 13300.0000     0.0000     0.8427    -0.4434     2.3990     1.0281
[1] 13400.0000     0.0000     0.8092     0.0860     1.8812     1.1676
[1] 13500.0000     0.0000     0.8466    -0.5418     2.5553     0.8143
[1] 13600.0000     0.0000     0.8917     0.9166     1.0813     1.0301
[1] 13700.0000     0.0000     0.9094     0.0703     1.9473     0.8623
[1] 13800.0000     0.0000     0.8787    -0.7307     2.7308     1.0611
[1] 13900.0000     0.0000     0.8495    -0.3241     2.2388     1.0802
[1] 14000.0000     0.0000     0.9588     0.7159     1.2689     0.9662
[1] 14100.0000     0.0000     0.8844     0.4424     1.4126     1.1867
[1] 14200.0000     0.0000     0.8479     0.3226     1.6809     0.8739
[1] 14300.0000     0.0000     0.9227    -0.3996     2.3762     1.0001
[1] 14400.0000     0.0279     0.8623     1.0103     0.9808     0.8985
[1] 14500.0000     0.7136     0.9833     0.6078     1.3654     1.1771
[1] 14600.0000     0.0000     0.8570     0.1274     1.7788     1.1138
[1] 14700.0000     0.0000     0.8974    -0.1129     2.0132     1.0871
[1] 14800.0000     0.0000     0.9988     0.7023     1.2409     0.9067
[1] 14900.0000     0.0182     0.8051    -0.1130     2.0934     1.0614
[1] 15000.0000     0.0003     0.9447     0.1241     1.8001     0.8911
[1] 15100.0000     1.0000     0.8292     0.6956     1.3287     0.9249
[1] 15200.0000     0.0000     0.8242     0.3159     1.6541     1.0800
[1] 15300.0000     0.4684     0.8059     0.0776     1.9773     0.9091
[1] 15400.0000     0.0599     0.8005    -0.7594     2.8317     0.8812
[1] 15500.0000     0.0000     0.8727    -1.3598     3.3989     1.1104
[1] 15600.0000     0.0000     0.8520    -0.4307     2.4725     1.1912
[1] 15700.0000     0.0000     0.8475    -0.1622     2.1166     0.9690
[1] 15800.0000     0.0000     0.9108    -0.0361     2.0145     0.9068
[1] 15900.0000     0.0000     0.8876    -0.0107     1.9608     0.9067
[1] 16000.0000     0.0002     0.8124    -0.5347     2.5057     1.1160
[1] 16100.0000     0.0000     0.9566     1.0307     1.0255     1.0234
[1] 16200.0000     0.0000     0.9466     0.1620     1.7866     0.9477
[1] 16300.0000     0.0000     0.9158    -0.4545     2.4952     0.9491
[1] 16400.0000     0.0000     0.9401    -0.2344     2.1890     0.9237
[1] 16500.0000     1.0000     0.9407    -0.3182     2.3776     0.9877
[1] 16600.0000     0.0000     0.8294    -0.5469     2.6008     0.8835
[1] 16700.0000     0.0000     0.9287     0.4277     1.4502     0.9633
[1] 16800.0000     0.0000     0.8621     0.1898     1.7663     1.1596
[1] 16900.0000     0.0000     0.9190     0.5154     1.4162     0.9241
[1] 17000.0000     0.0000     0.9790    -0.6869     2.6486     0.8822
[1] 17100.0000     0.0000     0.9305     0.8160     1.2502     0.9283
[1] 17200.0000     0.0000     0.9497     0.8004     1.1483     0.8252
[1] 17300.0000     1.0000     0.8396     1.7888     0.1949     1.0131
[1] 17400.0000     0.0000     0.8593     1.1134     0.9228     1.1450
[1] 17500.0000     0.0000     0.8131     0.6803     1.3411     0.9127
[1] 17600.0000     0.0000     0.8280     0.5902     1.3900     1.1486
[1] 1.770e+04 0.000e+00 8.794e-01 9.818e-01 1.005e+00 9.707e-01
[1] 17800.0000     0.0000     0.8771    -0.5644     2.6425     0.9481
[1] 17900.0000     0.0000     0.9083    -0.2829     2.3266     0.9495
[1] 18000.0000     1.0000     0.9109    -0.8400     2.8391     0.8712
[1] 18100.0000     0.0000     0.8802    -1.0001     3.0135     0.9893
[1] 1.820e+04 0.000e+00 9.161e-01 1.106e+00 9.320e-01 8.865e-01
[1] 18300.0000     0.0000     0.8120    -0.3775     2.3764     1.0717
[1] 18400.0000     0.0000     0.9529    -0.3093     2.3403     0.8173
[1] 18500.0000     0.0000     0.8451     0.8077     1.2196     0.9054
[1] 18600.0000     0.0000     0.8420     0.9079     1.1513     0.8224
[1] 18700.0000     0.0000     0.8080    -0.1804     2.2205     0.9308
[1] 18800.0000     0.0000     0.8537     0.3597     1.7138     0.9005
[1] 18900.0000     0.0000     0.9024     0.3515     1.6085     1.0613
[1] 19000.0000     0.0000     0.8366    -0.1605     2.1366     0.8015
[1] 19100.0000     0.0000     0.9451    -0.1112     1.9730     1.0897
[1] 19200.0000     0.0000     0.8001    -0.1452     2.0676     0.9641
[1] 19300.0000     0.0000     0.8035    -0.1882     2.1370     1.0886
[1] 19400.0000     0.0000     0.8040     0.0860     2.0693     1.1551
[1] 19500.0000     0.0000     0.9654     0.1822     1.8007     0.9669
[1] 19600.0000     0.3079     0.9162    -0.9708     3.0060     0.8038
[1] 19700.0000     0.0000     0.8982    -0.0173     1.9332     1.1826
[1] 19800.0000     0.0000     0.8275     1.4213     0.5807     1.0965
[1] 19900.0000     0.0000     0.9981     0.4816     1.5548     1.0280
[1] 20000.0000     0.0000     0.8708    -0.1041     2.0769     1.0213
[1] 20100.0000     0.0000     0.9080     0.9671     1.0696     1.0402
[1] 20200.0000     0.3064     0.8367    -0.0078     1.9888     0.9269
[1] 20300.0000     0.0000     0.8028    -0.0442     2.1198     0.9708
[1] 20400.0000     0.0007     0.9072    -0.0070     1.9433     0.9991
[1] 20500.0000     0.0000     0.9505    -0.7527     2.7817     0.9891
[1] 20600.0000     1.0000     0.9169     0.3143     1.7009     1.1057
[1] 20700.0000     1.0000     0.8107     0.2120     1.8030     1.0874
[1] 20800.0000     0.0000     0.9606    -0.4146     2.4691     1.0886
[1] 20900.0000     0.0001     0.9109     0.4550     1.5734     0.9980
[1] 21000.0000     0.0000     0.9912     0.7878     1.1994     1.0875
[1] 21100.0000     0.0000     0.9732    -0.3544     2.3231     0.8253
[1] 21200.0000     0.0348     0.8263     0.3374     1.6524     1.1324
[1] 21300.0000     0.0000     0.8399    -0.4382     2.3273     1.0171
[1] 21400.0000     0.0000     0.9719     0.2239     1.7327     0.9071
[1] 21500.0000     0.0000     0.8732    -0.2593     2.1835     1.0565
[1] 21600.0000     0.0000     0.8420     0.1684     1.8037     0.8926
[1] 21700.0000     0.0000     0.8449    -0.5209     2.5068     0.9351
[1] 21800.0000     0.0000     0.8417    -0.4901     2.5756     1.0310
[1] 21900.0000     0.0000     0.9408     0.2128     1.7201     0.9421
[1] 22000.0000     0.0000     0.8850     1.1766     0.8244     0.9555
[1] 22100.0000     0.0000     0.8953     0.1991     1.7263     0.9321
[1] 22200.0000     0.0000     0.9349    -0.8066     2.7067     0.9881
[1] 22300.0000     0.0000     0.8584    -0.0506     2.1257     0.9367
[1] 22400.0000     0.0000     0.9494     0.3638     1.6299     0.9207
[1] 2.250e+04 9.893e-01 9.879e-01 1.671e+00 2.703e-01 8.971e-01
[1] 22600.0000     0.0000     0.8858     1.1734     0.8146     0.9064
[1] 22700.0000     0.0000     0.8271     0.2669     1.6564     1.1968
[1] 22800.0000     0.0001     0.9028    -0.2612     2.3156     1.1243
[1] 22900.0000     0.0000     0.9207     0.3340     1.5845     0.8362
[1] 23000.0000     0.0000     0.9491     0.1260     1.8213     0.8538
[1] 23100.0000     0.0000     0.9231    -0.7450     2.7402     0.8179
[1] 23200.0000     0.0000     0.8288    -0.3494     2.3619     0.8616
[1] 23300.0000     0.0536     0.8966     0.9505     1.0419     1.0199
[1] 23400.0000     0.0000     0.8015    -0.3813     2.3895     0.8904
[1] 23500.0000     0.0000     0.9561     0.1853     1.8067     1.0572
[1] 23600.0000     0.0000     0.8360     0.8044     1.1557     0.8406
[1] 23700.0000     0.0000     0.8580     0.6135     1.3758     0.8494
[1] 23800.0000     0.0000     0.9509    -0.0077     1.9039     0.9516
[1] 23900.0000     0.0000     0.8157     0.4141     1.5765     0.8034
[1] 24000.0000     0.0000     0.9304    -0.1797     2.1387     0.8086
[1] 24100.0000     0.0000     0.8643    -1.7435     3.7547     0.9462
[1] 24200.0000     0.0000     0.8399     0.2732     1.6940     1.0287
[1] 24300.0000     0.0000     0.8805    -0.7947     2.7696     1.0014
[1] 24400.0000     0.0136     0.9020     0.8988     1.2130     1.0534
[1] 2.450e+04 0.000e+00 9.064e-01 9.385e-01 9.970e-01 8.345e-01
[1] 24600.0000     0.0000     0.9062    -0.0572     2.0412     0.8877
[1] 24700.0000     0.0000     0.9574     0.0876     1.8211     1.0919
[1] 24800.0000     0.0000     0.8109     0.7677     1.2499     1.1899
[1] 24900.0000     0.0000     0.9495    -0.0808     2.0372     0.8626
[1] 25000.0000     0.0000     0.9628     0.4122     1.5339     0.9362
[1] 25100.0000     0.0000     0.8415     0.9501     0.9720     1.0265
[1] 25200.0000     0.0000     0.8184    -0.0515     2.0489     0.8574
[1] 25300.0000     0.6614     0.8151    -0.4793     2.4423     1.0748
[1] 25400.0000     1.0000     0.8988    -0.8329     2.8484     1.0888
[1] 25500.0000     0.0000     0.8147     0.7665     1.2457     1.1844
[1] 25600.0000     0.0000     0.8978    -0.1138     2.1264     1.1142
[1] 25700.0000     0.0000     0.8060     0.8294     1.1722     0.8422
[1] 25800.0000     0.0000     0.8043     0.0056     1.9494     0.8730
[1] 25900.0000     1.0000     0.8632    -0.0675     2.0867     1.1254
[1] 26000.0000     1.0000     0.9492    -0.5824     2.6295     1.0058
[1] 26100.0000     0.0000     0.9196    -0.3204     2.1520     1.1722
[1] 26200.0000     0.0000     0.9529    -0.6583     2.5148     1.0017
[1] 26300.0000     0.0000     0.9407     0.1170     1.9112     1.0281
[1] 26400.0000     0.0000     0.8767     0.7768     1.1063     0.8041
[1] 26500.0000     1.0000     0.9678     0.1585     1.9036     0.9418
[1] 26600.0000     0.0000     0.9293    -0.6741     2.8191     0.8497
[1] 26700.0000     0.0000     0.8184    -0.2165     2.1401     0.9177
[1] 26800.0000     0.0000     0.8544    -1.4700     3.5043     0.9528
[1] 26900.0000     0.0000     0.9586    -0.1695     2.1021     1.0279
[1] 27000.0000     0.0000     0.8794     0.1679     1.8082     0.8948
[1] 27100.0000     1.0000     0.9280    -0.1147     2.1374     1.0348
[1] 27200.0000     0.0000     0.8628    -0.1446     2.1620     1.0265
[1] 27300.0000     0.0000     0.9326     0.5176     1.4658     0.8298
[1] 27400.0000     0.0000     0.8182    -0.0559     2.0463     1.1040
[1] 27500.0000     0.0000     0.8677     0.2224     1.7632     0.9516
[1] 27600.0000     0.0000     0.8732     1.2329     0.7801     0.9172
[1] 27700.0000     0.0000     0.8768     0.0676     1.9890     1.0202
[1] 27800.0000     0.0000     0.8338     0.7338     1.2806     0.9440
[1] 27900.0000     1.0000     0.8904     0.4154     1.5204     0.9276
[1] 28000.0000     0.0000     0.8025    -0.5172     2.6186     0.9240
[1] 28100.0000     0.0000     0.9262     1.1772     0.9162     1.0710
[1] 28200.0000     0.0000     0.9683     0.7967     1.2573     0.8917
[1] 28300.0000     0.0000     0.8228     0.2234     1.7679     0.9497
[1] 2.840e+04 1.000e+00 9.594e-01 6.200e-02 1.855e+00 8.105e-01
[1] 2.850e+04 0.000e+00 8.824e-01 1.183e+00 7.735e-01 8.003e-01
[1] 28600.0000     0.0000     0.9775    -0.6379     2.5747     0.9079
[1] 28700.0000     0.0000     0.8546    -0.3119     2.2191     0.9787
[1] 28800.0000     0.0000     0.8104     0.1294     1.8361     1.1940
[1] 28900.0000     0.0000     0.9137    -0.1289     2.1866     0.8478
[1] 29000.0000     0.0000     0.9277    -0.4304     2.4365     1.1735
[1] 29100.0000     0.0000     0.8445    -0.7935     2.8366     0.8871
[1] 29200.0000     0.1138     0.9367     0.6024     1.3775     1.1465
[1] 29300.0000     0.0030     0.8726     0.4666     1.5087     0.8176
[1] 29400.0000     0.0000     0.9394     0.6191     1.2834     1.1754
[1] 29500.0000     0.0000     0.8094     0.1366     1.8191     0.8253
[1] 29600.0000     0.0000     0.8335     0.2652     1.6645     1.1940
[1] 29700.0000     0.0000     0.8049    -0.4552     2.4254     0.9958
[1] 29800.0000     0.0000     0.9203    -0.6078     2.5774     0.9519
[1] 29900.0000     0.8378     0.9798    -0.4754     2.4676     1.0014
[1] 30000.0000     0.0000     0.9561     1.1588     0.7680     1.0811
[1] 0.07183713
Time difference of 11.29989 hours
null device 
          1 
