[1] "El numero de nodos X particion es: 10"
[1] "Model = M2 / Data = sim_data/datasetSVCExponential28.Rdata"
[1] 100.0000   1.0000   0.8291  -0.1730   1.8091   0.9331
[1] 200.0000   0.2396   0.8487  -0.3833   1.7521   0.8384
[1] 300.0000   0.7806   0.8776  -0.4912   1.8160   1.0665
[1] 400.0000   0.3553   0.8593  -0.4546   1.7229   0.9203
[1] 500.0000   0.7034   0.8902  -0.5644   1.6581   0.8863
[1] 600.0000   0.0138   0.8891  -0.4355   1.7364   0.8464
[1] 700.0000   1.0000   0.8087  -0.4122   1.7504   1.0605
[1] 800.0000   0.9281   0.8954  -0.4275   1.7956   1.1490
[1] 900.0000   1.0000   0.9357  -0.4089   1.6879   1.0743
[1] 1000.0000    1.0000    0.9692   -0.3320    1.7719    0.9576
[1] 1100.0000    0.0301    0.9031   -0.4990    1.7328    1.0781
[1] 1200.0000    1.0000    0.8603   -0.4287    1.7770    0.9164
[1] 1300.0000    0.3517    0.8617   -0.5532    1.7637    1.0550
[1] 1400.0000    0.0835    0.9303   -0.5708    1.7562    1.1894
[1] 1500.0000    0.0403    0.9672   -0.4926    1.7612    1.1986
[1] 1600.0000    0.0339    0.8099   -0.4338    1.8477    1.0178
[1] 1700.0000    0.5565    0.8185   -0.4470    1.6527    1.1630
[1] 1800.0000    0.0162    0.9234   -0.4019    1.7896    1.1307
[1] 1900.0000    0.0829    0.9957   -0.4432    1.7935    1.1822
[1] 2000.0000    1.0000    0.8107   -0.4248    1.7313    0.8113
[1] 2100.0000    0.0147    0.9372   -0.4079    1.7028    0.8634
[1] 2200.0000    0.4514    0.8580   -0.4905    1.8040    1.0161
[1] 2300.0000    0.0286    0.8377   -0.4230    1.7512    0.8487
[1] 2400.0000    0.0487    0.9764   -0.3164    1.7631    1.0594
[1] 2500.0000    0.0374    0.8529   -0.4175    1.7333    0.9541
[1] 2600.0000    0.2051    0.8617   -0.5019    1.6774    0.8044
[1] 2700.0000    0.2951    0.8445   -0.4725    1.8073    1.0218
[1] 2800.0000    0.6240    0.8906   -0.5193    1.7835    0.8787
[1] 2900.0000    0.0985    0.8994   -0.5010    1.6970    1.0050
[1] 3000.0000    0.2011    0.9623   -0.5386    1.8522    1.1476
[1] 3100.0000    0.5545    0.8265   -0.4104    1.7650    1.1652
[1] 3200.0000    1.0000    0.9676   -0.4727    1.7690    1.1339
[1] 3300.0000    1.0000    0.8733   -0.4223    1.7744    0.9733
[1] 3400.0000    0.4292    0.8983   -0.4806    1.5921    1.1525
[1] 3500.0000    1.0000    0.9338   -0.4773    1.8086    0.8830
[1] 3600.0000    1.0000    0.8553   -0.3973    1.7371    1.1349
[1] 3700.0000    0.0930    0.8385   -0.4440    1.7356    0.8150
[1] 3800.0000    0.0760    0.8653   -0.5118    1.6824    0.9884
[1] 3900.0000    1.0000    0.8173   -0.4154    1.7297    1.1134
[1] 4000.0000    0.9368    0.9388   -0.3719    1.6952    0.8131
[1] 4100.0000    0.1984    0.8739   -0.4028    1.7251    0.8968
[1] 4200.0000    0.2042    0.9756   -0.5318    1.7682    0.9752
[1] 4300.0000    0.0036    0.8347   -0.4852    1.7338    0.9291
[1] 4400.0000    0.2266    0.9571   -0.3879    1.7951    0.9932
[1] 4500.0000    1.0000    0.8410   -0.4413    1.8213    1.1520
[1] 4600.0000    0.2122    0.8039   -0.4206    1.7496    1.1669
[1] 4700.0000    0.1318    0.8102   -0.4029    1.6328    1.1923
[1] 4800.0000    0.0046    0.8985   -0.4822    1.7676    0.9827
[1] 4900.0000    0.1281    0.8114   -0.3814    1.8617    0.8255
[1] 5000.0000    1.0000    0.9273   -0.4266    1.6702    1.0348
[1] 5100.0000    1.0000    0.8496   -0.4252    1.7836    0.8317
[1] 5200.0000    0.0191    0.8350   -0.4284    1.8792    1.0935
[1] 5300.0000    1.0000    0.8379   -0.5124    1.7125    1.0434
[1] 5400.0000    0.6724    0.8333   -0.4648    1.7296    0.9811
[1] 5500.0000    0.0695    0.8940   -0.4491    1.7441    1.1671
[1] 5600.0000    0.0005    0.9095   -0.6037    1.7360    0.9324
[1] 5700.0000    0.1576    0.9403   -0.4010    1.7088    0.9236
[1] 5800.0000    0.8104    0.8520   -0.4788    1.8159    1.0482
[1] 5900.0000    1.0000    0.8759   -0.5018    1.6778    1.0113
[1] 6000.0000    1.0000    0.8325   -0.5117    1.7506    0.8825
[1] 6100.0000    0.0334    0.9025   -0.4199    1.7995    0.9119
[1] 6200.0000    1.0000    0.8336   -0.3459    1.6529    0.9759
[1] 6300.0000    0.0505    0.8959   -0.4218    1.8472    1.1826
[1] 6400.0000    0.6197    0.9022   -0.4972    1.6604    0.8332
[1] 6500.0000    0.5597    0.8697   -0.4541    1.7921    0.9040
[1] 6600.0000    0.1030    0.8918   -0.4581    1.7313    1.0184
[1] 6700.0000    0.0119    0.8229   -0.4294    1.6901    1.0410
[1] 6800.0000    1.0000    0.8496   -0.5027    1.7152    0.9728
[1] 6900.0000    0.5503    0.9401   -0.4990    1.7088    0.9220
[1] 7000.0000    0.1443    0.8011   -0.4245    1.6634    1.0228
[1] 7100.0000    1.0000    0.8440   -0.4833    1.7428    0.9302
[1] 7200.0000    1.0000    0.8089   -0.3801    1.7619    0.8029
[1] 7300.0000    0.3202    0.8821   -0.4737    1.7253    0.9361
[1] 7400.0000    0.0083    0.8164   -0.5445    1.6731    0.8600
[1] 7500.0000    0.1928    0.8682   -0.4170    1.7891    0.9160
[1] 7600.0000    0.9059    0.8898   -0.4673    1.7105    1.1032
[1] 7700.0000    0.0719    0.8552   -0.4546    1.7896    1.0850
[1] 7800.0000    0.0143    0.8812   -0.4038    1.6909    1.0536
[1] 7900.0000    0.1398    0.9654   -0.5073    1.7354    1.1831
[1] 8000.0000    0.0461    0.8855   -0.4664    1.6640    1.0520
[1] 8100.0000    0.0520    0.8882   -0.4577    1.8043    1.0500
[1] 8200.0000    0.2766    0.9207   -0.4772    1.7783    1.1282
[1] 8300.0000    0.8446    0.8444   -0.3594    1.8231    1.1155
[1] 8400.0000    0.4812    0.8563   -0.5164    1.7435    1.0967
[1] 8500.0000    0.0071    0.8507   -0.5497    1.6278    1.0895
[1] 8600.0000    0.3838    0.9214   -0.5269    1.7385    1.0135
[1] 8700.0000    0.1918    0.8293   -0.5822    1.7217    0.8767
[1] 8800.0000    0.5430    0.9324   -0.3706    1.6983    0.8066
[1] 8900.0000    0.5110    0.9431   -0.3705    1.8235    1.1381
[1] 9000.0000    0.0310    0.9878   -0.4484    1.7445    1.0272
[1] 9100.0000    1.0000    0.9156   -0.4063    1.7432    1.0916
[1] 9200.0000    1.0000    0.9069   -0.4432    1.6975    1.1995
[1] 9300.0000    0.0116    0.8689   -0.4007    1.8481    0.9976
[1] 9400.0000    0.5974    0.8458   -0.4177    1.6564    1.0091
[1] 9500.0000    0.0078    0.8817   -0.4864    1.7626    1.0875
[1] 9600.0000    0.1862    0.8149   -0.5316    1.7025    0.9056
[1] 9700.0000    0.0630    0.8614   -0.4003    1.6944    0.9692
[1] 9800.0000    1.0000    0.8213   -0.4421    1.7603    0.8104
[1] 9900.0000    0.0002    0.9529   -0.3794    1.7648    0.9335
[1] 10000.0000     1.0000     0.8618    -0.5631     1.6856     0.8032
[1] 10100.0000     0.7471     0.9049    -0.4187     1.8131     1.0751
[1] 10200.0000     0.6173     0.9808    -0.5369     1.7309     0.8342
[1] 10300.0000     0.3128     0.8120    -0.3826     1.7911     0.8804
[1] 10400.0000     0.0265     0.9274    -0.4325     1.7761     0.8733
[1] 10500.0000     1.0000     0.8159    -0.5177     1.8303     1.1284
[1] 10600.0000     1.0000     0.8189    -0.4361     1.7037     1.1530
[1] 10700.0000     1.0000     0.8475    -0.3915     1.7282     1.0594
[1] 10800.0000     1.0000     0.8056    -0.4242     1.7919     0.8503
[1] 10900.0000     0.0580     0.8264    -0.4487     1.8207     1.1140
[1] 11000.0000     0.6182     0.8012    -0.4764     1.8408     0.9407
[1] 11100.0000     0.3182     0.8902    -0.3414     1.7866     0.9114
[1] 11200.0000     0.5732     0.9412    -0.5074     1.7940     0.8257
[1] 11300.0000     0.2234     0.9738    -0.5521     1.7392     1.1215
[1] 11400.0000     0.1227     0.8271    -0.4375     1.6253     1.1322
[1] 11500.0000     0.0111     0.9311    -0.5088     1.7324     0.8792
[1] 11600.0000     0.7832     0.9382    -0.5598     1.6597     0.8033
[1] 11700.0000     1.0000     0.8766    -0.4451     1.7536     0.9110
[1] 11800.0000     0.0333     0.8440    -0.4479     1.7120     0.8198
[1] 11900.0000     0.1636     0.8272    -0.4285     1.7512     0.8962
[1] 12000.0000     1.0000     0.9595    -0.4868     1.7293     1.1960
[1] 12100.0000     0.4745     0.9452    -0.4909     1.7513     0.8400
[1] 12200.0000     1.0000     0.8496    -0.5062     1.6943     0.8460
[1] 12300.0000     0.3874     0.8229    -0.3926     1.7614     0.9137
[1] 12400.0000     1.0000     0.8046    -0.5061     1.6992     0.8797
[1] 12500.0000     0.0576     0.9120    -0.3345     1.7898     1.1259
[1] 12600.0000     1.0000     0.9564    -0.4667     1.7597     1.1675
[1] 12700.0000     0.0272     0.9614    -0.4436     1.8303     0.8958
[1] 12800.0000     0.0004     0.8033    -0.5292     1.6883     0.8910
[1] 12900.0000     0.3859     0.8554    -0.5226     1.6888     0.9712
[1] 13000.0000     0.2050     0.8840    -0.4137     1.7262     1.1100
[1] 13100.0000     0.0843     0.9404    -0.4951     1.7710     0.9822
[1] 13200.0000     1.0000     0.9955    -0.4956     1.6522     0.8578
[1] 13300.0000     0.1499     0.8522    -0.4096     1.7869     1.0074
[1] 13400.0000     0.0082     0.9485    -0.4028     1.6309     1.0271
[1] 13500.0000     0.0032     0.8240    -0.5245     1.8320     1.0099
[1] 13600.0000     0.6393     0.8630    -0.4501     1.6648     0.9698
[1] 13700.0000     0.2288     0.8295    -0.5180     1.7300     1.1457
[1] 13800.0000     1.0000     0.8254    -0.4072     1.6625     0.9444
[1] 13900.0000     0.6979     0.8125    -0.4595     1.6492     1.1546
[1] 14000.0000     1.0000     0.9598    -0.4701     1.7092     0.8043
[1] 14100.0000     0.0039     0.9236    -0.3828     1.8393     0.9106
[1] 14200.0000     1.0000     0.9100    -0.4499     1.7840     1.1948
[1] 14300.0000     0.0589     0.8548    -0.5136     1.8074     0.8231
[1] 14400.0000     0.9444     0.8984    -0.4318     1.7705     1.1866
[1] 14500.0000     1.0000     0.9833    -0.4147     1.7720     1.1771
[1] 14600.0000     0.1888     0.8329    -0.4114     1.7403     0.9630
[1] 14700.0000     1.0000     0.8840    -0.4202     1.7412     1.0394
[1] 14800.0000     0.0006     0.8106    -0.5488     1.7000     1.0978
[1] 14900.0000     0.6738     0.9485    -0.4649     1.7481     1.1960
[1] 15000.0000     0.0002     0.8802    -0.5168     1.6985     0.9805
[1] 15100.0000     0.1196     0.9112    -0.3816     1.7257     1.0503
[1] 15200.0000     0.8453     0.9896    -0.4124     1.7723     1.1186
[1] 15300.0000     0.5744     0.8296    -0.4754     1.7525     1.1944
[1] 15400.0000     0.3486     0.8005    -0.4518     1.7980     0.8812
[1] 15500.0000     0.6607     0.9013    -0.3480     1.6630     1.0728
[1] 15600.0000     0.2843     0.9912    -0.4498     1.6653     1.0551
[1] 15700.0000     0.4317     0.9225    -0.3576     1.7139     0.9294
[1] 15800.0000     0.3719     0.9774    -0.3627     1.7913     1.1822
[1] 15900.0000     0.1017     0.9524    -0.4317     1.7558     1.0855
[1] 16000.0000     0.9397     0.9761    -0.4792     1.7352     1.0600
[1] 16100.0000     0.1021     0.8350    -0.3927     1.7309     1.1328
[1] 16200.0000     1.0000     0.8455    -0.4486     1.6988     1.0509
[1] 16300.0000     1.0000     0.9029    -0.4073     1.7764     1.0365
[1] 16400.0000     1.0000     0.8844    -0.4060     1.7258     1.1913
[1] 16500.0000     0.8231     0.9407    -0.3820     1.7958     0.9877
[1] 16600.0000     0.2786     0.8568    -0.5313     1.7699     1.0645
[1] 16700.0000     0.6895     0.9070    -0.5201     1.7246     1.1930
[1] 16800.0000     0.2419     0.8165    -0.4670     1.7010     1.0376
[1] 16900.0000     0.0929     0.8221    -0.4218     1.7451     1.1575
[1] 17000.0000     0.3017     0.8119    -0.3958     1.7406     0.9369
[1] 17100.0000     0.0652     0.9262    -0.2855     1.7156     0.9696
[1] 17200.0000     1.0000     0.8059    -0.4579     1.6889     1.0244
[1] 17300.0000     0.5991     0.8396    -0.6207     1.6424     1.0131
[1] 17400.0000     0.3298     0.9623    -0.4539     1.8511     1.1696
[1] 17500.0000     0.5551     0.8131    -0.4383     1.6745     0.9127
[1] 17600.0000     0.0428     0.8242    -0.4718     1.7533     0.9225
[1] 17700.0000     0.0146     0.8794    -0.5253     1.6319     0.9707
[1] 17800.0000     0.8933     0.9968    -0.4994     1.7240     0.8268
[1] 17900.0000     0.0291     0.9291    -0.5089     1.8269     0.9192
[1] 18000.0000     1.0000     0.9109    -0.3536     1.7407     0.8712
[1] 18100.0000     1.0000     0.8499    -0.5096     1.7230     1.0097
[1] 18200.0000     0.1849     0.8127    -0.3775     1.7628     0.8547
[1] 18300.0000     0.6703     0.9706    -0.4507     1.7753     1.1685
[1] 18400.0000     0.0012     0.9243    -0.5113     1.7438     1.1066
[1] 18500.0000     1.0000     0.8751    -0.4049     1.7274     0.8892
[1] 18600.0000     0.1978     0.8656    -0.4215     1.8270     0.8624
[1] 18700.0000     0.0009     0.8306    -0.3779     1.7973     0.9156
[1] 18800.0000     0.4348     0.8360    -0.4290     1.7902     0.8264
[1] 18900.0000     0.1077     0.9024    -0.5398     1.7495     1.0613
[1] 19000.0000     1.0000     0.8087    -0.4289     1.8300     1.1060
[1] 19100.0000     0.5491     0.9272    -0.5308     1.8046     0.8583
[1] 19200.0000     0.5337     0.8319    -0.5117     1.6296     1.0132
[1] 19300.0000     0.1055     0.9020    -0.5349     1.7873     1.0537
[1] 19400.0000     1.0000     0.8507    -0.4520     1.7350     0.9744
[1] 19500.0000     0.0013     0.8243    -0.3954     1.7504     0.8751
[1] 19600.0000     0.3472     0.8237    -0.4303     1.7869     0.8717
[1] 19700.0000     0.4144     0.8293    -0.3866     1.7059     1.0022
[1] 19800.0000     0.4026     0.9869    -0.4200     1.7908     0.9076
[1] 19900.0000     1.0000     0.9655    -0.4461     1.8329     0.8660
[1] 20000.0000     0.2997     0.8545    -0.4859     1.7416     0.8923
[1] 20100.0000     0.0002     0.8622    -0.4282     1.8384     0.8640
[1] 20200.0000     0.2731     0.9282    -0.4675     1.7734     0.9678
[1] 20300.0000     1.0000     0.9019    -0.4039     1.6848     1.0263
[1] 20400.0000     1.0000     0.8446    -0.4632     1.7844     1.0333
[1] 20500.0000     0.7534     0.8964    -0.4631     1.7245     1.1285
[1] 20600.0000     0.3271     0.9169    -0.5610     1.7963     1.1057
[1] 20700.0000     0.9144     0.8107    -0.3425     1.7891     1.0874
[1] 20800.0000     0.7474     0.9981    -0.4787     1.7680     1.0246
[1] 20900.0000     0.1014     0.9072    -0.4214     1.7447     1.0199
[1] 21000.0000     0.0514     0.8708    -0.4610     1.7012     1.1617
[1] 21100.0000     0.0727     0.8745    -0.4734     1.7338     0.8760
[1] 21200.0000     0.5084     0.8010    -0.4187     1.7531     1.0057
[1] 21300.0000     0.2043     0.8214    -0.4298     1.7607     1.0391
[1] 21400.0000     1.0000     0.8276    -0.4032     1.7207     0.8233
[1] 21500.0000     0.7659     0.8291    -0.5059     1.6644     1.0581
[1] 21600.0000     0.0936     0.8069    -0.4968     1.8457     0.8555
[1] 21700.0000     0.2574     0.9180    -0.4984     1.7122     0.9753
[1] 21800.0000     0.6252     0.8443    -0.4257     1.7929     0.9811
[1] 21900.0000     0.5649     0.9598    -0.4589     1.8104     0.8497
[1] 22000.0000     1.0000     0.8874    -0.3704     1.6870     1.0182
[1] 22100.0000     1.0000     0.8517    -0.4846     1.7532     0.9777
[1] 22200.0000     0.9898     0.8579    -0.4823     1.7194     0.8534
[1] 22300.0000     0.2171     0.9726    -0.6126     1.7485     0.8521
[1] 22400.0000     0.1749     0.8145    -0.5043     1.6698     0.8604
[1] 22500.0000     0.3287     0.8239    -0.4648     1.8081     1.1368
[1] 22600.0000     0.9243     0.8006    -0.3720     1.8273     0.8902
[1] 22700.0000     0.6007     0.8271    -0.4064     1.7748     1.1968
[1] 22800.0000     0.1798     0.8972    -0.4234     1.6299     1.0231
[1] 22900.0000     0.5467     0.8804    -0.4985     1.6217     0.9211
[1] 23000.0000     0.0063     0.8188    -0.4016     1.6614     1.0070
[1] 23100.0000     0.4430     0.8119    -0.3635     1.7409     1.0551
[1] 23200.0000     0.2479     0.8154    -0.3856     1.8135     0.9644
[1] 23300.0000     0.0782     0.8429    -0.4005     1.8046     1.0012
[1] 23400.0000     1.0000     0.8888    -0.4708     1.7546     1.0444
[1] 23500.0000     0.2543     0.8797    -0.4043     1.7588     0.8266
[1] 23600.0000     0.1373     0.8176    -0.4668     1.7703     0.8266
[1] 23700.0000     0.3796     0.9328    -0.4007     1.7036     1.0180
[1] 23800.0000     0.4129     0.9299    -0.4622     1.6587     1.0580
[1] 23900.0000     1.0000     0.8722    -0.3671     1.7218     0.8735
[1] 24000.0000     0.7089     0.8060    -0.4438     1.6727     1.1215
[1] 24100.0000     1.0000     0.9214    -0.5523     1.7908     0.8541
[1] 24200.0000     0.1129     0.9331    -0.5642     1.7394     1.1419
[1] 24300.0000     1.0000     0.8163    -0.4741     1.7855     1.0906
[1] 24400.0000     0.4185     0.8950    -0.4680     1.7675     0.9027
[1] 24500.0000     1.0000     0.8539    -0.3929     1.8108     0.8359
[1] 24600.0000     0.0855     0.8781    -0.4453     1.7709     0.8812
[1] 24700.0000     1.0000     0.9195    -0.3793     1.8358     0.8781
[1] 24800.0000     0.3077     0.8460    -0.4892     1.7739     0.9489
[1] 24900.0000     0.4487     0.8023    -0.4986     1.7380     1.0260
[1] 25000.0000     0.9942     0.8801    -0.4593     1.7396     0.8235
[1] 25100.0000     1.0000     0.8419    -0.4761     1.8364     0.8544
[1] 25200.0000     0.1363     0.8495    -0.4326     1.7952     1.1739
[1] 25300.0000     0.8036     0.8151    -0.5321     1.7265     1.0748
[1] 25400.0000     0.6697     0.8988    -0.4073     1.6865     1.0888
[1] 25500.0000     0.1735     0.8417    -0.3501     1.7564     0.8432
[1] 25600.0000     0.0937     0.9041    -0.5119     1.7953     1.0021
[1] 25700.0000     0.1037     0.8702    -0.4795     1.8094     1.0667
[1] 25800.0000     0.0645     0.8606    -0.4728     1.7888     0.8978
[1] 25900.0000     0.0781     0.8683    -0.3807     1.6797     0.8098
[1] 26000.0000     0.3023     0.9492    -0.3754     1.6931     1.0058
[1] 26100.0000     0.4728     0.8603    -0.4398     1.8257     0.9559
[1] 26200.0000     1.0000     0.8601    -0.4580     1.7738     0.9041
[1] 26300.0000     0.5744     0.8623    -0.5806     1.7513     1.0835
[1] 26400.0000     0.1280     0.8855    -0.3514     1.6160     1.0131
[1] 26500.0000     0.1641     0.8034    -0.4624     1.7132     1.1338
[1] 26600.0000     1.0000     0.8531    -0.4967     1.6936     1.1347
[1] 26700.0000     1.0000     0.8892    -0.4012     1.7545     0.9428
[1] 26800.0000     0.6488     0.9542    -0.4892     1.7122     1.1594
[1] 26900.0000     0.0066     0.8396    -0.4758     1.7863     0.9391
[1] 27000.0000     1.0000     0.8977    -0.4645     1.8158     0.8661
[1] 27100.0000     0.4705     0.8095    -0.4297     1.7161     1.0497
[1] 27200.0000     0.0556     0.8135    -0.5694     1.8170     0.8529
[1] 27300.0000     0.1354     0.9608    -0.5516     1.7899     0.8492
[1] 27400.0000     0.1159     0.8725    -0.4275     1.6527     1.1899
[1] 27500.0000     1.0000     0.8366    -0.4214     1.7145     1.0805
[1] 27600.0000     0.0175     0.8732    -0.4253     1.8135     0.9172
[1] 27700.0000     0.0208     0.8620    -0.2664     1.8194     1.0941
[1] 27800.0000     0.0096     0.8828    -0.4766     1.7628     1.1030
[1] 27900.0000     0.8999     0.8904    -0.4197     1.7709     0.9276
[1] 28000.0000     0.0027     0.9430    -0.4545     1.7498     0.9743
[1] 28100.0000     0.0922     0.9262    -0.4570     1.7498     1.0710
[1] 28200.0000     0.8368     0.9271    -0.3754     1.8131     0.9591
[1] 28300.0000     0.3363     0.8510    -0.4089     1.7602     0.8048
[1] 28400.0000     0.8396     0.9594    -0.4951     1.7046     0.8105
[1] 28500.0000     1.0000     0.8206    -0.4357     1.7942     1.0447
[1] 28600.0000     1.0000     0.9044    -0.4434     1.8147     0.9892
[1] 28700.0000     1.0000     0.9143    -0.4218     1.7312     0.8158
[1] 28800.0000     0.4688     0.8366    -0.4122     1.7915     0.8214
[1] 28900.0000     0.7265     0.9432    -0.6073     1.7846     0.8112
[1] 29000.0000     1.0000     0.8095    -0.4361     1.7862     1.0816
[1] 29100.0000     0.0328     0.8438    -0.4029     1.8208     0.8008
[1] 29200.0000     0.4107     0.8572    -0.5367     1.7135     1.0103
[1] 29300.0000     1.0000     0.9064    -0.4794     1.7364     1.0368
[1] 29400.0000     0.3088     0.9512    -0.3587     1.7095     1.1262
[1] 29500.0000     0.4192     0.8510    -0.4240     1.7857     0.8942
[1] 29600.0000     1.0000     0.9770    -0.3619     1.7964     1.1651
[1] 29700.0000     0.1789     0.8203    -0.4531     1.6787     1.1249
[1] 29800.0000     1.0000     0.8701    -0.5206     1.7510     0.8024
[1] 29900.0000     0.5894     0.9798    -0.4611     1.8192     1.0014
[1] 30000.0000     0.2498     0.8307    -0.4736     1.6809     1.0904
[1] 0.4917003
Time difference of 10.50371 hours
null device 
          1 
