[1] "El numero de nodos X particion es: 10"
[1] "Model = M2 / Data = sim_data/datasetSVCExponential26.Rdata"
[1] 100.0000   0.0619   0.9429   0.0058   1.9979   1.1970
[1] 200.0000   1.0000   0.9804  -0.0037   1.9500   1.0297
[1] 300.0000   0.3070   0.8776  -0.0072   1.9200   1.0665
[1] 400.0000   0.0255   0.9831  -0.0548   1.8631   0.8881
[1] 500.0000   0.6334   0.8902  -0.0758   1.9035   0.8863
[1] 600.0000   0.0384   0.9957   0.0551   1.8338   0.9324
[1] 700.0000   0.0402   0.9912  -0.1685   1.9730   1.0784
[1] 800.0000   0.1724   0.9840  -0.1272   1.8491   0.9131
[1] 900.0000   1.0000   0.9357  -0.1827   1.9189   1.0743
[1] 1000.0000    1.0000    0.9692   -0.1318    1.8891    0.9576
[1] 1100.0000    0.8281    0.9726   -0.1747    1.8174    1.0201
[1] 1200.0000    0.2134    0.8603   -0.1563    1.8930    0.9164
[1] 1300.0000    0.1201    0.9909   -0.0146    1.9089    0.8581
[1] 1400.0000    0.0502    0.9303   -0.1880    1.8397    1.1894
[1] 1500.0000    0.0013    0.9694   -0.1047    1.7777    1.1238
[1] 1600.0000    0.0072    0.9998   -0.1891    1.9048    1.1214
[1] 1700.0000    0.0059    0.9916   -0.1426    1.8757    1.1881
[1] 1800.0000    0.0415    0.9234   -0.1787    1.9301    1.1307
[1] 1900.0000    0.0700    0.9957   -0.0884    1.9215    1.1822
[1] 2000.0000    0.1101    0.9978   -0.2212    1.8772    1.1535
[1] 2100.0000    0.0263    0.9401   -0.1367    1.8146    1.0501
[1] 2200.0000    0.8431    0.8580   -0.1084    1.9167    1.0161
[1] 2300.0000    0.9878    0.9707   -0.1130    1.7860    1.1994
[1] 2400.0000    0.6567    0.9764   -0.0016    1.8550    1.0594
[1] 2500.0000    0.2183    0.9668   -0.1858    1.8501    0.8475
[1] 2600.0000    0.0457    0.9658   -0.1455    1.8652    1.0023
[1] 2700.0000    0.0957    0.9335   -0.1247    1.8345    0.9591
[1] 2800.0000    0.1639    0.8906   -0.1107    1.9355    0.8787
[1] 2900.0000    0.2543    0.8994   -0.1270    1.8553    1.0050
[1] 3000.0000    0.0617    0.9886   -0.1451    1.8910    0.9819
[1] 3100.0000    1.0000    0.9078   -0.1447    1.8622    0.9130
[1] 3200.0000    0.3829    0.9371   -0.0167    1.8597    1.1278
[1] 3300.0000    0.1785    0.9877   -0.0767    1.7795    0.9428
[1] 3400.0000    0.0602    0.9515   -0.1277    1.7783    1.1198
[1] 3500.0000    1.0000    0.9338   -0.0669    1.8696    0.8830
[1] 3600.0000    0.0611    0.9676   -0.1379    1.8188    1.0085
[1] 3700.0000    0.1213    0.9950   -0.1034    1.8395    1.0085
[1] 3800.0000    0.1066    0.9791   -0.1703    1.7782    1.0179
[1] 3900.0000    0.0975    0.9837   -0.1826    1.9499    1.1370
[1] 4000.0000    1.0000    0.9388   -0.0620    1.8293    0.8131
[1] 4100.0000    1.0000    0.9426   -0.0977    1.9037    0.8764
[1] 4200.0000    0.0219    0.9756   -0.1739    1.8726    0.9752
[1] 4300.0000    0.0001    0.9986   -0.1085    1.9883    0.9026
[1] 4400.0000    0.0074    0.9571    0.0089    1.9165    0.9932
[1] 4500.0000    0.1198    0.9366   -0.0758    1.9217    1.0448
[1] 4600.0000    0.3634    0.9525   -0.1411    1.9314    1.1110
[1] 4700.0000    0.0001    0.9863   -0.1099    1.7944    1.1102
[1] 4800.0000    0.6256    0.8536   -0.1284    1.8808    1.1437
[1] 4900.0000    0.0048    0.9924   -0.0131    1.8865    1.1836
[1] 5000.0000    0.5206    0.9273   -0.0767    1.9344    1.0348
[1] 5100.0000    0.0273    0.9679   -0.0842    1.8913    1.1951
[1] 5200.0000    0.2704    0.8440   -0.1777    1.9864    1.1937
[1] 5300.0000    1.0000    0.8379   -0.1231    1.8880    1.0434
[1] 5400.0000    0.0384    0.9974   -0.1481    1.8831    1.1725
[1] 5500.0000    1.0000    0.9295   -0.0391    1.9036    1.1335
[1] 5600.0000    0.0105    0.9595   -0.2018    1.9414    1.1319
[1] 5700.0000    1.0000    0.9639   -0.1079    1.7789    1.0846
[1] 5800.0000    0.0673    0.9141   -0.0253    1.8781    1.0035
[1] 5900.0000    0.0725    0.9936   -0.1055    1.7760    1.1548
[1] 6000.0000    0.1113    0.8924   -0.0972    1.8368    1.0716
[1] 6100.0000    0.0011    0.9517   -0.0317    1.9665    0.9216
[1] 6200.0000    0.1020    0.9787   -0.0463    1.7034    1.1364
[1] 6300.0000    0.1078    0.9569   -0.1082    1.8238    0.8080
[1] 6400.0000    0.0571    0.9885   -0.0291    1.8187    0.8165
[1] 6500.0000    0.5197    0.9707   -0.2136    1.8397    0.9050
[1] 6600.0000    0.0579    0.9801   -0.1760    1.8317    1.0197
[1] 6700.0000    0.1061    0.9726   -0.1798    1.7880    1.0730
[1] 6800.0000    0.0617    0.9947   -0.1257    1.8166    0.8549
[1] 6900.0000    0.0369    0.9783   -0.1723    1.7997    1.0604
[1] 7000.0000    0.9381    0.9910   -0.1737    1.8307    1.0078
[1] 7100.0000    0.0409    0.9857   -0.1126    1.8708    1.0571
[1] 7200.0000    0.0045    0.9645   -0.1172    1.9266    0.9109
[1] 7300.0000    1.0000    0.9616   -0.0613    1.9403    0.8824
[1] 7400.0000    0.0501    0.9956   -0.2172    1.8330    1.1213
[1] 7500.0000    0.0258    0.9538    0.0109    1.9172    1.0728
[1] 7600.0000    0.0582    0.9979   -0.1049    1.8804    1.1442
[1] 7700.0000    0.0224    0.9975   -0.1229    1.8472    1.1871
[1] 7800.0000    0.0535    0.9829   -0.1561    1.8558    1.0003
[1] 7900.0000    0.0823    0.9605   -0.1364    1.8321    0.8727
[1] 8000.0000    0.0579    0.9888   -0.1273    1.8651    0.8620
[1] 8100.0000    0.0067    0.9773   -0.0020    1.8457    0.9160
[1] 8200.0000    0.0112    0.9803   -0.1031    1.9431    0.8647
[1] 8300.0000    0.2910    0.9009   -0.1103    1.9673    1.0589
[1] 8400.0000    0.0083    0.9589   -0.0783    1.9794    1.0527
[1] 8500.0000    0.0003    0.9939   -0.1458    1.7180    1.0648
[1] 8600.0000    0.1469    0.9564   -0.2043    1.9538    0.9963
[1] 8700.0000    0.0037    0.9956   -0.0830    1.7278    1.1637
[1] 8800.0000    0.9386    0.9324   -0.0784    1.7728    0.8066
[1] 8900.0000    0.6693    0.9431   -0.1852    1.9148    1.1381
[1] 9000.0000    0.2144    0.9025   -0.1025    1.8532    0.9096
[1] 9100.0000    0.0564    0.9978   -0.0988    1.8924    0.9039
[1] 9200.0000    0.2420    0.9676   -0.1286    1.8365    0.9842
[1] 9300.0000    0.0022    0.9734   -0.0489    1.8043    1.1056
[1] 9400.0000    0.0030    0.9943    0.0309    1.9198    1.0986
[1] 9500.0000    0.3601    0.9329   -0.1310    1.8102    0.8817
[1] 9600.0000    0.4061    0.9993   -0.0972    1.8936    0.8928
[1] 9700.0000    0.1728    0.9657   -0.0930    1.7639    0.9166
[1] 9800.0000    0.0010    0.9959   -0.0564    1.9798    1.1171
[1] 9900.0000    0.0003    0.9529   -0.0476    1.8367    0.9335
[1] 10000.0000     0.5694     0.9167    -0.1184     1.7345     1.1877
[1] 10100.0000     0.8688     0.9049    -0.1375     1.8204     1.0751
[1] 10200.0000     1.0000     0.9808    -0.2485     1.8302     0.8342
[1] 10300.0000     0.0890     0.9927    -0.1086     1.7970     0.8665
[1] 10400.0000     0.0052     0.9870    -0.0520     1.8555     0.8317
[1] 10500.0000     0.0519     0.8159    -0.0346     1.9042     1.1284
[1] 10600.0000     0.1634     0.9813    -0.1184     1.9856     1.0459
[1] 10700.0000     0.0004     0.9608    -0.0023     1.9243     1.1293
[1] 10800.0000     0.0339     0.9785    -0.1143     1.8725     1.1554
[1] 10900.0000     0.0007     0.9660    -0.1858     1.8891     1.1970
[1] 11000.0000     0.0082     0.9998    -0.0780     1.9682     0.9957
[1] 11100.0000     0.0102     0.9709    -0.1031     1.9895     0.9321
[1] 11200.0000     0.4744     0.9796    -0.0587     1.8858     0.8111
[1] 11300.0000     0.3911     0.9738    -0.1882     1.8616     1.1215
[1] 11400.0000     0.4585     0.9830    -0.1199     1.7762     1.0526
[1] 11500.0000     0.0011     0.9311    -0.1264     1.9202     0.8792
[1] 11600.0000     0.6286     0.9382    -0.1375     1.7213     0.8033
[1] 11700.0000     0.3506     0.9810    -0.2313     1.7299     0.9386
[1] 11800.0000     0.0011     0.9823    -0.0970     1.8443     1.0988
[1] 11900.0000     0.2062     0.9950    -0.1235     1.8776     1.0414
[1] 12000.0000     0.8796     0.9595    -0.0289     1.9190     1.1960
[1] 12100.0000     0.8604     0.9650    -0.1830     1.9345     0.9420
[1] 12200.0000     0.0527     0.9853    -0.1354     1.8304     1.1443
[1] 1.230e+04 8.660e-02 9.623e-01 1.710e-02 1.794e+00 1.142e+00
[1] 12400.0000     0.1187     0.9803    -0.2011     1.9544     1.0988
[1] 12500.0000     0.0216     0.9939    -0.0259     1.9348     0.9707
[1] 12600.0000     0.3682     0.9564    -0.0981     1.8119     1.1675
[1] 12700.0000     0.0002     0.9486    -0.1348     1.9898     0.8166
[1] 12800.0000     0.0139     0.9902    -0.1902     1.8822     0.9345
[1] 12900.0000     0.5517     0.9045    -0.1487     1.7307     0.9333
[1] 13000.0000     0.0555     0.9696    -0.1163     1.7543     0.9346
[1] 13100.0000     0.2189     0.9367    -0.2560     1.8343     0.8325
[1] 13200.0000     0.2043     0.9801    -0.1289     1.7189     0.8746
[1] 1.330e+04 1.000e+00 9.675e-01 3.400e-02 1.988e+00 1.119e+00
[1] 13400.0000     0.0740     0.9485    -0.1148     1.7744     1.0271
[1] 13500.0000     0.0043     0.9671    -0.0719     1.8800     0.9422
[1] 13600.0000     0.0082     0.9329    -0.1483     1.7734     1.0364
[1] 13700.0000     0.0824     0.9962     0.0433     1.8937     0.9736
[1] 13800.0000     0.0138     0.9685    -0.1339     1.9136     0.9435
[1] 13900.0000     0.0320     0.9831    -0.1053     1.8833     1.1029
[1] 14000.0000     1.0000     0.9598    -0.1036     1.8938     0.8043
[1] 14100.0000     0.0036     0.9236     0.0198     1.9353     0.9106
[1] 14200.0000     1.0000     0.9100    -0.1114     1.8092     1.1948
[1] 14300.0000     0.9928     0.9874    -0.1522     1.8068     0.9095
[1] 14400.0000     1.0000     0.8984    -0.1161     1.8559     1.1866
[1] 14500.0000     0.4260     0.9889    -0.2008     1.8206     1.0186
[1] 14600.0000     0.0652     0.9646    -0.1456     1.7145     1.1720
[1] 14700.0000     0.1125     0.9923    -0.0705     1.8539     1.0723
[1] 14800.0000     1.0000     0.8823    -0.1882     1.9105     0.8703
[1] 14900.0000     0.2781     0.9850    -0.1258     1.9483     1.1438
[1] 15000.0000     0.0002     0.9486    -0.1340     1.8429     0.9418
[1] 15100.0000     0.1544     0.9112    -0.1350     1.8724     1.0503
[1] 15200.0000     0.1922     0.9934    -0.0894     1.7992     1.0834
[1] 15300.0000     0.4911     0.8856    -0.0794     1.8273     0.9730
[1] 15400.0000     1.0000     0.9829    -0.0860     1.9058     1.0368
[1] 15500.0000     0.0482     0.9973    -0.1119     1.8678     0.8711
[1] 15600.0000     0.3540     0.9912    -0.2156     1.8432     1.0551
[1] 1.570e+04 3.060e-01 9.225e-01 3.190e-02 1.866e+00 9.294e-01
[1] 15800.0000     1.0000     0.9774    -0.0452     1.8764     1.1822
[1] 15900.0000     0.0011     0.9793    -0.1069     1.9272     0.9951
[1] 16000.0000     0.8327     0.9761    -0.1073     1.8976     1.0600
[1] 16100.0000     0.8501     0.9477    -0.2252     1.8982     0.9420
[1] 16200.0000     0.1576     0.9395    -0.1543     1.9289     1.1789
[1] 16300.0000     0.9004     0.9029    -0.0782     1.9135     1.0365
[1] 16400.0000     0.0381     0.9797    -0.0706     1.8246     1.0271
[1] 16500.0000     0.3150     0.9894     0.0132     1.9358     0.9222
[1] 16600.0000     1.0000     0.9292    -0.1930     1.9135     1.0485
[1] 16700.0000     0.3968     0.9070    -0.0557     1.8965     1.1930
[1] 16800.0000     1.0000     0.9593    -0.1564     1.7614     0.8375
[1] 16900.0000     0.1707     0.9993    -0.0892     1.8866     1.1521
[1] 17000.0000     0.0030     0.9815    -0.0985     2.0368     0.9010
[1] 17100.0000     0.0319     0.9262     0.0021     1.7811     0.9696
[1] 17200.0000     0.0357     0.9497    -0.1140     1.7897     0.8252
[1] 17300.0000     0.0888     0.9564    -0.1729     1.8066     0.9524
[1] 17400.0000     0.6326     0.9623    -0.0789     1.9860     1.1696
[1] 17500.0000     0.7534     0.9677    -0.1474     1.9031     1.1479
[1] 17600.0000     0.8408     0.9918    -0.2155     1.8989     0.8969
[1] 17700.0000     0.0014     0.9944    -0.0821     1.7246     0.9167
[1] 17800.0000     1.0000     0.9968    -0.1597     1.8137     0.8268
[1] 17900.0000     0.1203     0.9291    -0.2150     1.8958     0.9192
[1] 18000.0000     0.6287     0.9109    -0.0329     1.8568     0.8712
[1] 18100.0000     0.4083     0.9137    -0.0469     1.9060     0.9014
[1] 18200.0000     0.1814     0.9180    -0.0882     2.0838     0.9221
[1] 18300.0000     0.1757     0.9706    -0.1002     1.8852     1.1685
[1] 18400.0000     0.0003     0.9243    -0.2255     1.9178     1.1066
[1] 18500.0000     0.0312     0.9989    -0.1464     1.9229     0.9879
[1] 18600.0000     0.1585     0.8932    -0.1370     1.9708     0.8460
[1] 18700.0000     0.0422     0.9972    -0.1239     1.8334     1.0906
[1] 18800.0000     1.0000     0.9422    -0.1497     1.9046     0.8265
[1] 18900.0000     0.0009     0.9734    -0.0947     1.9096     1.0104
[1] 19000.0000     0.0896     0.9527    -0.1604     1.9996     0.8936
[1] 19100.0000     0.1119     0.9272    -0.1692     2.0009     0.8583
[1] 19200.0000     0.1042     0.9220    -0.1231     1.7591     1.1567
[1] 19300.0000     0.1283     0.9996    -0.0980     1.8460     0.8073
[1] 19400.0000     0.0602     0.9097    -0.0412     1.9138     1.0433
[1] 19500.0000     0.0061     0.9633    -0.0879     1.9025     1.1823
[1] 19600.0000     0.2432     0.9711    -0.2387     1.9066     1.0171
[1] 19700.0000     1.0000     0.8293    -0.0999     1.7849     1.0022
[1] 19800.0000     0.0787     0.9869    -0.1197     1.9437     0.9076
[1] 19900.0000     0.2879     0.9981    -0.1140     1.9323     1.0280
[1] 20000.0000     1.0000     0.9605    -0.1313     1.8548     0.8244
[1] 20100.0000     0.1756     0.8622    -0.0821     1.8484     0.8640
[1] 20200.0000     1.0000     0.9840    -0.1835     1.8888     1.1380
[1] 20300.0000     0.5819     0.9938    -0.1744     1.7631     0.8685
[1] 20400.0000     0.0764     0.9596    -0.1058     1.9300     1.0259
[1] 20500.0000     0.0280     0.9905    -0.0433     1.8863     1.0353
[1] 20600.0000     0.0948     0.9981    -0.0864     1.9438     1.1462
[1] 20700.0000     0.0308     0.9923    -0.1338     1.8965     1.0695
[1] 20800.0000     1.0000     0.9981    -0.1385     1.9069     1.0246
[1] 20900.0000     1.0000     0.9455    -0.1347     1.9103     1.1141
[1] 21000.0000     0.1289     0.9912     0.0298     1.8818     1.0875
[1] 21100.0000     0.0587     0.9440    -0.1089     1.8783     1.0640
[1] 21200.0000     1.0000     0.9611    -0.0055     1.9541     0.8029
[1] 21300.0000     1.0000     0.9067    -0.0094     1.8540     0.8492
[1] 21400.0000     0.0500     0.8276    -0.1122     1.8640     0.8233
[1] 21500.0000     0.0012     0.9986    -0.0042     1.8217     1.1603
[1] 21600.0000     0.4152     0.9524    -0.2019     1.9177     1.0493
[1] 21700.0000     0.2921     0.9973    -0.0588     1.8726     0.9605
[1] 21800.0000     0.1827     0.9447    -0.0523     1.8711     1.0321
[1] 21900.0000     0.6209     0.9598     0.0409     1.9212     0.8497
[1] 22000.0000     0.4589     0.8874    -0.1173     1.7761     1.0182
[1] 22100.0000     0.1683     0.9623    -0.0394     1.9461     1.1965
[1] 22200.0000     0.0760     0.9960    -0.0720     1.8783     0.9858
[1] 22300.0000     0.5868     0.9726    -0.0819     1.9692     0.8521
[1] 22400.0000     0.8824     0.9971    -0.2116     1.7612     0.9354
[1] 22500.0000     0.0483     0.9610    -0.0203     1.8775     0.9963
[1] 22600.0000     0.4698     0.9490    -0.0602     1.8744     1.0906
[1] 22700.0000     0.0993     0.8271    -0.1371     1.8794     1.1968
[1] 22800.0000     0.1912     0.8972    -0.1066     1.7781     1.0231
[1] 22900.0000     1.0000     0.8956    -0.0920     1.7660     1.1446
[1] 23000.0000     0.2558     0.8997    -0.0251     1.9140     0.9381
[1] 23100.0000     0.0398     0.9231    -0.0872     1.9131     0.8179
[1] 23200.0000     0.0064     0.9832    -0.1430     1.9693     0.9881
[1] 23300.0000     0.0643     0.9905    -0.0181     1.9470     1.1869
[1] 23400.0000     0.3572     0.8888    -0.1588     1.8096     1.0444
[1] 23500.0000     0.3017     0.9986    -0.0206     1.8649     1.0082
[1] 23600.0000     0.8226     0.8573    -0.1889     1.8979     0.9429
[1] 23700.0000     0.1804     0.9328    -0.1081     1.7986     1.0180
[1] 23800.0000     0.1120     0.9299    -0.1822     1.7862     1.0580
[1] 23900.0000     0.0454     0.9920     0.0205     1.8383     1.0485
[1] 24000.0000     0.0020     0.9851     0.0110     1.9314     1.0873
[1] 24100.0000     0.4214     0.8747    -0.1297     1.8469     1.0767
[1] 24200.0000     0.5180     0.9331    -0.2347     1.9047     1.1419
[1] 24300.0000     0.0172     0.8950    -0.1446     1.9738     0.9587
[1] 24400.0000     0.8618     0.9947    -0.0253     1.8436     0.9697
[1] 24500.0000     0.0333     0.9726    -0.0956     2.0467     1.0605
[1] 24600.0000     0.0399     0.9866    -0.0978     1.8426     1.1519
[1] 24700.0000     0.3194     0.9195    -0.1260     1.8622     0.8781
[1] 24800.0000     1.0000     0.9886    -0.0457     1.8300     1.1188
[1] 24900.0000     0.0203     0.9802    -0.2022     1.9533     0.9496
[1] 25000.0000     0.1047     0.8801    -0.1049     1.8824     0.8235
[1] 25100.0000     0.1024     0.9249    -0.1700     1.8091     1.0516
[1] 25200.0000     0.1776     0.9507    -0.1448     1.8705     0.9719
[1] 25300.0000     0.0133     0.9779    -0.1655     1.8469     0.8977
[1] 25400.0000     0.1634     0.9621    -0.1015     1.8775     0.9516
[1] 25500.0000     0.4413     0.8417    -0.1157     1.7989     0.8432
[1] 25600.0000     0.0092     0.9926    -0.0782     1.8964     0.9855
[1] 25700.0000     0.0052     0.9659    -0.1133     1.7969     0.9398
[1] 25800.0000     0.3237     0.9689    -0.1417     1.8224     1.1962
[1] 25900.0000     0.0153     0.9827    -0.1009     1.7665     0.8279
[1] 26000.0000     0.2570     0.9492    -0.0301     1.8052     1.0058
[1] 26100.0000     0.0066     0.9935    -0.1830     1.9666     1.0009
[1] 26200.0000     0.4090     0.8601     0.0056     1.9711     0.9041
[1] 26300.0000     0.4445     0.8448    -0.1993     1.7518     0.9973
[1] 26400.0000     0.0254     0.9644    -0.0491     1.8557     0.8566
[1] 26500.0000     0.3102     0.9710    -0.1543     1.7718     1.0027
[1] 26600.0000     0.0278     0.9993    -0.1093     1.7565     1.0988
[1] 26700.0000     0.1495     0.9721    -0.0590     1.8763     0.8075
[1] 26800.0000     0.1909     0.9048    -0.2098     1.8518     0.9781
[1] 26900.0000     0.1052     0.8955    -0.1494     1.8940     1.0592
[1] 27000.0000     1.0000     0.8977    -0.1162     1.9686     0.8661
[1] 27100.0000     0.1797     0.9897    -0.1438     1.7908     0.9084
[1] 27200.0000     0.0080     0.9713    -0.2232     1.9224     1.0324
[1] 27300.0000     0.0281     0.9608    -0.2792     1.8657     0.8492
[1] 27400.0000     0.1063     0.9728    -0.1267     1.8948     1.1655
[1] 27500.0000     0.1073     0.9534    -0.1525     1.8670     0.8238
[1] 27600.0000     0.2008     0.9952    -0.1634     1.8152     1.1217
[1] 27700.0000     0.0014     0.9491     0.0041     1.8646     1.1275
[1] 27800.0000     0.1992     0.8828    -0.0951     1.9269     1.1030
[1] 27900.0000     0.1609     0.9774    -0.1054     1.8380     0.8741
[1] 28000.0000     0.0000     0.9430    -0.0342     1.8459     0.9743
[1] 28100.0000     0.0014     0.9857    -0.1136     1.9621     0.9345
[1] 28200.0000     0.1264     0.9920    -0.0490     1.8985     1.1206
[1] 28300.0000     0.1773     0.8510    -0.1097     1.8542     0.8048
[1] 28400.0000     1.0000     0.9594    -0.1133     1.7720     0.8105
[1] 28500.0000     0.0929     0.8919     0.0478     1.7666     1.0165
[1] 28600.0000     0.2704     0.9775    -0.1738     1.7945     0.9079
[1] 28700.0000     1.0000     0.9143    -0.2045     1.8155     0.8158
[1] 28800.0000     1.0000     0.9743    -0.1037     1.8746     0.8723
[1] 28900.0000     0.7578     0.9457    -0.1966     1.9293     1.0466
[1] 29000.0000     0.0182     0.9692    -0.0770     1.7900     0.9910
[1] 29100.0000     1.0000     0.9799    -0.1994     1.8878     1.1704
[1] 29200.0000     0.0709     0.9889    -0.1740     1.8299     1.0979
[1] 29300.0000     0.5225     0.9749    -0.0448     1.8349     0.9782
[1] 29400.0000     0.0740     0.9512    -0.0577     1.8279     1.1262
[1] 29500.0000     0.1053     0.9711    -0.0223     1.8788     0.9025
[1] 29600.0000     0.0951     0.9989    -0.0097     1.9719     1.0390
[1] 29700.0000     0.0449     0.9571    -0.2168     1.7974     0.9736
[1] 29800.0000     0.0670     0.9840    -0.0859     1.8594     0.9981
[1] 29900.0000     1.0000     0.9798    -0.1167     1.8755     1.0014
[1] 30000.0000     0.5225     0.9561    -0.0827     1.9201     1.0811
[1] 0.3231871
Time difference of 10.35135 hours
null device 
          1 
