[1] "El numero de nodos X particion es: 10"
[1] "Model = M2 / Data = sim_data/datasetSVCMatern11.Rdata"
[1] 100.0000   0.3165   0.9429   0.0179   1.9254   1.1970
[1] 200.0000   1.0000   0.9804  -0.0834   1.9350   1.0297
[1] 300.0000   0.6344   0.8776  -0.1414   1.9402   1.0665
[1] 400.0000   0.2442   0.9217  -0.0565   1.9122   0.9692
[1] 500.0000   0.1035   0.9813  -0.0997   1.8725   0.8492
[1] 600.0000   0.0172   0.8693   0.0511   1.8515   1.0610
[1] 700.0000   0.7231   0.8087  -0.0573   1.9664   1.0605
[1] 800.0000   1.0000   0.8954  -0.1417   1.8869   1.1490
[1] 900.0000   1.0000   0.9357  -0.1236   1.8280   1.0743
[1] 1000.0000    1.0000    0.9692   -0.1388    1.9474    0.9576
[1] 1100.0000    0.2553    0.8326   -0.0894    1.8725    1.0285
[1] 1200.0000    1.0000    0.8603   -0.0199    1.9069    0.9164
[1] 1300.0000    0.7516    0.8617   -0.1415    1.9075    1.0550
[1] 1400.0000    0.3526    0.9303   -0.1222    1.9469    1.1894
[1] 1500.0000    0.0112    0.9694   -0.0347    1.8618    1.1238
[1] 1600.0000    0.5271    0.8099   -0.0958    1.9690    1.0178
[1] 1700.0000    0.5203    0.8185   -0.0848    1.7929    1.1630
[1] 1800.0000    0.0150    0.9234   -0.1373    1.9318    1.1307
[1] 1900.0000    0.3395    0.9875   -0.0868    1.9248    0.8532
[1] 2000.0000    0.0593    0.8432   -0.1127    1.9661    1.0611
[1] 2100.0000    0.1302    0.8081    0.0012    1.9463    0.9300
[1] 2200.0000    0.5120    0.8580   -0.1241    1.9701    1.0161
[1] 2300.0000    0.0283    0.8608   -0.0695    1.8793    1.0478
[1] 2400.0000    0.3567    0.9764    0.0063    1.8705    1.0594
[1] 2500.0000    1.0000    0.9002   -0.1033    1.8868    1.1531
[1] 2600.0000    0.4706    0.9658   -0.1502    1.7978    1.0023
[1] 2700.0000    0.1375    0.8044   -0.0846    1.8442    1.0835
[1] 2800.0000    0.8351    0.8906   -0.1398    1.8567    0.8787
[1] 2900.0000    0.3220    0.8994   -0.1358    1.8671    1.0050
[1] 3000.0000    0.8525    0.9623   -0.0811    1.9808    1.1476
[1] 3100.0000    0.5308    0.8265   -0.0412    1.8596    1.1652
[1] 3200.0000    0.1324    0.9371   -0.0497    1.9046    1.1278
[1] 3300.0000    1.0000    0.8733   -0.0237    1.9236    0.9733
[1] 3400.0000    0.2388    0.8983   -0.0333    1.7415    1.1525
[1] 3500.0000    0.4922    0.9338   -0.0745    1.8206    0.8830
[1] 3600.0000    0.5186    0.8553    0.0086    1.8712    1.1349
[1] 3700.0000    0.1525    0.9950   -0.0024    1.8858    1.0085
[1] 3800.0000    0.8184    0.9141   -0.0213    1.8216    0.9698
[1] 3900.0000    1.0000    0.8173   -0.0720    1.8467    1.1134
[1] 4000.0000    0.4097    0.9388   -0.0312    1.7937    0.8131
[1] 4100.0000    0.6517    0.9193    0.0306    1.8883    1.0337
[1] 4200.0000    0.3943    0.9756   -0.0995    1.8797    0.9752
[1] 4300.0000    0.0494    0.9986   -0.1229    1.8679    0.9026
[1] 4400.0000    0.3983    0.8372    0.0162    1.9305    1.0492
[1] 4500.0000    1.0000    0.8410   -0.0499    1.9889    1.1520
[1] 4600.0000    0.1930    0.8039   -0.0324    1.8663    1.1669
[1] 4700.0000    0.1815    0.8102   -0.1501    1.7595    1.1923
[1] 4800.0000    0.0556    0.8985   -0.1120    1.9033    0.9827
[1] 4900.0000    0.3006    0.8138    0.0362    1.8898    1.0924
[1] 5000.0000    1.0000    0.9273    0.0060    1.8649    1.0348
[1] 5100.0000    0.6945    0.8496   -0.0774    1.9207    0.8317
[1] 5200.0000    0.0127    0.8440   -0.1480    2.0072    1.1937
[1] 5300.0000    1.0000    0.8379   -0.1010    1.9422    1.0434
[1] 5400.0000    1.0000    0.8515   -0.0427    1.9200    1.1120
[1] 5500.0000    0.0944    0.8506   -0.0572    1.8518    1.1979
[1] 5600.0000    0.0042    0.9095   -0.1963    1.8628    0.9324
[1] 5700.0000    0.2931    0.8052   -0.0729    1.8174    1.1157
[1] 5800.0000    0.9032    0.8520   -0.0748    1.9197    1.0482
[1] 5900.0000    0.3514    0.8759   -0.1601    1.8223    1.0113
[1] 6000.0000    0.0508    0.8924   -0.0833    1.8243    1.0716
[1] 6100.0000    0.1474    0.9517   -0.0428    1.9027    0.9216
[1] 6200.0000    1.0000    0.8336   -0.0961    1.7525    0.9759
[1] 6300.0000    0.0195    0.8959   -0.0914    1.9408    1.1826
[1] 6400.0000    0.7113    0.9022   -0.0749    1.8418    0.8332
[1] 6500.0000    0.1548    0.8647   -0.0145    1.8983    1.1427
[1] 6600.0000    0.2511    0.8918   -0.0484    1.8884    1.0184
[1] 6700.0000    0.0009    0.8229   -0.0164    1.7954    1.0410
[1] 6800.0000    0.5566    0.9036   -0.1054    1.9119    1.0862
[1] 6900.0000    0.1439    0.8556   -0.1430    1.8686    1.1638
[1] 7000.0000    0.0786    0.8011   -0.1148    1.8235    1.0228
[1] 7100.0000    0.9331    0.8440   -0.0730    1.9251    0.9302
[1] 7200.0000    0.0070    0.8343   -0.0627    1.8867    0.9512
[1] 7300.0000    1.0000    0.9616   -0.0393    1.8759    0.8824
[1] 7400.0000    0.2128    0.8164   -0.1908    1.8527    0.8600
[1] 7500.0000    1.0000    0.8741   -0.0364    1.9468    1.0979
[1] 7600.0000    1.0000    0.8898   -0.1244    1.8477    1.1032
[1] 7700.0000    0.1724    0.8552   -0.1201    1.8051    1.0850
[1] 7800.0000    0.1818    0.8350   -0.0104    1.9154    1.1361
[1] 7900.0000    0.1899    0.8037   -0.0526    1.8283    1.1632
[1] 8000.0000    0.0419    0.8855   -0.1101    1.7786    1.0520
[1] 8100.0000    0.2721    0.8687   -0.0869    1.8850    1.0506
[1] 8200.0000    0.5843    0.9207   -0.1174    1.9147    1.1282
[1] 8300.0000    0.9648    0.8444   -0.0205    1.8928    1.1155
[1] 8400.0000    0.0743    0.8563   -0.0998    1.8886    1.0967
[1] 8500.0000    0.0250    0.8507   -0.1869    1.7978    1.0895
[1] 8600.0000    0.5231    0.9214   -0.1798    1.8410    1.0135
[1] 8700.0000    0.2280    0.8293   -0.0489    1.8185    0.8767
[1] 8800.0000    0.2750    0.9324   -0.0187    1.8657    0.8066
[1] 8900.0000    0.5891    0.9431   -0.0434    1.8905    1.1381
[1] 9000.0000    0.0220    0.9878   -0.0923    1.8350    1.0272
[1] 9100.0000    1.0000    0.9156   -0.0348    1.9318    1.0916
[1] 9200.0000    1.0000    0.9069   -0.0801    1.7988    1.1995
[1] 9300.0000    0.0775    0.8678   -0.0648    1.9282    1.1657
[1] 9400.0000    0.0296    0.8458    0.0510    1.8711    1.0091
[1] 9500.0000    0.0365    0.9329   -0.1248    1.8853    0.8817
[1] 9600.0000    0.5063    0.9975   -0.1054    1.8533    0.8759
[1] 9700.0000    0.5018    0.8614   -0.0620    1.8208    0.9692
[1] 9800.0000    0.0796    0.8153   -0.1335    1.8455    1.1930
[1] 9900.0000    0.0090    0.9687   -0.0723    1.8303    1.0137
[1] 10000.0000     0.2920     0.8024    -0.1489     1.7348     1.1224
[1] 10100.0000     1.0000     0.9049    -0.0785     1.9572     1.0751
[1] 10200.0000     0.4045     0.9808    -0.1354     1.9138     0.8342
[1] 10300.0000     1.0000     0.9112     0.0598     1.8383     1.0320
[1] 10400.0000     0.0175     0.9274    -0.0994     1.8842     0.8733
[1] 10500.0000     1.0000     0.8159     0.0076     1.8978     1.1284
[1] 10600.0000     1.0000     0.8189    -0.0275     1.8683     1.1530
[1] 10700.0000     0.0157     0.8554    -0.0095     1.9028     1.1144
[1] 10800.0000     0.2239     0.9785    -0.0368     1.9160     1.1554
[1] 10900.0000     0.0021     0.8264    -0.1306     1.9302     1.1140
[1] 11000.0000     0.2267     0.8012    -0.1295     1.9093     0.9407
[1] 11100.0000     0.0825     0.8742    -0.0469     1.9482     1.1927
[1] 11200.0000     0.4803     0.8258    -0.1327     1.9021     1.0628
[1] 11300.0000     0.6083     0.9738    -0.0813     1.8615     1.1215
[1] 11400.0000     0.5020     0.8940    -0.1004     1.8643     0.9892
[1] 11500.0000     0.0008     0.9311    -0.1195     1.8442     0.8792
[1] 11600.0000     0.6178     0.9382    -0.1945     1.7570     0.8033
[1] 11700.0000     0.7647     0.9810    -0.1589     1.8862     0.9386
[1] 11800.0000     0.0613     0.8440    -0.0568     1.8038     0.8198
[1] 11900.0000     0.3624     0.8934    -0.0971     1.9140     1.0759
[1] 12000.0000     1.0000     0.9595    -0.0512     1.8388     1.1960
[1] 12100.0000     0.2667     0.8653    -0.0424     1.9041     1.1380
[1] 12200.0000     0.3823     0.8496    -0.0706     1.8246     0.8460
[1] 12300.0000     0.7199     0.9337     0.0088     1.8437     1.0573
[1] 12400.0000     0.1601     0.8626    -0.1668     1.8395     1.1478
[1] 12500.0000     0.2303     0.9120    -0.0070     1.9321     1.1259
[1] 12600.0000     1.0000     0.9564    -0.1010     1.8456     1.1675
[1] 12700.0000     0.0001     0.9614    -0.1326     1.9980     0.8958
[1] 12800.0000     0.0285     0.9108    -0.0765     1.8802     1.0765
[1] 12900.0000     0.6210     0.9378    -0.1639     1.8221     1.1252
[1] 13000.0000     0.2002     0.8840     0.0003     1.8934     1.1100
[1] 13100.0000     0.5608     0.9591    -0.1930     1.8986     1.0507
[1] 13200.0000     0.5616     0.9955    -0.0306     1.7762     0.8578
[1] 13300.0000     0.3619     0.8522    -0.0171     1.8992     1.0074
[1] 13400.0000     0.0286     0.9485    -0.0228     1.8315     1.0271
[1] 13500.0000     0.0017     0.8240    -0.1082     1.9716     1.0099
[1] 13600.0000     0.0321     0.8917    -0.0819     1.7962     1.0301
[1] 13700.0000     0.2140     0.8464    -0.0558     1.9510     1.1474
[1] 13800.0000     0.4012     0.8418    -0.1621     1.8799     1.1127
[1] 13900.0000     0.1338     0.8125    -0.0805     1.8430     1.1546
[1] 14000.0000     0.4952     0.9598    -0.0619     1.8984     0.8043
[1] 14100.0000     0.0014     0.9236    -0.0094     2.0185     0.9106
[1] 14200.0000     1.0000     0.9100    -0.0866     1.8640     1.1948
[1] 14300.0000     0.2357     0.9874    -0.1728     1.8692     0.9095
[1] 14400.0000     1.0000     0.8984    -0.0494     1.8544     1.1866
[1] 14500.0000     0.9093     0.9833    -0.0663     1.9192     1.1771
[1] 14600.0000     0.0268     0.8329    -0.0969     1.8620     0.9630
[1] 14700.0000     1.0000     0.8840     0.0086     1.8552     1.0394
[1] 14800.0000     0.0002     0.8106    -0.1563     1.9274     1.0978
[1] 14900.0000     0.3184     0.9582    -0.1754     1.9459     1.0321
[1] 15000.0000     0.0001     0.9109    -0.1004     1.9006     1.0795
[1] 15100.0000     0.1668     0.9112    -0.0844     1.8718     1.0503
[1] 15200.0000     0.1838     0.9020    -0.1259     1.8602     1.0750
[1] 15300.0000     1.0000     0.8282    -0.0783     1.8564     1.1177
[1] 15400.0000     0.6852     0.9829    -0.0811     1.8755     1.0368
[1] 15500.0000     0.7949     0.8761    -0.0207     1.7980     0.9901
[1] 15600.0000     0.9082     0.9912    -0.0189     1.8838     1.0551
[1] 15700.0000     1.0000     0.9225    -0.0021     1.8551     0.9294
[1] 15800.0000     0.3537     0.9774    -0.0760     1.8569     1.1822
[1] 15900.0000     0.0003     0.9524    -0.1560     1.9169     1.0855
[1] 16000.0000     0.7122     0.9761    -0.1186     1.8774     1.0600
[1] 16100.0000     0.2171     0.8350     0.0046     1.8388     1.1328
[1] 16200.0000     0.4907     0.8888    -0.0364     1.8841     1.0530
[1] 16300.0000     0.9559     0.9029    -0.0292     1.8686     1.0365
[1] 16400.0000     1.0000     0.8844    -0.0035     1.8810     1.1913
[1] 16500.0000     1.0000     0.9407    -0.0117     1.9674     0.9877
[1] 16600.0000     0.3325     0.8568    -0.2012     1.8986     1.0645
[1] 16700.0000     0.5962     0.9070    -0.1413     1.9301     1.1930
[1] 16800.0000     0.1636     0.8165    -0.1515     1.8259     1.0376
[1] 16900.0000     0.0366     0.8221    -0.0376     1.8578     1.1575
[1] 17000.0000     0.1096     0.8248    -0.1133     1.9503     1.1506
[1] 17100.0000     0.0135     0.9262     0.1062     1.8506     0.9696
[1] 17200.0000     0.7769     0.8059    -0.1066     1.8158     1.0244
[1] 17300.0000     1.0000     0.8396    -0.2080     1.7995     1.0131
[1] 17400.0000     0.1673     0.8470    -0.0287     1.9497     1.1018
[1] 17500.0000     1.0000     0.9645    -0.1523     1.8713     0.9956
[1] 17600.0000     0.0638     0.9193    -0.1672     1.8652     0.8193
[1] 17700.0000     0.0128     0.8794    -0.1512     1.7406     0.9707
[1] 17800.0000     0.5217     0.9383    -0.0701     1.9031     1.0084
[1] 17900.0000     0.0616     0.9291    -0.1145     1.9404     0.9192
[1] 18000.0000     0.3138     0.9109    -0.0147     1.9239     0.8712
[1] 18100.0000     1.0000     0.8499    -0.1116     1.8650     1.0097
[1] 18200.0000     0.3830     0.8073     0.0311     1.9184     0.9256
[1] 18300.0000     0.9792     0.9137    -0.1720     1.9270     0.9901
[1] 18400.0000     0.0002     0.9243    -0.1286     1.8452     1.1066
[1] 18500.0000     0.3487     0.8611    -0.0824     1.8958     0.9812
[1] 18600.0000     0.8313     0.8933    -0.0507     1.9978     0.9588
[1] 18700.0000     0.1226     0.8306    -0.0435     1.8922     0.9156
[1] 18800.0000     0.1986     0.9134    -0.0830     1.9240     1.0933
[1] 18900.0000     0.0199     0.9024    -0.1167     1.9183     1.0613
[1] 19000.0000     1.0000     0.8087    -0.0330     1.9869     1.1060
[1] 19100.0000     0.1406     0.9272    -0.1984     1.9825     0.8583
[1] 19200.0000     0.7734     0.8319    -0.1199     1.8598     1.0132
[1] 19300.0000     0.0034     0.8940    -0.0662     1.9937     1.1248
[1] 19400.0000     1.0000     0.8507    -0.0668     1.8816     0.9744
[1] 19500.0000     0.0018     0.8266     0.0082     1.9095     1.1950
[1] 19600.0000     0.2069     0.8948    -0.0659     1.9732     1.0740
[1] 19700.0000     0.1478     0.8665    -0.0539     1.7656     1.1248
[1] 19800.0000     0.3171     0.9869    -0.1040     1.9427     0.9076
[1] 19900.0000     1.0000     0.9655    -0.0826     1.9941     0.8660
[1] 20000.0000     1.0000     0.9605    -0.1079     1.9040     0.8244
[1] 20100.0000     0.0020     0.9102    -0.1331     1.9385     1.0384
[1] 20200.0000     0.1211     0.9282    -0.1180     1.9037     0.9678
[1] 20300.0000     1.0000     0.9019    -0.0473     1.9002     1.0263
[1] 20400.0000     1.0000     0.8446    -0.1146     1.8551     1.0333
[1] 20500.0000     0.3665     0.8964    -0.0945     1.8476     1.1285
[1] 20600.0000     0.4856     0.9169    -0.1628     1.9347     1.1057
[1] 20700.0000     0.8988     0.8107    -0.0614     1.8733     1.0874
[1] 20800.0000     1.0000     0.9981    -0.0736     1.9705     1.0246
[1] 20900.0000     1.0000     0.9455    -0.1425     1.9027     1.1141
[1] 21000.0000     0.0565     0.8708    -0.0670     1.8212     1.1617
[1] 21100.0000     0.2845     0.9440    -0.0753     1.8431     1.0640
[1] 21200.0000     1.0000     0.9611    -0.1121     1.8630     0.8029
[1] 21300.0000     0.4759     0.8214    -0.1165     1.8439     1.0391
[1] 21400.0000     0.0676     0.8276    -0.0454     1.9463     0.8233
[1] 21500.0000     0.5637     0.8291    -0.0775     1.8170     1.0581
[1] 21600.0000     0.2052     0.8576    -0.1559     1.9396     1.0795
[1] 21700.0000     0.1429     0.9973    -0.0295     1.7962     0.9605
[1] 21800.0000     1.0000     0.8733    -0.0449     1.9000     1.1912
[1] 21900.0000     0.2163     0.9598    -0.0463     1.9570     0.8497
[1] 22000.0000     0.7280     0.8874    -0.0521     1.8055     1.0182
[1] 22100.0000     1.0000     0.8517    -0.1163     1.8393     0.9777
[1] 22200.0000     0.1706     0.8918    -0.0909     1.8581     1.1042
[1] 22300.0000     0.3825     0.9726    -0.2160     1.9041     0.8521
[1] 22400.0000     0.4194     0.9556    -0.1471     1.8146     1.0506
[1] 22500.0000     0.0466     0.8239    -0.0135     1.9089     1.1368
[1] 22600.0000     0.0242     0.8433    -0.1235     1.9812     1.1055
[1] 22700.0000     0.2794     0.8271    -0.0507     1.9167     1.1968
[1] 22800.0000     0.5728     0.8972    -0.1045     1.7941     1.0231
[1] 22900.0000     1.0000     0.8956    -0.1274     1.7347     1.1446
[1] 23000.0000     0.0968     0.8997    -0.1201     1.8499     0.9381
[1] 23100.0000     0.8954     0.8119    -0.0891     1.8941     1.0551
[1] 23200.0000     0.3778     0.9832     0.0001     1.8702     0.9881
[1] 23300.0000     1.0000     0.9627     0.0407     1.9286     0.8504
[1] 23400.0000     1.0000     0.8888    -0.1006     1.8199     1.0444
[1] 23500.0000     0.7647     0.8797    -0.1288     1.9086     0.8266
[1] 23600.0000     0.7128     0.8573    -0.1523     1.9349     0.9429
[1] 23700.0000     0.3467     0.9328    -0.0344     1.8507     1.0180
[1] 23800.0000     0.1459     0.9299    -0.1498     1.7275     1.0580
[1] 23900.0000     0.9030     0.8722    -0.0323     1.8693     0.8735
[1] 24000.0000     0.4868     0.8060    -0.0421     1.8196     1.1215
[1] 24100.0000     0.5072     0.8747    -0.1345     1.9756     1.0767
[1] 24200.0000     0.3553     0.9331    -0.1324     1.8339     1.1419
[1] 24300.0000     0.4563     0.9595    -0.0956     1.9021     0.9607
[1] 24400.0000     0.5537     0.9947    -0.0693     1.8617     0.9697
[1] 24500.0000     0.0521     0.9726    -0.0411     1.9815     1.0605
[1] 24600.0000     0.0961     0.8664    -0.0758     1.8450     1.0810
[1] 24700.0000     0.8401     0.9195     0.0244     1.9075     0.8781
[1] 24800.0000     0.3651     0.9497    -0.0898     1.9449     1.0764
[1] 24900.0000     0.4656     0.9126    -0.1592     1.8977     1.0268
[1] 25000.0000     0.6219     0.8801    -0.0329     1.9020     0.8235
[1] 25100.0000     0.2188     0.9249    -0.0089     1.9302     1.0516
[1] 25200.0000     0.1131     0.8495    -0.0852     1.9393     1.1739
[1] 25300.0000     0.1262     0.8736    -0.1635     1.8603     1.1293
[1] 25400.0000     0.3841     0.8988    -0.0057     1.8285     1.0888
[1] 25500.0000     0.6803     0.8159    -0.0842     1.8875     1.0385
[1] 25600.0000     0.0124     0.9041    -0.1297     1.9569     1.0021
[1] 25700.0000     0.0263     0.8702    -0.1554     1.9357     1.0667
[1] 25800.0000     0.5990     0.9123    -0.0450     1.9997     1.0292
[1] 25900.0000     0.9439     0.8632    -0.0599     1.7953     1.1254
[1] 26000.0000     0.5536     0.9492    -0.0385     1.8475     1.0058
[1] 26100.0000     0.1529     0.9097    -0.1699     1.9336     1.1652
[1] 26200.0000     0.9401     0.8601    -0.0492     1.8163     0.9041
[1] 26300.0000     1.0000     0.8623    -0.1080     1.8546     1.0835
[1] 26400.0000     0.4233     0.8855     0.0377     1.8294     1.0131
[1] 26500.0000     0.3642     0.8034    -0.1595     1.8039     1.1338
[1] 26600.0000     1.0000     0.8531    -0.1259     1.7926     1.1347
[1] 26700.0000     1.0000     0.8892    -0.0336     1.8193     0.9428
[1] 26800.0000     0.4515     0.9542    -0.0613     1.8465     1.1594
[1] 26900.0000     0.0084     0.9241    -0.1168     1.9186     1.0646
[1] 27000.0000     0.4275     0.8959    -0.0640     1.9345     1.1917
[1] 27100.0000     0.2254     0.8095    -0.0779     1.9013     1.0497
[1] 27200.0000     0.0300     0.9713    -0.1997     1.8981     1.0324
[1] 27300.0000     0.0002     0.9608    -0.2344     1.7944     0.8492
[1] 27400.0000     0.1295     0.8725    -0.0818     1.8110     1.1899
[1] 27500.0000     1.0000     0.8366    -0.0232     1.8444     1.0805
[1] 27600.0000     0.1905     0.8853    -0.1030     1.9533     1.1534
[1] 27700.0000     0.0056     0.8768    -0.0158     1.9391     1.0202
[1] 27800.0000     0.0552     0.8828    -0.0464     1.9389     1.1030
[1] 27900.0000     0.4157     0.8774     0.0093     1.9069     1.0564
[1] 28000.0000     0.0000     0.9430     0.0129     1.8213     0.9743
[1] 28100.0000     0.0290     0.9857    -0.1041     1.9225     0.9345
[1] 28200.0000     0.5052     0.9342    -0.0124     1.9169     1.1245
[1] 28300.0000     0.0861     0.8937    -0.0682     1.8735     1.0178
[1] 28400.0000     0.6242     0.9594    -0.1362     1.8340     0.8105
[1] 28500.0000     0.9025     0.8206    -0.0165     1.9267     1.0447
[1] 28600.0000     0.2077     0.9775    -0.1023     1.8970     0.9079
[1] 28700.0000     0.3453     0.8497    -0.1670     1.9507     1.1155
[1] 28800.0000     0.5543     0.8104    -0.0573     1.7931     1.1940
[1] 28900.0000     0.6273     0.9457    -0.2669     1.9260     1.0466
[1] 29000.0000     1.0000     0.8095    -0.0790     1.8884     1.0816
[1] 29100.0000     0.1914     0.9386    -0.0668     1.8635     1.0409
[1] 29200.0000     1.0000     0.9160    -0.1309     1.7798     1.0663
[1] 29300.0000     1.0000     0.9064    -0.0717     1.8970     1.0368
[1] 29400.0000     0.0871     0.8711     0.0349     1.7583     1.1935
[1] 29500.0000     0.1736     0.9853    -0.0178     1.8776     0.8054
[1] 29600.0000     0.3544     0.9770     0.0131     1.9871     1.1651
[1] 29700.0000     0.0359     0.8203    -0.0731     1.7871     1.1249
[1] 29800.0000     0.0861     0.8980    -0.1170     1.9206     1.1905
[1] 29900.0000     0.7394     0.9798    -0.1179     1.9624     1.0014
[1] 30000.0000     0.4476     0.8307    -0.0427     1.8844     1.0904
[1] 0.4643414
Time difference of 11.91571 hours
null device 
          1 
