[1] "El numero de nodos X particion es: 10"
[1] "Model = M1 / Data = sim_data/datasetSVCMatern9.Rdata"
[1] 100.0000   1.0000   0.8291   0.0397   1.9679   0.9331
[1] 200.0000   0.0941   0.8487  -0.0408   1.8253   0.8384
[1] 300.0000   0.8095   0.8776  -0.2058   1.7733   1.0665
[1] 400.0000   0.0482   0.9217  -0.1251   1.7961   0.9692
[1] 500.0000   1.0000   0.8902  -0.1395   1.7647   0.8863
[1] 600.0000   0.0010   0.8693   0.0921   1.9380   1.0610
[1] 700.0000   1.0000   0.8087  -0.1538   1.7854   1.0605
[1] 800.0000   0.5327   0.8830  -0.0446   1.8806   0.9772
[1] 900.0000   1.0000   0.9357  -0.2020   1.7229   1.0743
[1] 1000.0000    0.1806    0.8568   -0.1063    1.8128    0.8983
[1] 1100.0000    0.2108    0.8326   -0.2787    1.6883    1.0285
[1] 1200.0000    0.6497    0.8603   -0.1699    1.8377    0.9164
[1] 1300.0000    0.6806    0.8617   -0.1757    1.7947    1.0550
[1] 1400.0000    0.0000    0.9303   -0.1272    1.8709    1.1894
[1] 1500.0000    0.0000    0.9672    0.1982    2.0528    1.1986
[1] 1600.0000    0.5920    0.8673    0.0617    1.9516    0.9237
[1] 1700.0000    0.0000    0.9259   -0.2095    1.7029    1.0764
[1] 1800.0000    0.0000    0.9234   -0.1174    1.9180    1.1307
[1] 1900.0000    0.5495    0.9957   -0.0062    1.9378    1.1822
[1] 2000.0000    0.9326    0.8107   -0.0410    1.8174    0.8113
[1] 2100.0000    1.0000    0.8081   -0.0739    1.8916    0.9300
[1] 2200.0000    0.5921    0.8580   -0.0080    1.8930    1.0161
[1] 2300.0000    0.0098    0.8377   -0.0510    1.9159    0.8487
[1] 2400.0000    0.0250    0.9355   -0.0650    1.7833    1.1578
[1] 2500.0000    0.0729    0.8529   -0.0482    1.9288    0.9541
[1] 2600.0000    0.0919    0.9658   -0.1693    1.7921    1.0023
[1] 2700.0000    0.0969    0.8044   -0.1086    1.8480    1.0835
[1] 2800.0000    0.0283    0.9204    0.0082    1.9274    1.0405
[1] 2900.0000    0.0002    0.8994   -0.1922    1.7346    1.0050
[1] 3000.0000    0.0126    0.9297    0.0041    1.9064    1.1984
[1] 3100.0000    0.5643    0.8476   -0.0240    1.8375    1.1528
[1] 3200.0000    0.1743    0.9371   -0.0283    1.8994    1.1278
[1] 3300.0000    0.0000    0.9877   -0.0508    1.8241    0.9428
[1] 3400.0000    0.0013    0.9079   -0.2277    1.6649    0.8348
[1] 3500.0000    1.0000    0.9338   -0.0591    1.9639    0.8830
[1] 3600.0000    0.0479    0.8387   -0.0984    1.8403    1.0128
[1] 3700.0000    0.0002    0.9950    0.0819    1.9192    1.0085
[1] 3800.0000    0.0001    0.8653   -0.2037    1.7247    0.9884
[1] 3900.0000    0.0071    0.9837   -0.1961    1.7530    1.1370
[1] 4000.0000    0.4490    0.9388   -0.0699    1.7426    0.8131
[1] 4100.0000    0.1118    0.8739   -0.0137    1.8488    0.8968
[1] 4200.0000    1.0000    0.8436   -0.1357    1.7951    0.9733
[1] 4300.0000    0.0000    0.9986   -0.0352    1.8880    0.9026
[1] 4400.0000    0.2206    0.9571    0.0611    1.9639    0.9932
[1] 4500.0000    1.0000    0.8410   -0.0054    1.8764    1.1520
[1] 4600.0000    0.0330    0.8009   -0.0545    1.8214    0.9214
[1] 4700.0000    0.0000    0.9709    0.0065    1.9096    1.0444
[1] 4800.0000    0.0518    0.8985   -0.1682    1.7152    0.9827
[1] 4900.0000    0.8195    0.8201    0.1711    2.0669    1.1747
[1] 5000.0000    0.9993    0.9273   -0.0760    1.8126    1.0348
[1] 5100.0000    1.0000    0.8496   -0.1516    1.8475    0.8317
[1] 5200.0000    0.0032    0.8350    0.0039    2.0401    1.0935
[1] 5300.0000    1.0000    0.8379   -0.0396    1.8429    1.0434
[1] 5400.0000    0.3976    0.8333   -0.1741    1.7616    0.9811
[1] 5500.0000    0.2483    0.8940   -0.2056    1.7682    1.1671
[1] 5600.0000    0.2660    0.8407   -0.3403    1.7626    1.1085
[1] 5700.0000    0.1049    0.9403   -0.1189    1.7494    0.9236
[1] 5800.0000    0.7514    0.8520    0.0931    1.9860    1.0482
[1] 5900.0000    0.2921    0.8706   -0.1413    1.7616    1.1672
[1] 6000.0000    0.2534    0.8273   -0.1195    1.7209    0.8750
[1] 6100.0000    0.0793    0.9517    0.1407    1.9941    0.9216
[1] 6200.0000    1.0000    0.8336   -0.2690    1.6557    0.9759
[1] 6300.0000    0.0298    0.8959   -0.1082    1.8745    1.1826
[1] 6400.0000    0.3133    0.9022   -0.0630    1.7560    0.8332
[1] 6500.0000    0.5563    0.8697   -0.1530    1.8559    0.9040
[1] 6600.0000    0.0031    0.8860   -0.3461    1.6728    1.0301
[1] 6700.0000    0.0003    0.9726   -0.3193    1.6280    1.0730
[1] 6800.0000    1.0000    0.8496   -0.0692    1.8859    0.9728
[1] 6900.0000    0.0930    0.8556   -0.1792    1.7596    1.1638
[1] 7000.0000    0.0015    0.8011   -0.0462    1.8473    1.0228
[1] 7100.0000    1.0000    0.8440   -0.1771    1.6873    0.9302
[1] 7200.0000    0.0024    0.8749   -0.0430    1.8763    1.0509
[1] 7300.0000    0.0001    0.8821   -0.0650    1.9271    0.9361
[1] 7400.0000    0.0000    0.8164   -0.3169    1.6331    0.8600
[1] 7500.0000    1.0000    0.8741    0.0908    1.9839    1.0979
[1] 7600.0000    0.0131    0.8332   -0.1184    1.7749    1.0877
[1] 7700.0000    0.0021    0.8552   -0.1917    1.7113    1.0850
[1] 7800.0000    0.0000    0.8812   -0.0400    1.7835    1.0536
[1] 7900.0000    0.2920    0.8037   -0.1520    1.8084    1.1632
[1] 8000.0000    0.5167    0.9186   -0.2609    1.6050    1.0026
[1] 8100.0000    0.0483    0.9605    0.0540    1.9718    0.9407
[1] 8200.0000    0.0000    0.8098    0.0353    1.8976    0.9449
[1] 8300.0000    0.0005    0.8397    0.1734    2.0547    1.0813
[1] 8400.0000    0.8064    0.8563   -0.1247    1.7243    1.0967
[1] 8500.0000    0.0095    0.8716   -0.0661    1.8754    1.1821
[1] 8600.0000    0.3254    0.9214   -0.0922    1.9220    1.0135
[1] 8700.0000    0.5931    0.8293   -0.1335    1.7126    0.8767
[1] 8800.0000    1.0000    0.9324   -0.1307    1.7750    0.8066
[1] 8900.0000    0.6110    0.9431   -0.2548    1.7421    1.1381
[1] 9000.0000    0.0310    0.9025   -0.0993    1.8198    0.9096
[1] 9100.0000    0.3557    0.8799    0.0241    1.8989    0.8591
[1] 9200.0000    0.2534    0.8777   -0.0013    1.8513    1.1489
[1] 9300.0000    0.0004    0.9856   -0.0190    1.8548    1.1370
[1] 9400.0000    0.1519    0.8458    0.0893    1.9159    1.0091
[1] 9500.0000    0.0000    0.9329   -0.1901    1.7947    0.8817
[1] 9600.0000    0.5511    0.8862   -0.1074    1.7993    0.8406
[1] 9700.0000    0.1304    0.8614   -0.1404    1.7717    0.9692
[1] 9800.0000    0.1373    0.8196   -0.0831    1.7706    0.9680
[1] 9900.0000    0.0000    0.8466    0.2290    2.0528    0.8248
[1] 10000.0000     1.0000     0.8618    -0.0905     1.7649     0.8032
[1] 10100.0000     1.0000     0.9049    -0.0266     1.8784     1.0751
[1] 10200.0000     0.0008     0.9084    -0.1693     1.6918     0.8386
[1] 10300.0000     0.0082     0.8120     0.1169     1.9233     0.8804
[1] 10400.0000     0.0160     0.8213    -0.0108     1.9011     1.0055
[1] 10500.0000     1.0000     0.8159     0.0277     1.8531     1.1284
[1] 1.060e+04 2.827e-01 8.330e-01 5.740e-02 2.048e+00 9.483e-01
[1] 10700.0000     0.0635     0.8531    -0.2008     1.8105     0.8181
[1] 10800.0000     0.8313     0.8056    -0.1051     1.9044     0.8503
[1] 10900.0000     0.0000     0.8264    -0.1515     1.8830     1.1140
[1] 11000.0000     0.7031     0.8012    -0.1286     1.8538     0.9407
[1] 11100.0000     0.0006     0.8902     0.0012     1.9361     0.9114
[1] 11200.0000     1.0000     0.9412     0.0148     1.9475     0.8257
[1] 11300.0000     0.2943     0.9738    -0.2467     1.6564     1.1215
[1] 11400.0000     1.0000     0.9866    -0.0982     1.8236     0.8664
[1] 11500.0000     0.0000     0.9311    -0.1217     1.8323     0.8792
[1] 11600.0000     0.8970     0.9382    -0.2522     1.7082     0.8033
[1] 11700.0000     0.9626     0.9810    -0.3370     1.6483     0.9386
[1] 11800.0000     0.1129     0.9849    -0.2089     1.6623     1.0283
[1] 11900.0000     0.3071     0.8272     0.0516     1.9105     0.8962
[1] 12000.0000     0.0084     0.8543    -0.1805     1.7444     1.1591
[1] 12100.0000     0.0382     0.9452    -0.1213     1.8487     0.8400
[1] 12200.0000     0.0024     0.8279     0.0098     1.8184     0.8199
[1] 1.230e+04 2.920e-02 8.229e-01 9.790e-02 1.932e+00 9.137e-01
[1] 12400.0000     0.9091     0.8046    -0.2127     1.6500     0.8797
[1] 12500.0000     0.1635     0.9120     0.0912     2.0147     1.1259
[1] 12600.0000     0.0975     0.9931    -0.0391     1.9363     1.0638
[1] 12700.0000     0.0000     0.9486     0.1028     1.9842     0.8166
[1] 12800.0000     0.0042     0.8033    -0.3046     1.6621     0.8910
[1] 12900.0000     0.0058     0.8554    -0.3822     1.6287     0.9712
[1] 13000.0000     0.0041     0.8840    -0.0331     1.8084     1.1100
[1] 13100.0000     0.0107     0.9404    -0.1549     1.7342     0.9822
[1] 13200.0000     0.0058     0.9589    -0.3022     1.6039     1.1555
[1] 13300.0000     0.0244     0.9324     0.2312     2.1153     1.1427
[1] 13400.0000     0.0000     0.9485    -0.0685     1.7362     1.0271
[1] 13500.0000     0.0001     0.8240    -0.0638     1.8815     1.0099
[1] 13600.0000     0.0038     0.8917    -0.1809     1.6397     1.0301
[1] 13700.0000     1.0000     0.8314    -0.0617     1.8676     0.8589
[1] 13800.0000     0.0000     0.8418    -0.1362     1.7967     1.1127
[1] 13900.0000     1.0000     0.8104    -0.1617     1.7581     0.8994
[1] 14000.0000     1.0000     0.9598    -0.0547     1.8006     0.8043
[1] 14100.0000     0.0000     0.9236     0.1075     2.0417     0.9106
[1] 14200.0000     0.0452     0.9171    -0.0474     1.8184     0.8964
[1] 14300.0000     0.0044     0.8359    -0.1484     1.8375     1.0907
[1] 14400.0000     0.6032     0.8570    -0.0932     1.8319     0.9360
[1] 14500.0000     0.0002     0.8302     0.0350     1.9594     1.1813
[1] 14600.0000     0.0000     0.8084    -0.1213     1.8041     0.8928
[1] 14700.0000     1.0000     0.8840     0.0063     1.8979     1.0394
[1] 14800.0000     0.0000     0.8106    -0.3799     1.6261     1.0978
[1] 14900.0000     0.4154     0.8873    -0.0036     1.9151     1.1324
[1] 15000.0000     0.0000     0.9486    -0.1742     1.7648     0.9418
[1] 15100.0000     0.1365     0.9112    -0.1848     1.7889     1.0503
[1] 15200.0000     0.2874     0.9896     0.0069     1.8190     1.1186
[1] 15300.0000     0.1819     0.8856    -0.0173     1.9034     0.9730
[1] 1.540e+04 3.866e-01 8.005e-01 5.940e-02 2.022e+00 8.812e-01
[1] 15500.0000     0.3586     0.9013    -0.0180     1.7863     1.0728
[1] 15600.0000     0.6556     0.9912    -0.1181     1.8110     1.0551
[1] 15700.0000     0.0000     0.9705     0.1529     2.0161     0.8969
[1] 15800.0000     0.6655     0.9774    -0.1529     1.6889     1.1822
[1] 15900.0000     0.0000     0.9524    -0.0352     1.9295     1.0855
[1] 16000.0000     0.1715     0.8243    -0.1425     1.7720     0.8996
[1] 16100.0000     1.0000     0.9477     0.0215     2.0036     0.9420
[1] 16200.0000     1.0000     0.8455    -0.1540     1.7465     1.0509
[1] 16300.0000     0.0209     0.9320    -0.0094     1.9258     1.0407
[1] 16400.0000     0.2409     0.8090    -0.0450     1.8702     0.8978
[1] 16500.0000     0.0883     0.9894    -0.0679     1.8580     0.9222
[1] 16600.0000     1.0000     0.9292    -0.2171     1.7303     1.0485
[1] 16700.0000     0.3373     0.8804     0.0408     1.9480     1.1815
[1] 16800.0000     0.1205     0.8165    -0.2184     1.6789     1.0376
[1] 16900.0000     0.0882     0.8583    -0.1594     1.7820     0.9158
[1] 17000.0000     0.5132     0.8355     0.0976     1.9642     0.9526
[1] 17100.0000     0.0009     0.9262     0.1959     1.9668     0.9696
[1] 17200.0000     0.3890     0.9497    -0.1812     1.7402     0.8252
[1] 17300.0000     0.1050     0.9116    -0.2240     1.6988     0.8190
[1] 17400.0000     0.7302     0.9623     0.0198     2.0480     1.1696
[1] 17500.0000     1.0000     0.9645    -0.1545     1.6941     0.9956
[1] 17600.0000     0.0059     0.8018    -0.0795     1.7907     1.0705
[1] 17700.0000     0.0236     0.8922    -0.1123     1.7698     1.0234
[1] 17800.0000     1.0000     0.9968    -0.0087     1.8866     0.8268
[1] 17900.0000     0.0345     0.8644    -0.1131     1.7629     1.0507
[1] 18000.0000     1.0000     0.9109    -0.0797     1.8232     0.8712
[1] 18100.0000     0.0137     0.9137     0.0549     1.9881     0.9014
[1] 18200.0000     1.0000     0.8073     0.0813     1.9491     0.9256
[1] 18300.0000     0.0323     0.9706    -0.1173     1.8086     1.1685
[1] 18400.0000     0.0098     0.9243    -0.2571     1.8229     1.1066
[1] 18500.0000     0.1639     0.8064    -0.0808     1.8498     1.1050
[1] 18600.0000     0.0111     0.8932    -0.0645     1.9229     0.8460
[1] 18700.0000     0.1052     0.8557    -0.0481     1.8629     0.9105
[1] 18800.0000     0.0028     0.9415    -0.1409     1.8616     0.8205
[1] 18900.0000     0.0000     0.8387    -0.2804     1.6907     0.8037
[1] 19000.0000     1.0000     0.8087    -0.0155     1.9603     1.1060
[1] 19100.0000     0.0691     0.9272    -0.2076     1.8647     0.8583
[1] 19200.0000     1.0000     0.8319    -0.1607     1.6975     1.0132
[1] 19300.0000     0.0885     0.8940     0.1129     1.9341     1.1248
[1] 19400.0000     0.3279     0.8040    -0.0955     1.7552     1.1551
[1] 19500.0000     0.0007     0.8243     0.0869     1.9269     0.8751
[1] 19600.0000     0.0592     0.8529    -0.0118     1.9468     0.8752
[1] 19700.0000     0.0353     0.8143     0.0663     1.9708     0.8081
[1] 19800.0000     0.1719     0.8317     0.0745     1.9736     1.0742
[1] 19900.0000     0.5227     0.8349     0.1410     2.0464     0.9661
[1] 20000.0000     0.2287     0.8545    -0.2693     1.7049     0.8923
[1] 20100.0000     0.0000     0.8622     0.0440     1.9357     0.8640
[1] 20200.0000     1.0000     0.9840     0.0497     1.9896     1.1380
[1] 20300.0000     0.0044     0.9350    -0.3723     1.6318     0.8887
[1] 20400.0000     1.0000     0.8446    -0.1303     1.7537     1.0333
[1] 20500.0000     0.0007     0.8964    -0.1680     1.8249     1.1285
[1] 20600.0000     0.1188     0.9219    -0.1687     1.7897     1.0848
[1] 20700.0000     0.6312     0.8107     0.1585     1.9557     1.0874
[1] 20800.0000     0.8033     0.9981    -0.2112     1.7739     1.0246
[1] 20900.0000     0.0000     0.8285    -0.1608     1.7718     0.8493
[1] 21000.0000     0.5828     0.8369    -0.0700     1.8771     1.0355
[1] 21100.0000     0.0972     0.9291    -0.1120     1.7844     1.1428
[1] 21200.0000     0.3994     0.8263    -0.0381     1.8503     1.1324
[1] 21300.0000     0.0002     0.8214    -0.0755     1.7233     1.0391
[1] 21400.0000     1.0000     0.8276    -0.0015     1.8857     0.8233
[1] 21500.0000     0.0034     0.8906     0.0396     1.9576     0.8206
[1] 21600.0000     0.3068     0.8069    -0.0770     1.8245     0.8555
[1] 21700.0000     0.0676     0.9180    -0.2086     1.7100     0.9753
[1] 21800.0000     0.5790     0.8778     0.0364     2.0350     1.0685
[1] 21900.0000     0.6498     0.9598    -0.0329     1.9277     0.8497
[1] 22000.0000     0.0881     0.8850    -0.0387     1.7994     0.9555
[1] 22100.0000     0.1235     0.8953     0.0595     1.9674     0.9321
[1] 22200.0000     0.4204     0.8579    -0.2438     1.7378     0.8534
[1] 22300.0000     0.0402     0.9726    -0.1689     1.8954     0.8521
[1] 22400.0000     0.9401     0.9971    -0.0275     1.9008     0.9354
[1] 22500.0000     0.0050     0.8239    -0.1302     1.8745     1.1368
[1] 22600.0000     0.0000     0.8006    -0.1882     1.7802     0.8902
[1] 22700.0000     0.0001     0.8271    -0.1743     1.7513     1.1968
[1] 22800.0000     0.4910     0.8972    -0.1218     1.7225     1.0231
[1] 22900.0000     0.1960     0.8804    -0.1198     1.8067     0.9211
[1] 23000.0000     0.0001     0.8188    -0.1200     1.7927     1.0070
[1] 23100.0000     0.4484     0.8119     0.0213     1.8511     1.0551
[1] 23200.0000     0.0412     0.9586     0.1236     2.0535     1.0581
[1] 23300.0000     0.0000     0.9727    -0.0350     1.8957     0.9482
[1] 23400.0000     0.2282     0.8888    -0.0421     1.7525     1.0444
[1] 23500.0000     0.2280     0.8797    -0.0843     1.8747     0.8266
[1] 23600.0000     0.0089     0.9324    -0.1286     1.8344     0.8634
[1] 23700.0000     0.2896     0.9328    -0.1544     1.8249     1.0180
[1] 23800.0000     0.8274     0.9299    -0.1246     1.6652     1.0580
[1] 23900.0000     1.0000     0.8722    -0.0139     1.8688     0.8735
[1] 24000.0000     0.0461     0.9851     0.0060     1.9096     1.0873
[1] 24100.0000     1.0000     0.9214    -0.1642     1.8467     0.8541
[1] 24200.0000     0.5966     0.8467    -0.1072     1.7663     0.8230
[1] 24300.0000     0.7041     0.8163     0.0420     1.9884     1.0906
[1] 24400.0000     0.5112     0.9947    -0.0449     1.8010     0.9697
[1] 24500.0000     0.0465     0.8969    -0.0845     1.8509     1.0480
[1] 24600.0000     0.0000     0.8781    -0.0652     1.8768     0.8812
[1] 24700.0000     0.9470     0.9195    -0.3630     1.5313     0.8781
[1] 24800.0000     0.0001     0.8460    -0.1549     1.7771     0.9489
[1] 24900.0000     0.0305     0.9802    -0.1528     1.8570     0.9496
[1] 25000.0000     1.0000     0.8801     0.0069     1.9022     0.8235
[1] 25100.0000     0.1120     0.8549     0.0187     1.9495     0.9439
[1] 25200.0000     0.0754     0.8495    -0.0137     1.9588     1.1739
[1] 25300.0000     0.0002     0.9779    -0.0808     1.8880     0.8977
[1] 25400.0000     0.3912     0.8988    -0.1849     1.6440     1.0888
[1] 25500.0000     0.3921     0.8147    -0.1044     1.8173     1.1844
[1] 25600.0000     0.0407     0.9926     0.1685     2.0085     0.9855
[1] 25700.0000     0.5797     0.8976    -0.1995     1.8540     0.9408
[1] 25800.0000     0.0060     0.8606    -0.1290     1.8460     0.8978
[1] 25900.0000     0.0006     0.8683    -0.0214     1.8222     0.8098
[1] 26000.0000     0.5013     0.9492    -0.1482     1.7025     1.0058
[1] 26100.0000     0.0730     0.8951    -0.0373     1.9125     0.8249
[1] 26200.0000     0.9797     0.8601    -0.0906     1.8832     0.9041
[1] 26300.0000     0.9272     0.8623    -0.2446     1.7731     1.0835
[1] 26400.0000     0.0652     0.8855     0.1371     1.9209     1.0131
[1] 26500.0000     0.0044     0.8034    -0.2981     1.6145     1.1338
[1] 26600.0000     0.1733     0.8720    -0.3320     1.5966     0.9170
[1] 26700.0000     0.0472     0.9721    -0.1029     1.8345     0.8075
[1] 26800.0000     0.1880     0.8173     0.0013     1.9336     0.9752
[1] 26900.0000     0.0216     0.9241    -0.0023     1.8890     1.0646
[1] 27000.0000     1.0000     0.8977     0.0414     1.9619     0.8661
[1] 27100.0000     0.0000     0.8095    -0.0709     1.8534     1.0497
[1] 27200.0000     0.0222     0.8304    -0.0901     1.8555     0.8580
[1] 27300.0000     0.0044     0.9608    -0.1640     1.7719     0.8492
[1] 27400.0000     0.1054     0.8725    -0.2153     1.6821     1.1899
[1] 27500.0000     0.6969     0.8366    -0.1445     1.6698     1.0805
[1] 27600.0000     0.0001     0.8069     0.1544     1.9947     0.9996
[1] 27700.0000     0.0132     0.8620     0.2001     2.1735     1.0941
[1] 27800.0000     0.0000     0.8358     0.0220     1.9648     1.1051
[1] 27900.0000     0.5565     0.8774    -0.0058     1.8781     1.0564
[1] 28000.0000     0.0033     0.9003    -0.2297     1.7643     0.9918
[1] 28100.0000     0.0000     0.9262    -0.1361     1.7992     1.0710
[1] 28200.0000     0.5679     0.9342     0.1117     2.0338     1.1245
[1] 28300.0000     0.0086     0.8937    -0.2087     1.6976     1.0178
[1] 28400.0000     1.0000     0.9594    -0.0687     1.8221     0.8105
[1] 28500.0000     1.0000     0.8206     0.0567     2.0080     1.0447
[1] 28600.0000     0.0007     0.9775    -0.0986     1.8267     0.9079
[1] 28700.0000     0.1357     0.9045    -0.1461     1.7404     1.0095
[1] 28800.0000     0.0664     0.9569     0.1070     2.0652     1.0292
[1] 28900.0000     0.7668     0.8662    -0.1867     1.7272     0.8550
[1] 29000.0000     0.6340     0.8251    -0.1409     1.8063     0.9007
[1] 29100.0000     0.0022     0.9156    -0.0200     1.9196     0.8172
[1] 29200.0000     0.0000     0.8470    -0.2416     1.7084     0.8568
[1] 29300.0000     0.0123     0.8435    -0.2033     1.6764     1.1245
[1] 29400.0000     0.0474     0.9512    -0.0103     1.8292     1.1262
[1] 29500.0000     0.0002     0.8346    -0.2207     1.7072     0.9665
[1] 29600.0000     0.0139     0.8135    -0.0655     1.8390     0.8030
[1] 29700.0000     0.0200     0.8203    -0.2106     1.6874     1.1249
[1] 29800.0000     0.9336     0.8701    -0.1911     1.8719     0.8024
[1] 29900.0000     0.6090     0.9798     0.0214     1.8878     1.0014
[1] 30000.0000     0.0300     0.8307    -0.1371     1.7422     1.0904
[1] 0.3377065
Time difference of 4.608965 hours
null device 
          1 
