[1] "El numero de nodos X particion es: 10"
[1] "Model = M2 / Data = sim_data/datasetSVIExponential9.Rdata"
[1] 100.0000   1.0000   0.8291   0.0484   1.9777   0.9331
[1] 200.0000   0.0035   0.8487   0.2912   1.6989   0.8384
[1] 300.0000   0.5002   0.8776  -0.1816   2.2518   1.0665
[1] 400.0000   0.0073   0.9217  -0.3977   2.4141   0.9692
[1] 500.0000   0.0000   0.8673   0.2917   1.7159   1.1452
[1] 600.0000   1.0000   0.9748  -0.0873   2.0217   1.0386
[1] 700.0000   0.0097   0.8999   0.0065   2.0236   1.0702
[1] 800.0000   0.0002   0.9313   0.0370   1.8859   1.0430
[1] 900.0000   0.0000   0.9344  -0.1052   2.0277   1.0036
[1] 1000.0000    0.0000    0.8209   -0.5173    2.5198    0.9374
[1] 1100.0000    0.0000    0.9319    0.4650    1.4427    0.8930
[1] 1200.0000    0.1909    0.8603    0.5879    1.5357    0.9164
[1] 1300.0000    0.0219    0.9805   -0.3658    2.3695    0.8049
[1] 1400.0000    0.0000    0.8099   -1.0398    3.0354    1.1384
[1] 1500.0000    0.0001    0.9584   -0.0182    2.0085    1.0940
[1] 1600.0000    0.0000    0.9658   -0.5299    2.5236    1.0950
[1] 1700.0000    0.0000    0.8745   -0.5183    2.5998    0.9148
[1] 1800.0000    0.0000    0.9376   -0.0993    2.1118    0.8302
[1] 1900.0000    0.0000    0.9875   -0.6234    2.6669    0.8532
[1] 2000.0000    0.0000    0.9400   -0.1733    2.2413    1.1109
[1] 2100.0000    0.0000    0.8123   -0.9217    2.8874    1.1618
[1] 2200.0000    0.0000    0.8668    0.1788    1.8986    1.0989
[1] 2300.0000    0.0003    0.8951   -0.0640    2.0464    0.9529
[1] 2400.0000    0.0000    0.9355    0.0648    1.9232    1.1578
[1] 2500.0000    0.0265    0.9668    0.2537    1.6714    0.8029
[1] 2600.0000    0.0000    0.8617   -0.2450    2.1762    0.8044
[1] 2700.0000    0.0000    0.8492   -0.6468    2.7191    0.9140
[1] 2800.0000    0.0043    0.9382    0.1334    1.8633    1.1558
[1] 2900.0000    0.0000    0.9341   -0.6673    2.5924    0.9034
[1] 3000.0000    0.0000    0.8454   -0.5553    2.5883    0.9669
[1] 3100.0000    0.0000    0.9751    0.0485    1.8762    1.0618
[1] 3200.0000    0.0000    0.9190    0.3154    1.7142    0.9575
[1] 3300.0000    0.0000    0.9312    0.4316    1.5542    0.9302
[1] 3400.0000    0.4943    0.8983    0.6928    1.3965    1.1525
[1] 3500.0000    0.0000    0.8568    0.3422    1.6121    1.0820
[1] 3600.0000    0.0000    0.9027   -0.9904    3.0201    1.1569
[1] 3700.0000    1.0000    0.9624    0.0736    1.9528    0.8094
[1] 3800.0000    0.0000    0.9791    0.6897    1.2925    1.0179
[1] 3900.0000    0.0000    0.8351    0.0658    1.9683    0.9576
[1] 4000.0000    0.0001    0.8393    0.5721    1.5619    0.9996
[1] 4100.0000    0.0000    0.8388   -0.0816    2.1354    0.8864
[1] 4200.0000    0.0000    0.9756   -0.3023    2.2704    0.9752
[1] 4300.0000    1.0000    0.8741    0.0503    1.9220    1.1249
[1] 4400.0000    0.0000    0.9459    0.6224    1.3239    1.1887
[1] 4500.0000    0.2753    0.8410    1.0724    1.0312    1.1520
[1] 4600.0000    0.0000    0.9525    0.5226    1.5714    1.1110
[1] 4700.0000    0.0000    0.8536    0.0671    1.9600    0.9410
[1] 4800.0000    0.0000    0.8006   -0.5891    2.5886    0.9390
[1] 4900.0000    0.0000    0.9924   -0.6712    2.7036    1.1836
[1] 5000.0000    0.0002    0.9762   -1.2775    3.2216    0.8665
[1] 5100.0000    0.0000    0.9679   -0.9503    2.9479    1.1951
[1] 5200.0000    0.0000    0.8051   -0.1790    2.1445    0.8965
[1] 5300.0000    0.0000    0.8845    0.0930    1.8958    1.0022
[1] 5400.0000    0.0000    0.9713    0.0068    1.8520    1.1011
[1] 5500.0000    0.0000    0.8506    0.8160    1.1510    1.1979
[1] 5600.0000    0.0000    0.9328   -0.3618    2.3920    1.1365
[1] 5700.0000    0.0000    0.9445    0.1992    1.8535    1.0237
[1] 5800.0000    0.0000    0.8612   -0.5440    2.6269    1.0327
[1] 5900.0000    0.0000    0.9311   -0.5100    2.5169    0.8983
[1] 6000.0000    0.0000    0.9870    0.3190    1.6277    1.0819
[1] 6100.0000    0.0000    0.8198   -0.3168    2.2662    1.1772
[1] 6200.0000    0.0000    0.8235    1.2832    0.6477    1.1329
[1] 6300.0000    0.0000    0.9569    1.1661    0.9528    0.8080
[1] 6400.0000    0.0000    0.9924    0.0341    1.9285    1.0322
[1] 6500.0000    0.0000    0.9145    0.2858    1.5909    0.8046
[1] 6600.0000    0.0000    0.8401   -0.3005    2.2181    1.0889
[1] 6700.0000    0.0000    0.9231   -0.9118    3.0111    1.1521
[1] 6800.0000    0.1771    0.8794    0.4767    1.5470    0.9381
[1] 6900.0000    0.0000    0.8857   -0.4561    2.5220    0.9847
[1] 7000.0000    0.0000    0.8521    0.0890    1.9382    1.0680
[1] 7100.0000    0.0000    0.9857   -0.3986    2.4409    1.0571
[1] 7200.0000    0.0000    0.8247    0.0091    2.1150    0.8913
[1] 7300.0000    0.0000    0.9604    0.7126    1.3501    0.9357
[1] 7400.0000    0.0000    0.8045    0.2503    1.6906    0.8734
[1] 7500.0000    0.0000    0.8918   -1.7586    3.6625    1.0101
[1] 7600.0000    0.0000    0.9493   -0.8532    2.8772    0.9281
[1] 7700.0000    0.0000    0.8440   -1.3664    3.3643    0.8976
[1] 7800.0000    0.0000    0.9477   -0.3523    2.2910    0.8206
[1] 7900.0000    0.0000    0.8304    0.1414    1.7306    0.9653
[1] 8000.0000    0.0000    0.9309    0.5773    1.3597    1.0835
[1] 8100.0000    0.0000    0.8483   -0.0459    2.0066    0.8203
[1] 8200.0000    0.0000    0.9207   -0.7163    2.6781    1.1282
[1] 8300.0000    0.0000    0.8222   -0.4076    2.4575    0.8438
[1] 8400.0000    0.0000    0.9658   -0.3779    2.2892    0.9286
[1] 8500.0000    0.0000    0.8325   -0.4108    2.4951    1.0750
[1] 8600.0000    0.0000    0.9564   -1.7647    3.7724    0.9963
[1] 8700.0000    0.0000    0.8940   -0.4328    2.4182    1.0236
[1] 8800.0000    0.0000    0.9735   -0.3370    2.2502    1.0381
[1] 8900.0000    0.0000    0.8674    0.9377    1.1050    1.0474
[1] 9000.0000    0.0000    0.8301    0.8005    1.1779    1.1387
[1] 9100.0000    0.0000    0.8755   -0.3352    2.3475    0.8812
[1] 9200.0000    0.0000    0.8777   -0.4706    2.5822    1.1489
[1] 9300.0000    0.0000    0.8689    0.3533    1.7384    0.9976
[1] 9400.0000    0.0000    0.9737    1.3682    0.5489    1.0570
[1] 9500.0000    0.0000    0.8817   -0.1599    2.1114    1.0875
[1] 9600.0000    0.0000    0.8149   -0.0417    2.0691    0.9056
[1] 9700.0000    0.0000    0.9657    0.6464    1.3730    0.9166
[1] 9800.0000    0.0000    0.9514   -0.7200    2.6647    1.0521
[1] 9900.0000    0.0000    0.9369    0.7158    1.3310    1.1404
[1] 10000.0000     0.6141     0.9718    -0.6801     2.6516     0.8376
[1] 10100.0000     1.0000     0.9049     0.0714     2.0109     1.0751
[1] 10200.0000     0.0001     0.8458     0.4955     1.4640     1.1044
[1] 10300.0000     0.4161     0.9549     0.9527     1.0463     0.8021
[1] 10400.0000     0.0000     0.9109     0.0267     1.9605     0.9653
[1] 1.050e+04 0.000e+00 9.828e-01 8.569e-01 1.156e+00 8.036e-01
[1] 10600.0000     0.0000     0.8442     0.0540     2.0113     0.9495
[1] 10700.0000     0.0000     0.8398     0.4275     1.5867     1.0590
[1] 10800.0000     0.0580     0.8310     0.0877     1.8865     0.9940
[1] 10900.0000     0.0000     0.9660     0.6676     1.3936     1.1970
[1] 11000.0000     0.0118     0.8555     1.1070     0.9562     1.1761
[1] 11100.0000     0.0000     0.8480    -0.2500     2.2161     1.1683
[1] 11200.0000     0.0129     0.9645     0.0534     1.8373     0.8187
[1] 11300.0000     0.0000     0.9481    -0.0644     1.9938     1.1448
[1] 11400.0000     0.0000     0.9548     0.4051     1.6102     1.0047
[1] 11500.0000     0.0000     0.8034     0.4840     1.5083     0.8501
[1] 11600.0000     0.0000     0.8744     0.4706     1.4523     0.9019
[1] 11700.0000     0.0001     0.8925     0.1959     1.8368     0.9798
[1] 11800.0000     0.0000     0.8440     0.2714     1.5726     0.8198
[1] 11900.0000     0.0000     0.8460    -0.7983     2.7985     0.8150
[1] 12000.0000     0.0000     0.8014    -0.2276     2.2258     1.0595
[1] 12100.0000     0.0000     0.8005    -1.3723     3.3617     0.8375
[1] 12200.0000     0.5420     0.8496     0.3185     1.7425     0.8460
[1] 12300.0000     0.0000     0.8010     0.0636     1.9015     0.8810
[1] 12400.0000     0.6124     0.8046    -0.4382     2.5130     0.8797
[1] 12500.0000     0.0000     0.9939     0.0325     2.0414     0.9707
[1] 12600.0000     0.0000     0.8126    -0.3549     2.4086     1.1805
[1] 12700.0000     0.0001     0.9614    -0.6655     2.5091     0.8958
[1] 12800.0000     0.0000     0.8257    -0.6482     2.6248     0.8904
[1] 1.290e+04 6.000e-02 9.204e-01 4.620e-01 1.582e+00 8.219e-01
[1] 13000.0000     0.0000     0.8069     0.2892     1.6575     1.0997
[1] 13100.0000     0.0000     0.9404     1.3014     0.7233     0.9822
[1] 13200.0000     0.0000     0.8843     0.3000     1.7409     0.9997
[1] 13300.0000     0.0000     0.9057    -0.4625     2.4353     0.9177
[1] 13400.0000     0.0000     0.8092    -0.4716     2.4853     1.1676
[1] 13500.0000     0.0000     0.8466    -0.4936     2.5602     0.8143
[1] 13600.0000     0.0000     0.8917     0.8972     1.1303     1.0301
[1] 13700.0000     0.0000     0.8951    -0.5454     2.5593     1.0363
[1] 13800.0000     0.0000     0.8787    -0.5257     2.5753     1.0611
[1] 13900.0000     0.0000     0.8495     0.3630     1.5744     1.0802
[1] 14000.0000     0.0000     0.9588     0.8607     1.1068     0.9662
[1] 14100.0000     0.0000     0.8844     0.6116     1.2382     1.1867
[1] 14200.0000     0.0000     0.8479     0.7422     1.2694     0.8739
[1] 14300.0000     0.0000     0.9227    -0.5047     2.4769     1.0001
[1] 14400.0000     0.0131     0.8623     0.5434     1.4334     0.8985
[1] 14500.0000     0.4517     0.9833     0.3264     1.6043     1.1771
[1] 14600.0000     0.0000     0.9670     0.9099     1.0631     1.1151
[1] 14700.0000     0.0000     0.8974    -0.2092     2.1118     1.0871
[1] 14800.0000     0.0000     0.9988     0.6542     1.2881     0.9067
[1] 14900.0000     0.0444     0.8051    -0.2656     2.2601     1.0614
[1] 15000.0000     0.0005     0.9447    -0.0465     1.9883     0.8911
[1] 15100.0000     1.0000     0.8292     0.1572     1.8101     0.9249
[1] 15200.0000     0.0000     0.8242    -0.0608     2.0592     1.0800
[1] 15300.0000     1.0000     0.8282    -0.0403     1.9949     1.1177
[1] 15400.0000     0.0186     0.9636    -0.6108     2.6603     0.9462
[1] 15500.0000     0.0000     0.9734    -1.0926     3.1762     1.1714
[1] 15600.0000     0.0000     0.8520    -1.0642     3.1152     1.1912
[1] 15700.0000     0.0000     0.8475    -0.4364     2.3942     0.9690
[1] 15800.0000     0.0000     0.9108    -0.3197     2.2995     0.9068
[1] 15900.0000     0.0000     0.8876    -0.2957     2.2493     0.9067
[1] 16000.0000     0.0100     0.8124    -0.4070     2.4453     1.1160
[1] 16100.0000     0.0000     0.8125     0.5245     1.4897     0.8885
[1] 16200.0000     0.0000     0.9466    -0.1167     2.0728     0.9477
[1] 16300.0000     0.0000     0.9158    -0.6847     2.7273     0.9491
[1] 16400.0000     0.0000     0.9401     0.0789     1.9655     0.9237
[1] 16500.0000     0.2663     0.9646    -0.0671     2.0445     1.1820
[1] 16600.0000     0.0000     0.8294    -0.8684     2.9351     0.8835
[1] 16700.0000     0.0000     0.8462    -0.1290     2.1012     0.9538
[1] 16800.0000     0.0000     0.8621    -0.0039     1.9459     1.1596
[1] 16900.0000     0.0000     0.9254     0.4573     1.5386     0.9648
[1] 17000.0000     0.0000     0.9790    -0.0113     2.0420     0.8822
[1] 17100.0000     0.0000     0.9305     1.0051     1.0526     0.9283
[1] 1.720e+04 0.000e+00 9.497e-01 9.901e-01 9.587e-01 8.252e-01
[1] 17300.0000     1.0000     0.8396     0.7608     1.2223     1.0131
[1] 17400.0000     0.0000     0.8593     0.4494     1.5831     1.1450
[1] 17500.0000     0.0000     0.8131     0.0539     1.9661     0.9127
[1] 17600.0000     0.0000     0.8280     0.5980     1.4221     1.1486
[1] 17700.0000     0.0000     0.8794     0.8296     1.2033     0.9707
[1] 17800.0000     0.0001     0.9383    -0.7485     2.8454     1.0084
[1] 17900.0000     0.0000     0.9083    -0.0052     2.0228     0.9495
[1] 18000.0000     1.0000     0.9109    -0.0470     2.0686     0.8712
[1] 18100.0000     0.0000     0.8667    -0.1159     2.2370     1.1867
[1] 18200.0000     0.0075     0.8582     1.2252     0.7183     0.9652
[1] 18300.0000     0.0000     0.9928     0.1415     1.9052     1.1096
[1] 18400.0000     0.0000     0.9529     0.0531     1.9569     0.8173
[1] 18500.0000     0.0000     0.8451    -0.0792     2.1368     0.9054
[1] 18600.0000     0.0000     0.8420     1.1054     0.9581     0.8224
[1] 18700.0000     0.0000     0.8080     0.1091     1.9387     0.9308
[1] 18800.0000     0.0000     0.8635     0.5636     1.4127     1.1693
[1] 18900.0000     0.0000     0.9024    -0.4635     2.4370     1.0613
[1] 19000.0000     0.0000     0.8770     0.1318     1.9284     1.0394
[1] 19100.0000     0.0000     0.9451    -0.1461     2.0313     1.0897
[1] 19200.0000     0.0000     0.8001     0.0208     1.9236     0.9641
[1] 19300.0000     0.0000     0.8035    -0.0187     1.9875     1.0886
[1] 19400.0000     0.0000     0.9330    -0.4517     2.4573     1.0363
[1] 19500.0000     0.0000     0.9654    -0.2332     2.2191     0.9669
[1] 19600.0000     0.6318     0.9162    -1.2932     3.3294     0.8038
[1] 19700.0000     0.0000     0.8982    -0.4130     2.3327     1.1826
[1] 19800.0000     0.0000     0.9408     0.1874     1.8645     0.9927
[1] 19900.0000     0.0000     0.9981    -0.5071     2.5389     1.0280
[1] 20000.0000     0.0000     0.8708     0.1603     1.8205     1.0213
[1] 20100.0000     0.0000     0.9080     0.8144     1.2608     1.0402
[1] 20200.0000     0.7434     0.9840    -0.3128     2.2470     1.1380
[1] 20300.0000     0.0000     0.9921    -0.2167     2.2465     1.1096
[1] 20400.0000     0.0059     0.9072    -0.0437     2.0294     0.9991
[1] 20500.0000     0.0000     0.8964    -0.3812     2.4054     1.1285
[1] 20600.0000     0.9071     0.9169    -0.2734     2.3132     1.1057
[1] 20700.0000     1.0000     0.8107     0.0321     1.8810     1.0874
[1] 20800.0000     0.0000     0.9606    -0.2594     2.3019     1.0886
[1] 20900.0000     0.0006     0.9109     0.5521     1.4649     0.9980
[1] 21000.0000     0.0000     0.9912     1.2524     0.7491     1.0875
[1] 21100.0000     0.0000     0.9732     0.0014     1.9806     0.8253
[1] 21200.0000     0.0586     0.9704     0.4324     1.5754     1.1667
[1] 21300.0000     0.0000     0.8399    -0.2997     2.2135     1.0171
[1] 2.140e+04 2.000e-04 9.719e-01 4.025e-01 1.589e+00 9.071e-01
[1] 21500.0000     0.0000     0.9375    -0.0038     1.9081     1.0777
[1] 21600.0000     0.0001     0.8010    -0.3168     2.2861     1.1966
[1] 21700.0000     0.0000     0.8416    -0.8727     2.9181     1.0860
[1] 21800.0000     0.0000     0.8218    -0.2982     2.4103     1.1739
[1] 21900.0000     0.0000     0.8416     0.1357     1.9135     1.1370
[1] 22000.0000     0.0000     0.8850     0.7027     1.2819     0.9555
[1] 22100.0000     0.0000     0.9825    -0.4139     2.4078     1.1195
[1] 22200.0000     0.0000     0.9349    -0.2960     2.2369     0.9881
[1] 22300.0000     0.0005     0.8584    -0.0859     2.0916     0.9367
[1] 22400.0000     0.0000     0.9494     0.0073     1.9771     0.9207
[1] 22500.0000     0.0004     0.9610     0.9403     1.0418     0.9963
[1] 22600.0000     0.0000     0.8858     1.2477     0.8687     0.9064
[1] 22700.0000     0.0000     0.8271     0.2296     1.6907     1.1968
[1] 22800.0000     0.0045     0.8616    -0.2541     2.3594     1.1425
[1] 22900.0000     0.0000     0.9207     0.7327     1.1908     0.8362
[1] 23000.0000     0.0000     0.9652     0.4398     1.5048     1.0264
[1] 23100.0000     0.0000     0.9231     0.1150     1.8437     0.8179
[1] 23200.0000     0.0000     0.8288    -0.7001     2.7139     0.8616
[1] 23300.0000     0.0974     0.8966     0.5227     1.4719     1.0199
[1] 23400.0000     0.0000     0.9418     0.4861     1.5234     0.8205
[1] 23500.0000     0.0000     0.8934     0.2003     1.8003     1.1391
[1] 23600.0000     0.0000     0.8176     0.6979     1.2709     0.8266
[1] 23700.0000     0.0000     0.9977     1.1244     0.8525     0.9083
[1] 23800.0000     0.0000     0.9509     1.0379     0.8412     0.9516
[1] 2.390e+04 0.000e+00 8.157e-01 7.851e-01 1.235e+00 8.034e-01
[1] 24000.0000     0.0000     0.9801    -0.0740     2.0093     1.1551
[1] 24100.0000     0.0000     0.8643    -1.7083     3.6844     0.9462
[1] 24200.0000     0.0000     0.8399    -0.0314     1.9142     1.0287
[1] 24300.0000     0.0000     0.9879    -0.6314     2.6367     1.1930
[1] 2.440e+04 1.000e+00 9.947e-01 8.655e-01 1.140e+00 9.697e-01
[1] 24500.0000     0.0000     0.9064     0.8380     1.1277     0.8345
[1] 24600.0000     0.0000     0.9062     0.3631     1.6047     0.8877
[1] 24700.0000     0.0016     0.9025    -0.0252     2.0701     0.8040
[1] 24800.0000     0.0001     0.8109     0.2944     1.7217     1.1899
[1] 24900.0000     0.6060     0.8569    -0.8956     2.7644     1.1414
[1] 25000.0000     0.0005     0.9628    -0.0347     2.0463     0.9362
[1] 25100.0000     0.0000     0.9605     0.3600     1.6074     1.0743
[1] 25200.0000     0.0000     0.9435    -0.1484     2.1715     1.0372
[1] 25300.0000     1.0000     0.8151    -0.0217     2.0605     1.0748
[1] 25400.0000     1.0000     0.8988    -0.1073     2.0945     1.0888
[1] 25500.0000     0.0000     0.8147     0.5741     1.4026     1.1844
[1] 25600.0000     0.0000     0.8978     0.0977     1.8955     1.1142
[1] 25700.0000     0.0000     0.8060     0.8844     1.1559     0.8422
[1] 25800.0000     0.0000     0.8043    -0.5802     2.4591     0.8730
[1] 25900.0000     1.0000     0.8632    -0.2701     2.2880     1.1254
[1] 26000.0000     0.3475     0.9492    -0.0294     2.1283     1.0058
[1] 26100.0000     0.0000     0.9196     0.4848     1.4146     1.1722
[1] 26200.0000     0.0000     0.9768    -0.1130     2.0426     0.9801
[1] 26300.0000     0.0000     0.8530    -0.3067     2.3310     1.0678
[1] 26400.0000     0.0000     0.8767     0.5013     1.5155     0.8041
[1] 26500.0000     0.0013     0.9903     0.0823     1.9932     1.1966
[1] 26600.0000     0.0000     0.8376    -1.7313     3.5893     1.1467
[1] 26700.0000     0.0000     0.8184    -0.2640     2.2450     0.9177
[1] 26800.0000     0.0000     0.8448    -1.1409     3.0676     0.8652
[1] 26900.0000     0.0000     0.8586    -0.6528     2.6215     1.0581
[1] 27000.0000     0.0000     0.8102    -0.3528     2.3565     1.1325
[1] 27100.0000     0.9882     0.9280    -0.3424     2.3607     1.0348
[1] 27200.0000     0.0000     0.8628    -0.6514     2.6800     1.0265
[1] 27300.0000     0.0000     0.8270    -0.8447     2.8060     1.1347
[1] 27400.0000     0.0000     0.8182     0.2393     1.8109     1.1040
[1] 27500.0000     0.0000     0.8463     1.0077     1.0698     0.8762
[1] 27600.0000     0.0000     0.8732     1.5353     0.5346     0.9172
[1] 27700.0000     0.0000     0.8317     0.9436     1.0932     1.1846
[1] 27800.0000     0.0000     0.8338     1.0409     0.9590     0.9440
[1] 27900.0000     1.0000     0.8904     0.4018     1.5894     0.9276
[1] 28000.0000     0.0000     0.9328    -0.4700     2.5333     0.9314
[1] 28100.0000     0.0000     0.9262     0.5861     1.4815     1.0710
[1] 28200.0000     0.0000     0.9683     0.0912     1.9176     0.8917
[1] 28300.0000     0.0000     0.9886    -0.1735     2.1624     1.1843
[1] 28400.0000     1.0000     0.9594    -0.8328     2.8102     0.8105
[1] 28500.0000     0.0000     0.8678     1.1834     0.8061     0.8688
[1] 28600.0000     0.0000     0.9775    -0.4335     2.3863     0.9079
[1] 28700.0000     0.0000     0.9675    -0.7380     2.7352     1.1579
[1] 28800.0000     0.0000     0.8104    -0.1527     2.1786     1.1940
[1] 28900.0000     0.0000     0.9137     1.1847     0.8538     0.8478
[1] 29000.0000     0.0000     0.9277    -0.4623     2.4654     1.1735
[1] 29100.0000     0.0000     0.8445    -0.8138     2.8531     0.8871
[1] 29200.0000     0.0287     0.9367     0.7379     1.2162     1.1465
[1] 29300.0000     0.2660     0.9749     1.1118     0.9419     0.9782
[1] 29400.0000     0.0000     0.9394     1.3693     0.5510     1.1754
[1] 29500.0000     0.0000     0.8094    -0.2250     2.1921     0.8253
[1] 29600.0000     0.0000     0.8335    -0.0977     2.0392     1.1940
[1] 29700.0000     0.0000     0.9991    -0.5051     2.4311     0.9357
[1] 29800.0000     0.0000     0.8030    -1.5602     3.6344     0.9421
[1] 29900.0000     0.7198     0.9798    -0.5554     2.6452     1.0014
[1] 30000.0000     0.0000     0.9561     1.3856     0.5540     1.0811
[1] 0.07595696
Time difference of 10.99212 hours
null device 
          1 
