[1] "El numero de nodos X particion es: 10"
[1] "Model = M1 / Data = sim_data/datasetSVCMatern6.Rdata"
[1] 100.0000   0.5706   0.9429   0.0158   1.8210   1.1970
[1] 200.0000   1.0000   0.9804   0.0105   1.8112   1.0297
[1] 300.0000   0.4735   0.8776  -0.2469   1.7235   1.0665
[1] 400.0000   0.0952   0.9217  -0.1720   1.6577   0.9692
[1] 500.0000   1.0000   0.8902  -0.2114   1.6143   0.8863
[1] 600.0000   0.0001   0.8693   0.0506   1.8490   1.0610
[1] 700.0000   0.6014   0.8087  -0.2780   1.5187   1.0605
[1] 800.0000   1.0000   0.8954  -0.2560   1.7128   1.1490
[1] 900.0000   0.0448   0.9543  -0.3833   1.5988   0.9829
[1] 1000.0000    0.3655    0.9864   -0.2661    1.6068    0.9137
[1] 1100.0000    0.3197    0.9726   -0.3950    1.4783    1.0201
[1] 1200.0000    0.0314    0.8467   -0.2274    1.6291    1.0747
[1] 1300.0000    1.0000    0.8617   -0.2195    1.7084    1.0550
[1] 1400.0000    0.0000    0.9303   -0.2214    1.7721    1.1894
[1] 1500.0000    0.0000    0.9672   -0.1072    1.7775    1.1986
[1] 1600.0000    0.6524    0.8673   -0.0611    1.8234    0.9237
[1] 1700.0000    0.0000    0.8745   -0.1622    1.7231    0.9148
[1] 1800.0000    0.0000    0.9234   -0.1910    1.7639    1.1307
[1] 1900.0000    0.4608    0.9957   -0.1635    1.7321    1.1822
[1] 2000.0000    0.0359    0.9978   -0.2095    1.6505    1.1535
[1] 2100.0000    0.3262    0.8081   -0.1120    1.8452    0.9300
[1] 2200.0000    0.7867    0.8580   -0.1645    1.7110    1.0161
[1] 2300.0000    0.0061    0.8608   -0.2180    1.7243    1.0478
[1] 2400.0000    0.0206    0.9355   -0.1818    1.6375    1.1578
[1] 2500.0000    0.0870    0.9103   -0.1020    1.8588    0.8545
[1] 2600.0000    0.2342    0.9658   -0.3467    1.6252    1.0023
[1] 2700.0000    0.0773    0.8044   -0.3868    1.5647    1.0835
[1] 2800.0000    0.0117    0.9204   -0.1705    1.7368    1.0405
[1] 2900.0000    0.0017    0.8994   -0.4717    1.4759    1.0050
[1] 3000.0000    0.0429    0.9297   -0.0297    1.8279    1.1984
[1] 3100.0000    0.0446    0.9787   -0.1569    1.7384    0.9283
[1] 3200.0000    0.1225    0.9371   -0.2171    1.7059    1.1278
[1] 3300.0000    0.0000    0.9877   -0.1924    1.6852    0.9428
[1] 3400.0000    0.0024    0.9079   -0.3292    1.5368    0.8348
[1] 3500.0000    0.6131    0.9338   -0.1984    1.8509    0.8830
[1] 3600.0000    0.0057    0.9027   -0.2182    1.6521    1.1569
[1] 3700.0000    0.0020    0.9107   -0.1541    1.7174    0.8572
[1] 3800.0000    0.0000    0.8653   -0.3014    1.5612    0.9884
[1] 3900.0000    0.0012    0.8514   -0.3388    1.5630    1.1876
[1] 4000.0000    0.4954    0.9388   -0.2404    1.5598    0.8131
[1] 4100.0000    1.0000    0.9426   -0.0559    1.7519    0.8764
[1] 4200.0000    0.2673    0.9756   -0.3055    1.6536    0.9752
[1] 4300.0000    0.0000    0.9986   -0.1680    1.7266    0.9026
[1] 4400.0000    0.0660    0.9571    0.0292    1.9008    0.9932
[1] 4500.0000    1.0000    0.8410   -0.0531    1.8036    1.1520
[1] 4600.0000    0.0505    0.9525   -0.2892    1.5729    1.1110
[1] 4700.0000    0.0002    0.9516   -0.1765    1.7626    1.1937
[1] 4800.0000    0.0127    0.8985   -0.3297    1.5767    0.9827
[1] 4900.0000    0.0305    0.9222    0.1468    1.9699    0.9837
[1] 5000.0000    0.9134    0.9273   -0.1703    1.6764    1.0348
[1] 5100.0000    0.1701    0.9679   -0.3532    1.5454    1.1951
[1] 5200.0000    0.0035    0.8350   -0.0727    1.9394    1.0935
[1] 5300.0000    1.0000    0.8379   -0.1648    1.6835    1.0434
[1] 5400.0000    1.0000    0.8515   -0.2786    1.6273    1.1120
[1] 5500.0000    0.6656    0.9295   -0.1338    1.6535    1.1335
[1] 5600.0000    0.0337    0.9095   -0.5080    1.5324    0.9324
[1] 5700.0000    0.0974    0.9403   -0.1651    1.6553    0.9236
[1] 5800.0000    1.0000    0.8520   -0.0620    1.7804    1.0482
[1] 5900.0000    0.1359    0.8706   -0.2829    1.6115    1.1672
[1] 6000.0000    0.0269    0.8924   -0.2317    1.6242    1.0716
[1] 6100.0000    0.1006    0.9517   -0.0659    1.8123    0.9216
[1] 6200.0000    1.0000    0.8336   -0.3048    1.4382    0.9759
[1] 6300.0000    0.0114    0.9569   -0.3382    1.6654    0.8080
[1] 6400.0000    0.2047    0.9022   -0.2338    1.5611    0.8332
[1] 6500.0000    0.1581    0.8697   -0.3193    1.6394    0.9040
[1] 6600.0000    0.0084    0.8918   -0.3550    1.6488    1.0184
[1] 6700.0000    0.0003    0.9726   -0.2636    1.6220    1.0730
[1] 6800.0000    0.6391    0.9525   -0.3053    1.6315    0.9997
[1] 6900.0000    0.0553    0.8556   -0.2735    1.6156    1.1638
[1] 7000.0000    0.0023    0.9977   -0.1939    1.6762    1.0944
[1] 7100.0000    1.0000    0.8440   -0.3022    1.5821    0.9302
[1] 7200.0000    0.0008    0.9645   -0.1300    1.7657    0.9109
[1] 7300.0000    0.0002    0.8821   -0.2010    1.7789    0.9361
[1] 7400.0000    0.0000    0.8164   -0.4565    1.4217    0.8600
[1] 7500.0000    0.6642    0.9538    0.0110    1.8035    1.0728
[1] 7600.0000    0.0329    0.8332   -0.2476    1.6337    1.0877
[1] 7700.0000    0.0002    0.8552   -0.3777    1.5301    1.0850
[1] 7800.0000    0.0001    0.8139   -0.2653    1.6222    0.8702
[1] 7900.0000    0.9338    0.9195   -0.3091    1.6274    1.0920
[1] 8000.0000    0.5398    0.9186   -0.3703    1.4882    1.0026
[1] 8100.0000    0.4852    0.8687   -0.1985    1.7539    1.0506
[1] 8200.0000    0.0000    0.9636   -0.1422    1.7189    1.1811
[1] 8300.0000    0.0005    0.8896   -0.1094    1.7538    1.1748
[1] 8400.0000    1.0000    0.9278   -0.1989    1.6759    0.8107
[1] 8500.0000    0.0214    0.9939   -0.2670    1.6825    1.0648
[1] 8600.0000    0.3379    0.9214   -0.2411    1.7455    1.0135
[1] 8700.0000    0.1346    0.8293   -0.3380    1.4484    0.8767
[1] 8800.0000    1.0000    0.9324   -0.2597    1.6536    0.8066
[1] 8900.0000    0.5990    0.9431   -0.2749    1.7151    1.1381
[1] 9000.0000    0.1888    0.9025   -0.1620    1.7100    0.9096
[1] 9100.0000    1.0000    0.9156   -0.0941    1.8037    1.0916
[1] 9200.0000    1.0000    0.9069   -0.1103    1.8440    1.1995
[1] 9300.0000    0.0008    0.9856   -0.2606    1.5958    1.1370
[1] 9400.0000    0.2213    0.8458   -0.1104    1.6812    1.0091
[1] 9500.0000    0.0000    0.9329   -0.3576    1.6488    0.8817
[1] 9600.0000    1.0000    0.9566   -0.3618    1.5543    1.1182
[1] 9700.0000    0.1034    0.9791   -0.2199    1.6578    1.1886
[1] 9800.0000    0.0948    0.8196   -0.1756    1.6468    0.9680
[1] 9900.0000    0.0000    0.8466    0.0630    1.9359    0.8248
[1] 10000.0000     0.2454     0.9167    -0.5343     1.4467     1.1877
[1] 10100.0000     1.0000     0.9049    -0.1591     1.7335     1.0751
[1] 10200.0000     0.0000     0.9084    -0.2589     1.6285     0.8386
[1] 10300.0000     0.0161     0.8120    -0.0659     1.7196     0.8804
[1] 10400.0000     0.0132     0.8213    -0.1374     1.7635     1.0055
[1] 10500.0000     0.9075     0.8159    -0.0634     1.7049     1.1284
[1] 10600.0000     0.1628     0.9579     0.0028     1.9726     1.1829
[1] 10700.0000     0.0000     0.8531    -0.0627     1.8300     0.8181
[1] 10800.0000     0.2580     0.9785    -0.2672     1.7512     1.1554
[1] 10900.0000     0.0000     0.8264    -0.2773     1.7301     1.1140
[1] 11000.0000     0.3050     0.8012    -0.2390     1.7295     0.9407
[1] 11100.0000     0.0001     0.8902     0.1468     2.0831     0.9114
[1] 11200.0000     0.8853     0.9412    -0.2596     1.7252     0.8257
[1] 11300.0000     0.8677     0.9738    -0.2086     1.5770     1.1215
[1] 11400.0000     0.8531     0.9866    -0.2546     1.5990     0.8664
[1] 11500.0000     0.0000     0.9311    -0.3301     1.5791     0.8792
[1] 11600.0000     1.0000     0.9382    -0.5272     1.3505     0.8033
[1] 11700.0000     0.4608     0.9810    -0.3090     1.6522     0.9386
[1] 11800.0000     0.0019     0.9849    -0.2106     1.5794     1.0283
[1] 11900.0000     1.0000     0.9415    -0.1060     1.7544     1.0738
[1] 12000.0000     0.0073     0.8543    -0.2579     1.6483     1.1591
[1] 12100.0000     0.0468     0.9452    -0.1763     1.7640     0.8400
[1] 12200.0000     1.0000     0.8496    -0.1970     1.6824     0.8460
[1] 12300.0000     0.0027     0.9623    -0.2060     1.5487     1.1420
[1] 12400.0000     1.0000     0.8046    -0.2421     1.6714     0.8797
[1] 12500.0000     0.5201     0.9120    -0.1252     1.8253     1.1259
[1] 12600.0000     0.0918     0.9931    -0.0702     1.8788     1.0638
[1] 12700.0000     0.0000     0.9486     0.0024     1.9045     0.8166
[1] 12800.0000     0.0011     0.9108    -0.3916     1.5011     1.0765
[1] 12900.0000     0.0107     0.8535    -0.4030     1.5516     1.1966
[1] 13000.0000     0.0067     0.8840    -0.1084     1.7242     1.1100
[1] 13100.0000     0.0004     0.9404    -0.2327     1.6800     0.9822
[1] 13200.0000     0.0125     0.9589    -0.4465     1.4461     1.1555
[1] 13300.0000     1.0000     0.9675    -0.0735     1.8611     1.1190
[1] 13400.0000     0.0000     0.9801    -0.0772     1.7581     1.0073
[1] 13500.0000     0.0000     0.8240    -0.2090     1.7559     1.0099
[1] 13600.0000     0.0009     0.8917    -0.3347     1.4154     1.0301
[1] 13700.0000     0.7860     0.8314    -0.1711     1.6964     0.8589
[1] 13800.0000     0.0000     0.9275    -0.2626     1.6637     1.0955
[1] 13900.0000     0.5098     0.8125    -0.2341     1.6382     1.1546
[1] 14000.0000     0.5732     0.9598    -0.1627     1.6102     0.8043
[1] 14100.0000     0.0002     0.9236     0.0051     1.8607     0.9106
[1] 14200.0000     0.0924     0.9171    -0.2558     1.5898     0.8964
[1] 14300.0000     0.0084     0.8359    -0.3162     1.6446     1.0907
[1] 14400.0000     1.0000     0.8984    -0.1085     1.8115     1.1866
[1] 14500.0000     0.0012     0.8302    -0.3132     1.6197     1.1813
[1] 14600.0000     0.0000     0.8329    -0.3975     1.6148     0.9630
[1] 14700.0000     1.0000     0.8840    -0.1499     1.7455     1.0394
[1] 14800.0000     0.0000     0.8106    -0.3846     1.5828     1.0978
[1] 14900.0000     0.6890     0.9485    -0.1612     1.7793     1.1960
[1] 15000.0000     0.0000     0.9486    -0.3139     1.5672     0.9418
[1] 15100.0000     0.0748     0.9112    -0.2775     1.6700     1.0503
[1] 15200.0000     1.0000     0.9896    -0.1505     1.6813     1.1186
[1] 15300.0000     0.0487     0.8296    -0.0185     1.9318     1.1944
[1] 15400.0000     1.0000     0.9829    -0.1525     1.8388     1.0368
[1] 15500.0000     0.2854     0.9973    -0.3133     1.6049     0.8711
[1] 15600.0000     1.0000     0.9912    -0.2393     1.6554     1.0551
[1] 15700.0000     0.0000     0.9705     0.1340     1.9717     0.8969
[1] 15800.0000     1.0000     0.9774    -0.0686     1.7726     1.1822
[1] 15900.0000     0.0000     0.9524    -0.2349     1.7157     1.0855
[1] 16000.0000     1.0000     0.9761    -0.3388     1.6088     1.0600
[1] 16100.0000     0.4577     0.9477    -0.2750     1.7680     0.9420
[1] 16200.0000     0.6122     0.8455    -0.1270     1.7297     1.0509
[1] 16300.0000     0.0080     0.9320    -0.2607     1.6248     1.0407
[1] 16400.0000     0.6860     0.8844    -0.1779     1.6196     1.1913
[1] 16500.0000     0.1083     0.9894    -0.1258     1.7673     0.9222
[1] 16600.0000     1.0000     0.9292    -0.3497     1.5888     1.0485
[1] 16700.0000     0.2439     0.8804    -0.2288     1.6706     1.1815
[1] 16800.0000     0.0306     0.8165    -0.4319     1.4740     1.0376
[1] 16900.0000     0.6034     0.9847    -0.3903     1.5348     1.0676
[1] 17000.0000     0.8736     0.8355    -0.1380     1.7575     0.9526
[1] 17100.0000     0.0045     0.9483     0.2033     2.0382     0.9775
[1] 17200.0000     0.1580     0.9497    -0.3256     1.5394     0.8252
[1] 17300.0000     0.0407     0.8555    -0.6225     1.2934     1.0278
[1] 17400.0000     1.0000     0.9623    -0.0663     1.9123     1.1696
[1] 17500.0000     1.0000     0.9645    -0.3655     1.5106     0.9956
[1] 17600.0000     0.0023     0.8018    -0.3027     1.5591     1.0705
[1] 17700.0000     0.0322     0.9011    -0.3334     1.5589     0.9699
[1] 17800.0000     1.0000     0.9968    -0.1373     1.7280     0.8268
[1] 17900.0000     0.0016     0.8644    -0.1224     1.8063     1.0507
[1] 18000.0000     0.8641     0.9109    -0.2640     1.6886     0.8712
[1] 18100.0000     0.0016     0.9137    -0.1964     1.7410     0.9014
[1] 18200.0000     1.0000     0.8073    -0.0346     1.8370     0.9256
[1] 18300.0000     0.0009     0.9706    -0.3407     1.6252     1.1685
[1] 18400.0000     0.0030     0.9243    -0.3862     1.6822     1.1066
[1] 18500.0000     0.0800     0.8299    -0.2813     1.6358     1.0883
[1] 18600.0000     0.0217     0.8932    -0.0970     1.8498     0.8460
[1] 18700.0000     0.1307     0.8557    -0.1510     1.7343     0.9105
[1] 18800.0000     0.0326     0.9134    -0.1562     1.7608     1.0933
[1] 18900.0000     0.0002     0.8387    -0.3625     1.5503     0.8037
[1] 19000.0000     1.0000     0.8087    -0.1679     1.7629     1.1060
[1] 19100.0000     0.0088     0.9204    -0.4825     1.4821     0.8075
[1] 19200.0000     0.8157     0.8319    -0.2108     1.6031     1.0132
[1] 19300.0000     0.7162     0.8940    -0.2738     1.6141     1.1248
[1] 19400.0000     0.2145     0.8040    -0.2903     1.5443     1.1551
[1] 19500.0000     0.0000     0.9633     0.0366     1.7776     1.1823
[1] 19600.0000     0.0789     0.9711    -0.1959     1.7630     1.0171
[1] 19700.0000     0.0052     0.8143    -0.0462     1.7786     0.8081
[1] 19800.0000     0.1804     0.8317     0.0555     1.9467     1.0742
[1] 19900.0000     0.2135     0.9981     0.1206     2.0586     1.0280
[1] 20000.0000     1.0000     0.9605    -0.3000     1.4792     0.8244
[1] 20100.0000     0.0000     0.8622    -0.0533     1.8187     0.8640
[1] 20200.0000     1.0000     0.9840    -0.1644     1.7961     1.1380
[1] 20300.0000     0.0114     0.9350    -0.3883     1.5499     0.8887
[1] 20400.0000     1.0000     0.8446    -0.1504     1.6684     1.0333
[1] 20500.0000     0.0036     0.9905    -0.2113     1.7069     1.0353
[1] 20600.0000     0.7509     0.9169    -0.2722     1.6871     1.1057
[1] 20700.0000     0.9483     0.8107     0.0206     1.8421     1.0874
[1] 20800.0000     1.0000     0.9981    -0.0285     1.9279     1.0246
[1] 20900.0000     0.0000     0.8285    -0.2623     1.6376     0.8493
[1] 21000.0000     0.1540     0.9540    -0.2431     1.6537     1.1427
[1] 21100.0000     0.1191     0.9291    -0.2122     1.6455     1.1428
[1] 21200.0000     0.3608     0.9704     0.0118     1.8697     1.1667
[1] 21300.0000     0.0003     0.8214    -0.1815     1.5861     1.0391
[1] 21400.0000     0.5902     0.8276    -0.2583     1.6677     0.8233
[1] 21500.0000     0.0013     0.9709    -0.0647     1.8220     0.8819
[1] 21600.0000     0.1352     0.9334    -0.2430     1.6743     1.1380
[1] 21700.0000     0.1032     0.9973    -0.2571     1.6214     0.9605
[1] 21800.0000     0.6350     0.8778    -0.0765     1.9421     1.0685
[1] 21900.0000     0.5409     0.9598    -0.0668     1.8396     0.8497
[1] 22000.0000     0.0979     0.8850    -0.1536     1.6526     0.9555
[1] 22100.0000     0.5607     0.8953    -0.0768     1.7656     0.9321
[1] 22200.0000     0.1648     0.8918    -0.3508     1.5965     1.1042
[1] 22300.0000     0.0309     0.9726    -0.3318     1.7419     0.8521
[1] 22400.0000     0.6588     0.9556    -0.3382     1.6324     1.0506
[1] 22500.0000     0.0214     0.8239    -0.2967     1.7045     1.1368
[1] 22600.0000     0.0003     0.8006    -0.2553     1.6446     0.8902
[1] 22700.0000     0.0000     0.8271    -0.3309     1.5791     1.1968
[1] 22800.0000     0.0573     0.8972    -0.2433     1.5041     1.0231
[1] 22900.0000     0.1695     0.8804    -0.1888     1.7442     0.9211
[1] 23000.0000     0.0001     0.8188    -0.0894     1.7745     1.0070
[1] 23100.0000     0.2073     0.8119     0.0262     1.8328     1.0551
[1] 23200.0000     0.0186     0.9586    -0.0555     1.8760     1.0581
[1] 23300.0000     0.0001     0.9905    -0.1643     1.7599     1.1869
[1] 23400.0000     0.2855     0.8888    -0.1186     1.6572     1.0444
[1] 23500.0000     0.2698     0.8245    -0.1450     1.7561     0.8555
[1] 23600.0000     0.6419     0.8573    -0.1969     1.7877     0.9429
[1] 23700.0000     0.1511     0.9328    -0.3279     1.6082     1.0180
[1] 23800.0000     0.6608     0.9299    -0.3682     1.4613     1.0580
[1] 23900.0000     0.5770     0.9920    -0.1700     1.7103     1.0485
[1] 24000.0000     0.3127     0.9322    -0.1768     1.6621     0.9399
[1] 24100.0000     1.0000     0.9214    -0.3291     1.6275     0.8541
[1] 24200.0000     0.1445     0.8467    -0.2941     1.6569     0.8230
[1] 24300.0000     0.6161     0.8950    -0.1377     1.6965     0.9587
[1] 24400.0000     1.0000     0.9947    -0.2668     1.5582     0.9697
[1] 24500.0000     0.0033     0.8969    -0.1395     1.7310     1.0480
[1] 24600.0000     0.0000     0.9237    -0.3108     1.6318     1.0127
[1] 24700.0000     0.2385     0.9730    -0.4475     1.4864     1.1829
[1] 24800.0000     0.0001     0.8460    -0.1700     1.7121     0.9489
[1] 24900.0000     0.6901     0.8569    -0.3264     1.6215     1.1414
[1] 2.500e+04 1.000e+00 8.801e-01 1.470e-02 1.875e+00 8.235e-01
[1] 25100.0000     0.6815     0.8419    -0.2446     1.7168     0.8544
[1] 25200.0000     0.0985     0.9507    -0.1805     1.7729     0.9719
[1] 25300.0000     0.0001     0.9779    -0.2797     1.6738     0.8977
[1] 25400.0000     0.5939     0.8988    -0.3351     1.4660     1.0888
[1] 25500.0000     0.2299     0.8147    -0.2602     1.6144     1.1844
[1] 25600.0000     0.0221     0.9926    -0.0676     1.8171     0.9855
[1] 25700.0000     0.0201     0.8702    -0.3182     1.6639     1.0667
[1] 25800.0000     0.0029     0.9689    -0.3104     1.6761     1.1962
[1] 25900.0000     0.0003     0.8683    -0.0174     1.7660     0.8098
[1] 26000.0000     1.0000     0.9492    -0.2219     1.6267     1.0058
[1] 26100.0000     0.1371     0.8951    -0.2623     1.6855     0.8249
[1] 26200.0000     0.1962     0.9529    -0.2232     1.6508     1.0017
[1] 26300.0000     0.9326     0.8623    -0.3768     1.5779     1.0835
[1] 26400.0000     0.0337     0.8446    -0.0822     1.8170     0.9223
[1] 26500.0000     0.0051     0.8034    -0.3742     1.4928     1.1338
[1] 26600.0000     0.6825     0.8531    -0.3575     1.5474     1.1347
[1] 26700.0000     0.0344     0.9721    -0.1974     1.7214     0.8075
[1] 26800.0000     0.3698     0.8173    -0.1974     1.7330     0.9752
[1] 26900.0000     0.0001     0.9241    -0.0100     1.9545     1.0646
[1] 27000.0000     0.4738     0.9680    -0.1285     1.7832     1.0524
[1] 27100.0000     0.0003     0.8095    -0.2142     1.6574     1.0497
[1] 27200.0000     0.0613     0.8628    -0.1607     1.7316     1.0265
[1] 27300.0000     0.0011     0.9608    -0.1597     1.6704     0.8492
[1] 27400.0000     0.1316     0.8725    -0.3035     1.5688     1.1899
[1] 27500.0000     0.0663     0.9635    -0.2082     1.6213     1.1809
[1] 27600.0000     0.0001     0.8069     0.1043     1.9102     0.9996
[1] 27700.0000     0.0148     0.8620     0.0930     2.0595     1.0941
[1] 27800.0000     0.0000     0.8358    -0.0900     1.7861     1.1051
[1] 27900.0000     0.5580     0.8913    -0.0990     1.7552     0.8389
[1] 28000.0000     0.0013     0.9430    -0.2422     1.7538     0.9743
[1] 28100.0000     0.0000     0.9262    -0.2307     1.7358     1.0710
[1] 28200.0000     0.3470     0.9920    -0.0237     1.8572     1.1206
[1] 28300.0000     0.0013     0.8937    -0.2770     1.6180     1.0178
[1] 28400.0000     0.5631     0.9594    -0.2651     1.5691     0.8105
[1] 28500.0000     1.0000     0.8206    -0.0846     1.8522     1.0447
[1] 28600.0000     0.0021     0.9775    -0.1260     1.7463     0.9079
[1] 28700.0000     0.0854     0.9045    -0.2921     1.5601     1.0095
[1] 28800.0000     0.9816     0.9743    -0.2029     1.7616     0.8723
[1] 28900.0000     1.0000     0.9689    -0.3846     1.5624     1.0738
[1] 29000.0000     0.3000     0.8251    -0.1830     1.7199     0.9007
[1] 29100.0000     0.0139     0.9156    -0.2463     1.6765     0.8172
[1] 29200.0000     0.0066     0.9889    -0.4248     1.5628     1.0979
[1] 29300.0000     0.0206     0.9749    -0.3387     1.4987     0.9782
[1] 29400.0000     0.0607     0.9512    -0.2362     1.5994     1.1262
[1] 29500.0000     0.0000     0.9711    -0.2204     1.7477     0.9025
[1] 29600.0000     0.0050     0.8267    -0.1762     1.7491     1.0464
[1] 29700.0000     0.0149     0.9571    -0.2388     1.6152     0.9736
[1] 29800.0000     0.6885     0.8701    -0.3163     1.6822     0.8024
[1] 29900.0000     1.0000     0.9798    -0.2500     1.6791     1.0014
[1] 30000.0000     0.0973     0.8172    -0.1903     1.6830     1.1626
[1] 0.3403464
Time difference of 4.381937 hours
null device 
          1 
