[1] "El numero de nodos X particion es: 10"
[1] "Model = M1 / Data = sim_data/datasetSVIMatern6.Rdata"
[1] 100.0000   0.2846   0.9429   0.1116   1.8792   1.1970
[1] 200.0000   0.0058   0.9592   0.1355   1.7684   1.1736
[1] 300.0000   1.0000   0.8776  -0.1065   2.0637   1.0665
[1] 400.0000   0.0855   0.9217  -0.0237   2.0180   0.9692
[1] 500.0000   0.0009   0.8380   0.1732   1.8531   0.8203
[1] 600.0000   1.0000   0.9748   0.0767   1.8842   1.0386
[1] 700.0000   0.0061   0.9396   0.1364   1.9640   1.0960
[1] 800.0000   0.0452   0.9313  -0.7833   2.6880   1.0430
[1] 900.0000   0.0000   0.9344  -0.6220   2.5016   1.0036
[1] 1000.0000    0.0000    0.8209   -0.4865    2.4006    0.9374
[1] 1100.0000    0.0000    0.9319    0.4581    1.4961    0.8930
[1] 1200.0000    0.3231    0.8603    1.1686    0.9049    0.9164
[1] 1300.0000    0.0000    0.9498   -0.2595    2.1370    1.1653
[1] 1400.0000    0.0000    0.8099   -0.6962    2.6304    1.1384
[1] 1500.0000    0.0020    0.9694    1.0470    0.8123    1.1238
[1] 1600.0000    0.0000    0.9658   -1.0528    2.9772    1.0950
[1] 1700.0000    0.0000    0.9419   -0.4244    2.4501    1.0966
[1] 1800.0000    0.0000    0.9376    0.1223    1.8451    0.8302
[1] 1900.0000    0.0000    0.9875   -0.5459    2.5796    0.8532
[1] 2000.0000    0.0000    0.9400   -0.0005    2.0058    1.1109
[1] 2100.0000    0.0000    0.8123   -0.8891    2.8190    1.1618
[1] 2200.0000    0.0000    0.8668    0.3763    1.6763    1.0989
[1] 2300.0000    0.0000    0.9906    0.4678    1.3756    0.8768
[1] 2400.0000    0.0000    0.9355    0.4659    1.4463    1.1578
[1] 2500.0000    0.0330    0.8909    0.6425    1.2743    1.1217
[1] 2600.0000    0.0000    0.8617   -0.8064    2.7285    0.8044
[1] 2700.0000    0.0000    0.8492   -0.4582    2.4488    0.9140
[1] 2800.0000    0.1159    0.8906   -0.4443    2.2700    0.8787
[1] 2900.0000    0.0000    0.9982   -1.2360    3.1974    0.9626
[1] 3000.0000    0.0000    0.9425   -0.5652    2.5651    1.0830
[1] 3100.0000    0.0000    0.9411   -0.2261    2.0836    0.9915
[1] 3200.0000    0.0000    0.9190    0.0925    1.8884    0.9575
[1] 3300.0000    0.0000    0.9312    0.1177    1.8465    0.9302
[1] 3400.0000    0.6003    0.8983    0.6721    1.3635    1.1525
[1] 3500.0000    0.0000    0.8568    0.4596    1.4815    1.0820
[1] 3600.0000    0.0000    0.9625    0.4519    1.4981    0.8525
[1] 3700.0000    0.2091    0.9950    0.9398    1.0361    1.0085
[1] 3800.0000    0.0000    0.9676    0.9806    1.0296    1.0095
[1] 3900.0000    0.0000    0.8349   -0.1271    2.1142    1.1538
[1] 4000.0000    0.0000    0.9448   -0.4347    2.3939    1.0791
[1] 4100.0000    0.0000    0.8388   -0.7586    2.7225    0.8864
[1] 4200.0000    0.0000    0.9756   -0.6920    2.5690    0.9752
[1] 4300.0000    0.9116    0.8741   -0.9666    2.9355    1.1249
[1] 4400.0000    0.0000    0.9983    0.4093    1.5195    1.0333
[1] 4500.0000    0.1639    0.8404    0.5961    1.4193    1.1577
[1] 4600.0000    0.0000    0.9525    0.5142    1.5562    1.1110
[1] 4700.0000    0.0000    0.8528   -0.6275    2.5561    0.8411
[1] 4800.0000    0.0000    0.8660   -1.0109    2.9623    1.0939
[1] 4900.0000    0.0000    0.9924   -1.1038    3.0938    1.1836
[1] 5000.0000    0.0000    0.9762   -1.0892    2.9997    0.8665
[1] 5100.0000    0.0000    0.9679   -1.3754    3.2740    1.1951
[1] 5200.0000    0.0000    0.8051   -0.3146    2.3291    0.8965
[1] 5300.0000    0.0000    0.8845   -0.0356    1.9882    1.0022
[1] 5400.0000    0.0000    0.8536    0.0910    1.8597    0.9337
[1] 5500.0000    0.0000    0.8913    0.4166    1.4676    1.1131
[1] 5600.0000    0.0000    0.9929   -0.3187    2.1841    1.1085
[1] 5700.0000    0.0000    0.9445    0.5338    1.4805    1.0237
[1] 5800.0000    0.0000    0.8612   -0.6612    2.7293    1.0327
[1] 5900.0000    0.0000    0.8278    0.2580    1.7734    1.0767
[1] 6000.0000    0.0000    0.8887    0.3341    1.5658    0.8335
[1] 6100.0000    0.0000    0.8914    0.4835    1.5189    0.9242
[1] 6200.0000    0.0000    0.8235    1.0009    0.9673    1.1329
[1] 6300.0000    0.0000    0.9569    0.8291    1.2025    0.8080
[1] 6400.0000    0.0000    0.9599   -0.0724    2.0821    0.9947
[1] 6500.0000    0.0001    0.9084   -0.3507    2.3259    1.0918
[1] 6600.0000    0.0000    0.8710   -0.5160    2.3894    0.9001
[1] 6700.0000    0.0000    0.8253   -0.5018    2.5785    0.9280
[1] 6800.0000    0.1708    0.8794    0.1955    1.7909    0.9381
[1] 6900.0000    0.0000    0.8857   -0.8232    2.8476    0.9847
[1] 7000.0000    0.0000    0.8521   -0.2262    2.2129    1.0680
[1] 7100.0000    0.0000    0.9857   -0.0669    2.1301    1.0571
[1] 7200.0000    0.0000    0.9439    0.1871    1.8688    1.1769
[1] 7300.0000    0.0000    0.9346    0.5990    1.3943    1.1740
[1] 7400.0000    0.0000    0.8045   -0.1409    2.0962    0.8734
[1] 7500.0000    0.0000    0.8475   -1.0914    3.0182    1.0597
[1] 7600.0000    0.0000    0.9493   -0.0609    2.0354    0.9281
[1] 7700.0000    0.0000    0.8552   -1.3051    3.1847    1.0850
[1] 7800.0000    0.0000    0.8350   -0.1763    2.2019    1.1361
[1] 7900.0000    0.0000    0.9654   -0.2024    2.1051    1.1831
[1] 8000.0000    0.0000    0.9309    0.4157    1.4515    1.0835
[1] 8100.0000    0.0000    0.8483   -0.2263    2.1208    0.8203
[1] 8200.0000    0.0000    0.9207   -0.4563    2.3838    1.1282
[1] 8300.0000    0.0000    0.8222   -0.2443    2.2225    0.8438
[1] 8400.0000    0.0000    0.9658   -0.3340    2.1940    0.9286
[1] 8500.0000    0.0000    0.8325   -0.3692    2.4090    1.0750
[1] 8600.0000    0.0000    0.9564   -1.7690    3.7328    0.9963
[1] 8700.0000    0.0000    0.8940    0.5130    1.3953    1.0236
[1] 8800.0000    0.0000    0.9735    0.2881    1.5507    1.0381
[1] 8900.0000    0.0000    0.8674    0.8260    1.2008    1.0474
[1] 9000.0000    0.0000    0.8301    0.6098    1.2909    1.1387
[1] 9100.0000    0.0000    0.9178   -0.0337    1.9606    0.8722
[1] 9200.0000    0.0000    0.8777   -0.1861    2.2013    1.1489
[1] 9300.0000    0.0000    0.8689    0.2861    1.7465    0.9976
[1] 9400.0000    0.0000    0.9737    1.5739    0.3477    1.0570
[1] 9500.0000    0.0000    0.8817    1.1793    0.6705    1.0875
[1] 9600.0000    0.0000    0.8993   -0.1069    2.1671    0.8299
[1] 9700.0000    0.0000    0.9657    0.6674    1.2999    0.9166
[1] 9800.0000    0.0000    0.9514   -0.7788    2.6662    1.0521
[1] 9900.0000    0.0000    0.9369    0.7361    1.2566    1.1404
[1] 10000.0000     0.6383     0.9718    -0.7548     2.6717     0.8376
[1] 10100.0000     0.0003     0.9832    -0.2694     2.2341     0.9199
[1] 10200.0000     0.0000     0.8458     0.3107     1.5960     1.1044
[1] 10300.0000     0.1481     0.9549     0.9352     1.1127     0.8021
[1] 10400.0000     0.0000     0.9109    -0.5780     2.5190     0.9653
[1] 10500.0000     0.0000     0.9828     0.2973     1.6699     0.8036
[1] 10600.0000     0.0000     0.8442    -0.5147     2.5538     0.9495
[1] 10700.0000     0.0000     0.8398     0.8560     1.1622     1.0590
[1] 10800.0000     0.0030     0.9785     0.9227     1.0547     1.1554
[1] 10900.0000     0.0000     0.9660     0.7116     1.2743     1.1970
[1] 1.100e+04 1.204e-01 8.012e-01 4.501e-01 1.624e+00 9.407e-01
[1] 11100.0000     0.0000     0.8902    -0.0610     2.0461     0.9114
[1] 11200.0000     0.1339     0.8258    -0.3420     2.2718     1.0628
[1] 11300.0000     0.0000     0.8936    -0.3413     2.2911     1.0961
[1] 11400.0000     0.0016     0.9548     0.1990     1.8419     1.0047
[1] 11500.0000     0.0000     0.8034    -0.4345     2.4198     0.8501
[1] 11600.0000     0.0000     0.9643    -0.5463     2.4075     1.1694
[1] 11700.0000     0.1728     0.8613     0.1364     1.7365     1.0253
[1] 11800.0000     0.0000     0.8027    -0.6288     2.5804     0.8530
[1] 11900.0000     0.0000     0.8934    -0.9438     2.8798     1.0759
[1] 12000.0000     0.0000     0.8056    -0.1459     2.1681     1.1142
[1] 12100.0000     0.0000     0.8005    -0.8519     2.7675     0.8375
[1] 12200.0000     0.1489     0.9853    -0.2080     2.2065     1.1443
[1] 12300.0000     0.0000     0.8010     0.9404     1.0228     0.8810
[1] 12400.0000     0.1286     0.8019    -0.8976     2.9189     1.1971
[1] 12500.0000     0.0000     0.8059     0.0285     1.9636     1.1427
[1] 12600.0000     0.0000     0.8126    -0.1048     2.1973     1.1805
[1] 12700.0000     0.0000     0.9614    -0.9768     2.7756     0.8958
[1] 12800.0000     0.0000     0.9902    -1.1233     2.9936     0.9345
[1] 12900.0000     0.0088     0.9204    -0.1182     2.0956     0.8219
[1] 13000.0000     0.0000     0.8069     0.0255     1.8993     1.0997
[1] 1.310e+04 0.000e+00 9.404e-01 7.456e-01 1.222e+00 9.822e-01
[1] 13200.0000     0.0000     0.8843    -0.3140     2.2992     0.9997
[1] 13300.0000     0.0000     0.8427    -0.5379     2.4634     1.0281
[1] 13400.0000     0.0000     0.8092    -0.5474     2.5162     1.1676
[1] 13500.0000     0.0000     0.8358    -0.5498     2.5588     1.1234
[1] 13600.0000     0.0000     0.8917     0.1223     1.8122     1.0301
[1] 13700.0000     0.0000     0.9094     0.1391     1.8538     0.8623
[1] 13800.0000     0.0000     0.8787    -0.6506     2.6102     1.0611
[1] 13900.0000     0.0000     0.8214     0.1966     1.7691     1.1853
[1] 14000.0000     0.0000     0.9588     0.0721     1.9582     0.9662
[1] 14100.0000     0.0000     0.8844     0.7045     1.0916     1.1867
[1] 14200.0000     0.0000     0.8479     0.8405     1.1247     0.8739
[1] 14300.0000     0.0000     0.9227    -0.1450     2.0645     1.0001
[1] 1.440e+04 1.520e-02 8.623e-01 9.525e-01 9.718e-01 8.985e-01
[1] 14500.0000     0.4551     0.9833     0.5838     1.3222     1.1771
[1] 14600.0000     0.0000     0.8721     0.5671     1.4326     0.9912
[1] 14700.0000     0.0000     0.8734    -0.0414     1.9033     1.0676
[1] 14800.0000     0.0000     0.9988     0.8679     1.0363     0.9067
[1] 14900.0000     0.0279     0.9582     0.1108     1.8579     1.0321
[1] 15000.0000     0.0720     0.8279     0.5149     1.4704     1.0826
[1] 15100.0000     1.0000     0.8292    -0.0319     2.0284     0.9249
[1] 15200.0000     0.0000     0.9307     0.4321     1.5668     0.9934
[1] 15300.0000     1.0000     0.8282    -0.3456     2.2391     1.1177
[1] 15400.0000     0.2839     0.9636    -0.5351     2.5874     0.9462
[1] 15500.0000     0.0000     0.9734    -2.2022     4.2475     1.1714
[1] 15600.0000     0.0000     0.8878    -0.9004     2.8483     0.8550
[1] 15700.0000     0.0000     0.8475    -0.1122     2.0295     0.9690
[1] 15800.0000     0.0001     0.9108    -0.4870     2.3891     0.9068
[1] 15900.0000     0.0000     0.8841    -0.0394     1.9707     0.8192
[1] 16000.0000     0.0002     0.8124    -0.6710     2.6038     1.1160
[1] 16100.0000     0.0000     0.8125    -0.1565     2.1191     0.8885
[1] 16200.0000     0.0000     0.9466     0.1405     1.7712     0.9477
[1] 16300.0000     0.0000     0.9158    -0.4744     2.4803     0.9491
[1] 16400.0000     0.0000     0.9648     0.2629     1.7171     0.9493
[1] 16500.0000     0.6856     0.9407    -0.2408     2.2726     0.9877
[1] 16600.0000     0.0000     0.8294    -0.4693     2.4962     0.8835
[1] 16700.0000     0.0000     0.8462     0.3262     1.5981     0.9538
[1] 16800.0000     0.0000     0.8621     0.4608     1.4309     1.1596
[1] 1.690e+04 0.000e+00 9.254e-01 9.588e-01 9.906e-01 9.648e-01
[1] 17000.0000     0.0000     0.9790    -0.0068     2.0194     0.8822
[1] 17100.0000     0.0007     0.9305     1.2233     0.6439     0.9283
[1] 17200.0000     0.0000     0.9497     1.6516     0.2495     0.8252
[1] 17300.0000     1.0000     0.8396     0.6454     1.3136     1.0131
[1] 17400.0000     0.0000     0.8593     0.2032     1.8598     1.1450
[1] 17500.0000     0.0000     0.9677    -0.0674     2.0237     1.1479
[1] 17600.0000     0.0000     0.8280     0.1606     1.7673     1.1486
[1] 17700.0000     0.0000     0.8794     0.6645     1.2839     0.9707
[1] 17800.0000     0.0000     0.9383    -0.5569     2.6731     1.0084
[1] 17900.0000     0.0000     0.9083    -0.1617     2.1793     0.9495
[1] 18000.0000     1.0000     0.9109    -0.5191     2.5043     0.8712
[1] 18100.0000     0.0000     0.9981    -0.4507     2.4302     1.0670
[1] 18200.0000     0.0007     0.9706     0.4567     1.4667     0.8923
[1] 18300.0000     0.0000     0.9012     0.0840     1.8996     1.0710
[1] 18400.0000     0.0000     0.9529    -0.3961     2.4059     0.8173
[1] 18500.0000     0.0000     0.8451     0.7262     1.2751     0.9054
[1] 18600.0000     0.0000     0.8656    -0.0063     2.0126     0.8624
[1] 18700.0000     0.0000     0.8080    -0.2437     2.2371     0.9308
[1] 18800.0000     0.0000     0.8537     0.3000     1.7249     0.9005
[1] 18900.0000     0.0000     0.9918    -0.7846     2.6785     0.9887
[1] 19000.0000     0.0000     0.8366    -0.8478     2.8181     0.8015
[1] 19100.0000     0.0000     0.9451    -0.3801     2.2477     1.0897
[1] 19200.0000     0.0000     0.8001    -0.6597     2.6032     0.9641
[1] 19300.0000     0.0000     0.8035    -0.3428     2.2503     1.0886
[1] 19400.0000     0.0000     0.9330    -0.2983     2.2462     1.0363
[1] 19500.0000     0.0000     0.9654     0.2714     1.7173     0.9669
[1] 19600.0000     0.7451     0.9162    -1.1823     3.1863     0.8038
[1] 19700.0000     0.0000     0.8982    -0.2112     2.0838     1.1826
[1] 19800.0000     0.0000     0.9408     0.4508     1.5662     0.9927
[1] 19900.0000     0.0000     0.9981    -0.3778     2.3834     1.0280
[1] 20000.0000     0.0000     0.8708    -0.7737     2.7459     1.0213
[1] 20100.0000     0.0000     0.9080     0.2850     1.7153     1.0402
[1] 20200.0000     0.5709     0.9840    -1.0697     3.0045     1.1380
[1] 20300.0000     0.0000     0.9533    -0.3708     2.3369     0.8784
[1] 20400.0000     0.0007     0.9072    -0.4083     2.3206     0.9991
[1] 20500.0000     0.0000     0.9505    -1.1673     3.1782     0.9891
[1] 20600.0000     0.7640     0.9169    -0.0814     2.1041     1.1057
[1] 20700.0000     0.9046     0.8107     0.1913     1.7764     1.0874
[1] 20800.0000     0.0000     0.9606    -0.4482     2.4593     1.0886
[1] 20900.0000     0.0003     0.9109     0.4389     1.5414     0.9980
[1] 21000.0000     0.0000     0.9026     0.5583     1.3788     0.9886
[1] 21100.0000     0.0000     0.9732    -0.3148     2.2448     0.8253
[1] 21200.0000     0.4432     0.9704     0.7365     1.2761     1.1667
[1] 21300.0000     0.0000     0.9596    -0.1902     2.0668     1.0815
[1] 21400.0000     0.0000     0.9719     0.4151     1.5118     0.9071
[1] 21500.0000     0.0000     0.9375    -0.0173     1.9208     1.0777
[1] 21600.0000     0.0000     0.8420    -0.3133     2.2482     0.8926
[1] 21700.0000     0.0000     0.8258    -0.7705     2.7329     1.1265
[1] 21800.0000     0.0000     0.8709    -0.2612     2.2468     1.0601
[1] 21900.0000     0.0000     0.8416    -0.1841     2.2048     1.1370
[1] 22000.0000     0.0000     0.8850     0.9457     1.0054     0.9555
[1] 22100.0000     0.0000     0.9825    -0.2663     2.2312     1.1195
[1] 22200.0000     0.0000     0.9349    -0.1377     2.0120     0.9881
[1] 22300.0000     0.0012     0.8584     0.0900     1.8542     0.9367
[1] 22400.0000     0.0000     0.9494     0.1906     1.7301     0.9207
[1] 22500.0000     0.0004     0.9610     0.6388     1.2999     0.9963
[1] 2.260e+04 0.000e+00 8.858e-01 9.718e-01 1.111e+00 9.064e-01
[1] 22700.0000     0.0000     0.8271     0.2240     1.6561     1.1968
[1] 22800.0000     0.0099     0.8616    -0.2966     2.3779     1.1425
[1] 22900.0000     0.0000     0.9207     0.7652     1.1167     0.8362
[1] 23000.0000     0.0000     0.9652     0.0204     1.9387     1.0264
[1] 23100.0000     0.0000     0.9231    -0.4386     2.3446     0.8179
[1] 23200.0000     0.0000     0.9741    -0.2092     2.2306     1.1699
[1] 23300.0000     0.1030     0.8966    -0.0669     1.9916     1.0199
[1] 2.340e+04 0.000e+00 9.418e-01 2.479e-01 1.726e+00 8.205e-01
[1] 23500.0000     0.0000     0.8934    -1.1428     3.0378     1.1391
[1] 23600.0000     0.0000     0.8176     0.7730     1.1637     0.8266
[1] 23700.0000     0.0000     0.9977     0.7430     1.1936     0.9083
[1] 23800.0000     0.0000     0.9509     0.6507     1.1811     0.9516
[1] 23900.0000     0.0000     0.8157     0.3802     1.6036     0.8034
[1] 24000.0000     0.0000     0.9784    -0.1488     2.0344     0.8375
[1] 24100.0000     0.0000     0.8643    -1.8950     3.8283     0.9462
[1] 24200.0000     0.0000     0.8399    -0.1031     1.9325     1.0287
[1] 24300.0000     0.0000     0.9879    -0.7443     2.7063     1.1930
[1] 24400.0000     1.0000     0.9947     0.8552     1.1035     0.9697
[1] 24500.0000     0.0000     0.9064     0.8258     1.0903     0.8345
[1] 24600.0000     0.0000     0.9062     0.3185     1.6011     0.8877
[1] 24700.0000     0.0011     0.9025    -0.0964     2.0995     0.8040
[1] 24800.0000     0.0001     0.8109     0.2450     1.7263     1.1899
[1] 24900.0000     0.5556     0.8569    -1.0263     2.8430     1.1414
[1] 25000.0000     0.0002     0.9628    -0.1065     2.0740     0.9362
[1] 25100.0000     0.0000     0.9605     0.8042     1.1063     1.0743
[1] 25200.0000     0.0000     0.9435     0.2600     1.7115     1.0372
[1] 25300.0000     0.9784     0.8151     0.0463     1.8474     1.0748
[1] 25400.0000     1.0000     0.8988    -0.1262     2.0774     1.0888
[1] 25500.0000     0.0000     0.8147     0.6027     1.3354     1.1844
[1] 25600.0000     0.0000     0.8978     0.0931     1.8640     1.1142
[1] 25700.0000     0.0000     0.8662     0.1657     1.7903     1.1677
[1] 25800.0000     0.0000     0.8043    -0.7762     2.7149     0.8730
[1] 25900.0000     1.0000     0.8632    -0.2767     2.2265     1.1254
[1] 26000.0000     0.3715     0.9492    -0.5118     2.5782     1.0058
[1] 26100.0000     0.0000     0.9196     0.0366     1.8153     1.1722
[1] 26200.0000     0.0000     0.9768    -0.5982     2.4841     0.9801
[1] 26300.0000     0.0000     0.8530    -0.5329     2.5179     1.0678
[1] 26400.0000     0.0000     0.8767     0.3279     1.6471     0.8041
[1] 26500.0000     0.0643     0.8611    -0.1905     2.1386     1.1675
[1] 26600.0000     0.0000     0.9293    -1.1904     3.2913     0.8497
[1] 26700.0000     0.0000     0.8184     0.3429     1.6205     0.9177
[1] 26800.0000     0.0000     0.8448    -1.2291     3.1285     0.8652
[1] 26900.0000     0.0000     0.9184    -0.2589     2.1332     1.1619
[1] 27000.0000     0.0000     0.8280     0.0136     1.8832     0.9596
[1] 27100.0000     0.6560     0.8553     0.0575     1.8917     1.0993
[1] 2.720e+04 0.000e+00 8.802e-01 1.536e-01 1.799e+00 8.416e-01
[1] 27300.0000     0.0000     0.8270    -0.6894     2.6615     1.1347
[1] 27400.0000     0.0000     0.8182     0.4141     1.5897     1.1040
[1] 27500.0000     0.0000     0.8677     0.8466     1.1097     0.9516
[1] 27600.0000     0.0000     0.8732     1.4711     0.5295     0.9172
[1] 27700.0000     0.0000     0.8317     0.3548     1.5505     1.1846
[1] 27800.0000     0.0000     0.8338     0.4393     1.5176     0.9440
[1] 27900.0000     1.0000     0.8904    -0.2321     2.1817     0.9276
[1] 28000.0000     0.0000     0.8025    -0.7224     2.6907     0.9240
[1] 28100.0000     0.0000     0.9262     0.6287     1.3921     1.0710
[1] 28200.0000     0.0000     0.9683     0.1087     1.8516     0.8917
[1] 28300.0000     0.0000     0.9886    -0.7068     2.6322     1.1843
[1] 28400.0000     1.0000     0.9594    -0.0884     2.0574     0.8105
[1] 28500.0000     0.0000     0.8678     0.8294     1.1191     0.8688
[1] 28600.0000     0.0000     0.9856    -0.1186     1.9671     1.1641
[1] 28700.0000     0.0000     0.9675    -1.5224     3.5024     1.1579
[1] 28800.0000     0.0000     0.8104    -0.1018     2.0870     1.1940
[1] 28900.0000     0.0000     0.9137     0.3217     1.7577     0.8478
[1] 29000.0000     0.0000     0.9277    -0.7231     2.6639     1.1735
[1] 29100.0000     0.0000     0.9570    -0.2070     2.1813     0.9186
[1] 29200.0000     0.0327     0.9371     0.8743     1.0575     1.1436
[1] 29300.0000     0.0033     0.9749     1.0797     0.8466     0.9782
[1] 29400.0000     0.0000     0.9394     1.2140     0.6536     1.1754
[1] 29500.0000     0.0000     0.9697    -0.4184     2.3593     0.9614
[1] 29600.0000     0.0000     0.8335     0.6912     1.2588     1.1940
[1] 2.970e+04 0.000e+00 9.991e-01 2.660e-01 1.669e+00 9.357e-01
[1] 29800.0000     0.0000     0.9203    -0.9625     2.8918     0.9519
[1] 29900.0000     1.0000     0.9798    -0.4120     2.3706     1.0014
[1] 30000.0000     0.0000     0.9561     1.2544     0.6322     1.0811
[1] 0.07555698
Time difference of 4.392993 hours
null device 
          1 
