[1] "El numero de nodos X particion es: 10"
[1] "Model = M1 / Data = sim_data/datasetSVCMatern29.Rdata"
[1] 100.0000   1.0000   0.8291   0.0098   2.1036   0.9331
[1] 200.0000   0.6346   0.9804  -0.0639   1.9589   1.0297
[1] 300.0000   0.5957   0.8776  -0.2238   1.9462   1.0665
[1] 400.0000   0.1761   0.8477  -0.1939   1.8744   0.9308
[1] 500.0000   0.6245   0.8902  -0.2545   1.8250   0.8863
[1] 600.0000   0.0003   0.8891  -0.0702   1.9186   0.8464
[1] 700.0000   1.0000   0.8087  -0.2075   1.8974   1.0605
[1] 800.0000   0.7395   0.8830  -0.1613   1.9486   0.9772
[1] 900.0000   0.2296   0.9357  -0.2597   1.9647   1.0743
[1] 1000.0000    0.2002    0.8257   -0.0886    1.9466    0.8662
[1] 1100.0000    0.2397    0.8326   -0.2523    1.8380    1.0285
[1] 1200.0000    0.1748    0.8603   -0.1477    2.0500    0.9164
[1] 1300.0000    0.0574    0.9151   -0.2689    1.9494    0.9862
[1] 1400.0000    0.0000    0.9546   -0.3030    1.7769    0.8056
[1] 1500.0000    0.0000    0.9672   -0.0337    2.0588    1.1986
[1] 1600.0000    1.0000    0.9427   -0.1164    2.0231    1.0957
[1] 1700.0000    0.0000    0.9259   -0.1342    1.8815    1.0764
[1] 1800.0000    0.0000    0.9234   -0.0658    2.0930    1.1307
[1] 1900.0000    0.4195    0.9957    0.0202    2.0685    1.1822
[1] 2000.0000    0.1772    0.9978   -0.1359    1.9009    1.1535
[1] 2100.0000    1.0000    0.8081   -0.0571    2.0575    0.9300
[1] 2200.0000    0.7232    0.8580   -0.1296    1.9717    1.0161
[1] 2300.0000    0.0012    0.8377   -0.0943    1.9995    0.8487
[1] 2400.0000    0.2119    0.9764   -0.0404    1.9238    1.0594
[1] 2500.0000    0.3736    0.8529   -0.0092    2.1490    0.9541
[1] 2600.0000    0.1054    0.9658   -0.1982    1.9259    1.0023
[1] 2700.0000    0.0495    0.8044   -0.1474    1.9978    1.0835
[1] 2800.0000    0.2239    0.8906   -0.2307    1.9678    0.8787
[1] 2900.0000    0.0046    0.8994   -0.2725    1.8561    1.0050
[1] 3000.0000    0.0297    0.9297    0.0104    2.0661    1.1984
[1] 3100.0000    0.4543    0.8265   -0.0425    1.9861    1.1652
[1] 3200.0000    0.2599    0.9371    0.0123    2.0795    1.1278
[1] 3300.0000    0.0000    0.9877   -0.2449    1.8274    0.9428
[1] 3400.0000    0.0010    0.9079   -0.3114    1.7245    0.8348
[1] 3500.0000    1.0000    0.9338   -0.0670    2.1280    0.8830
[1] 3600.0000    0.1494    0.9027   -0.1435    1.9752    1.1569
[1] 3700.0000    0.0004    0.9950    0.0547    2.0449    1.0085
[1] 3800.0000    0.0001    0.8653   -0.2420    1.8247    0.9884
[1] 3900.0000    0.0084    0.8514   -0.2533    1.8569    1.1876
[1] 4000.0000    0.2896    0.9388   -0.2010    1.7512    0.8131
[1] 4100.0000    0.3223    0.9193   -0.0169    2.0188    1.0337
[1] 4200.0000    0.7801    0.9756   -0.1656    1.9534    0.9752
[1] 4300.0000    0.0000    0.8627   -0.0758    2.0150    0.9122
[1] 4400.0000    0.2492    0.9571   -0.0058    2.0495    0.9932
[1] 4500.0000    0.7587    0.8410    0.0226    2.1485    1.1520
[1] 4600.0000    0.1305    0.8009   -0.2334    1.8311    0.9214
[1] 4700.0000    0.0000    0.9709    0.1027    2.1574    1.0444
[1] 4800.0000    0.1291    0.8985   -0.1107    1.9839    0.9827
[1] 4900.0000    0.4374    0.8201    0.1784    2.2065    1.1747
[1] 5000.0000    1.0000    0.9273   -0.1485    1.8983    1.0348
[1] 5100.0000    0.5783    0.8496   -0.0993    2.0651    0.8317
[1] 5200.0000    0.0022    0.8350   -0.0407    2.1862    1.0935
[1] 5300.0000    1.0000    0.8379   -0.0930    1.9309    1.0434
[1] 5400.0000    1.0000    0.8515   -0.0648    2.0505    1.1120
[1] 5500.0000    0.6840    0.9295   -0.1104    1.8639    1.1335
[1] 5600.0000    0.0517    0.8407   -0.4543    1.7929    1.1085
[1] 5700.0000    0.7916    0.8882   -0.2156    1.9069    1.0651
[1] 5800.0000    0.4123    0.8520   -0.0158    2.1024    1.0482
[1] 5900.0000    0.2952    0.8706   -0.1871    1.8790    1.1672
[1] 6000.0000    0.2473    0.8273   -0.1644    1.8346    0.8750
[1] 6100.0000    0.0711    0.9517    0.1069    2.1315    0.9216
[1] 6200.0000    1.0000    0.8336   -0.3850    1.6838    0.9759
[1] 6300.0000    0.0191    0.8959   -0.2172    1.9561    1.1826
[1] 6400.0000    0.3325    0.9022   -0.1138    1.8624    0.8332
[1] 6500.0000    0.0427    0.8697   -0.2263    1.9040    0.9040
[1] 6600.0000    0.0235    0.8918   -0.2792    1.8485    1.0184
[1] 6700.0000    0.0002    0.9726   -0.2340    1.8477    1.0730
[1] 6800.0000    1.0000    0.8496   -0.0929    2.0292    0.9728
[1] 6900.0000    0.1180    0.8556   -0.2083    1.8925    1.1638
[1] 7000.0000    0.0010    0.8011   -0.1519    1.9174    1.0228
[1] 7100.0000    0.9352    0.8440   -0.1695    1.8341    0.9302
[1] 7200.0000    0.0004    0.9645   -0.0608    1.9758    0.9109
[1] 7300.0000    0.0005    0.8821   -0.2080    1.9450    0.9361
[1] 7400.0000    0.0000    0.8164   -0.2620    1.7533    0.8600
[1] 7500.0000    0.2896    0.9538    0.1058    2.1266    1.0728
[1] 7600.0000    0.1107    0.8511   -0.1163    1.9736    1.0027
[1] 7700.0000    0.0039    0.8552   -0.3204    1.7436    1.0850
[1] 7800.0000    0.0004    0.8139   -0.2073    1.8975    0.8702
[1] 7900.0000    0.2224    0.8037   -0.2651    1.8897    1.1632
[1] 8000.0000    0.4512    0.9186   -0.3276    1.6834    1.0026
[1] 8100.0000    0.4426    0.8687   -0.1702    1.9486    1.0506
[1] 8200.0000    0.0000    0.9273   -0.0030    2.0249    0.9041
[1] 8300.0000    0.0012    0.8896    0.1061    2.1543    1.1748
[1] 8400.0000    1.0000    0.9278   -0.0889    1.9804    0.8107
[1] 8500.0000    0.0033    0.8716   -0.2464    1.8626    1.1821
[1] 8600.0000    0.2877    0.9835   -0.0284    2.0914    0.9563
[1] 8700.0000    0.8591    0.8293   -0.1329    1.8725    0.8767
[1] 8800.0000    0.9927    0.9324   -0.0947    1.9940    0.8066
[1] 8900.0000    0.6841    0.9431   -0.3878    1.7987    1.1381
[1] 9000.0000    0.1192    0.9025   -0.0809    1.9828    0.9096
[1] 9100.0000    0.1616    0.8799    0.0080    2.0710    0.8591
[1] 9200.0000    1.0000    0.9069   -0.1431    2.0110    1.1995
[1] 9300.0000    0.0016    0.9856   -0.1925    1.8369    1.1370
[1] 9400.0000    0.0673    0.9943    0.1704    2.0450    1.0986
[1] 9500.0000    0.0000    0.9329   -0.2223    1.9598    0.8817
[1] 9600.0000    0.5104    0.8862   -0.2390    1.8225    0.8406
[1] 9700.0000    0.1169    0.8614   -0.1399    1.9299    0.9692
[1] 9800.0000    0.2397    0.8196   -0.1679    1.8545    0.9680
[1] 9900.0000    0.0000    0.9529    0.2267    2.0990    0.9335
[1] 10000.0000     1.0000     0.8618    -0.1221     1.8803     0.8032
[1] 10100.0000     1.0000     0.9049    -0.0547     2.0027     1.0751
[1] 10200.0000     0.0045     0.9084    -0.1545     1.8435     0.8386
[1] 10300.0000     0.0104     0.8120     0.0698     2.0292     0.8804
[1] 10400.0000     0.1973     0.9337    -0.0270     1.9941     1.0990
[1] 10500.0000     1.0000     0.8159     0.0640     2.0248     1.1284
[1] 10600.0000     0.4741     0.8330    -0.0005     2.1667     0.9483
[1] 10700.0000     0.0684     0.8531    -0.2515     1.9223     0.8181
[1] 10800.0000     0.5654     0.8541    -0.1178     2.0437     0.9792
[1] 10900.0000     0.0000     0.8264    -0.0438     2.1346     1.1140
[1] 11000.0000     0.5293     0.8012    -0.1935     1.9673     0.9407
[1] 11100.0000     0.0014     0.8902    -0.0376     2.0507     0.9114
[1] 11200.0000     0.9814     0.9412    -0.1903     1.9171     0.8257
[1] 11300.0000     0.3051     0.9738    -0.2958     1.7532     1.1215
[1] 11400.0000     0.8676     0.9866    -0.2197     1.8489     0.8664
[1] 11500.0000     0.0000     0.9311    -0.2020     1.9624     0.8792
[1] 11600.0000     1.0000     0.9382    -0.3666     1.7505     0.8033
[1] 11700.0000     0.4625     0.9810    -0.3715     1.8502     0.9386
[1] 11800.0000     0.0254     0.9849    -0.1903     1.8066     1.0283
[1] 11900.0000     0.4494     0.8272    -0.0500     1.9671     0.8962
[1] 12000.0000     0.0046     0.8543    -0.2783     1.8317     1.1591
[1] 12100.0000     0.4683     0.9452    -0.0490     1.9809     0.8400
[1] 12200.0000     0.0028     0.8279    -0.1248     1.8349     0.8199
[1] 12300.0000     0.0367     0.8229    -0.0179     1.9885     0.9137
[1] 12400.0000     0.7650     0.8046    -0.2419     1.7742     0.8797
[1] 12500.0000     0.0507     0.8185     0.1014     2.1461     0.9052
[1] 12600.0000     0.0066     0.9787    -0.0266     2.0658     0.8332
[1] 12700.0000     0.0000     0.9486     0.0563     2.0913     0.8166
[1] 12800.0000     0.0062     0.9108    -0.1936     1.8698     1.0765
[1] 12900.0000     0.0421     0.8554    -0.5252     1.5978     0.9712
[1] 13000.0000     0.0051     0.8840    -0.0090     1.9880     1.1100
[1] 13100.0000     0.0077     0.9404    -0.2107     1.8483     0.9822
[1] 13200.0000     0.0023     0.9589    -0.2918     1.7395     1.1555
[1] 13300.0000     0.0275     0.9324     0.1773     2.2267     1.1427
[1] 13400.0000     0.0000     0.9801     0.1722     2.0587     1.0073
[1] 13500.0000     0.0001     0.8240    -0.1687     1.9489     1.0099
[1] 13600.0000     0.0134     0.8917    -0.0897     1.8660     1.0301
[1] 13700.0000     1.0000     0.8314    -0.1013     1.9868     0.8589
[1] 13800.0000     0.0000     0.8418    -0.2717     1.7964     1.1127
[1] 13900.0000     0.8866     0.8104    -0.2200     1.8831     0.8994
[1] 14000.0000     0.8424     0.9598    -0.0701     1.9073     0.8043
[1] 14100.0000     0.0001     0.9236     0.0145     2.0731     0.9106
[1] 14200.0000     0.1060     0.9171    -0.0737     1.9358     0.8964
[1] 14300.0000     0.0210     0.8359    -0.3170     1.8009     1.0907
[1] 14400.0000     0.7205     0.8984    -0.1127     2.0015     1.1866
[1] 14500.0000     0.0001     0.8302    -0.0959     1.9853     1.1813
[1] 14600.0000     0.0000     0.8329    -0.2015     1.8808     0.9630
[1] 14700.0000     1.0000     0.8840    -0.0965     1.9236     1.0394
[1] 14800.0000     0.0000     0.8106    -0.2657     1.9289     1.0978
[1] 14900.0000     0.5767     0.9485    -0.1486     2.0110     1.1960
[1] 15000.0000     0.0000     0.9486    -0.2424     1.8497     0.9418
[1] 15100.0000     0.0561     0.9112    -0.1926     1.9228     1.0503
[1] 15200.0000     0.2315     0.9896     0.0540     2.0649     1.1186
[1] 15300.0000     0.1948     0.8856    -0.0117     2.0719     0.9730
[1] 15400.0000     0.4741     0.8005    -0.0016     2.1164     0.8812
[1] 15500.0000     0.7619     0.8761    -0.0933     1.8738     0.9901
[1] 15600.0000     0.5826     0.9912    -0.1794     1.8892     1.0551
[1] 15700.0000     0.0001     0.8668     0.0263     2.0627     1.0399
[1] 15800.0000     0.0094     0.9670    -0.2997     1.7554     1.0411
[1] 15900.0000     0.0000     0.9524    -0.0042     2.1246     1.0855
[1] 16000.0000     0.5636     0.9761    -0.2880     1.8548     1.0600
[1] 16100.0000     1.0000     0.9477    -0.2472     1.8397     0.9420
[1] 16200.0000     1.0000     0.8455    -0.2018     1.8945     1.0509
[1] 16300.0000     0.0248     0.9320    -0.1553     1.9359     1.0407
[1] 16400.0000     0.1796     0.8090    -0.1983     1.8936     0.8978
[1] 16500.0000     0.0907     0.9894    -0.0293     2.0557     0.9222
[1] 16600.0000     1.0000     0.9292    -0.3339     1.7850     1.0485
[1] 16700.0000     0.0157     0.9287    -0.0058     2.1991     0.9633
[1] 16800.0000     0.0293     0.8165    -0.3522     1.7519     1.0376
[1] 16900.0000     0.1101     0.8221    -0.1146     1.8852     1.1575
[1] 17000.0000     0.6341     0.8355     0.0576     2.0751     0.9526
[1] 17100.0000     0.0702     0.9483     0.0952     2.1456     0.9775
[1] 17200.0000     0.2504     0.9233    -0.3581     1.7251     0.8592
[1] 17300.0000     0.1399     0.9116    -0.2805     1.7988     0.8190
[1] 17400.0000     0.6556     0.9623    -0.0614     2.1077     1.1696
[1] 17500.0000     1.0000     0.9645    -0.1919     1.8245     0.9956
[1] 17600.0000     0.0038     0.9193    -0.0226     2.0213     0.8193
[1] 17700.0000     0.0262     0.8922    -0.0850     1.9303     1.0234
[1] 17800.0000     1.0000     0.9968    -0.1311     1.9545     0.8268
[1] 17900.0000     0.0008     0.8644    -0.1064     2.0116     1.0507
[1] 18000.0000     0.9581     0.9109    -0.0680     1.9619     0.8712
[1] 18100.0000     0.0725     0.8667    -0.1026     1.9378     1.1867
[1] 18200.0000     1.0000     0.8073     0.1091     2.1536     0.9256
[1] 18300.0000     0.0231     0.9241    -0.1795     1.9150     1.0908
[1] 18400.0000     0.0064     0.9243    -0.3259     1.9302     1.1066
[1] 18500.0000     0.0135     0.8611    -0.1884     2.0150     0.9812
[1] 18600.0000     0.0448     0.8932    -0.1098     2.0091     0.8460
[1] 18700.0000     0.6339     0.9071    -0.0203     2.0772     1.1143
[1] 18800.0000     0.0087     0.9415    -0.1721     1.9758     0.8205
[1] 18900.0000     0.0000     0.8297    -0.1193     1.9814     0.8354
[1] 19000.0000     1.0000     0.8087     0.0643     2.0911     1.1060
[1] 19100.0000     0.4009     0.9272    -0.3477     1.8820     0.8583
[1] 19200.0000     0.7045     0.8319    -0.3052     1.7169     1.0132
[1] 19300.0000     0.1093     0.8940     0.0655     2.0299     1.1248
[1] 19400.0000     0.0445     0.8040    -0.2123     1.8457     1.1551
[1] 19500.0000     0.0004     0.8243     0.1234     2.1139     0.8751
[1] 19600.0000     0.1527     0.8098    -0.1005     1.9898     1.1951
[1] 19700.0000     0.0086     0.8143    -0.0060     2.0065     0.8081
[1] 19800.0000     0.2482     0.8317    -0.0008     2.0473     1.0742
[1] 19900.0000     0.2203     0.9981     0.0797     2.2025     1.0280
[1] 20000.0000     0.2161     0.9729    -0.2604     1.8744     0.8904
[1] 20100.0000     0.0000     0.9102     0.0515     2.1427     1.0384
[1] 20200.0000     0.1785     0.9282     0.0731     2.1037     0.9678
[1] 20300.0000     0.0340     0.9533    -0.3324     1.7800     0.8784
[1] 20400.0000     1.0000     0.8446    -0.1404     1.8888     1.0333
[1] 20500.0000     0.0010     0.8964    -0.1625     1.9887     1.1285
[1] 20600.0000     0.1220     0.9219    -0.1641     1.9577     1.0848
[1] 20700.0000     0.8270     0.8107     0.1437     2.1326     1.0874
[1] 20800.0000     1.0000     0.9981    -0.0085     2.1519     1.0246
[1] 20900.0000     0.0000     0.8285    -0.0705     2.0069     0.8493
[1] 21000.0000     0.5055     0.8708    -0.1071     1.9826     1.1617
[1] 21100.0000     0.1802     0.9291    -0.1206     1.9318     1.1428
[1] 21200.0000     0.3406     0.8263    -0.0738     1.9817     1.1324
[1] 21300.0000     0.0004     0.8214    -0.0476     1.9034     1.0391
[1] 21400.0000     1.0000     0.8276     0.0667     2.1031     0.8233
[1] 21500.0000     0.0348     0.8906    -0.0898     2.0331     0.8206
[1] 21600.0000     0.2010     0.8069    -0.1970     1.9016     0.8555
[1] 21700.0000     0.1120     0.9973    -0.2707     1.8167     0.9605
[1] 21800.0000     0.5760     0.8778    -0.0126     2.1639     1.0685
[1] 21900.0000     0.2282     0.9598     0.0868     2.1739     0.8497
[1] 22000.0000     0.1247     0.8850    -0.0483     1.9439     0.9555
[1] 22100.0000     0.0100     0.8953    -0.0225     2.1224     0.9321
[1] 22200.0000     0.1954     0.8918    -0.2941     1.8643     1.1042
[1] 22300.0000     0.0044     0.8289    -0.3136     1.8769     0.9998
[1] 22400.0000     1.0000     0.9971    -0.0312     2.0501     0.9354
[1] 22500.0000     0.0064     0.8239    -0.1474     2.0203     1.1368
[1] 22600.0000     0.0042     0.9196     0.0016     2.0475     1.0596
[1] 22700.0000     0.0016     0.8271    -0.2356     1.8128     1.1968
[1] 22800.0000     0.1052     0.8972    -0.1429     1.8063     1.0231
[1] 22900.0000     0.1079     0.8804    -0.2483     1.8726     0.9211
[1] 23000.0000     0.0000     0.8997    -0.0195     1.9054     0.9381
[1] 23100.0000     0.3702     0.8119     0.0526     2.0550     1.0551
[1] 23200.0000     0.0861     0.9573    -0.0101     2.0826     1.0522
[1] 23300.0000     0.0000     0.8508    -0.0335     1.9976     0.8720
[1] 23400.0000     0.5908     0.8888    -0.0374     1.9465     1.0444
[1] 23500.0000     0.7764     0.8934    -0.0461     2.0914     1.1391
[1] 23600.0000     1.0000     0.8573    -0.1789     1.9870     0.9429
[1] 23700.0000     0.4750     0.8580    -0.1265     1.9274     0.8494
[1] 23800.0000     0.8343     0.9299    -0.1699     1.8094     1.0580
[1] 23900.0000     1.0000     0.8722    -0.0700     1.9659     0.8735
[1] 24000.0000     0.0552     0.9851    -0.0799     2.0009     1.0873
[1] 24100.0000     1.0000     0.9214    -0.3525     1.8181     0.8541
[1] 24200.0000     0.0692     0.8467    -0.2556     1.8868     0.8230
[1] 24300.0000     0.7757     0.8163    -0.0478     2.0761     1.0906
[1] 24400.0000     0.1236     0.8950    -0.1952     1.8906     0.9027
[1] 24500.0000     0.0463     0.8969    -0.1444     1.9491     1.0480
[1] 24600.0000     0.0000     0.9866    -0.1372     1.9622     1.1519
[1] 24700.0000     0.1884     0.8340    -0.0500     2.0125     1.1974
[1] 24800.0000     0.0005     0.8460    -0.1048     1.9993     0.9489
[1] 24900.0000     0.0110     0.9126    -0.1251     2.1019     1.0268
[1] 25000.0000     1.0000     0.8801    -0.0484     2.0427     0.8235
[1] 25100.0000     0.4246     0.8622    -0.0396     2.0095     0.8281
[1] 25200.0000     0.1354     0.8495    -0.1219     2.0170     1.1739
[1] 25300.0000     0.0054     0.9779    -0.0973     1.9808     0.8977
[1] 25400.0000     0.0689     0.9621    -0.3621     1.7468     0.9516
[1] 25500.0000     0.0154     0.8417    -0.1507     1.7749     0.8432
[1] 2.560e+04 6.060e-02 9.926e-01 1.184e-01 2.113e+00 9.855e-01
[1] 25700.0000     0.3538     0.8976    -0.2940     1.9310     0.9408
[1] 25800.0000     0.2438     0.8606    -0.1948     1.8631     0.8978
[1] 25900.0000     0.0009     0.8683    -0.0830     1.9170     0.8098
[1] 26000.0000     0.4510     0.9492    -0.2105     1.7927     1.0058
[1] 26100.0000     0.0658     0.8951    -0.1506     2.0007     0.8249
[1] 26200.0000     0.9672     0.8601    -0.1247     2.0127     0.9041
[1] 26300.0000     1.0000     0.8623    -0.2882     1.8947     1.0835
[1] 26400.0000     0.0711     0.8855     0.1172     2.0531     1.0131
[1] 26500.0000     0.0931     0.8034    -0.4429     1.6887     1.1338
[1] 26600.0000     0.1893     0.8720    -0.3816     1.7150     0.9170
[1] 26700.0000     0.0505     0.9721    -0.1425     1.9584     0.8075
[1] 26800.0000     0.2348     0.8173    -0.0318     2.0645     0.9752
[1] 26900.0000     0.0069     0.9241     0.0005     2.0613     1.0646
[1] 27000.0000     1.0000     0.8977    -0.1499     1.9721     0.8661
[1] 27100.0000     0.0035     0.8095    -0.0752     1.9404     1.0497
[1] 27200.0000     0.0004     0.9713    -0.2714     1.9563     1.0324
[1] 27300.0000     0.0050     0.9608    -0.2058     1.8897     0.8492
[1] 27400.0000     0.1476     0.8725    -0.2295     1.8238     1.1899
[1] 27500.0000     1.0000     0.8366    -0.0964     1.9698     1.0805
[1] 27600.0000     0.0124     0.9931    -0.1139     1.9635     0.8297
[1] 27700.0000     0.0161     0.8620     0.1720     2.3062     1.0941
[1] 27800.0000     0.0000     0.8358     0.0272     2.1137     1.1051
[1] 27900.0000     0.5489     0.8774     0.0235     2.0617     1.0564
[1] 28000.0000     0.0000     0.9003    -0.0444     2.0608     0.9918
[1] 28100.0000     0.0000     0.9262    -0.2573     1.8667     1.0710
[1] 28200.0000     0.5991     0.9342     0.0768     2.1640     1.1245
[1] 28300.0000     0.0087     0.8937    -0.2630     1.8045     1.0178
[1] 28400.0000     1.0000     0.9594    -0.1145     1.9376     0.8105
[1] 28500.0000     1.0000     0.8206    -0.0819     2.0326     1.0447
[1] 28600.0000     0.0007     0.9775    -0.1861     1.9138     0.9079
[1] 28700.0000     0.2639     0.8764    -0.0596     1.9717     1.0464
[1] 28800.0000     1.0000     0.9743    -0.0241     2.0934     0.8723
[1] 28900.0000     0.3990     0.8662    -0.3282     1.8296     0.8550
[1] 29000.0000     1.0000     0.8095    -0.0448     1.9799     1.0816
[1] 29100.0000     0.0154     0.8648    -0.0565     2.0053     0.8680
[1] 29200.0000     0.0000     0.8470    -0.3232     1.7820     0.8568
[1] 29300.0000     0.0527     0.9373    -0.1090     1.9012     0.8252
[1] 29400.0000     0.0385     0.9512    -0.0394     1.9371     1.1262
[1] 29500.0000     0.3740     0.9853    -0.0502     1.9219     0.8054
[1] 29600.0000     0.0005     0.8267    -0.0438     2.0865     1.0464
[1] 29700.0000     0.0267     0.8203    -0.2067     1.8445     1.1249
[1] 29800.0000     1.0000     0.8701    -0.2220     1.9549     0.8024
[1] 29900.0000     0.5576     0.9798    -0.0944     1.9159     1.0014
[1] 30000.0000     0.0611     0.8172    -0.1731     1.8780     1.1626
[1] 0.349626
Time difference of 4.463816 hours
null device 
          1 
