[1] "El numero de nodos X particion es: 10"
[1] "Model = M2 / Data = sim_data/datasetSVIMatern27.Rdata"
[1] 100.0000   1.0000   0.8291   0.1188   1.9352   0.9331
[1] 200.0000   0.0003   0.8487   0.2112   1.7870   0.8384
[1] 300.0000   0.8790   0.8776   0.0364   2.0328   1.0665
[1] 400.0000   0.0111   0.9217  -0.2606   2.2632   0.9692
[1] 500.0000   0.0000   0.8380   0.1260   1.9789   0.8203
[1] 600.0000   0.4169   0.9748  -0.0631   2.0053   1.0386
[1] 700.0000   0.1165   0.9506   0.0169   1.9999   1.0413
[1] 800.0000   0.0000   0.8728   0.0639   1.9695   0.9084
[1] 900.0000   0.0001   0.8086  -0.1805   2.0947   0.9130
[1] 1000.0000    0.0000    0.8209   -0.0584    2.0738    0.9374
[1] 1100.0000    0.0000    0.9319    0.5028    1.4483    0.8930
[1] 1200.0000    0.3921    0.8603    0.3860    1.7396    0.9164
[1] 1300.0000    0.3148    0.8617   -0.2445    2.1891    1.0550
[1] 1400.0000    0.0000    0.9303   -0.6398    2.6535    1.1894
[1] 1500.0000    0.0009    0.9584    0.2651    1.7729    1.0940
[1] 1600.0000    0.0000    0.9098   -0.2519    2.2973    0.9715
[1] 1700.0000    0.0000    0.8745   -0.4410    2.5238    0.9148
[1] 1800.0000    0.0000    0.9376    0.3235    1.7065    0.8302
[1] 1900.0000    0.0000    0.9875   -0.4400    2.4631    0.8532
[1] 2000.0000    0.0000    0.9870    0.0162    2.0668    0.9024
[1] 2100.0000    0.0000    0.9401    0.0247    1.9320    1.0501
[1] 2200.0000    0.0000    0.8668    0.0340    2.0272    1.0989
[1] 2300.0000    0.0001    0.8951    0.1066    1.8415    0.9529
[1] 2400.0000    0.0000    0.9355    0.0024    2.0290    1.1578
[1] 2500.0000    0.0620    0.9668   -0.1740    2.1417    0.8029
[1] 2600.0000    0.0000    0.8617   -0.0540    2.0051    0.8044
[1] 2700.0000    0.0000    0.8492   -0.2080    2.2598    0.9140
[1] 2800.0000    0.0516    0.9386    0.2723    1.7251    0.8695
[1] 2900.0000    0.0022    0.9982   -0.3292    2.3062    0.9626
[1] 3000.0000    0.0000    0.8454   -0.2071    2.2442    0.9669
[1] 3100.0000    0.0000    0.9411   -0.0598    2.0252    0.9915
[1] 3200.0000    0.0000    0.8205    0.3987    1.5838    0.8873
[1] 3300.0000    0.0000    0.9797   -0.0709    1.9074    1.0744
