[1] "El numero de nodos X particion es: 10"
[1] "Model = M2 / Data = sim_data/datasetSVCExponential17.Rdata"
[1] 100.0000   0.0000   0.9200  -0.0332   1.4254   0.9288
[1] 200.0000   0.0030   0.8978  -0.5236   1.4371   1.1539
[1] 300.0000   0.0653   0.8776  -0.6240   1.5270   1.0665
[1] 400.0000   0.0002   0.9739  -0.5775   1.4291   0.9991
[1] 500.0000   0.0014   0.8922  -0.5189   1.5255   1.0611
[1] 600.0000   0.0063   0.8693  -0.4734   1.4950   1.0610
[1] 700.0000   0.0310   0.9315  -0.5489   1.5027   1.1042
[1] 800.0000   0.0053   0.9840  -0.5401   1.4417   0.9131
[1] 900.0000   1.0000   0.9357  -0.6284   1.4733   1.0743
[1] 1000.0000    0.0000    0.8209   -0.5477    1.3897    0.9374
[1] 1100.0000    0.0014    0.9031   -0.6988    1.4323    1.0781
[1] 1200.0000    1.0000    0.8603   -0.6106    1.4329    0.9164
[1] 1300.0000    0.1334    0.9151   -0.5844    1.4705    0.9862
[1] 1400.0000    0.0000    0.9303   -0.6792    1.3555    1.1894
[1] 1500.0000    0.0000    0.9694   -0.5158    1.2783    1.1238
[1] 1600.0000    0.0084    0.9998   -0.5239    1.4764    1.1214
[1] 1700.0000    0.2230    0.8185   -0.5409    1.2929    1.1630
[1] 1800.0000    0.0082    0.9234   -0.4420    1.4272    1.1307
[1] 1900.0000    0.0517    0.9957   -0.5981    1.4122    1.1822
[1] 2000.0000    0.2695    0.8821   -0.5959    1.3768    0.8614
[1] 2100.0000    0.0001    0.8660   -0.5747    1.4116    1.0019
[1] 2200.0000    0.2819    0.8580   -0.5819    1.4448    1.0161
[1] 2300.0000    1.0000    0.9707   -0.5358    1.3450    1.1994
[1] 2400.0000    0.2157    0.9764   -0.4639    1.3633    1.0594
[1] 2500.0000    1.0000    0.9002   -0.5172    1.3845    1.1531
[1] 2600.0000    0.0043    0.8617   -0.5735    1.3365    0.8044
[1] 2700.0000    0.1236    0.9335   -0.5493    1.4504    0.9591
[1] 2800.0000    0.3843    0.8906   -0.6374    1.4296    0.8787
[1] 2900.0000    1.0000    0.9145   -0.5406    1.3332    0.9304
[1] 3000.0000    0.0112    0.9117   -0.5715    1.4466    1.1268
[1] 3100.0000    0.1013    0.8476   -0.5655    1.4132    1.1528
[1] 3200.0000    0.5788    0.9676   -0.6070    1.2985    1.1339
[1] 3300.0000    0.0098    0.9877   -0.6465    1.3289    0.9428
[1] 3400.0000    0.0314    0.9515   -0.6053    1.2784    1.1198
[1] 3500.0000    1.0000    0.9338   -0.6288    1.4598    0.8830
[1] 3600.0000    0.1933    0.9027   -0.6193    1.4270    1.1569
[1] 3700.0000    0.0122    0.9950   -0.4819    1.3903    1.0085
[1] 3800.0000    0.0077    0.8653   -0.6178    1.2851    0.9884
[1] 3900.0000    0.0253    0.9837   -0.6053    1.4166    1.1370
[1] 4000.0000    1.0000    0.9388   -0.4743    1.3496    0.8131
[1] 4100.0000    0.8346    0.8388   -0.4815    1.4021    0.8864
[1] 4200.0000    0.0099    0.9756   -0.6399    1.4140    0.9752
[1] 4300.0000    0.0005    0.9986   -0.5394    1.4485    0.9026
[1] 4400.0000    0.0966    0.8077   -0.5296    1.4969    1.0029
[1] 4500.0000    0.4612    0.8410   -0.5372    1.5196    1.1520
[1] 4600.0000    0.1360    0.8039   -0.5135    1.4018    1.1669
[1] 4700.0000    0.0027    0.9863   -0.4922    1.3891    1.1102
[1] 4800.0000    0.0008    0.8985   -0.5793    1.4702    0.9827
[1] 4900.0000    0.0950    0.9222   -0.5242    1.4828    0.9837
[1] 5000.0000    0.8508    0.9273   -0.5278    1.3753    1.0348
[1] 5100.0000    0.3062    0.9679   -0.5368    1.3805    1.1951
[1] 5200.0000    0.1362    0.8350   -0.6330    1.4845    1.0935
[1] 5300.0000    1.0000    0.8379   -0.5837    1.3424    1.0434
[1] 5400.0000    0.9055    0.8515   -0.5658    1.3787    1.1120
[1] 5500.0000    0.0569    0.8940   -0.5781    1.4155    1.1671
[1] 5600.0000    0.0051    0.9328   -0.6465    1.4997    1.1365
[1] 5700.0000    0.2815    0.9403   -0.5521    1.3774    0.9236
[1] 5800.0000    0.8815    0.8520   -0.5783    1.4686    1.0482
[1] 5900.0000    0.1746    0.9276   -0.5667    1.3842    1.1635
[1] 6000.0000    0.0000    0.9432   -0.7011    1.4639    0.9611
[1] 6100.0000    0.0015    0.9025   -0.4354    1.3914    0.9119
[1] 6200.0000    0.4634    0.8336   -0.4304    1.2821    0.9759
[1] 6300.0000    0.0199    0.9569   -0.5625    1.4897    0.8080
[1] 6400.0000    0.2597    0.9022   -0.5769    1.3117    0.8332
[1] 6500.0000    1.0000    0.9478   -0.5713    1.3774    1.0656
[1] 6600.0000    0.0024    0.8918   -0.6966    1.4225    1.0184
[1] 6700.0000    0.0071    0.9726   -0.5946    1.2814    1.0730
[1] 6800.0000    0.4005    0.9525   -0.6193    1.3899    0.9997
[1] 6900.0000    1.0000    0.9401   -0.6394    1.3539    0.9220
[1] 7000.0000    0.0534    0.9977   -0.5512    1.3840    1.0944
[1] 7100.0000    0.3771    0.8440   -0.5544    1.5105    0.9302
[1] 7200.0000    0.1972    0.8343   -0.6212    1.3643    0.9512
[1] 7300.0000    0.9001    0.9616   -0.5911    1.4616    0.8824
[1] 7400.0000    0.5938    0.9257   -0.6809    1.4152    1.0951
[1] 7500.0000    0.0789    0.9538   -0.4632    1.4285    1.0728
[1] 7600.0000    0.4542    0.8898   -0.5255    1.3122    1.1032
[1] 7700.0000    0.4739    0.9975   -0.5154    1.3710    1.1871
[1] 7800.0000    0.1022    0.9829   -0.5650    1.4122    1.0003
[1] 7900.0000    0.1453    0.8037   -0.5734    1.3600    1.1632
[1] 8000.0000    0.2112    0.9186   -0.6266    1.2801    1.0026
[1] 8100.0000    0.0005    0.9605   -0.4956    1.4918    0.9407
[1] 8200.0000    0.0332    0.9273   -0.5602    1.4807    0.9041
[1] 8300.0000    0.4079    0.9009   -0.5548    1.5412    1.0589
[1] 8400.0000    0.4086    0.9658   -0.6468    1.4094    0.9286
[1] 8500.0000    0.0104    0.9939   -0.6220    1.3515    1.0648
[1] 8600.0000    0.1791    0.9564   -0.6417    1.4796    0.9963
[1] 8700.0000    1.0000    0.8293   -0.6073    1.3792    0.8767
[1] 8800.0000    0.8106    0.9324   -0.5393    1.4686    0.8066
[1] 8900.0000    1.0000    0.9431   -0.5503    1.3888    1.1381
[1] 9000.0000    1.0000    0.9825   -0.6512    1.3568    1.0066
[1] 9100.0000    1.0000    0.9156   -0.6006    1.4108    1.0916
[1] 9200.0000    1.0000    0.9069   -0.5570    1.3697    1.1995
[1] 9300.0000    0.0008    0.9270   -0.4929    1.4853    1.1117
[1] 9400.0000    0.8027    0.8662   -0.4907    1.3795    0.8284
[1] 9500.0000    0.0576    0.8817   -0.5538    1.3969    1.0875
[1] 9600.0000    1.0000    0.9566   -0.5691    1.4531    1.1182
[1] 9700.0000    0.0227    0.8614   -0.4791    1.3240    0.9692
[1] 9800.0000    0.2074    0.9462   -0.5652    1.3474    1.1275
[1] 9900.0000    0.0000    0.9529   -0.5559    1.3015    0.9335
[1] 10000.0000     0.7525     0.8618    -0.6627     1.3431     0.8032
[1] 10100.0000     1.0000     0.9049    -0.5457     1.4838     1.0751
[1] 10200.0000     0.2714     0.9808    -0.7192     1.3802     0.8342
[1] 10300.0000     0.2070     0.8120    -0.5093     1.3071     0.8804
[1] 10400.0000     0.0019     0.9274    -0.5352     1.4415     0.8733
[1] 10500.0000     1.0000     0.8159    -0.5730     1.4426     1.1284
[1] 10600.0000     1.0000     0.8189    -0.5884     1.3994     1.1530
[1] 10700.0000     0.4969     0.8531    -0.6263     1.4298     0.8181
[1] 10800.0000     0.4286     0.9785    -0.5618     1.4008     1.1554
[1] 10900.0000     0.0435     0.8264    -0.5429     1.4699     1.1140
[1] 11000.0000     0.1858     0.8012    -0.5849     1.5283     0.9407
[1] 11100.0000     0.0363     0.8902    -0.5073     1.5111     0.9114
[1] 11200.0000     0.8012     0.9412    -0.6368     1.4414     0.8257
[1] 11300.0000     0.2799     0.9738    -0.6607     1.3466     1.1215
[1] 11400.0000     0.7177     0.8271    -0.5509     1.2924     1.1322
[1] 11500.0000     0.0000     0.9311    -0.5964     1.3510     0.8792
[1] 11600.0000     0.8383     0.9382    -0.6166     1.2741     0.8033
[1] 11700.0000     0.6016     0.9810    -0.6447     1.3661     0.9386
[1] 11800.0000     0.0001     0.8440    -0.4718     1.3892     0.8198
[1] 11900.0000     0.0711     0.9675    -0.5220     1.4455     0.9621
[1] 12000.0000     1.0000     0.9595    -0.6001     1.3126     1.1960
[1] 12100.0000     0.6929     0.9452    -0.6514     1.4005     0.8400
[1] 12200.0000     0.2469     0.8496    -0.5445     1.3120     0.8460
[1] 12300.0000     0.8081     0.9337    -0.5082     1.3857     1.0573
[1] 12400.0000     1.0000     0.8046    -0.6440     1.4118     0.8797
[1] 12500.0000     0.0219     0.9120    -0.4353     1.4066     1.1259
[1] 12600.0000     0.8699     0.9564    -0.6140     1.3391     1.1675
[1] 12700.0000     0.0002     0.9614    -0.6082     1.5436     0.8958
[1] 12800.0000     0.0022     0.9087    -0.6049     1.3665     1.0631
[1] 12900.0000     0.1739     0.8554    -0.6602     1.3575     0.9712
[1] 13000.0000     0.0361     0.8840    -0.4733     1.3555     1.1100
[1] 13100.0000     0.1918     0.9404    -0.6135     1.3951     0.9822
[1] 13200.0000     0.8794     0.9955    -0.5624     1.2794     0.8578
[1] 13300.0000     0.7382     0.8522    -0.4749     1.4174     1.0074
[1] 13400.0000     0.0128     0.9485    -0.5371     1.3719     1.0271
[1] 13500.0000     0.0033     0.8240    -0.5755     1.4651     1.0099
[1] 13600.0000     0.1067     0.8917    -0.6096     1.4167     1.0301
[1] 13700.0000     1.0000     0.8314    -0.5048     1.3406     0.8589
[1] 13800.0000     0.2862     0.9685    -0.6281     1.4567     0.9435
[1] 13900.0000     0.2844     0.8125    -0.6182     1.3241     1.1546
[1] 14000.0000     1.0000     0.9598    -0.5747     1.4033     0.8043
[1] 14100.0000     0.0003     0.9236    -0.4799     1.5283     0.9106
[1] 14200.0000     0.6215     0.9100    -0.6036     1.4530     1.1948
[1] 14300.0000     1.0000     0.9874    -0.6308     1.3668     0.9095
[1] 14400.0000     1.0000     0.8984    -0.5978     1.3731     1.1866
[1] 14500.0000     1.0000     0.9833    -0.5632     1.3278     1.1771
[1] 14600.0000     0.0038     0.8329    -0.5822     1.4131     0.9630
[1] 14700.0000     1.0000     0.8840    -0.5497     1.3652     1.0394
[1] 14800.0000     0.0420     0.8106    -0.5535     1.3571     1.0978
[1] 14900.0000     1.0000     0.9485    -0.5359     1.4278     1.1960
[1] 15000.0000     0.0007     0.9486    -0.5685     1.3483     0.9418
[1] 15100.0000     0.3235     0.9112    -0.6004     1.3695     1.0503
[1] 15200.0000     0.7685     0.9896    -0.4668     1.3931     1.1186
[1] 15300.0000     0.9385     0.8282    -0.6000     1.3854     1.1177
[1] 15400.0000     1.0000     0.9829    -0.5480     1.3820     1.0368
[1] 15500.0000     0.2536     0.9423    -0.5743     1.4067     0.8091
[1] 15600.0000     1.0000     0.9912    -0.5987     1.3652     1.0551
[1] 15700.0000     0.5771     0.9225    -0.4511     1.3700     0.9294
[1] 15800.0000     0.8572     0.9774    -0.5360     1.3681     1.1822
[1] 15900.0000     0.0001     0.9524    -0.6130     1.4865     1.0855
[1] 16000.0000     0.6433     0.9761    -0.6418     1.3954     1.0600
[1] 16100.0000     0.0487     0.8350    -0.5121     1.3665     1.1328
[1] 16200.0000     1.0000     0.8455    -0.5557     1.4356     1.0509
[1] 16300.0000     1.0000     0.9029    -0.5274     1.4505     1.0365
[1] 16400.0000     0.1348     0.9797    -0.5302     1.3597     1.0271
[1] 16500.0000     0.5595     0.9894    -0.5444     1.4223     0.9222
[1] 16600.0000     0.6906     0.8568    -0.6470     1.4178     1.0645
[1] 16700.0000     0.2689     0.9287    -0.6124     1.4121     0.9633
[1] 16800.0000     1.0000     0.9593    -0.6181     1.3645     0.8375
[1] 16900.0000     0.1318     0.8221    -0.5413     1.3733     1.1575
[1] 17000.0000     0.0980     0.9815    -0.4825     1.4086     0.9010
[1] 17100.0000     0.0834     0.9262    -0.4772     1.3187     0.9696
[1] 17200.0000     0.2982     0.9497    -0.6443     1.3830     0.8252
[1] 17300.0000     0.0657     0.9564    -0.7011     1.3517     0.9524
[1] 17400.0000     0.5016     0.9623    -0.5420     1.5088     1.1696
[1] 17500.0000     0.7595     0.9645    -0.5708     1.4581     0.9956
[1] 17600.0000     0.1686     0.9193    -0.5893     1.3790     0.8193
[1] 17700.0000     0.0088     0.8794    -0.5046     1.2519     0.9707
[1] 17800.0000     1.0000     0.9968    -0.6020     1.3839     0.8268
[1] 17900.0000     0.0536     0.9291    -0.6561     1.4035     0.9192
[1] 18000.0000     0.7020     0.9109    -0.4020     1.4555     0.8712
[1] 18100.0000     0.1218     0.9137    -0.5414     1.4219     0.9014
[1] 18200.0000     0.0887     0.8127    -0.4490     1.4304     0.8547
[1] 18300.0000     0.2005     0.9706    -0.5703     1.4656     1.1685
[1] 18400.0000     0.0000     0.9243    -0.6182     1.3800     1.1066
[1] 18500.0000     1.0000     0.8751    -0.5580     1.4519     0.8892
[1] 18600.0000     0.2330     0.8932    -0.4655     1.4856     0.8460
[1] 18700.0000     0.0124     0.8306    -0.5466     1.4083     0.9156
[1] 18800.0000     0.3641     0.9134    -0.5803     1.4658     1.0933
[1] 18900.0000     0.0311     0.9734    -0.5923     1.4036     1.0104
[1] 19000.0000     1.0000     0.8087    -0.6060     1.5443     1.1060
[1] 19100.0000     1.0000     0.9272    -0.5802     1.4591     0.8583
[1] 19200.0000     0.2030     0.9220    -0.5465     1.2439     1.1567
[1] 19300.0000     0.0728     0.9020    -0.6455     1.4716     1.0537
[1] 19400.0000     1.0000     0.8507    -0.5636     1.4186     0.9744
[1] 19500.0000     0.0668     0.9633    -0.5907     1.3502     1.1823
[1] 19600.0000     0.1537     0.9920    -0.6990     1.4539     0.9597
[1] 19700.0000     0.3662     0.8665    -0.5668     1.3563     1.1248
[1] 19800.0000     0.4750     0.9324    -0.5650     1.4602     1.1958
[1] 19900.0000     1.0000     0.9655    -0.5691     1.5348     0.8660
[1] 20000.0000     1.0000     0.9605    -0.5483     1.4612     0.8244
[1] 20100.0000     0.0001     0.8622    -0.5236     1.4861     0.8640
[1] 20200.0000     0.5848     0.9840    -0.6730     1.4166     1.1380
[1] 20300.0000     1.0000     0.9019    -0.4841     1.3689     1.0263
[1] 20400.0000     0.6152     0.9596    -0.5465     1.3907     1.0259
[1] 20500.0000     0.2116     0.8964    -0.5548     1.4208     1.1285
[1] 20600.0000     0.5799     0.9169    -0.5940     1.4210     1.1057
[1] 20700.0000     0.8604     0.8107    -0.4991     1.4246     1.0874
[1] 20800.0000     1.0000     0.9981    -0.5562     1.4461     1.0246
[1] 20900.0000     0.1427     0.9072    -0.5442     1.3856     1.0199
[1] 21000.0000     0.0513     0.8708    -0.5581     1.3720     1.1617
[1] 21100.0000     0.0305     0.9440    -0.5595     1.3315     1.0640
[1] 21200.0000     1.0000     0.9611    -0.5756     1.4056     0.8029
[1] 21300.0000     0.6818     0.8260    -0.5822     1.3362     0.9202
[1] 21400.0000     0.4490     0.8276    -0.5662     1.3744     0.8233
[1] 21500.0000     0.5507     0.8291    -0.6009     1.3117     1.0581
[1] 21600.0000     0.8847     0.9634    -0.6841     1.4033     0.9473
[1] 21700.0000     0.1366     0.9973    -0.5519     1.3212     0.9605
[1] 21800.0000     0.7895     0.8733    -0.5101     1.4396     1.1912
[1] 21900.0000     0.1345     0.9084    -0.5051     1.3751     1.1067
[1] 22000.0000     0.3325     0.8850    -0.5439     1.3641     0.9555
[1] 22100.0000     1.0000     0.8517    -0.5763     1.3831     0.9777
[1] 22200.0000     0.3619     0.8579    -0.6377     1.3557     0.8534
[1] 22300.0000     0.4236     0.9726    -0.6703     1.4694     0.8521
[1] 22400.0000     0.7606     0.9556    -0.6152     1.3703     1.0506
[1] 22500.0000     0.4346     0.8239    -0.5483     1.4463     1.1368
[1] 22600.0000     0.0610     0.8858    -0.5709     1.5160     0.9064
[1] 22700.0000     0.0060     0.8271    -0.6496     1.3953     1.1968
[1] 22800.0000     0.3280     0.8972    -0.6014     1.3028     1.0231
[1] 22900.0000     0.4839     0.8804    -0.6205     1.2411     0.9211
[1] 23000.0000     0.0055     0.8997    -0.5062     1.3152     0.9381
[1] 23100.0000     0.3573     0.8119    -0.4854     1.4403     1.0551
[1] 23200.0000     0.3319     0.9832    -0.5528     1.4002     0.9881
[1] 23300.0000     0.0994     0.9727    -0.4902     1.4758     0.9482
[1] 23400.0000     0.3180     0.8888    -0.5969     1.3045     1.0444
[1] 23500.0000     1.0000     0.9916    -0.5219     1.3771     1.1297
[1] 23600.0000     0.9752     0.8573    -0.5246     1.4280     0.9429
[1] 23700.0000     0.0607     0.9328    -0.6136     1.3765     1.0180
[1] 23800.0000     1.0000     0.9299    -0.5796     1.3340     1.0580
[1] 23900.0000     0.5799     0.9920    -0.5177     1.3358     1.0485
[1] 24000.0000     0.0916     0.9851    -0.5298     1.3736     1.0873
[1] 24100.0000     1.0000     0.9214    -0.6395     1.4151     0.8541
[1] 24200.0000     0.3222     0.9331    -0.6569     1.4550     1.1419
[1] 24300.0000     0.2109     0.9595    -0.6167     1.4132     0.9607
[1] 24400.0000     0.2854     0.8997    -0.4898     1.3817     0.9997
[1] 24500.0000     0.1529     0.9726    -0.5542     1.4812     1.0605
[1] 24600.0000     0.3016     0.9866    -0.5811     1.3546     1.1519
[1] 24700.0000     0.7057     0.9195    -0.4824     1.4025     0.8781
[1] 24800.0000     0.0571     0.9368    -0.5090     1.4260     1.1498
[1] 24900.0000     0.0899     0.9126    -0.6863     1.4380     1.0268
[1] 25000.0000     0.6789     0.8801    -0.5664     1.3977     0.8235
[1] 25100.0000     0.2421     0.9249    -0.5820     1.4693     1.0516
[1] 25200.0000     0.1561     0.9507    -0.5978     1.4536     0.9719
[1] 25300.0000     0.2759     0.9779    -0.5991     1.3130     0.8977
[1] 25400.0000     0.0729     0.9621    -0.5038     1.3250     0.9516
[1] 25500.0000     0.5192     0.8417    -0.5511     1.3807     0.8432
[1] 25600.0000     0.0139     0.9041    -0.5829     1.4777     1.0021
[1] 25700.0000     0.0050     0.9659    -0.5911     1.3839     0.9398
[1] 25800.0000     0.0108     0.9689    -0.5626     1.4909     1.1962
[1] 25900.0000     0.0585     0.9827    -0.5454     1.2995     0.8279
[1] 26000.0000     1.0000     0.9492    -0.5650     1.4081     1.0058
[1] 26100.0000     0.0787     0.9097    -0.5617     1.4489     1.1652
[1] 26200.0000     0.3364     0.8601    -0.6650     1.4112     0.9041
[1] 26300.0000     0.5801     0.8623    -0.5977     1.3152     1.0835
[1] 26400.0000     0.2500     0.8855    -0.4671     1.3875     1.0131
[1] 26500.0000     0.2537     0.9710    -0.5760     1.3449     1.0027
[1] 26600.0000     0.3341     0.9993    -0.5373     1.3596     1.0988
[1] 26700.0000     0.7276     0.8892    -0.4950     1.4658     0.9428
[1] 26800.0000     1.0000     0.9542    -0.5790     1.3697     1.1594
[1] 26900.0000     0.0267     0.9241    -0.5546     1.3848     1.0646
[1] 27000.0000     1.0000     0.8977    -0.5812     1.4458     0.8661
[1] 27100.0000     0.5939     0.8095    -0.5676     1.3764     1.0497
[1] 27200.0000     0.0543     0.9713    -0.6416     1.4094     1.0324
[1] 27300.0000     0.0146     0.9608    -0.6180     1.3706     0.8492
[1] 27400.0000     0.1174     0.8725    -0.5895     1.3495     1.1899
[1] 27500.0000     0.5944     0.9534    -0.5886     1.3295     0.8238
[1] 27600.0000     0.0230     0.9952    -0.5627     1.4510     1.1217
[1] 27700.0000     0.0272     0.8620    -0.4367     1.5006     1.0941
[1] 27800.0000     0.0172     0.8828    -0.5636     1.4972     1.1030
[1] 27900.0000     1.0000     0.8904    -0.5661     1.5019     0.9276
[1] 28000.0000     0.0006     0.9430    -0.5674     1.3656     0.9743
[1] 28100.0000     0.0025     0.9857    -0.6118     1.4737     0.9345
[1] 28200.0000     0.3883     0.9920    -0.4916     1.3733     1.1206
[1] 28300.0000     1.0000     0.8124    -0.5500     1.4259     0.9290
[1] 28400.0000     1.0000     0.9594    -0.5850     1.4412     0.8105
[1] 28500.0000     1.0000     0.8206    -0.5224     1.4145     1.0447
[1] 28600.0000     1.0000     0.9044    -0.5984     1.3783     0.9892
[1] 28700.0000     1.0000     0.9143    -0.5642     1.3647     0.8158
[1] 28800.0000     1.0000     0.9743    -0.5518     1.3401     0.8723
[1] 28900.0000     0.7917     0.9432    -0.7192     1.4686     0.8112
[1] 29000.0000     0.3229     0.9401    -0.5723     1.3926     1.1755
[1] 29100.0000     0.3875     0.9836    -0.5688     1.4013     1.0211
[1] 29200.0000     0.0472     0.9889    -0.5550     1.3787     1.0979
[1] 29300.0000     0.6174     0.9064    -0.6536     1.3600     1.0368
[1] 29400.0000     0.1241     0.9512    -0.4716     1.3107     1.1262
[1] 29500.0000     0.4356     0.9853    -0.5150     1.3835     0.8054
[1] 29600.0000     0.1466     0.9770    -0.5408     1.5403     1.1651
[1] 29700.0000     0.1026     0.9571    -0.5404     1.3327     0.9736
[1] 29800.0000     1.0000     0.8701    -0.5562     1.3978     0.8024
[1] 29900.0000     1.0000     0.9798    -0.5953     1.4578     1.0014
[1] 30000.0000     0.4635     0.9561    -0.5198     1.3975     1.0811
[1] 0.4566617
Time difference of 10.95691 hours
null device 
          1 
