[1] "El numero de nodos X particion es: 10"
[1] "Model = M1 / Data = sim_data/datasetSVCMatern17.Rdata"
[1] 100.0000   1.0000   0.8291   0.0362   2.0233   0.9331
[1] 200.0000   1.0000   0.9804  -0.0214   1.9651   1.0297
[1] 300.0000   0.7856   0.8776  -0.1490   1.8923   1.0665
[1] 400.0000   0.1196   0.9217  -0.0492   1.9368   0.9692
[1] 500.0000   0.5034   0.8902  -0.1748   1.7911   0.8863
[1] 600.0000   0.0158   0.8693   0.0507   1.9970   1.0610
[1] 700.0000   1.0000   0.8087  -0.1594   1.8382   1.0605
[1] 800.0000   1.0000   0.8954  -0.1376   1.8689   1.1490
[1] 900.0000   0.2207   0.9357  -0.1552   1.9517   1.0743
[1] 1000.0000    0.3011    0.8568   -0.0615    1.8999    0.8983
[1] 1100.0000    0.2877    0.9726   -0.2675    1.7039    1.0201
[1] 1200.0000    1.0000    0.8603   -0.0175    2.0154    0.9164
[1] 1300.0000    1.0000    0.8617   -0.0413    1.9578    1.0550
[1] 1400.0000    0.0001    0.9303   -0.2150    1.8523    1.1894
[1] 1500.0000    0.0002    0.9672    0.0518    2.0626    1.1986
[1] 1600.0000    1.0000    0.9427   -0.0331    2.0263    1.0957
[1] 1700.0000    0.0000    0.9259   -0.1266    1.8394    1.0764
[1] 1800.0000    0.0000    0.9234   -0.1286    1.9891    1.1307
[1] 1900.0000    0.2907    0.9875    0.0482    1.9522    0.8532
[1] 2000.0000    1.0000    0.8107   -0.0494    1.8893    0.8113
[1] 2100.0000    0.2391    0.8081    0.1471    2.1447    0.9300
[1] 2200.0000    0.5552    0.8580    0.1023    2.0103    1.0161
[1] 2300.0000    0.0674    0.8377   -0.0977    1.9674    0.8487
[1] 2400.0000    0.0823    0.9764   -0.0177    1.8163    1.0594
[1] 2500.0000    0.8483    0.9002    0.0947    1.9562    1.1531
[1] 2600.0000    0.0090    0.8146   -0.2640    1.7126    0.8232
[1] 2700.0000    0.1940    0.8044   -0.0995    1.9014    1.0835
[1] 2800.0000    0.0221    0.9204    0.0638    2.0545    1.0405
[1] 2900.0000    0.0001    0.8994   -0.2686    1.7235    1.0050
[1] 3000.0000    0.0043    0.9297    0.1727    2.1565    1.1984
[1] 3100.0000    0.4941    0.8265    0.0335    1.9625    1.1652
[1] 3200.0000    0.2536    0.9371    0.0875    2.0551    1.1278
[1] 3300.0000    0.0000    0.9877   -0.1213    1.8505    0.9428
[1] 3400.0000    0.2479    0.8983   -0.1930    1.6790    1.1525
[1] 3500.0000    1.0000    0.9338   -0.1088    1.9711    0.8830
[1] 3600.0000    0.0645    0.9027   -0.0474    1.9653    1.1569
[1] 3700.0000    0.0019    0.8505   -0.0002    1.9643    1.1374
[1] 3800.0000    0.0000    0.8653   -0.1479    1.8122    0.9884
[1] 3900.0000    0.0105    0.8553   -0.2006    1.8343    1.0542
[1] 4000.0000    0.2698    0.9388   -0.1442    1.7266    0.8131
[1] 4100.0000    0.3949    0.9193    0.1518    2.0665    1.0337
[1] 4200.0000    0.7171    0.9756   -0.0727    1.9273    0.9752
[1] 4300.0000    0.0000    0.9986   -0.0944    1.8823    0.9026
[1] 4400.0000    0.1959    0.9571    0.0537    2.0132    0.9932
[1] 4500.0000    1.0000    0.8410    0.0503    1.9753    1.1520
[1] 4600.0000    0.0433    0.8009   -0.0153    1.9311    0.9214
[1] 4700.0000    0.0000    0.9709    0.1274    2.0830    1.0444
[1] 4800.0000    0.1252    0.8985   -0.0526    1.9140    0.9827
[1] 4900.0000    0.3761    0.9222    0.0532    2.0375    0.9837
[1] 5000.0000    1.0000    0.9273   -0.0810    1.8651    1.0348
[1] 5100.0000    0.4932    0.8496    0.0174    2.0723    0.8317
[1] 5200.0000    0.0057    0.8350    0.0824    2.1507    1.0935
[1] 5300.0000    1.0000    0.8379    0.0232    1.9583    1.0434
[1] 5400.0000    0.8347    0.8333    0.0304    2.0014    0.9811
[1] 5500.0000    0.2964    0.8940   -0.1928    1.8470    1.1671
[1] 5600.0000    0.1232    0.8407   -0.3066    1.8326    1.1085
[1] 5700.0000    0.9617    0.9639   -0.0421    1.9017    1.0846
[1] 5800.0000    0.3815    0.8520    0.1226    2.1174    1.0482
[1] 5900.0000    0.3328    0.8759   -0.2201    1.8423    1.0113
[1] 6000.0000    0.2310    0.8924   -0.0419    1.8714    1.0716
[1] 6100.0000    0.2009    0.9025    0.0524    1.9989    0.9119
[1] 6200.0000    1.0000    0.8336   -0.3631    1.5945    0.9759
[1] 6300.0000    0.0082    0.8959   -0.0928    1.9939    1.1826
[1] 6400.0000    0.1344    0.9885    0.1827    2.0607    0.8165
[1] 6500.0000    0.0058    0.8697   -0.0445    1.9430    0.9040
[1] 6600.0000    0.0262    0.8918   -0.1991    1.8139    1.0184
[1] 6700.0000    0.0006    0.9726   -0.1820    1.8227    1.0730
[1] 6800.0000    1.0000    0.8496   -0.1070    1.9301    0.9728
[1] 6900.0000    0.0666    0.8556   -0.1381    1.8551    1.1638
[1] 7000.0000    0.0002    0.8011   -0.1054    1.8776    1.0228
[1] 7100.0000    0.1398    0.8440    0.2056    2.0772    0.9302
[1] 7200.0000    0.0019    0.9645   -0.0179    1.9689    0.9109
[1] 7300.0000    0.0002    0.8821   -0.1254    1.9342    0.9361
[1] 7400.0000    0.0000    0.8164   -0.1851    1.7404    0.8600
[1] 7500.0000    0.5043    0.9538    0.1408    2.0489    1.0728
[1] 7600.0000    0.1655    0.8332   -0.1531    1.8763    1.0877
[1] 7700.0000    0.0015    0.8348   -0.1751    1.7962    1.0869
[1] 7800.0000    0.0000    0.9829   -0.0345    1.8766    1.0003
[1] 7900.0000    0.2049    0.8037   -0.1892    1.8612    1.1632
[1] 8000.0000    0.1834    0.9186   -0.3234    1.6629    1.0026
[1] 8100.0000    0.0905    0.9605    0.0267    2.0199    0.9407
[1] 8200.0000    0.0000    0.8098   -0.0105    1.9486    0.9449
[1] 8300.0000    0.0002    0.8222    0.0677    1.9984    0.8438
[1] 8400.0000    0.6388    0.8563   -0.0902    1.8674    1.0967
[1] 8500.0000    0.0067    0.8716   -0.0292    1.9712    1.1821
[1] 8600.0000    0.3996    0.9214   -0.0562    2.0044    1.0135
[1] 8700.0000    0.7678    0.8293   -0.0448    1.8545    0.8767
[1] 8800.0000    1.0000    0.9324   -0.0991    1.8965    0.8066
[1] 8900.0000    0.6779    0.9431   -0.2419    1.8254    1.1381
[1] 9000.0000    0.2758    0.9025   -0.0113    1.9128    0.9096
[1] 9100.0000    0.1898    0.8799    0.0885    2.0412    0.8591
[1] 9200.0000    1.0000    0.9069   -0.0582    1.9839    1.1995
[1] 9300.0000    0.0004    0.9856   -0.0699    1.8587    1.1370
[1] 9400.0000    0.0319    0.9943    0.2377    2.0240    1.0986
[1] 9500.0000    0.0000    0.9329   -0.1100    1.9119    0.8817
[1] 9600.0000    0.5659    0.8862   -0.0435    1.9461    0.8406
[1] 9700.0000    0.0920    0.8614   -0.0528    1.9147    0.9692
[1] 9800.0000    0.0912    0.8196   -0.0237    1.8872    0.9680
[1] 9900.0000    0.0000    0.9529    0.0874    1.9483    0.9335
[1] 10000.0000     1.0000     0.8618    -0.3627     1.5729     0.8032
[1] 10100.0000     1.0000     0.9049     0.0126     1.9970     1.0751
[1] 10200.0000     0.0000     0.9084    -0.0953     1.8723     0.8386
[1] 10300.0000     0.0163     0.8120     0.1155     2.0012     0.8804
[1] 10400.0000     0.0100     0.8213     0.0105     2.0013     1.0055
[1] 10500.0000     1.0000     0.8159     0.2399     2.1018     1.1284
[1] 10600.0000     0.7006     0.9813     0.1534     2.2031     1.0459
[1] 10700.0000     0.0000     0.8531     0.1103     2.0914     0.8181
[1] 10800.0000     0.5832     0.8541     0.0589     2.1007     0.9792
[1] 10900.0000     0.0000     0.8264    -0.1161     1.9758     1.1140
[1] 11000.0000     0.3996     0.8012    -0.1001     1.9808     0.9407
[1] 11100.0000     0.0009     0.8902     0.0269     2.0179     0.9114
[1] 11200.0000     1.0000     0.9412    -0.0377     1.9902     0.8257
[1] 11300.0000     1.0000     0.9738     0.0074     1.9472     1.1215
[1] 11400.0000     1.0000     0.9866     0.0444     2.0005     0.8664
[1] 11500.0000     0.0000     0.9311    -0.1163     1.9145     0.8792
[1] 11600.0000     0.8960     0.9382    -0.1912     1.8376     0.8033
[1] 11700.0000     0.5989     0.9810    -0.2549     1.8298     0.9386
[1] 11800.0000     0.0146     0.9849    -0.1277     1.7775     1.0283
[1] 11900.0000     0.4347     0.8272     0.0347     1.9653     0.8962
[1] 12000.0000     0.0066     0.8543    -0.1357     1.8510     1.1591
[1] 12100.0000     0.5145     0.9452    -0.0984     1.8581     0.8400
[1] 12200.0000     1.0000     0.8496    -0.0421     1.9194     0.8460
[1] 12300.0000     0.0300     0.8229     0.1232     2.0147     0.9137
[1] 12400.0000     1.0000     0.8046    -0.2127     1.7985     0.8797
[1] 12500.0000     0.0883     0.9304     0.0242     1.9877     1.0160
[1] 12600.0000     0.8642     0.9564     0.0995     1.9447     1.1675
[1] 12700.0000     0.0001     0.9486     0.1049     2.0398     0.8166
[1] 12800.0000     0.0022     0.9108    -0.2330     1.7643     1.0765
[1] 12900.0000     0.1123     0.9378    -0.3916     1.5945     1.1252
[1] 13000.0000     0.0322     0.8069     0.0452     2.0087     1.0997
[1] 13100.0000     0.0007     0.9404    -0.1938     1.8085     0.9822
[1] 13200.0000     0.0133     0.9589    -0.2204     1.7628     1.1555
[1] 13300.0000     0.8973     0.9675    -0.0315     2.0022     1.1190
[1] 13400.0000     0.0000     0.9801     0.1541     2.0503     1.0073
[1] 13500.0000     0.0000     0.8240    -0.0673     1.9713     1.0099
[1] 13600.0000     0.0047     0.8917    -0.1301     1.7543     1.0301
[1] 13700.0000     0.8355     0.8314    -0.1663     1.8457     0.8589
[1] 13800.0000     0.0000     0.8418    -0.1095     1.8224     1.1127
[1] 13900.0000     0.2173     0.8125    -0.1715     1.8446     1.1546
[1] 14000.0000     0.7222     0.9598     0.0036     1.8866     0.8043
[1] 14100.0000     0.0002     0.9236     0.0545     2.0095     0.9106
[1] 14200.0000     0.0442     0.9171     0.0125     1.9379     0.8964
[1] 14300.0000     0.0031     0.8548    -0.0741     1.9912     0.8231
[1] 14400.0000     0.6401     0.8570     0.0165     2.0069     0.9360
[1] 14500.0000     0.0036     0.8302    -0.0316     2.0016     1.1813
[1] 14600.0000     0.0000     0.8329    -0.1190     1.9455     0.9630
[1] 14700.0000     0.9854     0.8840    -0.1067     1.8735     1.0394
[1] 14800.0000     0.0000     0.9533    -0.1617     1.7431     0.8106
[1] 14900.0000     0.7999     0.9485    -0.0765     1.9499     1.1960
[1] 15000.0000     0.0000     0.9486    -0.2104     1.7968     0.9418
[1] 15100.0000     0.1743     0.9112    -0.1522     1.8946     1.0503
[1] 15200.0000     0.2805     0.9896     0.0988     2.0061     1.1186
[1] 15300.0000     0.0520     0.8296     0.0472     2.0766     1.1944
[1] 15400.0000     0.4746     0.8005     0.0782     2.0855     0.8812
[1] 15500.0000     0.7360     0.8761    -0.1161     1.8327     0.9901
[1] 15600.0000     0.5053     0.9912    -0.1678     1.8235     1.0551
[1] 15700.0000     0.0001     0.9705     0.1811     2.1169     0.8969
[1] 15800.0000     0.1953     0.9774    -0.2391     1.6356     1.1822
[1] 15900.0000     0.0000     0.9524     0.0024     2.0414     1.0855
[1] 16000.0000     1.0000     0.9761    -0.0997     1.9117     1.0600
[1] 16100.0000     0.6206     0.9477    -0.0658     2.0674     0.9420
[1] 16200.0000     1.0000     0.8455    -0.0625     1.9252     1.0509
[1] 16300.0000     0.0424     0.9320    -0.0540     1.9570     1.0407
[1] 16400.0000     0.4119     0.8090     0.0244     2.0011     0.8978
[1] 16500.0000     0.0950     0.9894    -0.0336     1.9543     0.9222
[1] 16600.0000     1.0000     0.9292    -0.2161     1.8241     1.0485
[1] 16700.0000     0.0068     0.9287     0.0313     2.1479     0.9633
[1] 16800.0000     0.0574     0.8165    -0.3012     1.6829     1.0376
[1] 16900.0000     0.1664     0.8583    -0.0990     1.9026     0.9158
[1] 17000.0000     0.2547     0.9815     0.1480     2.0817     0.9010
[1] 17100.0000     0.0091     0.9262     0.1135     2.0146     0.9696
[1] 17200.0000     0.3322     0.9233    -0.1942     1.7992     0.8592
[1] 17300.0000     0.6172     0.8396    -0.3024     1.7687     1.0131
[1] 17400.0000     0.5428     0.9623     0.0561     2.1509     1.1696
[1] 17500.0000     1.0000     0.9645    -0.1598     1.8051     0.9956
[1] 17600.0000     0.0011     0.8678    -0.0886     1.8760     1.1651
[1] 17700.0000     0.0231     0.8922    -0.1441     1.8188     1.0234
[1] 17800.0000     1.0000     0.9968    -0.1376     1.8415     0.8268
[1] 17900.0000     0.0439     0.8644    -0.0560     1.8791     1.0507
[1] 18000.0000     0.9828     0.9109     0.0152     1.9458     0.8712
[1] 18100.0000     0.0008     0.9137    -0.0073     2.0459     0.9014
[1] 18200.0000     0.0469     0.8127     0.0542     2.0344     0.8547
[1] 18300.0000     0.0632     0.9706     0.0422     2.0271     1.1685
[1] 18400.0000     0.0032     0.9243    -0.2700     1.8721     1.1066
[1] 18500.0000     0.0103     0.8611    -0.2103     1.8771     0.9812
[1] 1.860e+04 2.010e-02 8.932e-01 2.000e-03 2.036e+00 8.460e-01
[1] 18700.0000     0.1364     0.8557    -0.0364     1.9415     0.9105
[1] 18800.0000     0.0044     0.9415    -0.0222     2.0433     0.8205
[1] 18900.0000     0.0000     0.8387    -0.2500     1.8122     0.8037
[1] 19000.0000     1.0000     0.8087     0.1465     2.0784     1.1060
[1] 19100.0000     0.0669     0.9272    -0.0908     2.0313     0.8583
[1] 19200.0000     1.0000     0.8319    -0.0929     1.8260     1.0132
[1] 19300.0000     0.6859     0.8940    -0.0226     1.8689     1.1248
[1] 19400.0000     0.6189     0.8040    -0.1089     1.8030     1.1551
[1] 1.950e+04 7.000e-04 8.243e-01 1.518e-01 2.056e+00 8.751e-01
[1] 19600.0000     0.0912     0.8529    -0.0433     1.9688     0.8752
[1] 1.970e+04 3.800e-03 8.143e-01 1.785e-01 2.085e+00 8.081e-01
[1] 19800.0000     0.2547     0.8357     0.1988     2.1083     1.1647
[1] 19900.0000     0.4262     0.9981     0.1975     2.1961     1.0280
[1] 20000.0000     0.2279     0.8545    -0.2373     1.7976     0.8923
[1] 20100.0000     0.0000     0.8622     0.0281     1.9933     0.8640
[1] 20200.0000     0.2563     0.9282     0.0832     2.0106     0.9678
[1] 20300.0000     0.0113     0.8028    -0.3620     1.7003     0.9708
[1] 20400.0000     1.0000     0.8446    -0.1177     1.8861     1.0333
[1] 20500.0000     0.0013     0.8964    -0.0487     1.9886     1.1285
[1] 20600.0000     0.1029     0.9219    -0.1380     1.8919     1.0848
[1] 20700.0000     0.6587     0.8107     0.1815     2.0378     1.0874
[1] 20800.0000     0.8942     0.9981    -0.1568     1.8898     1.0246
[1] 20900.0000     0.0000     0.8547     0.0025     1.9634     0.9562
[1] 21000.0000     0.1828     0.8708    -0.1113     1.8799     1.1617
[1] 21100.0000     1.0000     0.8682    -0.1259     1.9289     1.1577
[1] 21200.0000     1.0000     0.9611     0.0277     1.9789     0.8029
[1] 21300.0000     0.0002     0.8214     0.0896     1.9404     1.0391
[1] 21400.0000     1.0000     0.8276    -0.1289     1.8883     0.8233
[1] 21500.0000     0.0323     0.8906    -0.0071     2.0178     0.8206
[1] 21600.0000     0.3969     0.8069    -0.0367     1.9269     0.8555
[1] 21700.0000     0.0843     0.9180    -0.1813     1.7993     0.9753
[1] 21800.0000     0.5565     0.8778     0.0644     2.1264     1.0685
[1] 21900.0000     0.2176     0.9598     0.1303     2.1335     0.8497
[1] 2.200e+04 1.452e-01 8.850e-01 2.710e-02 1.933e+00 9.555e-01
[1] 22100.0000     0.1672     0.8953     0.0242     1.9854     0.9321
[1] 22200.0000     0.4245     0.8579    -0.2000     1.8563     0.8534
[1] 22300.0000     0.0595     0.9726    -0.1931     1.9398     0.8521
[1] 22400.0000     0.7088     0.8145    -0.1265     1.9453     0.8604
[1] 22500.0000     0.0016     0.8239    -0.0005     2.0424     1.1368
[1] 22600.0000     0.0010     0.8006     0.0073     1.9736     0.8902
[1] 22700.0000     0.0040     0.8271    -0.0537     1.8864     1.1968
[1] 22800.0000     0.0843     0.8972    -0.0956     1.7641     1.0231
[1] 22900.0000     0.5763     0.8804    -0.1882     1.7631     0.9211
[1] 23000.0000     0.0000     0.8188     0.0627     1.9459     1.0070
[1] 23100.0000     0.3512     0.8119     0.0991     1.9984     1.0551
[1] 23200.0000     0.0881     0.9586     0.0880     2.0795     1.0581
[1] 2.330e+04 0.000e+00 9.727e-01 1.163e-01 2.050e+00 9.482e-01
[1] 23400.0000     0.3767     0.8888     0.0042     1.8833     1.0444
[1] 23500.0000     0.1306     0.8245     0.0573     2.0361     0.8555
[1] 23600.0000     0.0116     0.9324    -0.1191     1.9121     0.8634
[1] 23700.0000     0.2056     0.9328    -0.1688     1.8854     1.0180
[1] 23800.0000     0.8127     0.9299    -0.1295     1.8021     1.0580
[1] 2.390e+04 1.000e+00 8.722e-01 2.430e-02 1.969e+00 8.735e-01
[1] 24000.0000     0.0497     0.9851    -0.0303     1.9640     1.0873
[1] 24100.0000     1.0000     0.9214    -0.1217     1.9673     0.8541
[1] 24200.0000     0.0689     0.8467    -0.1730     1.8651     0.8230
[1] 24300.0000     0.6233     0.9595    -0.0772     1.8772     0.9607
[1] 24400.0000     0.9378     0.9947    -0.0175     1.9067     0.9697
[1] 24500.0000     0.0091     0.8969     0.0725     2.0476     1.0480
[1] 24600.0000     0.0000     0.8781    -0.0602     1.9388     0.8812
[1] 24700.0000     1.0000     0.9195    -0.2328     1.7368     0.8781
[1] 24800.0000     0.0000     0.8460     0.0557     2.0057     0.9489
[1] 24900.0000     0.0257     0.9802    -0.0946     1.9916     0.9496
[1] 25000.0000     1.0000     0.8801     0.1136     2.0571     0.8235
[1] 25100.0000     0.0830     0.8549    -0.0397     1.9659     0.9439
[1] 25200.0000     0.1236     0.8495    -0.0183     2.0139     1.1739
[1] 25300.0000     0.0002     0.9779    -0.0899     1.9507     0.8977
[1] 25400.0000     1.0000     0.8988    -0.2203     1.6972     1.0888
[1] 25500.0000     0.2106     0.8303    -0.0455     1.9189     1.1248
[1] 25600.0000     0.1090     0.9926     0.1639     2.0519     0.9855
[1] 25700.0000     0.1057     0.8702    -0.0682     2.0056     1.0667
[1] 25800.0000     0.0246     0.9689    -0.0977     1.9267     1.1962
[1] 25900.0000     0.0009     0.8683     0.0786     1.9811     0.8098
[1] 26000.0000     0.3278     0.9492    -0.1838     1.7075     1.0058
[1] 26100.0000     0.0419     0.8951    -0.0507     2.0076     0.8249
[1] 26200.0000     0.4572     0.8601    -0.0960     1.9673     0.9041
[1] 26300.0000     0.9941     0.8623    -0.1832     1.8861     1.0835
[1] 26400.0000     0.0563     0.8855     0.0360     1.8693     1.0131
[1] 26500.0000     0.0251     0.8034    -0.2684     1.7334     1.1338
[1] 26600.0000     0.2663     0.8720    -0.2223     1.7806     0.9170
[1] 26700.0000     0.0677     0.9721    -0.0425     1.9481     0.8075
[1] 26800.0000     0.1846     0.8697    -0.0016     1.9968     1.1281
[1] 26900.0000     0.0139     0.9241     0.0327     1.9986     1.0646
[1] 27000.0000     0.5838     0.9266    -0.0449     1.9374     0.8932
[1] 27100.0000     0.0002     0.8095    -0.1340     1.8333     1.0497
[1] 27200.0000     0.0164     0.8304     0.0137     2.0389     0.8580
[1] 27300.0000     0.0077     0.9608    -0.1082     1.8841     0.8492
[1] 27400.0000     0.1004     0.8725    -0.1799     1.7744     1.1899
[1] 27500.0000     1.0000     0.8366     0.0439     1.9956     1.0805
[1] 27600.0000     0.0016     0.8732     0.0120     1.9511     0.9172
[1] 27700.0000     0.0183     0.8620     0.2318     2.2619     1.0941
[1] 27800.0000     0.0000     0.8358     0.0129     2.0166     1.1051
[1] 27900.0000     0.6331     0.8913     0.0781     2.0355     0.8389
[1] 28000.0000     0.0008     0.9430    -0.0961     1.9631     0.9743
[1] 28100.0000     0.0000     0.9262    -0.2151     1.7953     1.0710
[1] 2.820e+04 1.000e+00 9.271e-01 1.008e-01 2.066e+00 9.591e-01
[1] 28300.0000     0.0024     0.8937    -0.1647     1.8265     1.0178
[1] 28400.0000     1.0000     0.9594    -0.1278     1.8266     0.8105
[1] 28500.0000     1.0000     0.8206     0.0374     2.0566     1.0447
[1] 28600.0000     0.0030     0.9775    -0.0724     1.8989     0.9079
[1] 28700.0000     0.1831     0.8497    -0.0236     1.9122     1.1155
[1] 28800.0000     1.0000     0.9743    -0.0058     1.9453     0.8723
[1] 28900.0000     0.4814     0.8662    -0.2765     1.7836     0.8550
[1] 29000.0000     1.0000     0.8095     0.0314     1.9928     1.0816
[1] 29100.0000     0.0022     0.9156     0.0111     2.0126     0.8172
[1] 29200.0000     0.0001     0.8470    -0.2102     1.8011     0.8568
[1] 29300.0000     0.0055     0.9749    -0.2094     1.7538     0.9782
[1] 29400.0000     0.0242     0.9512     0.0414     1.9231     1.1262
[1] 29500.0000     0.0003     0.8346    -0.2239     1.7625     0.9665
[1] 29600.0000     0.0006     0.8267    -0.0188     2.0062     1.0464
[1] 29700.0000     0.0404     0.8203    -0.1656     1.8127     1.1249
[1] 29800.0000     1.0000     0.8701    -0.1585     1.9139     0.8024
[1] 29900.0000     1.0000     0.9798    -0.1094     1.9301     1.0014
[1] 30000.0000     0.2563     0.8307    -0.1272     1.8757     1.0904
[1] 0.3453862
Time difference of 4.628151 hours
null device 
          1 
