[1] "El numero de nodos X particion es: 10"
[1] "Model = M2 / Data = sim_data/datasetSVIMatern9.Rdata"
[1] 100.0000   1.0000   0.8291   0.1157   1.9280   0.9331
[1] 200.0000   0.0001   0.8487   0.2802   1.7067   0.8384
[1] 300.0000   0.2782   0.8776   0.0945   2.0077   1.0665
[1] 400.0000   0.0075   0.9217  -0.2408   2.2221   0.9692
[1] 500.0000   0.0000   0.8350   0.8050   1.1989   0.9084
[1] 600.0000   0.0273   0.8148   0.7547   1.2733   0.8457
[1] 700.0000   0.0043   0.8999   0.9274   1.0912   1.0702
[1] 800.0000   0.0000   0.9313  -0.3611   2.3043   1.0430
[1] 900.0000   0.0000   0.8086  -0.2750   2.1796   0.9130
[1] 1000.0000    0.0000    0.8209   -0.8334    2.8172    0.9374
[1] 1100.0000    0.0000    0.9319    0.7481    1.2188    0.8930
[1] 1200.0000    0.0351    0.8544    1.0863    0.9859    0.9984
[1] 1300.0000    0.4565    0.8617   -0.4173    2.2909    1.0550
[1] 1400.0000    0.0000    0.9303   -1.4435    3.3704    1.1894
[1] 1500.0000    0.0000    0.9584   -0.4119    2.4380    1.0940
[1] 1600.0000    0.0000    0.9658   -0.6768    2.6885    1.0950
[1] 1700.0000    0.0000    0.8745    0.0616    1.8983    0.9148
[1] 1800.0000    0.0000    0.9376    0.6405    1.3812    0.8302
[1] 1900.0000    0.0000    0.8411   -0.4561    2.4587    1.0047
[1] 2000.0000    0.0015    0.8821   -0.0617    1.9238    0.8614
[1] 2100.0000    0.0000    0.8151   -0.6263    2.6170    1.0021
[1] 2200.0000    0.0000    0.8668    0.5059    1.5782    1.0989
[1] 2300.0000    0.0000    0.8228    0.0045    1.9481    1.1776
[1] 2400.0000    0.0000    0.9355   -0.0811    2.0433    1.1578
[1] 2500.0000    0.0151    0.9668    0.1714    1.7639    0.8029
[1] 2600.0000    0.0000    0.8617   -0.4514    2.3887    0.8044
[1] 2700.0000    0.0000    0.8492   -0.7558    2.7932    0.9140
[1] 2800.0000    0.0931    0.9386   -0.3930    2.4721    0.8695
[1] 2900.0000    0.0000    0.9057   -0.9672    2.9445    0.9581
[1] 3000.0000    0.0000    0.8454   -0.3690    2.3815    0.9669
[1] 3100.0000    0.0000    0.9787    0.4241    1.6048    0.9283
[1] 3200.0000    0.0000    0.9190    0.6470    1.3682    0.9575
[1] 3300.0000    0.0000    0.9312    0.3989    1.6482    0.9302
[1] 3400.0000    0.1810    0.9079    0.8448    1.2174    0.8348
[1] 3500.0000    0.0000    0.9256    0.3100    1.6247    1.1684
[1] 3600.0000    0.0000    0.8846   -0.3071    2.2665    1.0977
[1] 3700.0000    1.0000    0.9624    0.4359    1.5263    0.8094
[1] 3800.0000    0.0000    0.9791    1.2493    0.7188    1.0179
[1] 3900.0000    0.0000    0.8349    0.5110    1.5229    1.1538
[1] 4000.0000    0.0000    0.9782   -0.5518    2.6014    1.1817
[1] 4100.0000    0.0000    0.8388   -0.4462    2.4979    0.8864
[1] 4200.0000    0.0000    0.9756   -0.3718    2.3213    0.9752
[1] 4300.0000    0.2012    0.8028   -0.3988    2.4420    0.9927
[1] 4400.0000    0.0000    0.8091    1.5201    0.4701    1.0451
[1] 4500.0000    0.2399    0.8410    0.4160    1.6905    1.1520
[1] 4600.0000    0.0000    0.9525    0.9840    1.0624    1.1110
[1] 4700.0000    0.0000    0.8528   -0.2467    2.1919    0.8411
[1] 4800.0000    0.0000    0.8660   -0.7541    2.7872    1.0939
[1] 4900.0000    0.0000    0.8114   -0.8040    2.7909    0.8255
[1] 5000.0000    0.0033    0.9988   -1.6630    3.5354    0.9542
[1] 5100.0000    0.0000    0.8192   -1.1369    3.0931    0.8134
[1] 5200.0000    0.0000    0.8381    0.8454    1.2855    0.9753
[1] 5300.0000    0.0000    0.9010    0.5731    1.3966    1.0910
[1] 5400.0000    0.0000    0.8536   -0.1225    2.1471    0.9337
[1] 5500.0000    0.0000    0.8506    0.5394    1.3904    1.1979
[1] 5600.0000    0.0000    0.9929   -0.0123    1.9450    1.1085
[1] 5700.0000    0.0000    0.9545    0.2549    1.6608    0.8805
[1] 5800.0000    0.0000    0.8612   -0.9751    3.0825    1.0327
[1] 5900.0000    0.0000    0.9311   -0.5559    2.5571    0.8983
[1] 6000.0000    0.0000    0.8887    0.3095    1.6199    0.8335
[1] 6100.0000    0.0000    0.9284    0.0388    2.0104    0.9188
[1] 6200.0000    0.0000    0.8741    0.1235    1.8729    0.8043
[1] 6300.0000    0.0000    0.9569   -0.7812    2.7657    0.8080
[1] 6400.0000    0.0000    0.9924   -1.0031    2.9200    1.0322
[1] 6500.0000    0.0040    0.9084    0.2269    1.8545    1.0918
[1] 6600.0000    0.0000    0.8710   -0.2688    2.1444    0.9001
[1] 6700.0000    0.0000    0.8253   -0.8371    2.9529    0.9280
[1] 6800.0000    0.2997    0.8794   -0.0344    2.0800    0.9381
[1] 6900.0000    0.0000    0.9290   -1.2544    3.2494    1.0476
[1] 7000.0000    0.0000    0.8521   -0.7769    2.8030    1.0680
[1] 7100.0000    0.0000    0.9544   -0.3765    2.3775    0.9045
[1] 7200.0000    0.0000    0.9439    0.1321    1.9604    1.1769
[1] 7300.0000    0.0000    0.9604    0.3144    1.7701    0.9357
[1] 7400.0000    0.0000    0.8045   -0.2120    2.1558    0.8734
[1] 7500.0000    0.0000    0.8918   -1.3549    3.2961    1.0101
[1] 7600.0000    0.0000    0.9493   -0.2142    2.2248    0.9281
[1] 7700.0000    0.0000    0.8552   -1.5293    3.4393    1.0850
[1] 7800.0000    0.0000    0.8350   -0.3281    2.3921    1.1361
[1] 7900.0000    0.0000    0.9654   -0.1052    2.0257    1.1831
[1] 8000.0000    0.0000    0.9309   -0.0988    2.1013    1.0835
[1] 8100.0000    0.0000    0.8483   -0.7693    2.6757    0.8203
[1] 8200.0000    0.0000    0.9110   -0.5175    2.5130    0.9989
[1] 8300.0000    0.0000    0.8222   -0.2852    2.2886    0.8438
[1] 8400.0000    0.0000    0.9658   -0.6426    2.5503    0.9286
[1] 8500.0000    0.0000    0.8325   -0.2398    2.3251    1.0750
[1] 8600.0000    0.0000    0.9564   -1.7032    3.7101    0.9963
[1] 8700.0000    0.0000    0.8940   -0.2727    2.2513    1.0236
[1] 8800.0000    0.0000    0.8601    0.6861    1.2322    0.8170
[1] 8900.0000    0.0000    0.8248    1.0479    0.9925    1.0728
[1] 9000.0000    0.0000    0.8301    0.8998    1.0714    1.1387
[1] 9100.0000    0.0000    0.8755   -0.3264    2.3370    0.8812
[1] 9200.0000    0.0000    0.8129   -0.9051    2.9372    1.1264
[1] 9300.0000    0.0000    0.9734    0.9009    1.0004    1.1056
[1] 9400.0000    0.0000    0.8413    1.6449    0.2896    1.0761
[1] 9500.0000    0.0000    0.8817   -0.3442    2.3355    1.0875
[1] 9600.0000    0.0000    0.8149    0.1689    1.8321    0.9056
[1] 9700.0000    0.0000    0.8918    1.1019    0.8451    0.8845
[1] 9800.0000    0.0000    0.8667    0.5444    1.4270    0.9410
[1] 9900.0000    0.0000    0.9876    1.3343    0.6683    0.9739
[1] 10000.0000     0.3756     0.9718     0.0197     1.9703     0.8376
[1] 10100.0000     1.0000     0.9049     0.7053     1.3968     1.0751
[1] 10200.0000     0.0001     0.8458     1.1750     0.7896     1.1044
[1] 10300.0000     0.1658     0.9549     1.6864     0.3211     0.8021
[1] 10400.0000     0.0000     0.9109     0.0735     1.8596     0.9653
[1] 10500.0000     0.0000     0.9828     0.4564     1.4915     0.8036
[1] 10600.0000     0.0000     0.8442     0.3156     1.7593     0.9495
[1] 10700.0000     0.0000     0.8398     0.7357     1.2807     1.0590
[1] 10800.0000     1.0000     0.8056     0.3199     1.7673     0.8503
[1] 1.090e+04 0.000e+00 8.191e-01 7.000e-01 1.337e+00 8.008e-01
[1] 11000.0000     0.0045     0.8555     1.0052     1.0718     1.1761
[1] 11100.0000     0.0000     0.9587    -0.0089     1.9603     0.9308
[1] 11200.0000     0.2051     0.8258    -0.7870     2.7828     1.0628
[1] 11300.0000     0.0000     0.8936    -0.7863     2.8034     1.0961
[1] 11400.0000     0.0003     0.9548     0.4347     1.6469     1.0047
[1] 11500.0000     0.0000     0.8034    -0.2138     2.1991     0.8501
[1] 11600.0000     0.0000     0.9104    -0.4326     2.4712     0.8269
[1] 11700.0000     0.0004     0.8224    -0.0513     2.0410     0.8539
[1] 11800.0000     0.0000     0.8027    -0.5063     2.5828     0.8530
[1] 11900.0000     0.0000     0.8460    -0.3901     2.3488     0.8150
[1] 12000.0000     0.0000     0.8014    -0.3163     2.3198     1.0595
[1] 12100.0000     0.0000     0.8666    -0.3328     2.2975     0.9630
[1] 12200.0000     0.2061     0.8496     0.7494     1.3799     0.8460
[1] 12300.0000     0.0000     0.8010     0.4918     1.4735     0.8810
[1] 12400.0000     0.1626     0.8019    -1.0725     3.1416     1.1971
[1] 12500.0000     0.0000     0.8059    -0.6884     2.6920     1.1427
[1] 12600.0000     0.0000     0.8126    -0.4050     2.5476     1.1805
[1] 12700.0000     0.0000     0.8779    -0.5551     2.4611     0.8170
[1] 12800.0000     0.0000     0.8257    -0.1710     2.2099     0.8904
[1] 12900.0000     0.0411     0.9204     0.7036     1.3455     0.8219
[1] 13000.0000     0.0000     0.8069     0.5072     1.4317     1.0997
[1] 13100.0000     0.0000     0.9339     0.7508     1.2527     1.1193
[1] 13200.0000     0.0000     0.8843    -0.3810     2.4072     0.9997
[1] 13300.0000     0.0000     0.8427    -0.6201     2.5833     1.0281
[1] 13400.0000     0.0000     0.8092    -0.3332     2.3563     1.1676
[1] 13500.0000     0.0000     0.8466    -0.3580     2.4409     0.8143
[1] 13600.0000     0.0000     0.8917     0.4211     1.5172     1.0301
[1] 13700.0000     0.0000     0.8561     0.1407     1.8698     0.9281
[1] 13800.0000     0.0000     0.9432    -0.5690     2.5642     1.1717
[1] 13900.0000     0.0000     0.8573    -0.3374     2.3582     0.8372
[1] 14000.0000     0.0000     0.9588     0.5912     1.4089     0.9662
[1] 14100.0000     0.0000     0.8411     0.5040     1.3917     1.1804
[1] 14200.0000     0.0000     0.8479     0.1750     1.7553     0.8739
[1] 14300.0000     0.0000     0.8548    -0.8482     2.8089     0.8231
[1] 14400.0000     0.0038     0.8623     0.3090     1.6529     0.8985
[1] 14500.0000     0.0780     0.8647     0.5083     1.5023     1.0877
[1] 14600.0000     0.0000     0.8721     0.5604     1.4682     0.9912
[1] 14700.0000     0.0000     0.8974     0.2294     1.6609     1.0871
[1] 14800.0000     0.0000     0.9433     1.5908     0.3043     0.9182
[1] 14900.0000     0.0023     0.9582     0.2921     1.7593     1.0321
[1] 15000.0000     0.0032     0.8279    -0.0785     2.0840     1.0826
[1] 15100.0000     0.3883     0.9118     0.2203     1.7526     0.9692
[1] 15200.0000     0.0000     0.8242     1.0106     1.0090     1.0800
[1] 15300.0000     0.0560     0.8059     0.1951     1.8231     0.9091
[1] 15400.0000     0.0010     0.8072    -1.2236     3.2487     1.0717
[1] 15500.0000     0.0000     0.8701    -1.2566     3.3137     1.0212
[1] 15600.0000     0.0000     0.8520    -0.3008     2.3559     1.1912
[1] 15700.0000     0.0000     0.8475    -0.0251     1.9886     0.9690
[1] 15800.0000     0.0000     0.9108     0.1044     1.8833     0.9068
[1] 15900.0000     0.0000     0.8876     0.1298     1.8283     0.9067
[1] 16000.0000     0.0001     0.8124    -0.4094     2.3919     1.1160
[1] 16100.0000     0.0000     0.9566     1.1992     0.8631     1.0234
[1] 16200.0000     0.0000     0.9466     0.3042     1.6512     0.9477
[1] 16300.0000     0.0000     0.9158    -0.3310     2.3851     0.9491
[1] 16400.0000     0.0000     0.9401    -0.1044     2.0683     0.9237
[1] 16500.0000     0.0351     0.8215    -0.3335     2.3486     1.1211
[1] 16600.0000     0.0000     0.8294    -1.0587     3.0750     0.8835
[1] 16700.0000     0.0000     0.9635     0.6220     1.3144     0.8336
[1] 16800.0000     0.0000     0.8621     0.3917     1.5508     1.1596
[1] 1.690e+04 0.000e+00 9.254e-01 9.072e-01 1.094e+00 9.648e-01
[1] 17000.0000     0.0000     0.9790    -0.2678     2.3273     0.8822
[1] 17100.0000     0.0000     0.9305     0.8708     1.2155     0.9283
[1] 17200.0000     0.0000     0.9497     0.8545     1.1096     0.8252
[1] 17300.0000     1.0000     0.8396     1.8790     0.1169     1.0131
[1] 17400.0000     0.0000     0.8593     1.1781     0.8756     1.1450
[1] 17500.0000     0.0000     0.8131     0.5508     1.4989     0.9127
[1] 17600.0000     0.0000     0.8280     0.1783     1.7890     1.1486
[1] 17700.0000     0.0000     0.8794     0.5850     1.3875     0.9707
[1] 17800.0000     0.0000     0.9383    -0.1250     2.2726     1.0084
[1] 17900.0000     0.0000     0.9083     0.9266     1.1094     0.9495
[1] 18000.0000     1.0000     0.9109     0.7958     1.2551     0.8712
[1] 18100.0000     0.0000     0.9461    -0.1910     2.1097     0.9222
[1] 18200.0000     0.0007     0.9706     0.8251     1.1354     0.8923
[1] 18300.0000     0.0000     0.9012    -0.3196     2.3401     1.0710
[1] 18400.0000     0.0000     0.9529    -0.8728     2.9286     0.8173
[1] 18500.0000     0.0000     0.8451     0.2904     1.7577     0.9054
[1] 18600.0000     0.0000     0.8656    -0.4669     2.5194     0.8624
[1] 18700.0000     0.0000     0.8080     0.2352     1.8993     0.9308
[1] 18800.0000     0.0000     0.8537     0.6319     1.3716     0.9005
[1] 18900.0000     0.0000     0.9024    -0.0667     2.0207     1.0613
[1] 19000.0000     0.0000     0.8366    -0.5980     2.5710     0.8015
[1] 19100.0000     0.0000     0.8878     0.4430     1.4372     1.0323
[1] 19200.0000     0.0000     0.8001    -0.2190     2.1518     0.9641
[1] 19300.0000     0.0000     0.8035    -0.2638     2.2244     1.0886
[1] 19400.0000     0.0000     0.8040     0.0222     2.1536     1.1551
[1] 19500.0000     0.0000     0.9654     0.1225     1.8725     0.9669
[1] 19600.0000     0.3382     0.9162    -1.0798     3.1337     0.8038
[1] 19700.0000     0.0000     0.8982    -0.0850     2.0105     1.1826
[1] 19800.0000     0.0000     0.9408     0.6777     1.2917     0.9927
[1] 19900.0000     0.0000     0.9981    -0.1557     2.2075     1.0280
[1] 20000.0000     0.0000     0.8708    -0.7624     2.7502     1.0213
[1] 20100.0000     0.0000     0.9080     0.3349     1.7561     1.0402
[1] 20200.0000     0.5855     0.9840    -0.0228     2.0680     1.1380
[1] 20300.0000     0.0000     0.9533    -0.2162     2.2050     0.8784
[1] 20400.0000     0.0016     0.9072    -0.3162     2.2898     0.9991
[1] 20500.0000     0.0000     0.8791    -1.1100     3.0381     0.9808
[1] 20600.0000     1.0000     0.9169     0.2182     1.7970     1.1057
[1] 20700.0000     1.0000     0.8107     0.8735     1.0740     1.0874
[1] 20800.0000     0.0000     0.9606    -0.4737     2.4364     1.0886
[1] 20900.0000     0.0000     0.9109     0.5668     1.4761     0.9980
[1] 21000.0000     0.0000     0.9912     0.9142     1.0841     1.0875
[1] 21100.0000     0.0000     0.8005     0.2147     1.8702     0.9291
[1] 21200.0000     0.0201     0.8263     0.2718     1.7215     1.1324
[1] 21300.0000     0.0000     0.8399    -0.5376     2.4288     1.0171
[1] 21400.0000     0.0000     0.9719     0.1537     1.8053     0.9071
[1] 21500.0000     0.0000     0.8732    -0.3504     2.2776     1.0565
[1] 21600.0000     0.0000     0.8420     0.8690     1.1637     0.8926
[1] 21700.0000     0.0000     0.9164    -0.4992     2.5016     0.8431
[1] 21800.0000     0.0001     0.8218    -1.2786     3.2411     1.1739
[1] 21900.0000     0.0000     0.9408     0.5977     1.3148     0.9421
[1] 22000.0000     0.0000     0.8850     0.7344     1.2643     0.9555
[1] 22100.0000     0.0000     0.8953    -0.6191     2.5423     0.9321
[1] 22200.0000     0.0000     0.9349     0.1842     1.7528     0.9881
[1] 22300.0000     0.0000     0.8584     0.3270     1.7199     0.9367
[1] 22400.0000     0.0000     0.9494     0.6095     1.4653     0.9207
[1] 22500.0000     0.0033     0.9610     1.1421     0.8995     0.9963
[1] 22600.0000     0.0000     0.8257     0.5647     1.4568     1.1053
[1] 22700.0000     0.0000     0.8271     0.2192     1.6934     1.1968
[1] 22800.0000     0.0001     0.9630    -0.0873     2.1738     0.9437
[1] 22900.0000     0.0000     0.9207     1.1978     0.7581     0.8362
[1] 23000.0000     0.0000     0.9491     0.9821     1.0042     0.8538
[1] 23100.0000     0.0000     0.9231    -0.0922     2.1109     0.8179
[1] 23200.0000     0.0000     0.8288    -0.7004     2.7411     0.8616
[1] 23300.0000     0.6461     0.9627     0.6340     1.3215     0.8504
[1] 23400.0000     0.0000     0.9418     0.6896     1.3152     0.8205
[1] 23500.0000     0.0000     0.8934    -0.8228     2.7768     1.1391
[1] 23600.0000     0.0000     0.8360    -0.2021     2.2174     0.8406
[1] 23700.0000     0.0000     0.9932    -0.2934     2.3162     0.8221
[1] 23800.0000     0.0000     0.9509    -0.1536     2.1099     0.9516
[1] 23900.0000     0.0000     0.8157    -0.3761     2.4046     0.8034
[1] 24000.0000     0.0000     0.9801    -0.5868     2.5080     1.1551
[1] 24100.0000     0.0000     0.8289    -1.4906     3.5378     0.9877
[1] 24200.0000     0.0000     0.8463     0.1634     1.8237     1.0120
[1] 24300.0000     0.0000     0.8805    -0.9478     2.9463     1.0014
[1] 24400.0000     0.0113     0.9020     0.8163     1.3198     1.0534
[1] 24500.0000     0.0000     0.9064     0.8579     1.0938     0.8345
[1] 24600.0000     0.0000     0.9062     0.3389     1.6163     0.8877
[1] 24700.0000     0.0000     0.9025    -0.0124     2.0108     0.8040
[1] 24800.0000     0.0001     0.8109    -0.2237     2.2413     1.1899
[1] 24900.0000     0.0000     0.9495    -0.6904     2.6489     0.8626
[1] 25000.0000     0.0003     0.9628    -0.2518     2.2640     0.9362
[1] 25100.0000     0.0000     0.9605     1.2423     0.7337     1.0743
[1] 25200.0000     0.0000     0.8184     0.4230     1.5964     0.8574
[1] 25300.0000     1.0000     0.8151     0.2053     1.7347     1.0748
[1] 25400.0000     1.0000     0.8988    -1.0369     3.0514     1.0888
[1] 25500.0000     0.0000     0.8147     0.6272     1.3789     1.1844
[1] 25600.0000     0.0000     0.8978     0.1040     1.9215     1.1142
[1] 25700.0000     0.0000     0.8060     0.7179     1.2933     0.8422
[1] 25800.0000     0.0000     0.8043     0.3759     1.5663     0.8730
[1] 25900.0000     1.0000     0.8632    -0.0686     2.1010     1.1254
[1] 26000.0000     1.0000     0.9492    -0.6041     2.6672     1.0058
[1] 26100.0000     0.0000     0.9196    -0.3318     2.1693     1.1722
[1] 26200.0000     0.0000     0.9768    -0.8085     2.7482     0.9801
[1] 26300.0000     0.0000     0.8530    -0.7415     2.7829     1.0678
[1] 26400.0000     0.0000     0.8767     0.1447     1.8866     0.8041
[1] 26500.0000     0.0363     0.8611    -0.3889     2.3925     1.1675
[1] 26600.0000     0.0000     0.9293     0.1168     2.0442     0.8497
[1] 26700.0000     0.0004     0.9890    -0.0864     1.9890     0.9390
[1] 26800.0000     0.0000     0.8448    -1.5194     3.4823     0.8652
[1] 26900.0000     0.0000     0.9182    -0.8809     2.8152     0.9860
[1] 27000.0000     0.0000     0.8102    -0.1684     2.1656     1.1325
[1] 27100.0000     0.4921     0.8553     0.1807     1.8371     1.0993
[1] 27200.0000     0.0000     0.8628    -0.1570     2.1866     1.0265
[1] 27300.0000     0.0000     0.8270     1.0457     0.9914     1.1347
[1] 27400.0000     0.0000     0.8203    -0.5693     2.5498     0.8438
[1] 27500.0000     0.0000     0.8463     0.5431     1.5474     0.8762
[1] 27600.0000     0.0000     0.8732     1.1191     0.9622     0.9172
[1] 27700.0000     0.0000     0.8317     0.5307     1.4674     1.1846
[1] 27800.0000     0.0000     0.8338     0.4461     1.5624     0.9440
[1] 27900.0000     0.4442     0.9296     1.0508     0.9772     0.8843
[1] 28000.0000     0.0000     0.8025    -0.4069     2.4181     0.9240
[1] 28100.0000     0.0000     0.9262     0.8949     1.1614     1.0710
[1] 28200.0000     0.0000     0.9683     0.3600     1.6333     0.8917
[1] 28300.0000     0.0000     0.9886    -0.5681     2.5432     1.1843
[1] 28400.0000     1.0000     0.9594     0.1561     1.8556     0.8105
[1] 28500.0000     0.0000     0.8678     1.1013     0.8908     0.8688
[1] 28600.0000     0.0000     0.9856     0.1241     1.7636     1.1641
[1] 28700.0000     0.0000     0.9675    -1.3220     3.3426     1.1579
[1] 28800.0000     0.0000     0.8104     0.1384     1.8899     1.1940
[1] 28900.0000     0.0000     0.9137     0.5734     1.5523     0.8478
[1] 29000.0000     0.0000     0.9692    -1.0425     2.8803     0.9910
[1] 29100.0000     0.0000     0.8240    -0.6658     2.6882     1.0266
[1] 29200.0000     0.0904     0.9371     0.4482     1.5322     1.1436
[1] 29300.0000     0.0027     0.9749     1.3067     0.6595     0.9782
[1] 29400.0000     0.0000     0.9394     0.9283     0.9740     1.1754
[1] 29500.0000     0.0000     0.8294     0.1686     1.9459     1.1769
[1] 29600.0000     0.0000     0.8335    -0.1141     2.0263     1.1940
[1] 29700.0000     0.0000     0.8049    -0.3464     2.3420     0.9958
[1] 29800.0000     0.0000     0.8030    -1.0762     3.1564     0.9421
[1] 29900.0000     0.5476     0.9798    -0.0115     2.1065     1.0014
[1] 30000.0000     0.0000     0.9250     1.1250     0.8467     1.0393
[1] 0.07023719
Time difference of 11.79612 hours
null device 
          1 
