[1] "El numero de nodos X particion es: 10"
[1] "Model = M1 / Data = sim_data/datasetSVIExponential23.Rdata"
[1] 100.0000   0.6622   0.9429   0.1551   1.8709   1.1970
[1] 200.0000   0.0013   0.8487   0.0538   1.9451   0.8384
[1] 300.0000   0.5815   0.8776   0.1719   1.9066   1.0665
[1] 400.0000   0.0133   0.9217  -0.2633   2.2763   0.9692
[1] 500.0000   0.0000   0.8380   0.1304   1.9572   0.8203
[1] 600.0000   0.1455   0.9748   0.2291   1.6861   1.0386
[1] 700.0000   0.0027   0.8999   0.4368   1.6223   1.0702
[1] 800.0000   0.0000   0.9840   0.4517   1.5884   0.9131
[1] 900.0000   0.0000   0.9606  -0.2595   2.2408   1.0158
[1] 1000.0000    0.0000    0.8209   -0.2024    2.2163    0.9374
[1] 1100.0000    0.0000    0.9319    0.5038    1.4355    0.8930
[1] 1200.0000    0.7113    0.8603    0.5024    1.6124    0.9164
[1] 1300.0000    0.1294    0.9805   -0.1297    2.1736    0.8049
[1] 1400.0000    0.0000    0.8099   -0.5817    2.5822    1.1384
[1] 1500.0000    0.0000    0.9584    0.4498    1.5939    1.0940
[1] 1600.0000    0.0000    0.9658   -0.3514    2.3516    1.0950
[1] 1700.0000    0.0000    0.9419   -0.3250    2.3888    1.0966
[1] 1800.0000    0.0000    0.9376   -0.3227    2.3573    0.8302
[1] 1900.0000    0.0000    0.9875   -0.2802    2.3284    0.8532
[1] 2000.0000    0.0000    0.9400    0.2158    1.8332    1.1109
[1] 2100.0000    0.0000    0.9372   -0.1591    2.1468    0.8634
[1] 2200.0000    0.0000    0.8668    0.4220    1.6430    1.0989
[1] 2300.0000    0.0001    0.9906    0.0851    1.8490    0.8768
[1] 2400.0000    0.0000    0.9355    0.1793    1.8704    1.1578
[1] 2500.0000    0.0647    0.9668    0.3335    1.6410    0.8029
[1] 2600.0000    0.0000    0.8617   -0.5297    2.5097    0.8044
[1] 2700.0000    0.0000    0.8492    0.1677    1.9034    0.9140
[1] 2800.0000    0.0441    0.9382    0.2719    1.7320    1.1558
[1] 2900.0000    0.0095    0.9982   -0.2720    2.2930    0.9626
[1] 3000.0000    0.0000    0.8454    0.0941    1.9171    0.9669
[1] 3100.0000    0.0000    0.9751   -0.0890    2.0498    1.0618
[1] 3200.0000    0.0000    0.9190    0.1078    1.9293    0.9575
[1] 3300.0000    0.0000    0.9797    0.1534    1.9200    1.0744
[1] 3400.0000    0.8369    0.8983    0.1497    1.9357    1.1525
[1] 3500.0000    0.0000    0.9256   -0.1513    2.0955    1.1684
[1] 3600.0000    0.0000    0.8846   -0.3403    2.3619    1.0977
[1] 3700.0000    0.3237    0.8385    0.5904    1.4799    0.8150
[1] 3800.0000    0.0000    0.9791    0.5642    1.4448    1.0179
[1] 3900.000    0.000    0.903   -0.124    2.141    0.953
[1] 4000.0000    0.2951    0.9388    0.2387    1.6244    0.8131
[1] 4100.0000    0.0000    0.8388   -0.3730    2.3903    0.8864
[1] 4200.0000    0.0000    0.9756   -0.3709    2.3114    0.9752
[1] 4300.0000    0.1571    0.9117   -0.0043    1.9632    0.8380
[1] 4400.0000    0.0000    0.9459    0.4320    1.5919    1.1887
[1] 4500.0000    0.5589    0.8410    0.3282    1.7608    1.1520
[1] 4600.0000    0.0030    0.9525    0.1628    1.8726    1.1110
[1] 4700.0000    0.0000    0.8536   -0.4010    2.4338    0.9410
[1] 4800.0000    0.0000    0.8616   -0.3408    2.3634    0.9384
[1] 4900.0000    0.0000    0.9924   -0.3024    2.3540    1.1836
[1] 5000.0000    0.3034    0.8074   -0.0518    1.9884    1.0307
[1] 5100.0000    0.0000    0.9679   -0.1349    2.1189    1.1951
[1] 5200.0000    0.0000    0.8051    0.3665    1.6615    0.8965
[1] 5300.0000    0.0000    0.8821   -0.2162    2.1451    1.0013
[1] 5400.0000    0.0000    0.8536    0.0870    1.7698    0.9337
[1] 5500.0000    0.0000    0.8913    0.4093    1.5885    1.1131
[1] 5600.0000    0.0000    0.8117   -0.0399    2.0503    0.9121
[1] 5700.0000    0.0000    0.9545    0.1749    1.8725    0.8805
[1] 5800.0000    0.0000    0.8612   -0.0026    2.0297    1.0327
[1] 5900.0000    0.0000    0.9433   -0.0067    1.9948    0.8670
[1] 6000.0000    0.0000    0.8790    0.6561    1.4485    1.0590
[1] 6100.0000    0.0000    0.8198   -0.3526    2.3328    1.1772
[1] 6200.0000    0.0002    0.9400    0.4187    1.5086    0.8404
[1] 6300.0000    0.0000    0.9569    0.1345    1.9504    0.8080
[1] 6400.0000    0.0000    0.9885    0.2377    1.8540    0.8165
[1] 6500.0000    0.2808    0.9084   -0.4577    2.5074    1.0918
[1] 6600.0000    0.0000    0.8918   -0.3842    2.5053    1.0184
[1] 6700.0000    0.0000    0.8204   -0.3403    2.3233    0.9264
[1] 6800.0000    0.0506    0.8794    0.3750    1.5598    0.9381
[1] 6900.0000    0.0000    0.9267   -0.2148    2.2876    1.0380
[1] 7000.0000    0.0000    0.9736    0.1537    1.8789    1.0588
[1] 7100.0000    0.0000    0.9857   -0.2741    2.2303    1.0571
[1] 7200.0000    0.0000    0.9505    0.1882    1.9585    1.0056
[1] 7300.0000    0.0000    0.8356    1.0158    1.0033    1.1395
[1] 7400.0000    0.0000    0.8045   -0.2892    2.2991    0.8734
[1] 7500.0000    0.0004    0.9989   -0.7962    2.6260    1.1081
[1] 7600.0000    0.0000    0.9493   -0.1909    2.1961    0.9281
[1] 7700.0000    0.0000    0.8552   -0.7603    2.7434    1.0850
[1] 7800.0000    0.0005    0.9281   -0.3647    2.4192    0.8883
[1] 7900.0000    0.0000    0.9654   -0.3134    2.2823    1.1831
[1] 8000.0000    0.0000    0.8305    0.1121    2.0027    0.9420
[1] 8100.0000    0.0000    0.9055   -0.0042    2.0824    1.0588
[1] 8200.0000    0.0012    0.8808   -0.2200    2.1674    1.1030
[1] 8300.0000    0.0000    0.8896   -0.2034    2.3263    1.1748
[1] 8400.0000    0.0000    0.9658   -0.1900    2.1727    0.9286
[1] 8500.0000    0.0000    0.8325    0.1338    1.9140    1.0750
[1] 8600.0000    0.0078    0.9564   -0.4621    2.4658    0.9963
[1] 8700.0000    0.0000    0.8940    0.0818    1.9433    1.0236
[1] 8800.0000    0.0000    0.9735   -0.3535    2.3251    1.0381
[1] 8900.0000    0.0003    0.8674    0.5447    1.4784    1.0474
[1] 9000.0000    0.0000    0.9268    0.2282    1.7646    0.8237
[1] 9100.0000    0.0000    0.9806   -0.1349    2.0991    1.0696
[1] 9200.0000    0.0000    0.8777   -0.0902    2.1893    1.1489
[1] 9300.0000    0.0000    0.8689    0.0903    1.9471    0.9976
[1] 9400.0000    0.0000    0.9163    0.8256    1.1718    0.8003
[1] 9500.0000    0.0000    0.8817    0.1326    1.8195    1.0875
[1] 9600.0000    0.2605    0.8149    0.0661    2.0594    0.9056
[1] 9700.0000    0.0000    0.9657    0.7772    1.2328    0.9166
[1] 9800.0000    0.0000    0.9462   -0.1136    2.1029    1.1275
[1] 9900.0000    0.0000    0.9876    0.8971    1.1284    0.9739
[1] 10000.0000     0.8347     0.8618    -0.1300     2.1891     0.8032
[1] 10100.0000     0.4194     0.9049    -0.3586     2.4755     1.0751
[1] 10200.0000     0.1076     0.9808    -0.5386     2.4625     0.8342
[1] 10300.0000     0.3779     0.9549     0.4318     1.6155     0.8021
[1] 10400.0000     0.0000     0.9434     0.0952     1.9048     1.1753
[1] 10500.0000     0.0002     0.9828     0.3468     1.6732     0.8036
[1] 10600.0000     0.0000     0.8442     0.0584     2.0059     0.9495
[1] 10700.0000     0.0000     0.9346     0.4599     1.6221     1.0990
[1] 10800.0000     0.1711     0.9785     0.0418     1.9908     1.1554
[1] 10900.0000     0.0000     0.9660     0.6863     1.3363     1.1970
[1] 11000.0000     0.4682     0.8012     0.3193     1.7763     0.9407
[1] 11100.0000     0.0000     0.8902    -0.3131     2.2799     0.9114
[1] 11200.0000     0.1643     0.8258     0.2063     1.7313     1.0628
[1] 11300.0000     0.0000     0.9481     0.1371     1.8226     1.1448
[1] 11400.0000     0.0037     0.9548     0.6471     1.3611     1.0047
[1] 11500.0000     0.0000     0.8034     0.1008     1.9159     0.8501
[1] 11600.0000     0.0747     0.9382    -0.0070     1.8901     0.8033
[1] 11700.0000     1.0000     0.8766    -0.0101     2.0705     0.9110
[1] 11800.0000     0.0000     0.8027     0.3005     1.6395     0.8530
[1] 11900.0000     0.0000     0.8460    -0.5199     2.4413     0.8150
[1] 12000.0000     0.0000     0.8056    -0.0636     2.0721     1.1142
[1] 12100.0000     0.0006     0.8005    -0.3753     2.2972     0.8375
[1] 12200.0000     0.1629     0.9853     0.5401     1.5311     1.1443
[1] 12300.0000     0.0025     0.8010    -0.0591     2.0759     0.8810
[1] 12400.0000     1.0000     0.8046     0.2026     1.8109     0.8797
[1] 12500.0000     0.0000     0.8870     0.1317     1.8549     1.1524
[1] 12600.0000     0.0000     0.9359    -0.3056     2.4005     1.1279
[1] 12700.0000     0.0270     0.9614    -0.2008     2.1231     0.8958
[1] 12800.0000     0.0000     0.9902    -0.7383     2.7392     0.9345
[1] 12900.0000     0.3689     0.9204     0.0606     1.9862     0.8219
[1] 13000.0000     0.0008     0.8069     0.2666     1.6699     1.0997
[1] 13100.0000     0.0000     0.9339     0.9520     1.0432     1.1193
[1] 13200.0000     0.0023     0.8843    -0.5629     2.6134     0.9997
[1] 13300.0000     0.0000     0.9222    -0.4062     2.4601     0.8801
[1] 13400.0000     0.0000     0.9676     0.4487     1.6063     1.1418
[1] 13500.0000     0.0000     0.8466     0.1460     1.7719     0.8143
[1] 13600.0000     0.0000     0.8917     0.1724     1.9366     1.0301
[1] 13700.0000     0.0000     0.8708     0.0948     1.9405     1.0127
[1] 13800.0000     0.0000     0.8787    -0.3960     2.4365     1.0611
[1] 13900.0000     0.0000     0.8495     0.1430     1.8347     1.0802
[1] 14000.0000     0.0000     0.9588    -0.0428     2.0917     0.9662
[1] 14100.0000     0.0000     0.8844    -0.2129     2.1250     1.1867
[1] 14200.0000     0.0001     0.8479     0.5541     1.4025     0.8739
[1] 14300.0000     0.0001     0.8548    -0.8017     2.8351     0.8231
[1] 14400.0000     0.3580     0.8171    -0.3480     2.3794     1.1588
[1] 14500.0000     0.3942     0.8647    -0.0165     2.0244     1.0877
[1] 14600.0000     0.0026     0.9850     0.5683     1.4574     0.9950
[1] 14700.0000     0.0000     0.8974     0.1303     1.8203     1.0871
[1] 14800.0000     0.0000     0.8106     0.0474     1.9040     1.0978
[1] 14900.0000     0.0618     0.8051     0.0266     2.0453     1.0614
[1] 15000.0000     0.0235     0.9447     0.1639     1.8307     0.8911
[1] 15100.0000     0.1749     0.8384    -0.0902     2.1776     0.8510
[1] 15200.0000     0.0000     0.8242     0.1840     1.8655     1.0800
[1] 15300.0000     1.0000     0.8282     0.0680     1.9143     1.1177
[1] 15400.0000     1.0000     0.9829    -0.3884     2.3722     1.0368
[1] 15500.0000     0.0000     0.9734    -0.4686     2.4885     1.1714
[1] 15600.0000     0.0000     0.8520    -0.5715     2.6082     1.1912
[1] 15700.0000     0.0000     0.8475    -0.3139     2.3211     0.9690
[1] 15800.0000     0.0052     0.9108     0.2651     1.7327     0.9068
[1] 15900.0000     0.0000     0.9431     0.0943     1.8609     0.8611
[1] 16000.0000     0.8317     0.9761    -0.2557     2.2140     1.0600
[1] 16100.0000     0.0000     0.8906     0.4440     1.5629     0.9023
[1] 16200.0000     0.0004     0.9466    -0.2299     2.1923     0.9477
[1] 16300.0000     0.0000     0.9327    -0.2687     2.3456     0.9714
[1] 16400.0000     0.0000     0.9401     0.0045     2.0101     0.9237
[1] 16500.0000     0.3271     0.9894     0.2656     1.7855     0.9222
[1] 16600.0000     0.0051     0.8568    -0.4053     2.4609     1.0645
[1] 16700.0000     0.0000     0.9287    -0.1692     2.1317     0.9633
[1] 16800.0000     0.0000     0.8165    -0.4123     2.5052     1.0376
[1] 16900.0000     0.0000     0.8583    -0.2079     2.1610     0.9158
[1] 17000.0000     0.0000     0.9790    -0.2668     2.2086     0.8822
[1] 17100.0000     0.0001     0.9262     0.7441     1.3413     0.9696
[1] 17200.0000     0.0003     0.9233     0.2957     1.6587     0.8592
[1] 17300.0000     1.0000     0.8396     0.0670     2.0303     1.0131
[1] 17400.0000     0.0000     0.8593     0.1781     1.9017     1.1450
[1] 17500.0000     0.0000     0.9677     0.0507     1.9454     1.1479
[1] 17600.0000     0.0000     0.8242     0.4366     1.5158     0.9225
[1] 17700.0000     0.0000     0.8794     0.2814     1.7468     0.9707
[1] 17800.0000     0.0348     0.9571    -0.5184     2.5977     0.9258
[1] 17900.0000     0.0000     0.9083    -0.0805     2.0940     0.9495
[1] 18000.0000     0.2881     0.9109    -0.0046     2.1177     0.8712
[1] 18100.0000     0.0000     0.8667    -0.1717     2.2640     1.1867
[1] 18200.0000     0.0007     0.8142     0.8716     1.2061     0.8298
[1] 18300.0000     0.0000     0.9928     0.2456     1.8092     1.1096
[1] 1.840e+04 0.000e+00 9.121e-01 2.142e-01 1.827e+00 9.764e-01
[1] 18500.0000     0.0000     0.8451    -0.1883     2.2124     0.9054
[1] 18600.0000     0.0000     0.8121    -0.0550     2.0792     0.9608
[1] 18700.0000     0.0000     0.8080    -0.1983     2.2385     0.9308
[1] 18800.0000     0.0000     0.8537     0.0296     1.9429     0.9005
[1] 18900.0000     0.0000     0.9918    -0.3525     2.3386     0.9887
[1] 19000.0000     0.0081     0.8366    -0.5253     2.6021     0.8015
[1] 19100.0000     0.0000     0.8142    -0.3734     2.2595     1.0716
[1] 19200.0000     0.0000     0.8001     0.3770     1.6096     0.9641
[1] 19300.0000     0.0000     0.8411     0.0309     1.9255     0.9272
[1] 19400.0000     0.0000     0.8040     0.0194     2.0488     1.1551
[1] 19500.0000     0.0000     0.8527    -0.3187     2.3467     1.1208
[1] 19600.0000     0.6143     0.9162    -0.0576     2.0118     0.8038
[1] 19700.0000     0.0000     0.8143     0.5039     1.5521     0.8081
[1] 19800.0000     0.0000     0.9408     0.2429     1.8005     0.9927
[1] 19900.0000     0.0000     0.9981    -0.0602     2.1360     1.0280
[1] 20000.0000     0.0000     0.8708    -0.3150     2.3272     1.0213
[1] 20100.0000     0.0000     0.9794     0.3215     1.7248     1.1721
[1] 20200.0000     0.9410     0.9840    -0.0053     1.9896     1.1380
[1] 20300.0000     0.0000     0.8028    -0.1841     2.1829     0.9708
[1] 20400.0000     0.0446     0.9596    -0.0225     1.9899     1.0259
[1] 20500.0000     0.0000     0.8964     0.2818     1.7425     1.1285
[1] 20600.0000     0.9241     0.9169     0.0116     2.0362     1.1057
[1] 20700.0000     0.9317     0.8107     0.0516     2.0290     1.0874
[1] 20800.0000     0.0000     0.9606    -0.4073     2.4273     1.0886
[1] 20900.0000     0.0436     0.9109    -0.2529     2.2307     0.9980
[1] 21000.0000     0.0000     0.9912     0.4918     1.4829     1.0875
[1] 21100.0000     0.0000     0.9732    -0.5177     2.5485     0.8253
[1] 21200.0000     0.2991     0.9861    -0.0669     2.0902     1.1830
[1] 21300.0000     1.0000     0.9067    -0.0069     2.1636     0.8492
[1] 21400.0000     0.0158     0.9719    -0.3188     2.2966     0.9071
[1] 21500.0000     0.0000     0.9375    -0.6051     2.5679     1.0777
[1] 21600.0000     0.0011     0.8762    -0.5167     2.5732     1.1580
[1] 21700.0000     0.0000     0.8449    -0.6645     2.6199     0.9351
[1] 21800.0000     0.0022     0.8218    -0.3931     2.4484     1.1739
[1] 21900.0000     0.0000     0.9424     0.2016     1.8327     1.1768
[1] 22000.0000     0.0000     0.8850     0.5775     1.4657     0.9555
[1] 22100.0000     0.0000     0.9825    -0.2088     2.2073     1.1195
[1] 2.220e+04 0.000e+00 9.349e-01 1.503e-01 1.815e+00 9.881e-01
[1] 22300.0000     1.0000     0.9726     0.5194     1.5336     0.8521
[1] 22400.0000     0.0005     0.8145    -0.1643     2.1837     0.8604
[1] 22500.0000     0.0151     0.9610     0.5257     1.4962     0.9963
[1] 22600.0000     0.0000     0.8858    -0.2757     2.2768     0.9064
[1] 22700.0000     0.0000     0.8271     0.2582     1.7343     1.1968
[1] 22800.0000     0.0006     0.9630     0.0431     1.9435     0.9437
[1] 22900.0000     0.0000     0.9287    -0.0220     1.9418     0.9003
[1] 23000.0000     0.0000     0.9652    -0.1601     2.1618     1.0264
[1] 23100.0000     0.0000     0.8291    -0.1133     2.2129     0.9730
[1] 23200.0000     0.0023     0.9483    -0.0459     1.9699     1.0848
[1] 23300.0000     0.2399     0.8966     0.1178     1.9034     1.0199
[1] 23400.0000     0.0425     0.9418    -0.0270     2.1455     0.8205
[1] 23500.0000     0.0000     0.8934    -0.0947     2.0932     1.1391
[1] 23600.0000     0.0000     0.8176     0.2709     1.7295     0.8266
[1] 23700.0000     0.0000     0.8580     0.0237     1.9692     0.8494
[1] 23800.0000     0.0000     0.8954    -0.0395     2.0062     1.1339
[1] 2.390e+04 3.000e-03 8.157e-01 1.590e-01 1.878e+00 8.034e-01
[1] 24000.0000     0.0000     0.9801    -0.1723     2.1382     1.1551
[1] 24100.0000     0.0000     0.8747    -0.3727     2.3307     1.0767
[1] 24200.0000     0.0000     0.8562     0.1394     1.8284     0.9310
[1] 24300.0000     0.0000     0.8207    -0.2889     2.2759     1.1509
[1] 24400.0000     0.2989     0.8950     0.3457     1.6883     0.9027
[1] 24500.0000     0.0000     0.9407     0.4530     1.4895     1.0416
[1] 24600.0000     0.0000     0.9062     0.0077     2.0045     0.8877
[1] 24700.0000     0.0118     0.8664    -0.2649     2.2508     1.1316
[1] 24800.0000     0.0731     0.8109     0.0617     1.9324     1.1899
[1] 2.490e+04 1.143e-01 9.495e-01 1.495e-01 1.897e+00 8.626e-01
[1] 25000.0000     0.8145     0.8801     0.0327     1.9131     0.8235
[1] 25100.0000     0.0074     0.9102     0.8030     1.2387     0.9221
[1] 25200.0000     0.0000     0.9920    -0.3953     2.4567     0.8420
[1] 25300.0000     1.0000     0.8151    -0.0613     2.0696     1.0748
[1] 25400.0000     1.0000     0.8988    -0.0587     2.0581     1.0888
[1] 25500.0000     0.0000     0.8147     0.3492     1.6675     1.1844
[1] 25600.0000     0.0000     0.8978     0.0711     1.9636     1.1142
[1] 25700.0000     0.0000     0.8662     0.1718     1.8295     1.1677
[1] 25800.0000     0.0000     0.8043    -0.2468     2.2396     0.8730
[1] 25900.0000     0.8520     0.8632     0.2850     1.7331     1.1254
[1] 26000.0000     0.2583     0.9492     0.1759     1.9308     1.0058
[1] 26100.0000     0.0000     0.9097    -0.2346     2.1552     1.1652
[1] 26200.0000     0.0083     0.9529    -0.0810     2.1099     1.0017
[1] 26300.0000     0.0000     0.9342     0.1854     1.7834     1.1434
[1] 26400.0000     0.0000     0.8767     0.1407     1.7878     0.8041
[1] 26500.0000     0.0780     0.8136     0.1325     1.9183     0.8843
[1] 26600.0000     0.0000     0.9293    -0.0462     2.1145     0.8497
[1] 26700.0000     0.3743     0.8892     0.1762     1.9575     0.9428
[1] 26800.0000     0.0000     0.8745    -0.7187     2.8576     0.8287
[1] 26900.0000     0.0000     0.9586     0.1546     1.9359     1.0279
[1] 27000.0000     0.0000     0.9311    -0.1393     2.1434     1.0381
[1] 27100.0000     0.3089     0.8752    -0.0899     2.1362     0.8424
[1] 27200.0000     0.0033     0.8628    -0.1891     2.2227     1.0265
[1] 27300.0000     0.0000     0.9754    -0.1099     2.1597     0.9688
[1] 27400.0000     0.0000     0.9269     0.2920     1.7554     1.0000
[1] 27500.0000     0.0000     0.8463     0.1066     1.9458     0.8762
[1] 27600.0000     0.0000     0.8732     0.4583     1.5993     0.9172
[1] 27700.0000     0.0000     0.9091     0.5906     1.4353     0.8618
[1] 27800.0000     0.0000     0.8358     0.3450     1.7234     1.1051
[1] 27900.0000     0.8352     0.8904    -0.0145     2.0728     0.9276
[1] 28000.0000     0.0000     0.8025    -0.1066     2.1267     0.9240
[1] 28100.0000     0.0000     0.9306    -0.1208     2.2503     0.8823
[1] 28200.0000     0.0000     0.9693     0.3726     1.6942     0.8876
[1] 28300.0000     0.0000     0.9886    -0.2318     2.2462     1.1843
[1] 28400.0000     0.3928     0.9594     0.0089     2.1106     0.8105
[1] 28500.0000     0.0000     0.8824     0.0611     1.9101     0.8003
[1] 28600.0000     0.0000     0.9184     0.0684     1.8613     0.8644
[1] 28700.0000     0.0000     0.8546    -0.3952     2.3607     0.9787
[1] 28800.0000     0.0004     0.8104     0.4080     1.6026     1.1940
[1] 28900.0000     0.0000     0.9040    -0.0811     1.9877     0.8375
[1] 29000.0000     0.0000     0.9277     0.3299     1.6796     1.1735
[1] 29100.0000     0.0000     0.9089    -0.0749     2.1139     0.8717
[1] 29200.0000     0.0347     0.9367     0.4471     1.4979     1.1465
[1] 29300.0000     0.2459     0.9749     0.4117     1.5935     0.9782
[1] 29400.0000     0.0143     0.9394     0.7070     1.2440     1.1754
[1] 29500.0000     0.0000     0.8510    -0.3512     2.3937     0.8942
[1] 29600.0000     0.0011     0.8035     0.2916     1.6692     1.0772
[1] 29700.0000     0.0001     0.8240     0.4120     1.6664     1.1041
[1] 2.980e+04 0.000e+00 8.503e-01 4.145e-01 1.614e+00 9.822e-01
[1] 29900.0000     0.6830     0.9798     0.0631     2.0446     1.0014
[1] 30000.0000     0.0012     0.9561     0.4986     1.4592     1.0811
[1] 0.1272349
Time difference of 3.874865 hours
null device 
          1 
