[1] "El numero de nodos X particion es: 10"
[1] "Model = M1 / Data = sim_data/datasetSVIMatern21.Rdata"
[1] 100.0000   0.9451   0.8291   0.0752   1.9977   0.9331
[1] 200.0000   0.2801   0.8487   0.0691   1.9620   0.8384
[1] 300.0000   1.0000   0.8776   0.0733   1.9519   1.0665
[1] 400.0000   0.0930   0.9217  -0.0697   2.1263   0.9692
[1] 500.0000   0.0000   0.8380   0.0393   2.0299   0.8203
[1] 600.0000   1.0000   0.9748   0.0792   1.9194   1.0386
[1] 700.0000   0.0019   0.9396   0.0460   2.1845   1.0960
[1] 800.0000   0.0003   0.9381  -0.5125   2.5765   1.1219
[1] 900.0000   0.0000   0.9344  -0.2883   2.2454   1.0036
[1] 1000.0000    0.0000    0.8209   -0.3877    2.4059    0.9374
[1] 1100.0000    0.0000    0.8924    0.6938    1.2907    0.9545
[1] 1200.0000    0.4583    0.8603    0.1029    2.0157    0.9164
[1] 1300.0000    0.4125    0.8617   -0.5222    2.4697    1.0550
[1] 1400.0000    0.0000    0.9303   -0.0494    2.0715    1.1894
[1] 1500.0000    0.0021    0.9694    0.9151    1.0625    1.1238
[1] 1600.0000    0.0000    0.9098   -0.1621    2.2181    0.9715
[1] 1700.0000    0.0000    0.8745    0.1720    1.9160    0.9148
[1] 1800.0000    0.0000    0.9376    0.1719    1.8857    0.8302
[1] 1900.0000    0.0000    0.9875   -0.2138    2.2697    0.8532
[1] 2000.0000    0.0003    0.9400   -0.2718    2.3119    1.1109
[1] 2100.0000    0.0000    0.9372    0.1073    1.9014    0.8634
[1] 2200.0000    0.0000    0.8668    0.3293    1.7510    1.0989
[1] 2300.0000    0.0010    0.9906    0.0145    1.9444    0.8768
[1] 2400.0000    0.0000    0.9355   -0.4833    2.5443    1.1578
[1] 2500.0000    0.1063    0.9668    0.1852    1.8065    0.8029
[1] 2600.0000    0.0000    0.8617   -0.4965    2.4935    0.8044
[1] 2700.0000    0.0000    0.9734   -0.2854    2.3519    0.9822
[1] 2800.0000    0.0254    0.9386    0.2902    1.6964    0.8695
[1] 2900.0000    0.0022    0.9982   -0.2301    2.2243    0.9626
[1] 3000.0000    0.0000    0.8454    0.0554    1.9926    0.9669
[1] 3100.0000    0.0003    0.8265   -0.0061    2.0951    1.1652
[1] 3200.0000    0.0000    0.8205    0.2857    1.7551    0.8873
[1] 3300.0000    0.0000    0.9797   -0.1105    2.1805    1.0744
[1] 3400.0000    1.0000    0.8983   -0.1047    2.1874    1.1525
[1] 3500.0000    0.0003    0.9256    0.5293    1.5159    1.1684
[1] 3600.0000    0.0000    0.8387   -0.0760    2.1285    1.0128
[1] 3700.0000    1.0000    0.9624    0.4658    1.5985    0.8094
[1] 3800.0000    0.0000    0.8701   -0.2649    2.1501    0.8357
[1] 3900.0000    0.0000    0.9030   -0.4827    2.5442    0.9530
[1] 4000.0000    0.1990    0.9388   -0.0435    1.9140    0.8131
[1] 4100.0000    0.0000    0.8388   -0.4008    2.4474    0.8864
[1] 4200.0000    0.0000    0.9756   -0.3345    2.3110    0.9752
[1] 4300.0000    0.1573    0.8028   -0.1952    2.2419    0.9927
[1] 4400.0000    0.0000    0.9459    0.0753    1.9454    1.1887
[1] 4500.0000    1.0000    0.8410   -0.1853    2.2337    1.1520
[1] 4600.0000    0.0008    0.9525    0.4168    1.6701    1.1110
[1] 4700.0000    0.0000    0.9516   -0.5994    2.5582    1.1937
[1] 4800.0000    0.0000    0.8616   -0.4738    2.4992    0.9384
[1] 4900.0000    0.0000    0.8114   -0.6780    2.7444    0.8255
[1] 5000.0000    0.1720    0.8074   -0.3111    2.2765    1.0307
[1] 5100.0000    0.0000    0.9679   -0.0331    2.0346    1.1951
[1] 5200.0000    0.0000    0.8350   -0.0665    2.3022    1.0935
[1] 5300.0000    0.0000    0.8845    0.0851    1.9256    1.0022
[1] 5400.0000    0.0000    0.9713   -0.1822    2.0618    1.1011
[1] 5500.0000    0.0000    0.8506    0.2334    1.7456    1.1979
[1] 5600.0000    0.0000    0.8117   -0.1466    2.1849    0.9121
[1] 5700.0000    0.0000    0.8882    0.1919    1.8758    1.0651
[1] 5800.0000    0.0000    0.8612   -0.4232    2.5318    1.0327
[1] 5900.0000    0.0000    0.8278    0.4567    1.5757    1.0767
[1] 6000.0000    0.0000    0.8790    0.1885    1.9223    1.0590
[1] 6100.0000    0.0000    0.8198   -0.2709    2.2627    1.1772
[1] 6200.0000    0.0047    0.9400   -0.0262    1.9428    0.8404
[1] 6300.0000    0.0000    0.9569   -0.0247    2.0609    0.8080
[1] 6400.0000    0.0000    0.9924   -0.2203    2.3075    1.0322
[1] 6500.0000    0.2520    0.9084   -0.3603    2.4206    1.0918
[1] 6600.0000    0.0000    0.8918   -0.2889    2.4186    1.0184
[1] 6700.0000    0.0000    0.8253   -0.1729    2.2241    0.9280
[1] 6800.0000    0.0947    0.8794    0.3826    1.5816    0.9381
[1] 6900.0000    0.0000    0.9267   -0.3039    2.4105    1.0380
[1] 7000.0000    0.0000    0.8543    0.1531    1.8123    0.8271
[1] 7100.0000    0.0000    0.9857   -0.1797    2.1489    1.0571
[1] 7200.0000    0.0000    0.9505    0.2680    1.8871    1.0056
[1] 7300.0000    0.0000    0.9946    0.3784    1.6635    1.1299
[1] 7400.0000    0.0000    0.8045   -0.1688    2.1316    0.8734
[1] 7500.0000    0.0001    0.9989   -0.6361    2.5099    1.1081
[1] 7600.0000    0.0000    0.9493   -0.0211    2.1021    0.9281
[1] 7700.0000    0.0000    0.8348   -0.7895    2.7495    1.0869
[1] 7800.0000    0.0222    0.9281   -0.5705    2.6628    0.8883
[1] 7900.0000    0.0000    0.9605    0.1036    1.9445    0.8727
[1] 8000.0000    0.0000    0.9309   -0.0028    1.9733    1.0835
[1] 8100.0000    0.0000    0.8483   -0.3033    2.2827    0.8203
[1] 8200.0000    0.0250    0.8808   -0.0285    1.9576    1.1030
[1] 8300.0000    0.0001    0.8222   -0.3033    2.3669    0.8438
[1] 8400.0000    0.0000    0.9658    0.1091    1.8554    0.9286
[1] 8500.0000    0.0000    0.8325   -0.0342    2.0799    1.0750
[1] 8600.0000    1.0000    0.9214   -0.5855    2.5745    1.0135
[1] 8700.0000    0.0000    0.8940    0.3252    1.7706    1.0236
[1] 8800.0000    0.0000    0.8601    0.3514    1.6520    0.8170
[1] 8900.0000    0.0212    0.8674    0.4540    1.5340    1.0474
[1] 9000.0000    0.0000    0.8638    0.3074    1.6395    1.1683
[1] 9100.0000    0.0000    0.9806    0.5145    1.4903    1.0696
[1] 9200.0000    0.0000    0.8777    0.2649    1.8003    1.1489
[1] 9300.0000    0.0000    0.8689    0.1825    1.8827    0.9976
[1] 9400.0000    0.0000    0.8413    0.5433    1.4643    1.0761
[1] 9500.0000    0.0000    0.8295   -0.0964    2.0675    0.9364
[1] 9600.0000    0.0190    0.8149    0.0163    2.0777    0.9056
[1] 9700.0000    0.0000    0.9657    0.9152    1.0946    0.9166
[1] 9800.0000    0.0000    0.9462   -0.2972    2.3010    1.1275
[1] 9900.0000    0.0000    0.9876    0.6994    1.3366    0.9739
[1] 10000.0000     0.9797     0.8618    -0.2898     2.3380     0.8032
[1] 10100.0000     0.4393     0.9049    -0.0205     2.1498     1.0751
[1] 10200.0000     0.8268     0.9808    -0.2736     2.2410     0.8342
[1] 10300.0000     0.3620     0.9549     0.4004     1.6801     0.8021
[1] 10400.0000     0.0000     0.9434    -0.0395     2.0353     1.1753
[1] 10500.0000     0.0000     0.9828    -0.0884     2.0490     0.8036
[1] 10600.0000     0.0000     0.8442    -0.1746     2.1952     0.9495
[1] 10700.0000     0.0000     0.8398     0.2979     1.7745     1.0590
[1] 10800.0000     1.0000     0.8056     0.1560     1.9117     0.8503
[1] 10900.0000     0.0000     0.9660     0.6406     1.4698     1.1970
[1] 11000.0000     0.3985     0.8012     0.0727     2.0362     0.9407
[1] 11100.0000     0.0000     0.8902    -0.0115     2.0836     0.9114
[1] 11200.0000     0.2519     0.8258     0.1015     1.8604     1.0628
[1] 11300.0000     0.0000     0.9481    -0.8442     2.7910     1.1448
[1] 11400.0000     0.0011     0.8271    -0.0664     2.0400     1.1322
[1] 11500.0000     0.0000     0.8061     0.0574     1.9740     1.1646
[1] 11600.0000     0.0971     0.9382    -0.0489     1.9486     0.8033
[1] 1.170e+04 1.000e+00 8.766e-01 1.280e-01 1.962e+00 9.110e-01
[1] 11800.0000     0.0000     0.8027     0.2639     1.6852     0.8530
[1] 11900.0000     0.0000     0.9637    -0.7770     2.7590     0.8690
[1] 12000.0000     0.0000     0.8056    -0.1130     2.1437     1.1142
[1] 12100.0000     0.0000     0.8666    -0.7466     2.7616     0.9630
[1] 12200.0000     0.3187     0.8496     0.4866     1.6335     0.8460
[1] 12300.0000     0.0072     0.8010     0.0175     2.0166     0.8810
[1] 12400.0000     1.0000     0.8046    -0.1577     2.2322     0.8797
[1] 12500.0000     0.0000     0.8870    -0.0935     2.1089     1.1524
[1] 12600.0000     0.0000     0.9125    -0.1764     2.2740     1.1924
[1] 12700.0000     0.0263     0.9614    -0.0218     1.9678     0.8958
[1] 12800.0000     0.0000     0.9902    -0.8657     2.8734     0.9345
[1] 12900.0000     0.9730     0.8565    -0.2369     2.2214     0.9935
[1] 13000.0000     0.0024     0.9285    -0.4343     2.3987     1.1063
[1] 13100.0000     0.0000     0.9339     0.6286     1.4127     1.1193
[1] 13200.0000     0.0791     0.8843    -0.2713     2.2714     0.9997
[1] 13300.0000     0.0000     0.8590    -0.0684     2.1163     1.0479
[1] 13400.0000     0.0000     0.9676     0.2576     1.7614     1.1418
[1] 13500.0000     0.0000     0.8466    -0.4141     2.4705     0.8143
[1] 13600.0000     0.0000     0.8917     0.2904     1.8210     1.0301
[1] 13700.0000     0.0000     0.8708     0.0652     1.9822     1.0127
[1] 13800.0000     0.0000     0.8787    -0.4138     2.4669     1.0611
[1] 13900.0000     0.0000     0.8495     0.1122     1.8817     1.0802
[1] 14000.0000     0.0000     0.9588    -0.1313     2.1796     0.9662
[1] 14100.0000     0.0000     0.8844    -0.1099     2.0244     1.1867
[1] 14200.0000     0.0010     0.8479     0.5066     1.4607     0.8739
[1] 14300.0000     0.0000     0.9983    -0.2370     2.1303     0.8117
[1] 14400.0000     0.3448     0.8623    -0.3002     2.3369     0.8985
[1] 14500.0000     0.4219     0.8647     0.0017     2.0508     1.0877
[1] 14600.0000     0.0000     0.8624     0.1437     1.8340     1.1285
[1] 14700.0000     0.0000     0.8974    -0.3992     2.3514     1.0871
[1] 14800.0000     0.0000     0.8093     0.6421     1.3248     1.1283
[1] 14900.0000     0.0753     0.9582    -0.1771     2.2738     1.0321
[1] 15000.0000     0.0150     0.9447     0.0776     1.9249     0.8911
[1] 15100.0000     0.5636     0.8384    -0.4125     2.4985     0.8510
[1] 15200.0000     0.0000     0.8242     0.5250     1.5832     1.0800
[1] 15300.0000     1.0000     0.8282     0.0685     1.9602     1.1177
[1] 15400.0000     1.0000     0.9829    -0.0219     2.0397     1.0368
[1] 15500.0000     0.0000     0.8279    -0.6116     2.5897     0.8509
[1] 15600.0000     0.0000     0.8520    -0.4696     2.4744     1.1912
[1] 15700.0000     0.0000     0.8475    -0.0341     2.0783     0.9690
[1] 15800.0000     0.0019     0.8834    -0.1001     2.1673     0.9061
[1] 15900.0000     0.0000     0.9431    -0.0938     2.0541     0.8611
[1] 16000.0000     0.7449     0.9761    -0.4500     2.4283     1.0600
[1] 16100.0000     0.0000     0.8906     0.3408     1.6903     0.9023
[1] 16200.0000     0.0006     0.9466    -0.3107     2.2978     0.9477
[1] 1.630e+04 0.000e+00 9.327e-01 5.270e-02 2.029e+00 9.714e-01
[1] 16400.0000     0.0000     0.8699    -0.0672     2.0671     0.9170
[1] 16500.0000     0.4565     0.9028     0.3893     1.6762     0.9055
[1] 16600.0000     0.0012     0.9109    -0.2385     2.3773     1.1846
[1] 16700.0000     0.0001     0.9635    -0.1123     2.1123     0.8336
[1] 16800.0000     0.0002     0.8165     0.0187     2.0777     1.0376
[1] 16900.0000     0.0000     0.8583    -0.1636     2.1379     0.9158
[1] 17000.0000     0.0000     0.9790    -0.2349     2.1997     0.8822
[1] 17100.0000     0.0001     0.9262     0.7387     1.3652     0.9696
[1] 17200.0000     0.0154     0.9497    -0.1014     2.1254     0.8252
[1] 17300.0000     1.0000     0.8396     0.0790     2.0115     1.0131
[1] 17400.0000     0.0000     0.8593     0.0814     2.0185     1.1450
[1] 17500.0000     0.0000     0.8131     0.2920     1.7424     0.9127
[1] 17600.0000     0.0000     0.8242     0.5079     1.4762     0.9225
[1] 17700.0000     0.0000     0.8794     0.2480     1.8504     0.9707
[1] 17800.0000     0.0221     0.9571    -0.4129     2.5394     0.9258
[1] 17900.0000     0.0000     0.9083    -0.0799     2.0761     0.9495
[1] 18000.0000     0.4482     0.9109    -0.1795     2.2918     0.8712
[1] 18100.0000     0.0000     0.9461    -0.1339     2.1471     0.9222
[1] 18200.0000     0.1208     0.8582     0.8381     1.1391     0.9652
[1] 18300.0000     0.0000     0.9012     0.0130     2.0406     1.0710
[1] 18400.0000     0.0000     0.9121     0.0629     2.0196     0.9764
[1] 18500.0000     0.0000     0.8451    -0.0155     2.0938     0.9054
[1] 18600.0000     0.0000     0.8656    -0.1088     2.2005     0.8624
[1] 18700.0000     0.0000     0.8080    -0.0373     2.1322     0.9308
[1] 18800.0000     0.0000     0.8537     0.0291     2.0449     0.9005
[1] 18900.0000     0.0000     0.9024    -0.2531     2.2043     1.0613
[1] 1.900e+04 1.000e-03 8.366e-01 1.362e-01 1.912e+00 8.015e-01
[1] 19100.0000     0.0000     0.8142     0.0085     1.9475     1.0716
[1] 19200.0000     0.0000     0.8001     0.4391     1.5951     0.9641
[1] 19300.0000     0.0000     0.8411     0.2555     1.7466     0.9272
[1] 19400.0000     0.0000     0.8040    -0.1351     2.2141     1.1551
[1] 19500.0000     0.0000     0.8527    -0.1235     2.1643     1.1208
[1] 19600.0000     0.4052     0.9162    -0.3705     2.3154     0.8038
[1] 19700.0000     0.0113     0.9629    -0.0982     2.0391     0.8437
[1] 1.980e+04 0.000e+00 9.869e-01 2.264e-01 1.728e+00 9.076e-01
[1] 19900.0000     0.0000     0.9981    -0.2685     2.3902     1.0280
[1] 20000.0000     0.0000     0.9250     0.1192     1.9777     0.8216
[1] 20100.0000     0.0000     0.9794     0.1382     1.9348     1.1721
[1] 20200.0000     0.5583     0.9840    -0.2639     2.2668     1.1380
[1] 20300.0000     0.0000     0.8028    -0.1166     2.2187     0.9708
[1] 20400.0000     0.0081     0.9596     0.3296     1.5735     1.0259
[1] 20500.0000     0.0000     0.8964     0.6125     1.4275     1.1285
[1] 20600.0000     0.9447     0.9169     0.2083     1.8720     1.1057
[1] 20700.0000     0.9750     0.8107    -0.0930     2.1967     1.0874
[1] 20800.0000     0.0000     0.9606    -0.3246     2.3097     1.0886
[1] 20900.0000     0.0749     0.9109    -0.2068     2.1965     0.9980
[1] 21000.0000     0.0000     0.9912     0.6065     1.4367     1.0875
[1] 21100.0000     0.0000     0.9732    -0.4380     2.4886     0.8253
[1] 21200.0000     1.0000     0.9611     0.2082     1.7854     0.8029
[1] 21300.0000     0.0000     0.8782    -0.5068     2.5196     1.0748
[1] 21400.0000     0.0174     0.9267    -0.0593     2.0510     1.0558
[1] 21500.0000     0.0010     0.9322    -0.5383     2.6135     1.1668
[1] 21600.0000     0.0102     0.8420    -0.3461     2.3955     0.8926
[1] 21700.0000     0.0000     0.8449    -0.3216     2.3126     0.9351
[1] 21800.0000     0.0282     0.8660    -0.0996     2.1373     1.1387
[1] 21900.0000     0.0000     0.8416     0.0636     1.9686     1.1370
[1] 22000.0000     0.0000     0.8850     0.4479     1.6167     0.9555
[1] 22100.0000     0.0000     0.8953     0.2131     1.7464     0.9321
[1] 22200.0000     0.0000     0.8403    -0.2009     2.1920     1.1277
[1] 22300.0000     1.0000     0.9726     0.1265     1.9288     0.8521
[1] 22400.0000     0.0001     0.8145    -0.5365     2.5151     0.8604
[1] 22500.0000     0.0472     0.8623     0.5034     1.5526     0.8008
[1] 22600.0000     0.0000     0.8858     0.2243     1.7856     0.9064
[1] 22700.0000     0.0000     0.8271     0.5135     1.4992     1.1968
[1] 22800.0000     0.1443     0.8972     0.0234     1.8811     1.0231
[1] 22900.0000     0.0001     0.8286     0.4481     1.5046     0.9190
[1] 23000.0000     0.0000     0.9955    -0.2798     2.2809     0.9113
[1] 23100.0000     0.0000     0.9231    -0.2160     2.2186     0.8179
[1] 23200.0000     0.0014     0.8859    -0.0877     2.0406     0.8935
[1] 23300.0000     0.3566     0.8966     0.1424     1.9165     1.0199
[1] 23400.0000     0.0492     0.8888     0.1062     1.7555     1.0444
[1] 23500.0000     0.0000     0.8934    -0.6283     2.6345     1.1391
[1] 23600.0000     0.0000     0.8176     0.0549     1.9625     0.8266
[1] 23700.0000     0.0000     0.8580     0.3277     1.7003     0.8494
[1] 23800.0000     0.0000     0.8154     0.1052     1.8741     1.1666
[1] 23900.0000     0.0085     0.8157     0.2973     1.7504     0.8034
[1] 24000.0000     0.0000     0.9801    -0.0932     2.0680     1.1551
[1] 24100.0000     0.0000     0.8747    -0.6056     2.5035     1.0767
[1] 24200.0000     0.0000     0.8562     0.2642     1.6823     0.9310
[1] 24300.0000     0.0000     0.8894    -0.2255     2.2404     0.9198
[1] 24400.0000     0.0893     0.9020     1.0696     1.0115     1.0534
[1] 24500.0000     0.0000     0.9407     0.7239     1.3133     1.0416
[1] 24600.0000     0.0000     0.9062    -0.0061     2.0424     0.8877
[1] 24700.0000     0.0369     0.9574    -0.1347     2.1495     1.0919
[1] 24800.0000     0.0976     0.8109    -0.0664     2.0860     1.1899
[1] 2.490e+04 1.888e-01 9.495e-01 2.040e-02 2.051e+00 8.626e-01
[1] 25000.0000     0.4625     0.8801     0.1855     1.7644     0.8235
[1] 25100.0000     1.0000     0.8419     0.2343     1.7179     0.8544
[1] 25200.0000     0.0000     0.9920    -0.2671     2.3434     0.8420
[1] 25300.0000     0.7472     0.8151    -0.2255     2.2345     1.0748
[1] 25400.0000     1.0000     0.8988    -0.1392     2.1675     1.0888
[1] 25500.0000     0.0001     0.8303     0.5489     1.4694     1.1248
[1] 25600.0000     0.0000     0.8978     0.1911     1.8442     1.1142
[1] 25700.0000     0.0000     0.8060     0.5111     1.5213     0.8422
[1] 25800.0000     0.0000     0.8043     0.0967     1.9252     0.8730
[1] 25900.0000     1.0000     0.8632     0.1636     1.8722     1.1254
[1] 26000.0000     0.2072     0.9492     0.1785     1.9637     1.0058
[1] 26100.0000     0.0000     0.9097    -0.0996     2.0383     1.1652
[1] 26200.0000     0.0089     0.9529    -0.2848     2.3289     1.0017
[1] 26300.0000     0.0000     0.9342    -0.1142     2.0705     1.1434
[1] 26400.0000     0.0000     0.8767     0.1265     1.8223     0.8041
[1] 26500.0000     0.1181     0.8136     0.1184     1.9507     0.8843
[1] 26600.0000     0.0000     0.9293    -0.0585     2.1440     0.8497
[1] 26700.0000     0.3173     0.8892     0.1617     1.9893     0.9428
[1] 26800.0000     0.0000     0.8448    -0.7385     2.7561     0.8652
[1] 26900.0000     0.0000     0.9586     0.5464     1.5863     1.0279
[1] 27000.0000     0.0000     0.9862    -0.3444     2.4254     0.8958
[1] 27100.0000     0.5076     0.8095     0.0678     2.0260     1.0497
[1] 27200.0000     0.0388     0.8628     0.3470     1.7255     1.0265
[1] 27300.0000     0.0000     0.9754    -0.1493     2.2313     0.9688
[1] 27400.0000     0.0000     0.9269     0.4239     1.6462     1.0000
[1] 2.750e+04 0.000e+00 8.463e-01 3.301e-01 1.713e+00 8.762e-01
[1] 27600.0000     0.0000     0.8732     0.5249     1.5745     0.9172
[1] 27700.0000     0.0000     0.9091     0.5223     1.5108     0.8618
[1] 27800.0000     0.0000     0.8358     0.5354     1.5222     1.1051
[1] 27900.0000     0.9093     0.8904    -0.0823     2.1542     0.9276
[1] 28000.0000     0.0000     0.8025     0.0264     2.0054     0.9240
[1] 28100.0000     0.0000     0.9262    -0.4374     2.4264     1.0710
[1] 28200.0000     0.0000     0.9693     0.4647     1.6476     0.8876
[1] 28300.0000     0.0000     0.9886    -0.2340     2.2472     1.1843
[1] 28400.0000     0.5377     0.9594     0.0053     2.1132     0.8105
[1] 28500.0000     0.0000     0.8678     0.1637     1.7881     0.8688
[1] 28600.0000     0.0002     0.9856     0.1463     1.7552     1.1641
[1] 28700.0000     0.0000     0.8546    -0.1017     2.1094     0.9787
[1] 2.880e+04 3.000e-04 8.950e-01 2.436e-01 1.766e+00 9.585e-01
[1] 28900.0000     0.0000     0.9040    -0.2152     2.1661     0.8375
[1] 29000.0000     0.0000     0.9692    -0.3862     2.3228     0.9910
[1] 29100.0000     0.0000     0.9836    -0.5395     2.5089     1.0211
[1] 29200.0000     0.1204     0.9889     0.3283     1.6680     1.0979
[1] 29300.0000     0.1753     0.9749     0.4446     1.5546     0.9782
[1] 29400.0000     0.0009     0.9394     0.5383     1.4781     1.1754
[1] 29500.0000     0.0000     0.8510    -0.2009     2.2370     0.8942
[1] 29600.0000     0.0012     0.8035     0.2575     1.7335     1.0772
[1] 29700.0000     0.0000     0.9571    -0.1183     2.0779     0.9736
[1] 29800.0000     0.0000     0.8503     0.4240     1.6154     0.9822
[1] 29900.0000     1.0000     0.9798    -0.2293     2.2786     1.0014
[1] 30000.0000     0.0001     0.9561     0.2748     1.6087     1.0811
[1] 0.1373945
Time difference of 4.489654 hours
null device 
          1 
