[1] "El numero de nodos X particion es: 10"
[1] "Model = M2 / Data = sim_data/datasetSVIMatern2.Rdata"
[1] 100.0000   1.0000   0.8291   0.0385   2.1147   0.9331
[1] 200.0000   1.0000   0.9804  -0.0337   2.1842   1.0297
[1] 300.0000   0.9821   0.8776  -0.0690   2.2191   1.0665
[1] 400.0000   0.2883   0.9217  -0.2353   2.3654   0.9692
[1] 500.0000   0.0334   0.9813  -0.0825   2.3076   0.8492
[1] 600.0000   1.0000   0.9748   0.5578   1.5373   1.0386
[1] 700.0000   0.0717   0.9506   0.0124   2.1239   1.0413
[1] 800.0000   0.0006   0.9313   0.3102   1.7707   1.0430
[1] 900.0000   0.0000   0.9344   0.1065   1.9520   1.0036
[1] 1000.0000    0.0000    0.8209   -0.4765    2.5855    0.9374
[1] 1100.0000    0.0000    0.9319    0.4829    1.6284    0.8930
[1] 1200.0000    0.2989    0.8603    0.4432    1.7940    0.9164
[1] 1300.0000    0.0391    0.9805   -0.6333    2.7670    0.8049
[1] 1400.0000    0.0000    0.9303   -0.7385    2.8669    1.1894
[1] 1500.0000    0.0000    0.9584    0.4382    1.7186    1.0940
[1] 1600.0000    0.0000    0.9658   -0.7239    2.8669    1.0950
[1] 1700.0000    0.0000    0.9419   -0.3990    2.6002    1.0966
[1] 1800.0000    0.0000    0.8314   -0.1510    2.3236    0.9945
[1] 1900.0000    0.0000    0.9875   -0.7944    2.9132    0.8532
[1] 2000.0000    0.0000    0.9400   -0.1970    2.4088    1.1109
[1] 2100.0000    0.0000    0.8246   -0.6276    2.6635    1.1071
[1] 2200.0000    0.0000    0.8668    0.3280    1.8563    1.0989
[1] 2300.0000    0.0001    0.9142    0.3140    1.7794    0.8527
[1] 2400.0000    0.0000    0.9355    0.5969    1.5500    1.1578
[1] 2500.0000    0.0427    0.8909    0.8443    1.2460    1.1217
[1] 2600.0000    0.0000    0.8617   -0.3618    2.4636    0.8044
[1] 2700.0000    0.0000    0.8492   -0.2109    2.4138    0.9140
[1] 2800.0000    0.1666    0.8906   -0.3863    2.3941    0.8787
[1] 2900.0000    0.0000    0.9282   -0.9041    3.0156    1.0364
[1] 3000.0000    0.0000    0.8454   -0.5132    2.6643    0.9669
[1] 3100.0000    0.0000    0.9787    0.2136    1.9487    0.9283
[1] 3200.0000    0.0000    0.9190    0.1923    1.9475    0.9575
[1] 3300.0000    0.0000    0.9312    0.1001    2.0088    0.9302
[1] 3400.0000    0.5225    0.8983    0.6591    1.5832    1.1525
[1] 3500.0000    0.0000    0.8568    0.2607    1.8267    1.0820
[1] 3600.0000    0.0000    0.8412    0.1316    1.9953    0.8625
[1] 3700.0000    0.3914    0.9950    0.5991    1.5530    1.0085
[1] 3800.0000    0.0000    0.9791    1.3101    0.7936    1.0179
[1] 3900.0000    0.0000    0.8319   -0.2272    2.4521    0.8180
[1] 4000.0000    0.0000    0.9448   -0.4297    2.5818    1.0791
[1] 4100.0000    0.0000    0.8388   -0.7418    2.8980    0.8864
[1] 4200.0000    0.0000    0.9756   -0.6741    2.7366    0.9752
[1] 4300.0000    0.3374    0.8741   -1.0391    3.1364    1.1249
[1] 4400.0000    0.0000    0.8077    0.5094    1.7391    1.0029
[1] 4500.0000    0.2544    0.8410    0.4374    1.8012    1.1520
[1] 4600.0000    0.0000    0.9525    0.5351    1.6852    1.1110
[1] 4700.0000    0.0000    0.8528   -0.5595    2.6817    0.8411
[1] 4800.0000    0.0000    0.8660   -0.9295    3.0741    1.0939
[1] 4900.0000    0.0000    0.8114   -0.7708    2.8800    0.8255
[1] 5000.0000    0.0347    0.9988   -1.5088    3.5165    0.9542
[1] 5100.0000    0.0000    0.9679   -1.2429    3.3402    1.1951
[1] 5200.0000    0.0000    0.8051    0.7556    1.3442    0.8965
[1] 5300.0000    0.0000    0.8665    0.7769    1.3539    1.0916
[1] 5400.0000    0.0000    0.8536    1.1256    0.9951    0.9337
[1] 5500.0000    0.0000    0.8506    0.4138    1.7965    1.1979
[1] 5600.0000    0.0000    0.9929    0.0823    1.9693    1.1085
[1] 5700.0000    0.0000    0.9445   -0.1902    2.3876    1.0237
[1] 5800.0000    0.0000    0.8612   -1.0624    3.2913    1.0327
[1] 5900.0000    0.0000    0.8278   -0.0715    2.2756    1.0767
[1] 6000.0000    0.0000    0.8887    0.0046    2.0700    0.8335
[1] 6100.0000    0.0000    0.8914    0.1528    2.0226    0.9242
[1] 6200.0000    0.0000    0.8162    0.6206    1.4898    1.0302
[1] 6300.0000    0.0000    0.9569   -0.2215    2.3172    0.8080
[1] 6400.0000    0.0000    0.9599   -0.3798    2.5514    0.9947
[1] 6500.0000    0.0203    0.9084   -0.1987    2.4059    1.0918
[1] 6600.0000    0.0000    0.8710    0.2876    1.7716    0.9001
[1] 6700.0000    0.0000    0.9231   -0.2943    2.5369    1.1521
[1] 6800.0000    0.0520    0.8642    0.5874    1.5398    1.0905
[1] 6900.0000    0.0000    0.8857   -0.3806    2.5527    0.9847
[1] 7000.0000    0.0000    0.8521   -0.2826    2.4328    1.0680
[1] 7100.0000    0.0000    0.9857   -0.0112    2.2004    1.0571
[1] 7200.0000    0.0000    0.8247   -0.4013    2.6296    0.8913
[1] 7300.0000    0.0000    0.9346    0.3113    1.8480    1.1740
[1] 7400.0000    0.0000    0.8045   -0.4027    2.5242    0.8734
[1] 7500.0000    0.0000    0.8475   -1.3233    3.4162    1.0597
[1] 7600.0000    0.0000    0.9493   -0.6874    2.8392    0.9281
[1] 7700.0000    0.0000    0.8552   -1.4190    3.4663    1.0850
[1] 7800.0000    0.0000    0.8350   -0.3130    2.5048    1.1361
[1] 7900.0000    0.0000    0.9654   -0.3364    2.4078    1.1831
[1] 8000.0000    0.0000    0.9309    0.5193    1.6425    1.0835
[1] 8100.0000    0.0000    0.8483   -0.3356    2.3938    0.8203
[1] 8200.0000    0.0000    0.9207   -0.5563    2.6458    1.1282
[1] 8300.0000    0.0000    0.8222   -0.2486    2.4260    0.8438
[1] 8400.0000    0.0000    0.9658    0.3137    1.7907    0.9286
[1] 8500.0000    0.0000    0.8325    0.2906    1.9658    1.0750
[1] 8600.0000    0.0299    0.9212   -0.8240    3.0420    1.1298
[1] 8700.0000    0.0000    0.8940   -0.2169    2.3351    1.0236
[1] 8800.0000    0.0000    0.9735   -0.4239    2.4767    1.0381
[1] 8900.0000    0.0000    0.8248    0.2561    1.8705    1.0728
[1] 9000.0000    0.0000    0.9268    0.4800    1.6649    0.8237
[1] 9100.0000    0.0000    0.8755   -0.5835    2.7208    0.8812
[1] 9200.0000    0.0000    0.8777   -0.3689    2.5719    1.1489
[1] 9300.0000    0.0000    0.8689    0.0777    2.1422    0.9976
[1] 9400.0000    0.0000    0.8413    1.3869    0.6634    1.0761
[1] 9500.0000    0.0000    0.8817   -0.1054    2.1893    1.0875
[1] 9600.0000    0.0000    0.8149    0.1047    2.1133    0.9056
[1] 9700.0000    0.0000    0.9657    1.9999    0.1392    0.9166
[1] 9800.0000    0.0000    0.9462    0.3307    1.7658    1.1275
[1] 9900.0000    0.0000    0.9369    1.7850    0.4155    1.1404
[1] 10000.0000     0.5195     0.9984    -0.5628     2.6645     0.9987
[1] 10100.0000     1.0000     0.9049     0.2166     1.9999     1.0751
[1] 10200.0000     0.0001     0.8458     0.6565     1.4324     1.1044
[1] 10300.0000     0.3864     0.9549     1.1318     0.9980     0.8021
[1] 10400.0000     0.0000     0.9109     0.1676     1.9502     0.9653
[1] 10500.0000     0.0000     0.9828     1.0327     1.1118     0.8036
[1] 10600.0000     0.0000     0.8442     0.1950     2.0042     0.9495
[1] 1.070e+04 0.000e+00 8.398e-01 5.847e-01 1.561e+00 1.059e+00
[1] 10800.0000     0.0448     0.8310     0.2297     1.8744     0.9940
[1] 10900.0000     0.0000     0.9660     0.8341     1.3607     1.1970
[1] 11000.0000     0.0088     0.8555     1.2937     0.9030     1.1761
[1] 1.110e+04 0.000e+00 8.902e-01 4.386e-01 1.714e+00 9.114e-01
[1] 11200.0000     0.3177     0.8258    -0.2275     2.3626     1.0628
[1] 11300.0000     0.0000     0.8936    -0.2268     2.3818     1.0961
[1] 11400.0000     0.0000     0.9548     0.7687     1.3725     1.0047
[1] 11500.0000     0.0000     0.9619    -0.0804     2.1772     0.9110
[1] 11600.0000     0.0002     0.9104    -0.0632     2.2280     0.8269
[1] 11700.0000     0.0003     0.8224     0.5063     1.6458     0.8539
[1] 11800.0000     0.0000     0.8027    -0.4691     2.6043     0.8530
[1] 11900.0000     0.0000     0.9123    -0.6249     2.7348     1.0901
[1] 12000.0000     0.0000     0.8056     0.1619     2.0331     1.1142
[1] 12100.0000     0.0000     0.8005    -0.8796     2.9859     0.8375
[1] 1.220e+04 4.938e-01 8.496e-01 8.732e-01 1.307e+00 8.460e-01
[1] 12300.0000     0.0000     0.8010     0.1991     1.9598     0.8810
[1] 12400.0000     1.0000     0.8046     0.1581     1.9842     0.8797
[1] 12500.0000     0.0000     0.8870     0.2252     1.8376     1.1524
[1] 12600.0000     0.0000     0.9125    -0.1997     2.4200     1.1924
[1] 12700.0000     0.0000     0.9614     0.3725     1.6122     0.8958
[1] 12800.0000     0.0000     0.9902    -0.6034     2.6806     0.9345
[1] 12900.0000     0.0157     0.9204     0.1191     2.0395     0.8219
[1] 13000.0000     0.0000     0.8069     0.1011     2.0311     1.0997
[1] 13100.0000     0.0000     0.9404     1.4346     0.7307     0.9822
[1] 1.320e+04 0.000e+00 8.843e-01 5.156e-01 1.620e+00 9.997e-01
[1] 13300.0000     0.0000     0.8427    -0.5318     2.6212     1.0281
[1] 13400.0000     0.0000     0.8092    -0.5413     2.6736     1.1676
[1] 13500.0000     0.0000     0.8466    -0.7586     2.9230     0.8143
[1] 13600.0000     0.0000     0.8917     0.6237     1.5230     1.0301
[1] 13700.0000     0.0000     0.9630    -0.5199     2.7070     0.9277
[1] 13800.0000     0.0000     0.8787    -0.7800     2.8967     1.0611
[1] 13900.0000     0.0000     0.8214     0.0644     2.0584     1.1853
[1] 14000.0000     0.0000     0.9588     0.7734     1.2988     0.9662
[1] 14100.0000     0.0000     0.8411     0.5208     1.5201     1.1804
[1] 14200.0000     0.0000     0.8479     0.2118     1.8603     0.8739
[1] 14300.0000     0.0000     0.9227    -1.1434     3.2512     1.0001
[1] 14400.0000     0.3340     0.8623     0.5302     1.6461     0.8985
[1] 14500.0000     0.9348     0.9833     0.2060     1.8827     1.1771
[1] 14600.0000     0.0000     0.8721     0.1897     1.9907     0.9912
[1] 14700.0000     0.0000     0.8734    -0.4019     2.4472     1.0676
[1] 14800.0000     0.0000     0.9988     0.4886     1.5986     0.9067
[1] 14900.0000     0.0178     0.9582    -0.2462     2.3955     1.0321
[1] 15000.0000     0.0009     0.9447    -0.0206     2.1159     0.8911
[1] 1.510e+04 2.934e-01 9.406e-01 6.060e-02 2.057e+00 8.849e-01
[1] 15200.0000     0.0000     0.8734     0.6225     1.5973     0.8767
[1] 15300.0000     1.0000     0.8282    -0.2827     2.3717     1.1177
[1] 15400.0000     0.1721     0.9636    -0.7311     2.9466     0.9462
[1] 15500.0000     0.0000     0.9734    -1.0853     3.2045     1.1714
[1] 15600.0000     0.0000     0.8520    -0.9212     3.0899     1.1912
[1] 15700.0000     0.0000     0.8475    -0.1360     2.2365     0.9690
[1] 15800.0000     0.0001     0.9108     0.2721     1.7975     0.9068
[1] 1.590e+04 0.000e+00 8.876e-01 3.514e-01 1.699e+00 9.067e-01
[1] 16000.0000     0.0007     0.8124    -0.2041     2.3188     1.1160
[1] 16100.0000     0.0000     0.9566     0.6841     1.4785     1.0234
[1] 16200.0000     0.0000     0.9466     0.8021     1.2723     0.9477
[1] 16300.0000     0.0000     0.9158     0.2169     1.9457     0.9491
[1] 16400.0000     0.0000     0.9648     0.5917     1.5515     0.9493
[1] 16500.0000     0.4791     0.9646     0.0695     2.0295     1.1820
[1] 16600.0000     0.0000     0.8294    -0.7555     2.9447     0.8835
[1] 16700.0000     0.0000     0.8462     0.0049     2.0887     0.9538
[1] 16800.0000     0.0000     0.8621     0.1335     1.9294     1.1596
[1] 16900.0000     0.0000     0.9254     0.6077     1.5113     0.9648
[1] 17000.0000     0.0000     0.9790    -0.1849     2.3610     0.8822
[1] 17100.0000     0.0000     0.9305     0.8597     1.3458     0.9283
[1] 17200.0000     0.0000     0.9497     0.8447     1.2492     0.8252
[1] 17300.0000     1.0000     0.8396     1.7863     0.3410     1.0131
[1] 17400.0000     0.0000     0.8593     0.7632     1.5517     1.1450
[1] 17500.0000     0.0000     0.9677    -0.0556     2.1985     1.1479
[1] 17600.0000     0.0000     0.8280     1.0601     1.0868     1.1486
[1] 17700.0000     0.0000     0.8794     1.3018     0.8591     0.9707
[1] 17800.0000     0.0001     0.9383    -0.3442     2.5685     1.0084
[1] 17900.0000     0.0000     0.8750    -0.7792     2.9354     0.9636
[1] 18000.0000     1.0000     0.9109    -0.4337     2.5791     0.8712
[1] 18100.0000     0.0000     0.8802    -0.5875     2.7467     0.9893
[1] 18200.0000     0.0064     0.8582     0.9411     1.1318     0.9652
[1] 18300.0000     0.0000     0.8120    -0.5215     2.6702     1.0717
[1] 18400.0000     0.0000     0.9529     0.5324     1.6081     0.8173
[1] 18500.0000     0.0000     0.8451     0.3934     1.7967     0.9054
[1] 18600.0000     0.0000     0.8656     0.0412     2.1349     0.8624
[1] 18700.0000     0.0000     0.8080    -0.1003     2.2789     0.9308
[1] 18800.0000     0.0000     0.8635     0.3757     1.7289     1.1693
[1] 18900.0000     0.0000     0.9024     0.3720     1.7217     1.0613
[1] 19000.0000     0.0000     0.8366    -0.1200     2.2293     0.8015
[1] 19100.0000     0.0000     0.9451    -0.0969     2.1702     1.0897
[1] 19200.0000     0.0000     0.8001     0.0221     2.0851     0.9641
[1] 19300.0000     0.0000     0.8411    -0.5714     2.6295     0.9272
[1] 19400.0000     0.0000     0.8040    -0.7440     3.0211     1.1551
[1] 19500.0000     0.0000     0.8527    -0.0335     2.1533     1.1208
[1] 19600.0000     0.5949     0.9162    -1.1472     3.3180     0.8038
[1] 19700.0000     0.0000     0.8982    -0.2254     2.2755     1.1826
[1] 19800.0000     0.0000     0.9408     0.4031     1.7861     0.9927
[1] 19900.0000     0.0000     0.9981    -0.3242     2.4913     1.0280
[1] 20000.0000     0.0000     0.8708    -0.2148     2.3382     1.0213
[1] 20100.0000     0.0000     0.9080     0.3143     1.8626     1.0402
[1] 20200.0000     0.9256     0.9840    -0.1522     2.2830     1.1380
[1] 20300.0000     0.0000     0.9396     0.2864     1.8774     1.0259
[1] 20400.0000     0.0053     0.9072     0.2507     1.8624     0.9991
[1] 20500.0000     0.0000     0.8964    -0.2540     2.3997     1.1285
[1] 20600.0000     1.0000     0.9169    -0.1427     2.3047     1.1057
[1] 20700.0000     1.0000     0.8107     0.1733     1.8580     1.0874
[1] 20800.0000     0.0000     0.9606    -0.1285     2.2932     1.0886
[1] 20900.0000     0.0058     0.9109    -0.1433     2.2358     0.9980
[1] 21000.0000     0.0000     0.9912     0.6985     1.4207     1.0875
[1] 21100.0000     0.0000     0.9732    -0.5868     2.6840     0.8253
[1] 21200.0000     0.0390     0.8263    -0.1103     2.2449     1.1324
[1] 21300.0000     0.0000     0.8399    -0.8558     2.8939     1.0171
[1] 21400.0000     0.0000     0.9719     0.4250     1.6774     0.9071
[1] 21500.0000     0.0000     0.9375     0.0150     2.0455     1.0777
[1] 21600.0000     0.0000     0.8010    -0.3050     2.4313     1.1966
[1] 21700.0000     0.0000     0.8258    -0.7356     2.8857     1.1265
[1] 21800.0000     0.0000     0.8709    -0.2399     2.4124     1.0601
[1] 21900.0000     0.0000     0.9084    -0.5685     2.6471     1.1067
[1] 22000.0000     0.0000     0.8850     0.8535     1.2749     0.9555
[1] 22100.0000     0.0000     0.9825    -0.2892     2.4255     1.1195
[1] 22200.0000     0.0000     0.9882    -0.7697     2.8153     0.9514
[1] 22300.0000     0.0016     0.8584    -0.1637     2.2870     0.9367
[1] 22400.0000     0.0000     0.9494    -0.2666     2.3867     0.9207
[1] 2.250e+04 9.000e-04 9.610e-01 9.134e-01 1.205e+00 9.963e-01
[1] 22600.0000     0.0000     0.8858     1.2278     1.0279     0.9064
[1] 22700.0000     0.0000     0.8271     0.5184     1.5428     1.1968
[1] 22800.0000     0.1721     0.8972     0.0172     1.9326     1.0231
[1] 22900.0000     0.0000     0.9207     0.9524     1.0982     0.8362
[1] 23000.0000     0.0000     0.9652     0.6527     1.4191     1.0264
[1] 23100.0000     0.0000     0.9231     0.3195     1.7663     0.8179
[1] 23200.0000     0.0000     0.9741    -0.4060     2.6036     1.1699
[1] 23300.0000     0.2462     0.8966    -0.2698     2.3760     1.0199
[1] 23400.0000     0.0000     0.9418     0.3847     1.7312     0.8205
[1] 23500.0000     0.0000     0.8934    -0.5025     2.6330     1.1391
[1] 23600.0000     0.0000     0.8360     0.4639     1.6463     0.8406
[1] 23700.0000     0.0000     0.9977     0.8994     1.2196     0.9083
[1] 23800.0000     0.0000     0.9509     0.8117     1.2078     0.9516
[1] 23900.0000     0.0000     0.8157     0.5548     1.6076     0.8034
[1] 24000.0000     0.0000     0.8968    -0.9973     3.0676     0.8401
[1] 24100.0000     0.0000     0.8643    -1.8783     3.9953     0.9462
[1] 24200.0000     0.0000     0.8399    -0.1661     2.1899     1.0287
[1] 24300.0000     0.0000     0.9879    -0.5861     2.7117     1.1930
[1] 24400.0000     1.0000     0.9947     0.7294     1.4263     0.9697
[1] 24500.0000     0.0000     0.9407     1.5796     0.4568     1.0416
[1] 24600.0000     0.0000     0.9062     0.3220     1.7442     0.8877
[1] 24700.0000     0.0000     0.9025    -0.5319     2.6502     0.8040
[1] 24800.0000     0.0007     0.8109     0.0462     2.0836     1.1899
[1] 24900.0000     0.1309     0.9126    -0.7906     3.0379     1.0268
[1] 25000.0000     0.0001     0.9628     0.6061     1.5147     0.9362
[1] 25100.0000     0.0000     0.9605     1.2319     0.8461     1.0743
[1] 25200.0000     0.0000     0.8184     0.2551     1.8972     0.8574
[1] 25300.0000     0.9256     0.8151     0.0507     2.0267     1.0748
[1] 25400.0000     1.0000     0.8988    -0.1142     2.2461     1.0888
[1] 25500.0000     0.0000     0.8147     0.3475     1.7552     1.1844
[1] 25600.0000     0.0000     0.9526    -0.7570     2.7840     1.1706
[1] 25700.0000     0.0000     0.8060     0.4157     1.7711     0.8422
[1] 25800.0000     0.0000     0.8043    -0.4678     2.5573     0.8730
[1] 25900.0000     1.0000     0.8632    -0.3515     2.4783     1.1254
[1] 26000.0000     0.3784     0.9492    -0.5769     2.8147     1.0058
[1] 26100.0000     0.0000     0.9196    -0.0504     2.0841     1.1722
[1] 26200.0000     0.0000     0.9529    -0.5420     2.5372     1.0017
[1] 26300.0000     0.0000     0.8989    -0.7280     2.8358     0.9807
[1] 26400.0000     0.0000     0.8767     0.9499     1.0662     0.8041
[1] 26500.0000     0.0181     0.8556    -0.0068     2.1668     0.8038
[1] 26600.0000     0.0000     0.9293    -0.4719     2.6990     0.8497
[1] 26700.0000     0.0000     0.8184     0.3390     1.7782     0.9177
[1] 26800.0000     0.0000     0.8448    -1.5307     3.5955     0.8652
[1] 26900.0000     0.0000     0.9241     0.0945     2.1372     1.0646
[1] 27000.0000     0.0000     0.9892     0.0403     2.1512     0.9138
[1] 27100.0000     0.6877     0.8553     0.2203     1.9138     1.0993
[1] 27200.0000     0.0000     0.8802     0.3124     1.8252     0.8416
[1] 27300.0000     0.0000     0.9185    -0.4736     2.5749     0.9822
[1] 27400.0000     0.0000     0.8182     0.6272     1.5639     1.1040
[1] 27500.0000     0.0000     0.8677     0.8752     1.2565     0.9516
[1] 27600.0000     0.0000     0.8732     1.4741     0.7011     0.9172
[1] 27700.0000     0.0000     0.8317     0.9236     1.1736     1.1846
[1] 2.780e+04 0.000e+00 8.338e-01 3.703e-01 1.791e+00 9.440e-01
[1] 27900.0000     1.0000     0.8904     0.0599     2.0252     0.9276
[1] 28000.0000     0.0000     0.9328    -0.2949     2.4846     0.9314
[1] 28100.0000     0.0000     0.9262     0.8663     1.3363     1.0710
[1] 28200.0000     0.0000     0.9683     0.3662     1.7775     0.8917
[1] 28300.0000     0.0000     0.9886    -0.4190     2.5278     1.1843
[1] 28400.0000     1.0000     0.9594    -0.2515     2.3950     0.8105
[1] 28500.0000     0.0000     0.8824     0.7167     1.3735     0.8003
[1] 28600.0000     0.0000     0.9775     0.1288     1.9336     0.9079
[1] 28700.0000     0.0000     0.8546    -0.9550     2.9924     0.9787
[1] 28800.0000     0.0000     0.8104     0.4591     1.7358     1.1940
[1] 28900.0000     0.0000     0.9137     0.7654     1.4049     0.8478
[1] 29000.0000     0.0000     0.9277    -0.0242     2.1579     1.1735
[1] 29100.0000     0.0000     0.8445    -0.3772     2.5476     0.8871
[1] 29200.0000     0.0205     0.9367     1.1776     0.9064     1.1465
[1] 29300.0000     0.0093     0.9749     1.2713     0.8397     0.9782
[1] 29400.0000     0.0000     0.9394     0.9197     1.1318     1.1754
[1] 29500.0000     0.0000     0.9697    -0.6406     2.7588     0.9614
[1] 29600.0000     0.0000     0.8335     0.0932     2.0096     1.1940
[1] 29700.0000     0.0000     0.9991    -0.3136     2.4011     0.9357
[1] 29800.0000     0.0000     0.8030    -0.7644     2.9582     0.9421
[1] 29900.0000     0.9032     0.9798    -0.0521     2.2257     1.0014
[1] 30000.0000     0.0000     0.9561     1.0898     0.9565     1.0811
[1] 0.0774369
Time difference of 11.3907 hours
null device 
          1 
