[1] "El numero de nodos X particion es: 10"
[1] "Model = M1 / Data = sim_data/datasetSVCExponential2.Rdata"
[1] 100.0000   1.0000   0.8291   0.2721   2.0646   0.9331
[1] 200.0000   1.0000   0.9804   0.3091   2.1166   1.0297
[1] 300.0000   0.7930   0.8776   0.1676   2.0752   1.0665
[1] 400.0000   0.2045   0.9217   0.2990   2.1256   0.9692
[1] 500.0000   0.3471   0.9813   0.1626   2.0057   0.8492
[1] 600.0000   0.0011   0.8693   0.1848   1.9731   1.0610
[1] 700.0000   1.0000   0.8087   0.1218   1.9754   1.0605
[1] 800.0000   0.9950   0.8954   0.2053   2.0953   1.1490
[1] 900.0000   0.3149   0.9357   0.0385   2.0392   1.0743
[1] 1000.0000    1.0000    0.9692    0.2495    2.1645    0.9576
[1] 1100.0000    0.3474    0.9726   -0.0045    1.8261    1.0201
[1] 1200.0000    1.0000    0.8603    0.2410    2.1761    0.9164
[1] 1300.0000    0.5332    0.8617    0.1314    2.0609    1.0550
[1] 1400.0000    0.0000    0.9546    0.0378    1.9009    0.8056
[1] 1500.0000    0.0003    0.9672    0.1569    2.0578    1.1986
[1] 1600.0000    0.6364    0.8673    0.3078    2.1811    0.9237
[1] 1700.0000    0.0018    0.9259    0.1410    2.0418    1.0764
[1] 1800.0000    0.0000    0.9234    0.1824    2.1249    1.1307
[1] 1900.0000    0.1809    0.9957    0.3503    2.2029    1.1822
[1] 2000.0000    0.0128    0.9978    0.2982    2.0808    1.1535
[1] 2100.0000    0.5991    0.8081    0.2584    2.1721    0.9300
[1] 2200.0000    0.8383    0.8580    0.2037    2.0724    1.0161
[1] 2300.0000    0.2823    0.8377    0.1959    2.1462    0.8487
[1] 2400.0000    0.7053    0.9764    0.1634    1.9483    1.0594
[1] 2500.0000    0.2238    0.9103    0.1676    2.1095    0.8545
[1] 2600.0000    0.0182    0.8146    0.0641    1.9182    0.8232
[1] 2700.0000    0.1259    0.8044    0.0722    1.9964    1.0835
[1] 2800.0000    0.0782    0.9777    0.2255    2.0831    0.8625
[1] 2900.0000    0.0072    0.8994   -0.0527    1.8539    1.0050
[1] 3000.0000    0.0134    0.9297    0.3452    2.2337    1.1984
[1] 3100.0000    0.7031    0.8708    0.3090    2.1339    0.9667
[1] 3200.0000    0.0924    0.9371    0.1936    2.0584    1.1278
[1] 3300.0000    0.0000    0.9877    0.2019    2.0975    0.9428
[1] 3400.0000    0.0015    0.9079    0.0187    1.8280    0.8348
[1] 3500.0000    1.0000    0.9338    0.2821    2.2401    0.8830
[1] 3600.0000    0.0081    0.9538    0.0673    1.8895    1.1717
[1] 3700.0000    0.0002    0.9950    0.3309    2.1128    1.0085
[1] 3800.0000    0.0000    0.8653    0.0887    1.8752    0.9884
[1] 3900.0000    0.0011    0.8514    0.1104    1.9687    1.1876
[1] 4000.0000    0.6352    0.9388    0.1747    1.9408    0.8131
[1] 4100.0000    1.0000    0.9426    0.3247    2.0874    0.8764
[1] 4200.0000    0.2746    0.9756    0.0800    1.9959    0.9752
[1] 4300.0000    0.0000    0.9986    0.2700    2.0927    0.9026
[1] 4400.0000    0.0988    0.9571    0.3321    2.1734    0.9932
[1] 4500.0000    1.0000    0.8410    0.2896    2.1110    1.1520
[1] 4600.0000    0.0442    0.8039    0.1319    1.9387    1.1669
[1] 4700.0000    0.0001    0.9709    0.2223    2.1144    1.0444
[1] 4800.0000    0.0971    0.8985    0.1515    1.9817    0.9827
[1] 4900.0000    0.5523    0.8201    0.4578    2.3372    1.1747
[1] 5000.0000    0.9446    0.9273    0.3280    2.1909    1.0348
[1] 5100.0000    0.2368    0.9679    0.0414    1.9171    1.1951
[1] 5200.0000    0.0194    0.8350    0.2359    2.2038    1.0935
[1] 5300.0000    1.0000    0.8379    0.1460    1.9908    1.0434
[1] 5400.0000    0.4607    0.8333    0.1722    2.0715    0.9811
[1] 5500.0000    0.5409    0.8940    0.1026    2.0375    1.1671
[1] 5600.0000    0.0209    0.9095   -0.1992    1.8275    0.9324
[1] 5700.0000    0.1019    0.9403    0.2053    2.0000    0.9236
[1] 5800.0000    0.0684    0.8612    0.1998    2.1844    1.0327
[1] 5900.0000    0.5527    0.8759   -0.0082    1.8985    1.0113
[1] 6000.0000    0.2342    0.8924    0.2151    2.0212    1.0716
[1] 6100.0000    0.0454    0.9517    0.4394    2.2451    0.9216
[1] 6200.0000    1.0000    0.8336   -0.0949    1.7382    0.9759
[1] 6300.0000    0.0238    0.8959    0.1025    2.0564    1.1826
[1] 6400.0000    0.1928    0.9885    0.3875    2.1832    0.8165
[1] 6500.0000    0.0509    0.8697    0.1697    2.0729    0.9040
[1] 6600.0000    0.0098    0.8860    0.0547    2.0237    1.0301
[1] 6700.0000    0.0012    0.9726   -0.0558    1.8275    1.0730
[1] 6800.0000    0.8861    0.8496    0.1861    2.0786    0.9728
[1] 6900.0000    0.1121    0.8556    0.1300    1.9995    1.1638
[1] 7000.0000    0.0021    0.9977    0.2051    2.0587    1.0944
[1] 7100.0000    0.6043    0.8440    0.2022    2.0148    0.9302
[1] 7200.0000    0.0078    0.9645    0.1599    2.0396    0.9109
[1] 7300.0000    0.0006    0.8821    0.1278    2.0747    0.9361
[1] 7400.0000    0.0000    0.8164   -0.0092    1.8557    0.8600
[1] 7500.0000    0.1165    0.9538    0.3459    2.2140    1.0728
[1] 7600.0000    0.0446    0.8332    0.0994    1.9644    1.0877
[1] 7700.0000    0.0038    0.8552    0.1268    1.9675    1.0850
[1] 7800.0000    0.0002    0.8139    0.0977    1.9729    0.8702
[1] 7900.0000    0.4325    0.8037    0.1100    2.0112    1.1632
[1] 8000.0000    0.6769    0.9186    0.0450    1.8794    1.0026
[1] 8100.0000    0.0176    0.9605    0.2393    2.0341    0.9407
[1] 8200.0000    0.0000    0.9636    0.2460    2.1227    1.1811
[1] 8300.0000    0.0006    0.8222    0.3227    2.1584    0.8438
[1] 8400.0000    1.0000    0.9278    0.2603    2.0911    0.8107
[1] 8500.0000    0.0412    0.8716    0.1303    2.0539    1.1821
[1] 8600.0000    0.3347    0.9214    0.2049    2.1715    1.0135
[1] 8700.0000    0.0902    0.8788    0.0640    1.8648    1.1009
[1] 8800.0000    1.0000    0.9324    0.2228    2.1422    0.8066
[1] 8900.0000    0.6968    0.9431    0.1108    2.0561    1.1381
[1] 9000.0000    0.3448    0.9025    0.2087    2.0138    0.9096
[1] 9100.0000    0.5873    0.9156    0.2612    2.1755    1.0916
[1] 9200.0000    0.1033    0.8777    0.2793    2.1145    1.1489
[1] 9300.0000    0.0010    0.9856    0.1257    1.9478    1.1370
[1] 9400.0000    0.0360    0.9943    0.4670    2.1428    1.0986
[1] 9500.0000    0.0000    0.9329    0.1055    2.0358    0.8817
[1] 9600.0000    0.8511    0.9566    0.0732    1.9658    1.1182
[1] 9700.0000    0.1151    0.9791    0.1911    2.0523    1.1886
[1] 9800.0000    0.1134    0.8323    0.2475    2.0602    0.8368
[1] 9900.0000    0.0000    0.8466    0.4332    2.2633    0.8248
[1] 10000.0000     0.5165     0.9167    -0.1857     1.7723     1.1877
[1] 10100.0000     1.0000     0.9049     0.4082     2.2648     1.0751
[1] 1.020e+04 7.000e-04 9.084e-01 8.970e-02 1.905e+00 8.386e-01
[1] 10300.0000     0.0251     0.8120     0.2951     2.0801     0.8804
[1] 10400.0000     0.0119     0.8213     0.2380     2.1183     1.0055
[1] 10500.0000     0.7742     0.8159     0.2719     2.0891     1.1284
[1] 10600.0000     0.2738     0.8330     0.4275     2.3701     0.9483
[1] 10700.0000     0.0000     0.8531     0.4659     2.2746     0.8181
[1] 10800.0000     0.5529     0.8541     0.2657     2.2119     0.9792
[1] 10900.0000     0.0000     0.9660     0.1582     2.0793     1.1970
[1] 11000.0000     0.1339     0.8012     0.2048     2.2256     0.9407
[1] 11100.0000     0.0002     0.9709     0.3469     2.2738     0.9321
[1] 11200.0000     0.9561     0.9412     0.2454     2.1878     0.8257
[1] 11300.0000     0.5325     0.9738     0.0501     1.8775     1.1215
[1] 11400.0000     1.0000     0.9866     0.1506     1.9908     0.8664
[1] 11500.0000     0.0000     0.9311     0.1281     2.0267     0.8792
[1] 11600.0000     0.6127     0.9382    -0.1194     1.7786     0.8033
[1] 11700.0000     0.4633     0.9810    -0.1067     1.8643     0.9386
[1] 11800.0000     0.0121     0.8440     0.1542     1.9404     0.8198
[1] 11900.0000     1.0000     0.9415     0.2840     2.1109     1.0738
[1] 12000.0000     0.0132     0.8543     0.0520     1.9322     1.1591
[1] 12100.0000     0.1027     0.9452     0.2695     2.1535     0.8400
[1] 12200.0000     0.0038     0.8279     0.1872     1.9415     0.8199
[1] 12300.0000     0.0032     0.9623     0.3002     2.0153     1.1420
[1] 12400.0000     1.0000     0.8046     0.0447     1.9102     0.8797
[1] 12500.0000     0.1072     0.8027     0.3805     2.2553     1.0313
[1] 12600.0000     0.2328     0.9564     0.3906     2.1074     1.1675
[1] 12700.0000     0.0000     0.9486     0.4299     2.3143     0.8166
[1] 12800.0000     0.0042     0.9108     0.0301     1.9000     1.0765
[1] 12900.0000     0.2128     0.9378    -0.1511     1.6708     1.1252
[1] 13000.0000     0.0338     0.8069     0.2571     2.1045     1.0997
[1] 13100.0000     0.0006     0.9404     0.1102     1.9987     0.9822
[1] 13200.0000     0.0012     0.9589     0.0389     1.8358     1.1555
[1] 13300.0000     0.2661     0.8522     0.2936     2.1271     1.0074
[1] 13400.0000     0.0000     0.9485     0.2870     2.0974     1.0271
[1] 13500.0000     0.0000     0.8240     0.1575     2.1219     1.0099
[1] 13600.0000     0.0032     0.8917     0.1754     1.8859     1.0301
[1] 13700.0000     1.0000     0.8314     0.1238     2.0157     0.8589
[1] 13800.0000     0.0000     0.9275     0.1245     2.0255     1.0955
[1] 13900.0000     1.0000     0.8104     0.1550     2.0313     0.8994
[1] 14000.0000     1.0000     0.9598     0.2092     2.0423     0.8043
[1] 14100.0000     0.0005     0.9236     0.3107     2.1516     0.9106
[1] 14200.0000     0.0390     0.9983     0.2154     2.0410     1.1131
[1] 14300.0000     0.0132     0.9867     0.0956     2.0166     0.9748
[1] 14400.0000     1.0000     0.8984     0.1836     2.0793     1.1866
[1] 14500.0000     0.0096     0.8302     0.1748     2.1005     1.1813
[1] 14600.0000     0.0000     0.8329     0.0512     1.9983     0.9630
[1] 14700.0000     1.0000     0.8840     0.2133     2.1187     1.0394
[1] 14800.0000     0.0000     0.8106     0.0479     1.9918     1.0978
[1] 14900.0000     0.4710     0.9850     0.1900     2.0867     1.1438
[1] 15000.0000     0.0000     0.9486     0.0865     1.9068     0.9418
[1] 15100.0000     0.0257     0.9112     0.2020     2.0935     1.0503
[1] 15200.0000     0.8579     0.9896     0.2898     2.0886     1.1186
[1] 15300.0000     0.0515     0.8296     0.3377     2.2785     1.1944
[1] 15400.0000     1.0000     0.9829     0.2338     2.1745     1.0368
[1] 15500.0000     0.7318     0.8761     0.2507     1.9909     0.9901
[1] 15600.0000     0.7924     0.9912     0.0634     1.9222     1.0551
[1] 15700.0000     0.0000     0.9705     0.4448     2.2198     0.8969
[1] 15800.0000     0.5044     0.9774     0.0901     1.8493     1.1822
[1] 15900.0000     0.0000     0.9524     0.2258     2.1705     1.0855
[1] 16000.0000     1.0000     0.9761     0.0824     1.9394     1.0600
[1] 16100.0000     1.0000     0.9477     0.1839     2.1292     0.9420
[1] 16200.0000     1.0000     0.8455     0.1626     2.0171     1.0509
[1] 16300.0000     0.3513     0.9029     0.3864     2.1588     1.0365
[1] 16400.0000     0.4950     0.8090     0.2566     2.1249     0.8978
[1] 16500.0000     0.0905     0.9894     0.2187     2.0992     0.9222
[1] 16600.0000     1.0000     0.9292     0.0543     1.9390     1.0485
[1] 16700.0000     0.3968     0.9070     0.1525     2.1106     1.1930
[1] 16800.0000     0.0765     0.8165    -0.0265     1.8329     1.0376
[1] 16900.0000     0.3914     0.8221     0.2113     2.0224     1.1575
[1] 17000.0000     0.1959     0.9815     0.3830     2.1894     0.9010
[1] 17100.0000     0.0021     0.9262     0.3734     2.1067     0.9696
[1] 17200.0000     0.2050     0.9497     0.0435     1.8975     0.8252
[1] 17300.0000     0.0465     0.9564    -0.1077     1.7702     0.9524
[1] 17400.0000     1.0000     0.9623     0.2659     2.2687     1.1696
[1] 17500.0000     1.0000     0.9645     0.0591     1.9251     0.9956
[1] 17600.0000     0.0523     0.9193     0.2490     2.0512     0.8193
[1] 17700.0000     0.0143     0.8922     0.1436     1.9550     1.0234
[1] 17800.0000     1.0000     0.9968     0.1798     2.0337     0.8268
[1] 17900.0000     0.0029     0.8644     0.2790     2.1876     1.0507
[1] 18000.0000     0.7901     0.9109     0.2380     2.0901     0.8712
[1] 18100.0000     0.0007     0.9137     0.1093     2.0362     0.9014
[1] 18200.0000     1.0000     0.8073     0.3403     2.1928     0.9256
[1] 18300.0000     0.0438     0.9706     0.1256     1.9818     1.1685
[1] 18400.0000     0.0021     0.9243    -0.0677     1.9632     1.1066
[1] 18500.0000     0.0085     0.8611     0.0701     2.0767     0.9812
[1] 18600.0000     0.0063     0.8932     0.1153     2.1049     0.8460
[1] 18700.0000     0.1549     0.9071     0.3748     2.2893     1.1143
[1] 18800.0000     0.0158     0.9415     0.2724     2.2137     0.8205
[1] 18900.0000     0.0000     0.8387     0.0846     2.0152     0.8037
[1] 19000.0000     1.0000     0.8087     0.2904     2.2072     1.1060
[1] 19100.0000     0.0378     0.8142    -0.0150     1.8851     1.0716
[1] 19200.0000     0.6946     0.8319     0.1012     1.8902     1.0132
[1] 19300.0000     1.0000     0.9752     0.2317     2.1354     1.0663
[1] 19400.0000     1.0000     0.8507     0.1939     2.1292     0.9744
[1] 19500.0000     0.0010     0.8243     0.3954     2.2279     0.8751
[1] 19600.0000     0.2239     0.8948     0.2864     2.1867     1.0740
[1] 19700.0000     0.0382     0.8764     0.1302     1.9675     0.8717
[1] 19800.0000     0.1684     0.8317     0.4074     2.2832     1.0742
[1] 19900.0000     0.4022     0.9981     0.4072     2.3027     1.0280
[1] 20000.0000     0.7996     0.9729     0.0195     1.9594     0.8904
[1] 20100.0000     0.0000     0.8622     0.2999     2.2145     0.8640
[1] 20200.0000     0.9727     0.9840     0.1746     2.1139     1.1380
[1] 20300.0000     0.0074     0.9350    -0.0664     1.8633     0.8887
[1] 20400.0000     1.0000     0.8446     0.1246     1.9963     1.0333
[1] 20500.0000     0.0122     0.9905     0.1605     2.0400     1.0353
[1] 20600.0000     0.5433     0.9169     0.0406     1.9735     1.1057
[1] 20700.0000     0.6442     0.8107     0.3825     2.1670     1.0874
[1] 20800.0000     1.0000     0.9981     0.1895     2.0580     1.0246
[1] 20900.0000     0.0448     0.9072     0.2328     1.9426     1.0199
[1] 21000.0000     0.4428     0.8708     0.1964     2.0803     1.1617
[1] 21100.0000     0.0671     0.9291     0.1644     2.0163     1.1428
[1] 21200.0000     0.2867     0.9704     0.2172     2.0760     1.1667
[1] 21300.0000     0.0009     0.8214     0.1751     1.9219     1.0391
[1] 21400.0000     0.9441     0.8276     0.2649     2.1221     0.8233
[1] 21500.0000     0.0023     0.8906     0.2755     2.1436     0.8206
[1] 21600.0000     1.0000     0.9634     0.2416     2.1688     0.9473
[1] 21700.0000     0.1924     0.9973     0.0049     1.8965     0.9605
[1] 21800.0000     0.5957     0.8380     0.3785     2.3281     1.0649
[1] 21900.0000     0.3838     0.9598     0.2378     2.1929     0.8497
[1] 22000.0000     0.1156     0.8850     0.3388     2.0943     0.9555
[1] 22100.0000     0.0906     0.8953     0.2605     2.1346     0.9321
[1] 22200.0000     0.3725     0.8579     0.0923     2.0553     0.8534
[1] 22300.0000     0.0490     0.9726    -0.1020     1.9444     0.8521
[1] 22400.0000     1.0000     0.9971     0.2834     2.1709     0.9354
[1] 22500.0000     0.0014     0.8239     0.1910     2.1174     1.1368
[1] 2.260e+04 1.700e-03 8.006e-01 2.081e-01 2.066e+00 8.902e-01
[1] 22700.0000     0.0001     0.8271     0.1650     2.0547     1.1968
[1] 22800.0000     0.2494     0.8972     0.0289     1.8047     1.0231
[1] 22900.0000     0.8497     0.8804     0.0966     1.9099     0.9211
[1] 23000.0000     0.0004     0.8188     0.3204     2.1709     1.0070
[1] 23100.0000     1.0000     0.8119     0.2450     2.1585     1.0551
[1] 23200.0000     0.0539     0.9586     0.2032     2.1094     1.0581
[1] 23300.0000     0.0002     0.9905     0.2868     2.1934     1.1869
[1] 23400.0000     0.2157     0.8888     0.3257     2.0489     1.0444
[1] 23500.0000     1.0000     0.9916     0.2359     2.0440     1.1297
[1] 23600.0000     0.0396     0.8176     0.1559     2.0391     0.8266
[1] 23700.0000     0.2154     0.9977     0.1096     1.9609     0.9083
[1] 23800.0000     1.0000     0.9299     0.2029     1.9428     1.0580
[1] 23900.0000     0.6286     0.9920     0.2423     2.0909     1.0485
[1] 24000.0000     0.9083     0.9322     0.1784     1.9759     0.9399
[1] 24100.0000     1.0000     0.9214     0.0558     2.0167     0.8541
[1] 24200.0000     0.0113     0.9331     0.0572     2.0828     1.1419
[1] 24300.0000     0.2693     0.9595     0.1545     2.0084     0.9607
[1] 24400.0000     1.0000     0.9947     0.0607     1.9154     0.9697
[1] 24500.0000     0.0033     0.8969     0.2357     2.0615     1.0480
[1] 24600.0000     0.0002     0.9237     0.1835     2.0466     1.0127
[1] 24700.0000     0.2936     0.8340     0.2562     2.1210     1.1974
[1] 24800.0000     0.0001     0.8460     0.1534     2.0112     0.9489
[1] 24900.0000     0.2420     0.8023     0.1109     1.9906     1.0260
[1] 25000.0000     1.0000     0.8801     0.4350     2.2488     0.8235
[1] 25100.0000     0.3836     0.8622     0.2664     2.1178     0.8281
[1] 2.520e+04 1.105e-01 9.507e-01 1.876e-01 2.125e+00 9.719e-01
[1] 25300.0000     0.0000     0.9779     0.0376     2.0188     0.8977
[1] 25400.0000     0.0386     0.9183    -0.0666     1.7967     1.0450
[1] 25500.0000     0.4405     0.8303     0.1570     2.0322     1.1248
[1] 25600.0000     0.0274     0.9926     0.4367     2.2447     0.9855
[1] 25700.0000     0.0920     0.9659     0.1552     2.0516     0.9398
[1] 25800.0000     0.0266     0.9689     0.2104     2.0904     1.1962
[1] 25900.0000     0.0003     0.8683     0.3092     2.0743     0.8098
[1] 26000.0000     0.4115     0.9492     0.0489     1.8084     1.0058
[1] 26100.0000     0.1839     0.8951     0.1143     2.0272     0.8249
[1] 26200.0000     1.0000     0.8601     0.2375     2.1518     0.9041
[1] 26300.0000     0.6395     0.8623    -0.0953     1.8520     1.0835
[1] 26400.0000     0.1405     0.8855     0.3804     2.1362     1.0131
[1] 26500.0000     0.0192     0.8034    -0.0240     1.8267     1.1338
[1] 26600.0000     1.0000     0.8531     0.1398     1.9096     1.1347
[1] 26700.0000     0.0795     0.9721     0.1493     2.0238     0.8075
[1] 26800.0000     0.3860     0.9542     0.1423     1.9118     1.1594
[1] 26900.0000     0.0154     0.9241     0.3143     2.1502     1.0646
[1] 27000.0000     1.0000     0.8977     0.2492     2.1302     0.8661
[1] 27100.0000     0.0007     0.8095     0.2041     2.0453     1.0497
[1] 27200.0000     0.0221     0.8304     0.2405     2.1592     0.8580
[1] 27300.0000     0.0013     0.9608     0.1078     1.9415     0.8492
[1] 27400.0000     0.1653     0.8725     0.0646     1.9204     1.1899
[1] 27500.0000     0.6546     0.9561     0.0362     1.9011     0.9337
[1] 27600.0000     0.0058     0.8732     0.2168     2.0647     0.9172
[1] 27700.0000     0.0444     0.8620     0.4051     2.3488     1.0941
[1] 27800.0000     0.0000     0.8358     0.2470     2.1589     1.1051
[1] 27900.0000     0.5981     0.8774     0.3309     2.1759     1.0564
[1] 28000.0000     0.0108     0.9430     0.0672     2.0304     0.9743
[1] 28100.0000     0.0000     0.9262     0.0717     1.9804     1.0710
[1] 28200.0000     0.8494     0.9271     0.2493     2.1058     0.9591
[1] 28300.0000     0.0018     0.8937     0.1308     2.0043     1.0178
[1] 28400.0000     1.0000     0.9594     0.1594     2.0199     0.8105
[1] 28500.0000     1.0000     0.8206     0.1649     2.0942     1.0447
[1] 28600.0000     0.0005     0.9775     0.2059     2.0907     0.9079
[1] 28700.0000     0.2764     0.8497     0.2824     2.0915     1.1155
[1] 28800.0000     1.0000     0.9743     0.1377     1.9996     0.8723
[1] 28900.0000     0.5942     0.8662     0.0062     1.9408     0.8550
[1] 29000.0000     0.0880     0.9692     0.2162     2.0597     0.9910
[1] 29100.0000     0.2520     0.8438     0.2762     2.0934     0.8008
[1] 29200.0000     0.0000     0.9367     0.0202     1.7647     1.1465
[1] 29300.0000     0.0182     0.9749     0.1345     1.9522     0.9782
[1] 29400.0000     0.0376     0.9512     0.1980     1.9790     1.1262
[1] 29500.0000     0.0195     0.9688     0.2230     2.0395     1.1567
[1] 29600.0000     0.1277     0.9007     0.3104     2.1351     0.8554
[1] 29700.0000     0.0035     0.8808     0.1424     1.9117     0.9901
[1] 29800.0000     1.0000     0.8701     0.1646     2.0693     0.8024
[1] 29900.0000     0.9342     0.9798     0.2266     2.0617     1.0014
[1] 30000.0000     0.0201     0.9561     0.2271     2.0205     1.0811
[1] 0.3535859
Time difference of 3.580112 hours
null device 
          1 
