[1] "El numero de nodos X particion es: 10"
[1] "Model = M1 / Data = sim_data/datasetSVIMatern13.Rdata"
[1] 100.0000   1.0000   0.8291   0.1591   1.9064   0.9331
[1] 200.0000   0.0016   0.8487   0.1740   1.8086   0.8384
[1] 300.0000   0.3044   0.8776   0.1942   1.9208   1.0665
[1] 400.0000   0.0098   0.9217  -0.1557   2.1508   0.9692
[1] 500.0000   0.0000   0.8380   0.4612   1.6191   0.8203
[1] 600.0000   0.4735   0.9748  -0.3335   2.2451   1.0386
[1] 700.0000   0.0039   0.8999   0.5553   1.4918   1.0702
[1] 800.0000   0.0000   0.9313   0.0822   1.8644   1.0430
[1] 900.0000   0.0000   0.8673  -0.2902   2.2574   0.8963
[1] 1000.0000    0.0000    0.8209   -0.5707    2.5888    0.9374
[1] 1100.0000    0.0000    0.9319    0.3098    1.7007    0.8930
[1] 1200.0000    0.1158    0.8544    1.1533    0.9007    0.9984
[1] 1300.0000    0.0135    0.9805   -0.2882    2.3331    0.8049
[1] 1400.0000    0.0000    0.9303   -1.2814    3.2378    1.1894
[1] 1500.0000    0.0000    0.9584   -0.3702    2.4007    1.0940
[1] 1600.0000    0.0000    0.9658   -1.0000    2.9997    1.0950
[1] 1700.0000    0.0000    0.9419   -0.3167    2.4181    1.0966
[1] 1800.0000    0.0000    0.9376    0.2608    1.7833    0.8302
[1] 1900.0000    0.0000    0.8411   -0.9025    2.9253    1.0047
[1] 2000.0000    0.0000    0.8550    0.3376    1.7640    1.0762
[1] 2100.0000    0.0000    0.8123   -0.4502    2.4146    1.1618
[1] 2200.0000    0.0000    0.8668   -0.2078    2.2891    1.0989
[1] 2300.0000    0.0000    0.8951    0.1138    1.8552    0.9529
[1] 2400.0000    0.0000    0.9355    0.0260    1.9534    1.1578
[1] 2500.0000    0.0182    0.8909    0.6205    1.3351    1.1217
[1] 2600.0000    0.0000    0.8617   -0.4075    2.3489    0.8044
[1] 2700.0000    0.0000    0.9527   -1.3848    3.4026    0.9546
[1] 2800.0000    0.0019    0.9386    0.0738    1.9445    0.8695
[1] 2900.0000    0.0000    0.9057   -0.5712    2.5348    0.9581
[1] 3000.0000    0.0000    0.8454   -0.1007    2.1305    0.9669
[1] 3100.0000    0.0000    0.9787    0.6562    1.3832    0.9283
[1] 3200.0000    0.0000    0.9190    0.6277    1.3888    0.9575
[1] 3300.0000    0.0000    0.9312    0.4858    1.4986    0.9302
[1] 3400.0000    0.4780    0.8983    0.7534    1.2814    1.1525
[1] 3500.0000    0.0000    0.8568    0.6038    1.3999    1.0820
[1] 3600.0000    0.0000    0.8846   -0.6709    2.6569    1.0977
[1] 3700.0000    0.8005    0.9624    0.1723    1.7841    0.8094
[1] 3800.0000    0.0000    0.9791    1.1254    0.8805    1.0179
[1] 3900.0000    0.0000    0.8319   -0.3005    2.4137    0.8180
[1] 4000.0000    0.0000    0.9448   -0.2536    2.2667    1.0791
[1] 4100.0000    0.0000    0.8388   -0.8807    2.9366    0.8864
[1] 4200.0000    0.0000    0.9756   -0.8083    2.7630    0.9752
[1] 4300.0000    0.1025    0.8028   -0.8347    2.8826    0.9927
[1] 4400.0000    0.0000    0.9459    0.0400    2.0211    1.1887
[1] 4500.0000    0.2947    0.8410   -0.1900    2.2931    1.1520
[1] 4600.0000    0.0000    0.9525    1.6008    0.5267    1.1110
[1] 4700.0000    0.0000    0.9806   -0.1725    2.2414    1.0866
[1] 4800.0000    0.0000    0.8444   -0.0891    2.0964    1.1184
[1] 4900.0000    0.0000    0.8114   -0.6313    2.6262    0.8255
[1] 5000.0000    0.0049    0.9988   -1.4642    3.3459    0.9542
[1] 5100.0000    0.0000    0.9679   -0.9910    2.9304    1.1951
[1] 5200.0000    0.0000    0.8051   -0.0334    2.0511    0.8965
[1] 5300.0000    0.0000    0.8845    0.6296    1.3794    1.0022
[1] 5400.0000    0.0000    0.8536    1.0107    0.9865    0.9337
[1] 5500.0000    0.0000    0.8506    0.4478    1.6001    1.1979
[1] 5600.0000    0.0000    0.9929   -0.0726    1.9722    1.1085
[1] 5700.0000    0.0000    0.9445    0.8512    1.2088    1.0237
[1] 5800.0000    0.0000    0.8612   -0.1584    2.2414    1.0327
[1] 5900.0000    0.0000    0.9311   -0.3509    2.3976    0.8983
[1] 6000.0000    0.0000    0.9870   -0.1360    2.0842    1.0819
[1] 6100.0000    0.0000    0.8793   -0.3559    2.2962    0.8792
[1] 6200.0000    0.0000    0.9400    0.7327    1.1994    0.8404
[1] 6300.0000    0.0000    0.9569    0.6140    1.5390    0.8080
[1] 6400.0000    0.0000    0.9924   -0.0113    1.9394    1.0322
[1] 6500.0000    0.0061    0.9084   -0.2593    2.3436    1.0918
[1] 6600.0000    0.0000    0.8710    0.1753    1.7613    0.9001
[1] 6700.0000    0.0000    0.9599   -1.4695    3.4185    0.9404
[1] 6800.0000    0.2632    0.8794    0.3213    1.7277    0.9381
[1] 6900.0000    0.0000    0.9290   -1.1843    3.1895    1.0476
[1] 7000.0000    0.0000    0.8521   -0.7144    2.7503    1.0680
[1] 7100.0000    0.0000    0.9857   -0.3471    2.3548    1.0571
[1] 7200.0000    0.0000    0.9439    0.1520    1.9457    1.1769
[1] 7300.0000    0.0000    0.9604    0.3307    1.7592    0.9357
[1] 7400.0000    0.0000    0.8045   -0.1861    2.1378    0.8734
[1] 7500.0000    0.0000    0.8918   -1.3081    3.2569    1.0101
[1] 7600.0000    0.0000    0.9493   -0.1897    2.2070    0.9281
[1] 7700.0000    0.0000    0.8552   -1.4794    3.3977    1.0850
[1] 7800.0000    0.0000    0.8350   -0.3025    2.3725    1.1361
[1] 7900.0000    0.0000    0.8304   -0.1193    2.0027    0.9653
[1] 8000.0000    0.0000    0.9309    0.3541    1.5989    1.0835
[1] 8100.0000    0.0000    0.8483   -0.3982    2.3498    0.8203
[1] 8200.0000    0.0000    0.9207   -0.4484    2.4561    1.1282
[1] 8300.0000    0.0000    0.8222   -0.3578    2.4124    0.8438
[1] 8400.0000    0.0000    0.9658   -0.5382    2.4598    0.9286
[1] 8500.0000    0.0000    0.8325    0.4075    1.6973    1.0750
[1] 8600.0000    0.0047    0.9564   -1.1897    3.2752    0.9963
[1] 8700.0000    0.0000    0.8940   -0.0452    2.0260    1.0236
[1] 8800.0000    0.0000    0.9735   -0.2710    2.1808    1.0381
[1] 8900.0000    0.0000    0.8674   -0.1288    2.1710    1.0474
[1] 9000.0000    0.0000    0.8301    0.8418    1.1437    1.1387
[1] 9100.0000    0.0000    0.8755   -0.3635    2.3862    0.8812
[1] 9200.0000    0.0000    0.8777   -0.5071    2.6354    1.1489
[1] 9300.0000    0.0000    0.8689    0.3679    1.7386    0.9976
[1] 9400.0000    0.0000    0.8413    1.7918    0.1288    1.0761
[1] 9500.0000    0.0000    0.8817    0.1520    1.8079    1.0875
[1] 9600.0000    0.0000    0.8149    0.2788    1.7626    0.9056
[1] 9700.0000    0.0000    0.8918    0.5882    1.3661    0.8845
[1] 9800.0000    0.0000    0.8646   -0.4124    2.3600    0.8456
[1] 9900.0000    0.0000    0.9369    1.1327    0.9219    1.1404
[1] 10000.0000     0.5023     0.9984    -0.7524     2.7473     0.9987
[1] 10100.0000     0.0001     0.9832    -0.1057     2.1372     0.9199
[1] 10200.0000     0.0001     0.8458     0.4889     1.4828     1.1044
[1] 10300.0000     0.3227     0.9549     0.9825     1.0308     0.8021
[1] 10400.0000     0.0000     0.9109    -0.0163     2.0189     0.9653
[1] 10500.0000     0.0000     0.9035     0.8229     1.1456     0.9966
[1] 10600.0000     0.0000     0.8442     0.6881     1.4022     0.9495
[1] 1.070e+04 0.000e+00 8.398e-01 8.032e-01 1.260e+00 1.059e+00
[1] 10800.0000     1.0000     0.8056     0.1385     1.9474     0.8503
[1] 1.090e+04 0.000e+00 9.660e-01 7.938e-01 1.268e+00 1.197e+00
[1] 11000.0000     0.0178     0.8555     0.4775     1.5740     1.1761
[1] 11100.0000     0.0000     0.8902     0.5046     1.5342     0.9114
[1] 11200.0000     0.0095     0.9645    -0.2194     2.1080     0.8187
[1] 11300.0000     0.0000     0.9481    -0.3458     2.2761     1.1448
[1] 11400.0000     0.0000     0.9548     0.8398     1.1670     1.0047
[1] 11500.0000     0.0000     0.8034    -0.4868     2.4920     0.8501
[1] 11600.0000     0.0002     0.9104    -0.2755     2.3230     0.8269
[1] 11700.0000     0.0001     0.8224    -0.1453     2.1740     0.8539
[1] 11800.0000     0.0000     0.8027    -0.2529     2.3367     0.8530
[1] 11900.0000     0.0000     0.8460    -0.1429     2.1153     0.8150
[1] 12000.0000     0.0000     0.8014    -0.0733     2.0882     1.0595
[1] 12100.0000     0.0000     0.8005    -0.8032     2.7317     0.8375
[1] 12200.0000     0.0694     0.9853     0.7347     1.3534     1.1443
[1] 12300.0000     0.0000     0.8010    -0.4254     2.4617     0.8810
[1] 12400.0000     0.3408     0.8046    -0.8273     2.9503     0.8797
[1] 12500.0000     0.0000     0.8059    -0.3206     2.3294     1.1427
[1] 12600.0000     0.0000     0.9125    -0.3498     2.4358     1.1924
[1] 12700.0000     0.0000     0.9614    -0.4952     2.3568     0.8958
[1] 12800.0000     0.0000     0.9902    -0.6984     2.6873     0.9345
[1] 12900.0000     0.0628     0.9204     0.4943     1.5627     0.8219
[1] 13000.0000     0.0000     0.8069     0.3087     1.6441     1.0997
[1] 13100.0000     0.0000     0.9404     0.9494     1.0588     0.9822
[1] 13200.0000     0.0000     0.8843    -0.3639     2.4548     0.9997
[1] 13300.0000     0.0000     0.9271    -0.5509     2.5059     0.8364
[1] 13400.0000     0.0000     0.9882     0.0272     1.9355     1.1072
[1] 13500.0000     0.0000     0.8466    -0.1954     2.2204     0.8143
[1] 13600.0000     0.0000     0.8917     0.5167     1.5123     1.0301
[1] 13700.0000     0.0000     0.8561     0.0294     1.9967     0.9281
[1] 13800.0000     0.0000     0.8787    -0.9016     2.9210     1.0611
[1] 13900.0000     0.0000     0.8573    -0.1217     2.1264     0.8372
[1] 14000.0000     0.0000     0.9588     0.6013     1.3485     0.9662
[1] 14100.0000     0.0000     0.8411     0.3449     1.5740     1.1804
[1] 1.420e+04 0.000e+00 8.479e-01 3.200e-02 1.920e+00 8.739e-01
[1] 14300.0000     0.0000     0.8548    -0.9423     2.9232     0.8231
[1] 14400.0000     0.0118     0.8623     0.1613     1.8206     0.8985
[1] 14500.0000     0.2625     0.8647     0.3634     1.6969     1.0877
[1] 14600.0000     0.0000     0.8570     0.1671     1.7587     1.1138
[1] 14700.0000     0.0000     0.8974    -0.0644     1.9858     1.0871
[1] 1.480e+04 0.000e+00 9.988e-01 7.193e-01 1.239e+00 9.067e-01
[1] 14900.0000     0.0385     0.8051    -0.0656     2.0647     1.0614
[1] 15000.0000     0.0009     0.9447     0.1620     1.7812     0.8911
[1] 15100.0000     0.6766     0.9118    -0.4223     2.4090     0.9692
[1] 15200.0000     0.0000     0.8242     0.7856     1.2204     1.0800
[1] 15300.0000     1.0000     0.8282    -0.2418     2.2210     1.1177
[1] 15400.0000     0.0097     0.8005    -1.4842     3.5393     0.8812
[1] 15500.0000     0.0000     0.8701    -1.5156     3.6010     1.0212
[1] 15600.0000     0.0000     0.8520    -1.4407     3.4735     1.1912
[1] 15700.0000     0.0000     0.8475    -0.4876     2.4476     0.9690
[1] 15800.0000     0.0000     0.9108    -0.3622     2.3455     0.9068
[1] 15900.0000     0.0000     0.8841     0.0226     1.9807     0.8192
[1] 16000.0000     0.0006     0.8124    -0.6045     2.6112     1.1160
[1] 16100.0000     0.0000     0.9566     0.9517     1.1314     1.0234
[1] 16200.0000     0.0000     0.9466     0.2134     1.7595     0.9477
[1] 16300.0000     0.0000     0.9158    -0.3996     2.4683     0.9491
[1] 16400.0000     0.0000     0.9401    -0.1809     2.1623     0.9237
[1] 16500.0000     0.2203     0.9646     0.1334     1.8712     1.1820
[1] 16600.0000     0.0000     0.8294    -0.3011     2.3875     0.8835
[1] 16700.0000     0.0000     0.9287    -0.2724     2.2091     0.9633
[1] 16800.0000     0.0000     0.9378    -0.6148     2.5064     1.0931
[1] 16900.0000     0.0000     0.8138    -1.1003     3.0678     1.1004
[1] 17000.0000     0.0000     0.9790    -1.0210     2.9623     0.8822
[1] 17100.0000     0.0000     0.9305     0.1214     1.9263     0.9283
[1] 1.720e+04 0.000e+00 9.497e-01 1.378e+00 5.875e-01 8.252e-01
[1] 17300.0000     1.0000     0.8396     1.6412     0.3748     1.0131
[1] 17400.0000     0.0000     0.8593     0.8626     1.1387     1.1450
[1] 17500.0000     0.0000     0.8131     0.3506     1.7005     0.9127
[1] 17600.0000     0.0000     0.8280    -0.0141     1.9844     1.1486
[1] 17700.0000     0.0000     0.8794     0.4927     1.4984     0.9707
[1] 17800.0000     0.0000     0.9383    -0.2027     2.3650     1.0084
[1] 17900.0000     0.0000     0.9083    -0.3789     2.4327     0.9495
[1] 18000.0000     1.0000     0.9109     0.3857     1.6723     0.8712
[1] 18100.0000     0.0000     0.9461     0.3278     1.5667     0.9222
[1] 18200.0000     0.0426     0.9706     2.1125    -0.2114     0.8923
[1] 18300.0000     0.0000     0.9928     0.9083     1.0577     1.1096
[1] 18400.0000     0.0000     0.9529    -0.3279     2.3789     0.8173
[1] 18500.0000     0.0000     0.8451     0.8190     1.2236     0.9054
[1] 18600.0000     0.0000     0.8420     0.9219     1.1531     0.8224
[1] 18700.0000     0.0000     0.8080    -0.1962     2.2560     0.9308
[1] 18800.0000     0.0000     0.8635     0.3136     1.6646     1.1693
[1] 18900.0000     0.0000     0.9024    -0.4974     2.4936     1.0613
[1] 19000.0000     0.0000     0.8366    -0.1816     2.1455     0.8015
[1] 1.910e+04 0.000e+00 9.728e-01 2.661e-01 1.655e+00 8.217e-01
[1] 19200.0000     0.0000     0.8001     0.3028     1.7057     0.9641
[1] 19300.0000     0.0000     0.9918     0.0274     1.8994     0.8386
[1] 19400.0000     0.0000     0.8040    -0.5799     2.7450     1.1551
[1] 19500.0000     0.0000     0.9654     0.4044     1.5673     0.9669
[1] 19600.0000     0.3907     0.9162    -0.7808     2.8115     0.8038
[1] 19700.0000     0.0000     0.8982     0.1945     1.7046     1.1826
[1] 1.980e+04 0.000e+00 9.408e-01 8.591e-01 1.185e+00 9.927e-01
[1] 19900.0000     0.0000     0.9981     0.3616     1.7042     1.0280
[1] 20000.0000     0.0000     0.8708    -0.2364     2.2393     1.0213
[1] 20100.0000     0.0000     0.9080     0.8904     1.2122     1.0402
[1] 20200.0000     1.0000     0.9840     0.3347     1.7262     1.1380
[1] 20300.0000     0.0000     0.8028    -0.4580     2.5459     0.9708
[1] 20400.0000     0.0059     0.9072    -0.4125     2.4166     0.9991
[1] 20500.0000     0.0000     0.8964    -1.0680     3.0240     1.1285
[1] 20600.0000     1.0000     0.9169     0.2446     1.7979     1.1057
[1] 20700.0000     0.9937     0.8107     0.5258     1.4763     1.0874
[1] 20800.0000     0.0000     0.9606    -1.0602     3.0312     1.0886
[1] 20900.0000     0.0003     0.9109     0.3374     1.6813     0.9980
[1] 21000.0000     0.0000     0.9912     0.8940     1.1495     1.0875
[1] 21100.0000     0.0000     0.9732    -0.5989     2.5737     0.8253
[1] 21200.0000     0.0700     0.8263     0.2052     1.8241     1.1324
[1] 21300.0000     0.0000     0.9596    -0.6345     2.5863     1.0815
[1] 21400.0000     0.0003     0.9719    -0.0027     2.0168     0.9071
[1] 21500.0000     0.0000     0.9375    -0.0437     1.9597     1.0777
[1] 21600.0000     0.0000     0.8010    -0.3853     2.3731     1.1966
[1] 21700.0000     0.0000     0.8258    -0.8454     2.8603     1.1265
[1] 21800.0000     0.0000     0.8709    -0.3325     2.3713     1.0601
[1] 21900.0000     0.0000     0.8416    -0.2541     2.3285     1.1370
[1] 22000.0000     0.0000     0.8850     1.1558     0.8400     0.9555
[1] 22100.0000     0.0000     0.8953    -0.1228     2.0507     0.9321
[1] 22200.0000     0.0000     0.8403    -1.0516     3.0298     1.1277
[1] 22300.0000     0.0004     0.8584    -0.1748     2.1774     0.9367
[1] 22400.0000     0.0000     0.9494    -0.0646     2.0742     0.9207
[1] 22500.0000     0.0003     0.9610     1.2006     0.8026     0.9963
[1] 22600.0000     0.0000     0.8858     1.5377     0.6127     0.9064
[1] 22700.0000     0.0000     0.8271     1.0313     0.8905     1.1968
[1] 22800.0000     0.0000     0.9630     0.6664     1.2917     0.9437
[1] 22900.0000     0.0000     0.9207     0.7014     1.2282     0.8362
[1] 23000.0000     0.0000     0.9491     0.4852     1.4748     0.8538
[1] 23100.0000     0.0000     0.9231    -0.4212     2.4331     0.8179
[1] 23200.0000     0.0000     0.8449     0.1271     1.9309     0.9864
[1] 23300.0000     0.0266     0.8966     0.5020     1.4569     1.0199
[1] 23400.0000     0.0000     0.9418     0.5577     1.4503     0.8205
[1] 23500.0000     0.0000     0.8934    -0.9491     2.9057     1.1391
[1] 23600.0000     0.0000     0.8360     0.2982     1.7296     0.8406
[1] 23700.0000     0.0000     0.8580     0.4987     1.5541     0.8494
[1] 23800.0000     0.0000     0.9509     0.7075     1.1833     0.9516
[1] 23900.0000     0.0000     0.8157     0.4318     1.6138     0.8034
[1] 24000.0000     0.0000     0.9784    -0.3070     2.2485     0.8375
[1] 24100.0000     0.0000     0.8289    -1.2956     3.3425     0.9877
[1] 24200.0000     0.0000     0.8463     0.3466     1.6417     1.0120
[1] 24300.0000     0.0000     0.8805    -0.7568     2.7557     1.0014
[1] 24400.0000     0.0132     0.9020     0.9909     1.1453     1.0534
[1] 24500.0000     0.0000     0.9064     1.0314     0.9222     0.8345
[1] 24600.0000     0.0000     0.9062     0.0018     2.0045     0.8877
[1] 24700.0000     0.0000     0.9025    -0.5669     2.5561     0.8040
[1] 24800.0000     0.0003     0.8109     0.0469     1.9530     1.1899
[1] 24900.0000     0.0000     0.9495     0.2632     1.6798     0.8626
[1] 25000.0000     0.0001     0.9399     0.0282     1.9751     0.8472
[1] 25100.0000     0.0000     0.9605     0.4546     1.5002     1.0743
[1] 25200.0000     0.0000     0.8184    -0.1909     2.2097     0.8574
[1] 25300.0000     0.5613     0.8584     0.1585     1.8099     0.9552
[1] 25400.0000     1.0000     0.8988    -0.0158     2.0422     1.0888
[1] 25500.0000     0.0000     0.8147     0.4717     1.5228     1.1844
[1] 25600.0000     0.0000     0.8978    -0.0430     2.0566     1.1142
[1] 25700.0000     0.0000     0.8060     0.9392     1.0829     0.8422
[1] 25800.0000     0.0000     0.8043     0.0966     1.8803     0.8730
[1] 25900.0000     1.0000     0.8632    -0.4541     2.4491     1.1254
[1] 26000.0000     0.4013     0.9492    -0.6909     2.8035     1.0058
[1] 26100.0000     0.0000     0.9196    -0.1374     2.0336     1.1722
[1] 26200.0000     0.0000     0.9768    -0.2237     2.1656     0.9801
[1] 26300.0000     0.0000     0.8530    -0.4319     2.4761     1.0678
[1] 26400.0000     0.0000     0.8767     0.4364     1.5978     0.8041
[1] 26500.0000     0.0376     0.8611    -0.0865     2.0936     1.1675
[1] 26600.0000     0.0000     0.9293     0.4072     1.7537     0.8497
[1] 26700.0000     0.0000     0.8184     0.0172     1.9642     0.9177
[1] 26800.0000     0.0000     0.8180    -1.7348     3.7864     0.8719
[1] 26900.0000     0.0000     0.9184     0.0879     1.9719     1.1619
[1] 27000.0000     0.0000     0.8794     0.2600     1.7321     0.8948
[1] 27100.0000     1.0000     0.9280    -0.0266     2.0673     1.0348
[1] 27200.0000     0.0000     0.8628    -0.3570     2.4096     1.0265
[1] 27300.0000     0.0000     0.9185    -0.3079     2.2680     0.9822
[1] 27400.0000     0.0000     0.8453     0.2504     1.7413     0.8255
[1] 27500.0000     0.0000     0.8301     0.4803     1.5091     0.9239
[1] 27600.0000     0.0000     0.8732     1.2107     0.8140     0.9172
[1] 27700.0000     0.0000     0.8317     0.5105     1.5566     1.1846
[1] 27800.0000     0.0000     0.8338     0.7308     1.2755     0.9440
[1] 2.790e+04 1.000e+00 8.904e-01 5.433e-01 1.410e+00 9.276e-01
[1] 28000.0000     0.0000     0.9328    -0.5440     2.6328     0.9314
[1] 28100.0000     0.0000     0.9262     0.1055     1.9798     1.0710
[1] 28200.0000     0.0000     0.9683    -0.4165     2.4407     0.8917
[1] 28300.0000     0.0000     0.9886    -0.3765     2.3577     1.1843
[1] 28400.0000     1.0000     0.9594    -0.2024     2.2195     0.8105
[1] 28500.0000     0.0000     0.8678     0.7199     1.2774     0.8688
[1] 28600.0000     0.0000     0.9775     0.0157     1.9549     0.9079
[1] 28700.0000     0.0000     0.9675    -0.3049     2.3230     1.1579
[1] 28800.0000     0.0000     0.8104     0.7803     1.2863     1.1940
[1] 28900.0000     0.0000     0.9137     0.9243     1.1368     0.8478
[1] 29000.0000     0.0000     0.9277     0.3287     1.7050     1.1735
[1] 29100.0000     0.0000     0.8445    -0.0401     2.1122     0.8871
[1] 29200.0000     0.0708     0.9367     0.7257     1.2682     1.1465
[1] 2.930e+04 9.400e-03 9.749e-01 1.506e+00 4.786e-01 9.782e-01
[1] 29400.0000     0.0000     0.9394     1.1392     0.7835     1.1754
[1] 29500.0000     0.0000     0.8094    -0.5243     2.4981     0.8253
[1] 29600.0000     0.0000     0.8335     0.5848     1.3996     1.1940
[1] 29700.0000     0.0000     0.9991     0.1601     1.8089     0.9357
[1] 29800.0000     0.0000     0.9203    -1.2552     3.2582     0.9519
[1] 29900.0000     1.0000     0.9798    -0.5145     2.5546     1.0014
[1] 30000.0000     0.0000     0.9250     1.3212     0.6702     1.0393
[1] 0.07407704
Time difference of 4.601381 hours
null device 
          1 
