[1] "El numero de nodos X particion es: 10"
[1] "Model = M2 / Data = sim_data/datasetSVCExponential4.Rdata"
[1] 100.0000   0.2571   0.9429  -0.0280   1.6965   1.1970
[1] 200.0000   1.0000   0.9804  -0.1314   1.7996   1.0297
[1] 300.0000   0.4519   0.8776  -0.1258   1.8476   1.0665
[1] 400.0000   0.4988   0.8233  -0.0476   1.8293   1.0774
[1] 500.0000   0.1370   0.9813  -0.1298   1.8066   0.8492
[1] 600.0000   0.3739   0.9748  -0.0670   1.6614   1.0386
[1] 700.0000   0.7340   0.8087  -0.0779   1.8183   1.0605
[1] 800.0000   1.0000   0.8954  -0.1609   1.8022   1.1490
[1] 900.0000   1.0000   0.9357  -0.1641   1.7766   1.0743
[1] 1000.0000    1.0000    0.9692   -0.1013    1.8131    0.9576
[1] 1100.0000    0.1604    0.9031   -0.1071    1.6975    1.0781
[1] 1200.0000    1.0000    0.8603   -0.0499    1.7936    0.9164
[1] 1300.0000    0.7285    0.8617   -0.1192    1.8267    1.0550
[1] 1400.0000    0.1421    0.9303   -0.1426    1.7561    1.1894
[1] 1500.0000    0.0177    0.9694   -0.0717    1.7068    1.1238
[1] 1600.0000    0.3237    0.9998   -0.1304    1.8928    1.1214
[1] 1700.0000    0.0649    0.9259   -0.1655    1.7458    1.0764
[1] 1800.0000    0.0251    0.9234   -0.1433    1.8110    1.1307
[1] 1900.0000    0.3019    0.9957   -0.0727    1.7487    1.1822
[1] 2000.0000    0.9010    0.8107   -0.1103    1.7819    0.8113
[1] 2100.0000    0.2141    0.8081   -0.0213    1.8263    0.9300
[1] 2200.0000    0.4704    0.8580   -0.1283    1.8392    1.0161
[1] 2300.0000    1.0000    0.9707   -0.0414    1.7392    1.1994
[1] 2400.0000    1.0000    0.9764   -0.0899    1.7314    1.0594
[1] 2500.0000    0.8171    0.9002   -0.1074    1.6961    1.1531
[1] 2600.0000    1.0000    0.8357   -0.0880    1.7089    0.8701
[1] 2700.0000    0.6509    0.8445   -0.1154    1.7498    1.0218
[1] 2800.0000    0.6795    0.8906   -0.1505    1.7980    0.8787
[1] 2900.0000    0.1049    0.8994   -0.1205    1.6986    1.0050
[1] 3000.0000    1.0000    0.9623   -0.0882    1.8189    1.1476
[1] 3100.0000    1.0000    0.9078   -0.1187    1.7518    0.9130
[1] 3200.0000    0.2085    0.9371   -0.0555    1.7567    1.1278
[1] 3300.0000    0.7281    0.9877   -0.0976    1.6751    0.9428
[1] 3400.0000    0.4178    0.8983   -0.1217    1.6245    1.1525
[1] 3500.0000    1.0000    0.9338   -0.0958    1.8031    0.8830
[1] 3600.0000    0.8665    0.8553   -0.0572    1.7821    1.1349
[1] 3700.0000    0.2780    0.9950   -0.0654    1.7527    1.0085
[1] 3800.0000    0.0497    0.9791   -0.0917    1.6256    1.0179
[1] 3900.0000    1.0000    0.8173   -0.0913    1.7157    1.1134
[1] 4000.0000    1.0000    0.9388   -0.0593    1.7097    0.8131
[1] 4100.0000    0.6437    0.9193   -0.0372    1.7599    1.0337
[1] 4200.0000    0.2041    0.9756   -0.1665    1.7943    0.9752
[1] 4300.0000    0.0344    0.9986   -0.0976    1.7688    0.9026
[1] 4400.0000    0.1592    0.9571   -0.0390    1.7976    0.9932
[1] 4500.0000    0.5390    0.8410   -0.0673    1.8312    1.1520
[1] 4600.0000    1.0000    0.8859   -0.0613    1.7423    0.9442
[1] 4700.0000    0.0697    0.8767   -0.1254    1.7622    1.1619
[1] 4800.0000    0.1693    0.8536   -0.2021    1.7085    1.1437
[1] 4900.0000    0.0750    0.9222    0.0182    1.8786    0.9837
[1] 5000.0000    0.9238    0.9273   -0.0893    1.7737    1.0348
[1] 5100.0000    0.2578    0.9679   -0.1638    1.7813    1.1951
[1] 5200.0000    0.2563    0.8350   -0.1328    1.8209    1.0935
[1] 5300.0000    1.0000    0.8379   -0.1533    1.7985    1.0434
[1] 5400.0000    0.9037    0.8515   -0.0521    1.7997    1.1120
[1] 5500.0000    0.2832    0.8506   -0.0804    1.6857    1.1979
[1] 5600.0000    0.0027    0.9095   -0.2626    1.7709    0.9324
[1] 5700.0000    0.5971    0.9403   -0.0712    1.7134    0.9236
[1] 5800.0000    0.5472    0.8520   -0.0274    1.7906    1.0482
[1] 5900.0000    0.8060    0.8759   -0.1152    1.7177    1.0113
[1] 6000.0000    1.0000    0.8325   -0.1375    1.7561    0.8825
[1] 6100.0000    0.0206    0.9025    0.0082    1.7757    0.9119
[1] 6200.0000    0.9621    0.8336    0.0093    1.6171    0.9759
[1] 6300.0000    0.1996    0.8421   -0.0995    1.8635    0.8693
[1] 6400.0000    0.2322    0.9022   -0.1358    1.6644    0.8332
[1] 6500.0000    1.0000    0.9478   -0.1068    1.7405    1.0656
[1] 6600.0000    0.1334    0.8918   -0.1459    1.7279    1.0184
[1] 6700.0000    0.1137    0.8229   -0.0656    1.7038    1.0410
[1] 6800.0000    0.6945    0.9525   -0.0869    1.7714    0.9997
[1] 6900.0000    0.9145    0.9401   -0.1123    1.6984    0.9220
[1] 7000.0000    0.1074    0.9977   -0.1145    1.7741    1.0944
[1] 7100.0000    0.3301    0.8440   -0.0681    1.8442    0.9302
[1] 7200.0000    0.0946    0.8343   -0.0910    1.7479    0.9512
[1] 7300.0000    0.7832    0.9616   -0.0997    1.8240    0.8824
[1] 7400.0000    0.0245    0.8164   -0.1789    1.6796    0.8600
[1] 7500.0000    0.3525    0.9538   -0.0370    1.7439    1.0728
[1] 7600.0000    0.5561    0.8898   -0.1685    1.7064    1.1032
[1] 7700.0000    0.1661    0.9975   -0.1277    1.7468    1.1871
[1] 7800.0000    0.0859    0.8812   -0.0516    1.7342    1.0536
[1] 7900.0000    0.4014    0.8037   -0.1166    1.7468    1.1632
[1] 8000.0000    0.2461    0.9186   -0.1376    1.6298    1.0026
[1] 8100.0000    0.5057    0.8687   -0.1541    1.8423    1.0506
[1] 8200.0000    0.0419    0.9273   -0.0472    1.8127    0.9041
[1] 8300.0000    0.5689    0.8444   -0.0041    1.8355    1.1155
[1] 8400.0000    0.2726    0.8563   -0.1470    1.8109    1.0967
[1] 8500.0000    0.0138    0.8507   -0.1554    1.6549    1.0895
[1] 8600.0000    0.3091    0.8918   -0.2199    1.7905    1.0114
[1] 8700.0000    0.1887    0.8293   -0.1894    1.6814    0.8767
[1] 8800.0000    0.8941    0.9324    0.0044    1.7319    0.8066
[1] 8900.0000    0.3731    0.9431   -0.0426    1.8692    1.1381
[1] 9000.0000    0.4651    0.9025   -0.0432    1.7602    0.9096
[1] 9100.0000    1.0000    0.9156   -0.0353    1.7400    1.0916
[1] 9200.0000    1.0000    0.9069   -0.2108    1.7469    1.1995
[1] 9300.0000    0.0788    0.9270   -0.0799    1.7845    1.1117
[1] 9400.0000    0.4436    0.8458   -0.0052    1.6612    1.0091
[1] 9500.0000    0.0462    0.8817   -0.1567    1.7496    1.0875
[1] 9600.0000    1.0000    0.9566   -0.1290    1.7350    1.1182
[1] 9700.0000    0.1413    0.8614   -0.0116    1.6770    0.9692
[1] 9800.0000    0.6120    0.9462   -0.1240    1.7211    1.1275
[1] 9900.0000    0.0064    0.9529   -0.0857    1.7053    0.9335
[1] 10000.0000     0.9267     0.8618    -0.2259     1.7035     0.8032
[1] 10100.0000     1.0000     0.9049    -0.1138     1.8441     1.0751
[1] 10200.0000     0.4326     0.9808    -0.1942     1.7782     0.8342
[1] 10300.0000     0.3453     0.8120    -0.0371     1.6656     0.8804
[1] 10400.0000     0.0955     0.9274    -0.0634     1.8007     0.8733
[1] 10500.0000     0.7559     0.8159    -0.0488     1.7679     1.1284
[1] 10600.0000     1.0000     0.8189    -0.0497     1.7383     1.1530
[1] 10700.0000     0.2150     0.8531    -0.1119     1.7515     0.8181
[1] 10800.0000     0.4306     0.9785    -0.0808     1.7846     1.1554
[1] 10900.0000     0.0927     0.8264    -0.1101     1.8034     1.1140
[1] 11000.0000     0.2363     0.8012    -0.1194     1.8766     0.9407
[1] 11100.0000     0.0365     0.9709    -0.0815     1.8633     0.9321
[1] 11200.0000     0.9224     0.9412    -0.1336     1.8013     0.8257
[1] 11300.0000     0.6746     0.9738    -0.1607     1.7534     1.1215
[1] 11400.0000     0.7365     0.8271    -0.0742     1.6693     1.1322
[1] 11500.0000     0.0013     0.9311    -0.1155     1.6989     0.8792
[1] 11600.0000     0.5257     0.9382    -0.2073     1.6185     0.8033
[1] 11700.0000     1.0000     0.8766    -0.1382     1.7004     0.9110
[1] 11800.0000     0.3751     0.8440    -0.1258     1.6906     0.8198
[1] 11900.0000     0.3313     0.9675    -0.0293     1.7208     0.9621
[1] 12000.0000     1.0000     0.9595    -0.1123     1.6586     1.1960
[1] 12100.0000     1.0000     0.9650    -0.1666     1.7878     0.9420
[1] 12200.0000     0.5949     0.8496    -0.0964     1.7120     0.8460
[1] 12300.0000     0.6828     0.9337    -0.0501     1.7228     1.0573
[1] 12400.0000     0.8770     0.8046    -0.1161     1.6768     0.8797
[1] 12500.0000     0.0823     0.9120     0.0277     1.7524     1.1259
[1] 12600.0000     1.0000     0.9564    -0.1043     1.7393     1.1675
[1] 12700.0000     0.0021     0.9614    -0.1218     1.8805     0.8958
[1] 12800.0000     0.0063     0.9087    -0.1437     1.7255     1.0631
[1] 12900.0000     0.6034     0.8554    -0.1580     1.6758     0.9712
[1] 13000.0000     0.0917     0.8840    -0.0003     1.7176     1.1100
[1] 13100.0000     0.8969     0.9591    -0.1979     1.7762     1.0507
[1] 13200.0000     0.2701     0.9589    -0.1078     1.6479     1.1555
[1] 13300.0000     0.2923     0.9324     0.0122     1.8299     1.1427
[1] 13400.0000     0.0746     0.9485    -0.0679     1.7258     1.0271
[1] 13500.0000     0.0119     0.8240    -0.1208     1.8117     1.0099
[1] 13600.0000     0.0824     0.8917    -0.0817     1.6998     1.0301
[1] 13700.0000     1.0000     0.8314    -0.0646     1.7755     0.8589
[1] 13800.0000     0.2697     0.9685    -0.1388     1.7811     0.9435
[1] 13900.0000     0.6377     0.9575    -0.0684     1.6991     1.0672
[1] 14000.0000     1.0000     0.9598    -0.1280     1.7379     0.8043
[1] 14100.0000     0.0048     0.9236     0.0178     1.8295     0.9106
[1] 14200.0000     0.9274     0.9100    -0.1060     1.8003     1.1948
[1] 14300.0000     1.0000     0.9874    -0.1431     1.8238     0.9095
[1] 14400.0000     1.0000     0.8984    -0.0945     1.7345     1.1866
[1] 14500.0000     1.0000     0.9833    -0.0584     1.7334     1.1771
[1] 14600.0000     0.0688     0.8329    -0.1021     1.7471     0.9630
[1] 14700.0000     0.9326     0.8840    -0.0722     1.7000     1.0394
[1] 14800.0000     0.0713     0.8106    -0.1115     1.7186     1.0978
[1] 14900.0000     0.9098     0.9485    -0.1396     1.7974     1.1960
[1] 15000.0000     0.0039     0.9486    -0.1121     1.7215     0.9418
[1] 15100.0000     0.0861     0.9112    -0.0141     1.7387     1.0503
[1] 15200.0000     0.6691     0.9896    -0.0066     1.7668     1.1186
[1] 15300.0000     1.0000     0.8282    -0.1005     1.7013     1.1177
[1] 15400.0000     1.0000     0.9829    -0.0893     1.7489     1.0368
[1] 15500.0000     0.3823     0.9423    -0.0623     1.7247     0.8091
[1] 15600.0000     1.0000     0.9912    -0.1240     1.7983     1.0551
[1] 15700.0000     1.0000     0.9225     0.0211     1.7715     0.9294
[1] 15800.0000     0.4440     0.9774     0.0133     1.8006     1.1822
[1] 15900.0000     0.0061     0.9524    -0.1265     1.8109     1.0855
[1] 16000.0000     0.5389     0.9761    -0.1670     1.7990     1.0600
[1] 16100.0000     1.0000     0.9477    -0.1276     1.6645     0.9420
[1] 16200.0000     1.0000     0.8455    -0.1161     1.7624     1.0509
[1] 16300.0000     1.0000     0.9029    -0.0845     1.7790     1.0365
[1] 16400.0000     1.0000     0.8844    -0.0652     1.6899     1.1913
[1] 16500.0000     0.7310     0.9407    -0.0598     1.8237     0.9877
[1] 16600.0000     0.5867     0.8568    -0.1930     1.7765     1.0645
[1] 16700.0000     0.8763     0.9070    -0.1369     1.7761     1.1930
[1] 16800.0000     1.0000     0.9593    -0.1485     1.7307     0.8375
[1] 16900.0000     0.2336     0.9209    -0.0754     1.7590     1.0574
[1] 17000.0000     0.0553     0.9815     0.0032     1.8067     0.9010
[1] 17100.0000     0.0855     0.9262     0.0393     1.7125     0.9696
[1] 17200.0000     0.5429     0.9497    -0.1333     1.7556     0.8252
[1] 17300.0000     0.4470     0.8396    -0.2394     1.6923     1.0131
[1] 17400.0000     0.5890     0.9623    -0.0809     1.8728     1.1696
[1] 17500.0000     1.0000     0.9645    -0.1275     1.6878     0.9956
[1] 17600.0000     0.0470     0.9193    -0.1790     1.7605     0.8193
[1] 17700.0000     0.0132     0.9944    -0.0911     1.6249     0.9167
[1] 17800.0000     1.0000     0.9968    -0.0673     1.7520     0.8268
[1] 17900.0000     0.1380     0.9291    -0.1610     1.7720     0.9192
[1] 18000.0000     0.8863     0.9109     0.0496     1.7772     0.8712
[1] 18100.0000     0.5868     0.9137    -0.0619     1.8112     0.9014
[1] 18200.0000     0.4351     0.8073    -0.0085     1.7561     0.9256
[1] 18300.0000     0.8347     0.9706    -0.0597     1.7644     1.1685
[1] 18400.0000     0.0037     0.9243    -0.1583     1.7937     1.1066
[1] 18500.0000     1.0000     0.8751    -0.0838     1.7785     0.8892
[1] 18600.0000     0.4931     0.8933    -0.0280     1.8451     0.9588
[1] 18700.0000     0.0786     0.8306    -0.0720     1.7366     0.9156
[1] 18800.0000     1.0000     0.9422    -0.1123     1.8282     0.8265
[1] 18900.0000     0.0175     0.9734    -0.1246     1.7920     1.0104
[1] 19000.0000     1.0000     0.8087    -0.1407     1.9145     1.1060
[1] 19100.0000     0.3413     0.9272    -0.1431     1.8713     0.8583
[1] 19200.0000     0.3784     0.8319    -0.0961     1.6037     1.0132
[1] 19300.0000     0.5142     0.9020    -0.1522     1.7544     1.0537
[1] 19400.0000     1.0000     0.8507    -0.1019     1.7530     0.9744
[1] 19500.0000     0.0186     0.9633    -0.0340     1.6818     1.1823
[1] 19600.0000     1.0000     0.9648    -0.1200     1.7686     1.1447
[1] 19700.0000     1.0000     0.8293    -0.0984     1.6632     1.0022
[1] 19800.0000     0.2367     0.9869    -0.0342     1.7788     0.9076
[1] 19900.0000     1.0000     0.9655    -0.0989     1.8681     0.8660
[1] 20000.0000     1.0000     0.9605    -0.0954     1.7896     0.8244
[1] 20100.0000     0.0427     0.8622    -0.0561     1.7420     0.8640
[1] 20200.0000     0.5711     0.9840    -0.2002     1.7646     1.1380
[1] 20300.0000     1.0000     0.9019    -0.0835     1.7067     1.0263
[1] 20400.0000     0.5871     0.9596    -0.0977     1.7601     1.0259
[1] 20500.0000     0.4444     0.8964    -0.0760     1.7503     1.1285
[1] 20600.0000     0.8819     0.9169    -0.1098     1.8147     1.1057
[1] 20700.0000     0.4298     0.9923    -0.0312     1.7687     1.0695
[1] 20800.0000     1.0000     0.9981    -0.1092     1.8549     1.0246
[1] 20900.0000     0.1905     0.9072    -0.0721     1.7493     1.0199
[1] 21000.0000     0.0436     0.8708    -0.0589     1.6703     1.1617
[1] 21100.0000     0.0311     0.9440    -0.1291     1.6873     1.0640
[1] 21200.0000     1.0000     0.9611    -0.0713     1.7551     0.8029
[1] 21300.0000     0.7160     0.8214    -0.0992     1.7315     1.0391
[1] 21400.0000     0.7093     0.8276    -0.0646     1.7116     0.8233
[1] 21500.0000     0.3290     0.8291    -0.1182     1.6498     1.0581
[1] 21600.0000     1.0000     0.9634    -0.1193     1.7571     0.9473
[1] 21700.0000     0.1375     0.9973    -0.1683     1.6697     0.9605
[1] 21800.0000     0.4846     0.9447    -0.0425     1.7968     1.0321
[1] 21900.0000     0.2668     0.9598     0.0308     1.8009     0.8497
[1] 22000.0000     0.4501     0.8874    -0.0817     1.6628     1.0182
[1] 22100.0000     0.5506     0.8953    -0.0846     1.7563     0.9321
[1] 22200.0000     0.4631     0.8579    -0.1715     1.7206     0.8534
[1] 22300.0000     1.0000     0.9726    -0.1819     1.7794     0.8521
[1] 22400.0000     0.6787     0.8145    -0.1754     1.6792     0.8604
[1] 22500.0000     1.0000     0.9879    -0.0044     1.7452     0.8971
[1] 22600.0000     0.1225     0.8433    -0.1102     1.8983     1.1055
[1] 22700.0000     0.0798     0.8271    -0.1463     1.7288     1.1968
[1] 22800.0000     0.3026     0.8972    -0.1014     1.6458     1.0231
[1] 22900.0000     1.0000     0.8956    -0.1334     1.6178     1.1446
[1] 23000.0000     0.0467     0.8997    -0.0595     1.7198     0.9381
[1] 23100.0000     1.0000     0.8119    -0.1291     1.7794     1.0551
[1] 23200.0000     0.2215     0.8437    -0.0675     1.8290     0.8877
[1] 23300.0000     0.4027     0.9904    -0.0274     1.8587     1.1810
[1] 23400.0000     0.7818     0.8888    -0.1313     1.7366     1.0444
[1] 23500.0000     1.0000     0.9916    -0.0699     1.7565     1.1297
[1] 23600.0000     0.4507     0.8573    -0.1548     1.8442     0.9429
[1] 23700.0000     0.0816     0.9328    -0.1097     1.6893     1.0180
[1] 23800.0000     0.6142     0.9299    -0.1391     1.6766     1.0580
[1] 23900.0000     0.4815     0.9920     0.0041     1.6913     1.0485
[1] 24000.0000     0.0278     0.9851    -0.0091     1.7627     1.0873
[1] 24100.0000     1.0000     0.9214    -0.1780     1.7866     0.8541
[1] 24200.0000     0.2666     0.9331    -0.2053     1.7197     1.1419
[1] 24300.0000     0.1727     0.9595    -0.1888     1.8058     0.9607
[1] 24400.0000     0.4151     0.8950    -0.0022     1.7434     0.9027
[1] 24500.0000     0.1188     0.9726    -0.0572     1.8697     1.0605
[1] 24600.0000     0.3944     0.9866    -0.1106     1.7134     1.1519
[1] 24700.0000     1.0000     0.9195    -0.0297     1.8387     0.8781
[1] 24800.0000     0.3661     0.8460    -0.0720     1.7732     0.9489
[1] 24900.0000     0.2572     0.9126    -0.1802     1.7945     1.0268
[1] 25000.0000     0.8553     0.8801    -0.0432     1.8029     0.8235
[1] 25100.0000     0.4852     0.9249    -0.0869     1.8250     1.0516
[1] 25200.0000     0.0712     0.9507    -0.0354     1.8165     0.9719
[1] 25300.0000     0.7029     0.8151    -0.1834     1.7069     1.0748
[1] 25400.0000     0.3083     0.9621    -0.0842     1.7241     0.9516
[1] 25500.0000     0.4384     0.8417    -0.0624     1.7012     0.8432
[1] 25600.0000     0.0077     0.9041    -0.0741     1.8515     1.0021
[1] 25700.0000     0.0166     0.9659    -0.1286     1.7462     0.9398
[1] 25800.0000     0.0699     0.9689    -0.1134     1.8007     1.1962
[1] 25900.0000     0.1046     0.9827    -0.0707     1.6673     0.8279
[1] 26000.0000     0.7520     0.9492    -0.0722     1.6985     1.0058
[1] 26100.0000     0.0275     0.9935    -0.0635     1.8339     1.0009
[1] 26200.0000     0.8740     0.8601    -0.1345     1.7612     0.9041
[1] 26300.0000     0.4292     0.8448    -0.2023     1.7099     0.9973
[1] 26400.0000     0.2667     0.8855     0.0075     1.7040     1.0131
[1] 26500.0000     0.3280     0.9710    -0.1081     1.6915     1.0027
[1] 26600.0000     0.2884     0.9993    -0.0941     1.6942     1.0988
[1] 26700.0000     0.3178     0.8892    -0.1010     1.8448     0.9428
[1] 26800.0000     1.0000     0.9542    -0.1498     1.7556     1.1594
[1] 26900.0000     1.0000     0.9436    -0.1106     1.8524     0.8266
[1] 27000.0000     1.0000     0.8977    -0.1633     1.8662     0.8661
[1] 27100.0000     1.0000     0.9280    -0.1366     1.7749     1.0348
[1] 27200.0000     0.1099     0.8135    -0.2017     1.8438     0.8529
[1] 27300.0000     0.1814     0.9608    -0.1832     1.8078     0.8492
[1] 27400.0000     0.0850     0.8725    -0.0881     1.6498     1.1899
[1] 27500.0000     0.1107     0.9534    -0.0290     1.7152     0.8238
[1] 27600.0000     0.3544     0.9931    -0.1301     1.7420     0.8297
[1] 27700.0000     0.0149     0.8620     0.1020     1.8368     1.0941
[1] 27800.0000     0.2352     0.8828    -0.0674     1.7777     1.1030
[1] 27900.0000     1.0000     0.8904    -0.1177     1.8209     0.9276
[1] 28000.0000     0.0015     0.9430    -0.0870     1.7349     0.9743
[1] 28100.0000     0.0041     0.9857    -0.1568     1.8314     0.9345
[1] 28200.0000     0.4703     0.9920    -0.0268     1.7271     1.1206
[1] 28300.0000     0.5980     0.8124    -0.0830     1.8212     0.9290
[1] 28400.0000     1.0000     0.9594    -0.0917     1.7816     0.8105
[1] 28500.0000     0.1412     0.8257     0.0150     1.6921     0.8766
[1] 28600.0000     0.3343     0.9775    -0.1155     1.7367     0.9079
[1] 28700.0000     1.0000     0.9143    -0.1098     1.7385     0.8158
[1] 28800.0000     1.0000     0.9743    -0.0773     1.7367     0.8723
[1] 28900.0000     0.7624     0.9457    -0.2464     1.8170     1.0466
[1] 29000.0000     0.6639     0.8148    -0.1115     1.7674     0.9225
[1] 29100.0000     0.7814     0.9799    -0.0738     1.8226     1.1704
[1] 29200.0000     1.0000     0.9160    -0.1381     1.6606     1.0663
[1] 29300.0000     1.0000     0.9064    -0.0797     1.7027     1.0368
[1] 29400.0000     0.2447     0.9512    -0.0346     1.6849     1.1262
[1] 29500.0000     1.0000     0.8146    -0.0427     1.8390     0.8093
[1] 29600.0000     0.2800     0.9770    -0.0568     1.8726     1.1651
[1] 29700.0000     0.0783     0.8808    -0.0862     1.6351     0.9901
[1] 29800.0000     0.7265     0.8701    -0.0953     1.8257     0.8024
[1] 29900.0000     1.0000     0.9798    -0.1718     1.7830     1.0014
[1] 30000.0000     0.7637     0.9214    -0.0732     1.6889     0.9341
[1] 0.5372985
Time difference of 9.821971 hours
null device 
          1 
