[1] "El numero de nodos X particion es: 10"
[1] "Model = M2 / Data = sim_data/datasetSVIMatern6.Rdata"
[1] 100.0000   1.0000   0.8291   0.0484   1.9451   0.9331
[1] 200.0000   0.2105   0.8487   0.0283   1.9396   0.8384
[1] 300.0000   1.0000   0.8776  -0.0570   2.0038   1.0665
[1] 400.0000   0.0691   0.9217  -0.1449   2.1454   0.9692
[1] 500.0000   0.0000   0.8380  -0.1809   2.1650   0.8203
[1] 600.0000   0.5558   0.9748  -0.3592   2.2411   1.0386
[1] 700.0000   0.0737   0.9506  -0.2979   2.2589   1.0413
[1] 800.0000   0.0000   0.8728  -0.3905   2.3555   0.9084
[1] 900.0000   0.0000   0.8673  -0.2339   2.1589   0.8963
[1] 1000.0000    0.0000    0.8209   -0.7388    2.6830    0.9374
[1] 1100.0000    0.0000    0.9319    0.7709    1.1362    0.8930
[1] 1200.0000    0.1149    0.8544    1.2192    0.7953    0.9984
[1] 1300.0000    0.0000    0.9498   -0.6012    2.4884    1.1653
[1] 1400.0000    0.0000    0.8099   -0.6538    2.5918    1.1384
[1] 1500.0000    0.0000    0.9584    0.5174    1.4240    1.0940
[1] 1600.0000    0.0000    0.9658   -1.1814    3.1308    1.0950
[1] 1700.0000    0.0000    0.9419   -0.6495    2.7013    1.0966
[1] 1800.0000    0.0000    0.8314   -0.1490    2.1638    0.9945
[1] 1900.0000    0.0000    0.8411   -1.0412    3.0103    1.0047
[1] 2000.0000    0.0000    0.9400   -0.3351    2.3210    1.1109
[1] 2100.0000    0.0000    0.8123   -1.3325    3.2474    1.1618
[1] 2200.0000    0.0000    0.8668   -0.2173    2.2367    1.0989
[1] 2300.0000    0.0000    0.8228    0.2865    1.6112    1.1776
[1] 2400.0000    0.0000    0.9355   -0.0016    1.9654    1.1578
[1] 2500.0000    0.0042    0.9668    0.3360    1.5287    0.8029
[1] 2600.0000    0.0000    0.8617   -0.2958    2.1693    0.8044
[1] 2700.0000    0.0000    0.8492   -0.8217    2.8869    0.9140
[1] 2800.0000    0.1068    0.8906   -0.3648    2.1841    0.8787
[1] 2900.0000    0.0000    0.9057   -1.0966    3.0657    0.9581
[1] 3000.0000    0.0000    0.8318   -0.3574    2.3148    1.1464
[1] 3100.0000    0.0000    0.9411    0.3350    1.5159    0.9915
[1] 3200.0000    0.0000    0.9190    0.6663    1.3171    0.9575
[1] 3300.0000    0.0000    0.9312    0.6666    1.2990    0.9302
[1] 3400.0000    0.1832    0.8983    1.2858    0.7617    1.1525
[1] 3500.0000    0.0000    0.8208    0.2366    1.7604    0.8172
[1] 3600.0000    0.0000    0.9625   -0.4884    2.4579    0.8525
[1] 3700.0000    0.4599    0.8237    0.1080    1.8803    0.8398
[1] 3800.0000    0.0000    0.9791    0.8783    1.0537    1.0179
[1] 3900.0000    0.0000    0.8349    0.1308    1.8711    1.1538
[1] 4000.0000    0.0000    0.9448    0.4923    1.4520    1.0791
[1] 4100.0000    0.0000    0.8388   -0.2867    2.3315    0.8864
[1] 4200.0000    0.0000    0.9756   -0.0522    1.9456    0.9752
[1] 4300.0000    0.5158    0.8741   -0.9009    2.8568    1.1249
[1] 4400.0000    0.0000    0.8310   -0.4851    2.4020    1.1572
[1] 4500.0000    0.2009    0.8404   -0.0877    2.0857    1.1577
[1] 4600.0000    0.0000    0.9581    0.3351    1.7158    0.8180
[1] 4700.0000    0.0000    0.8536   -0.1841    2.1604    0.9410
[1] 4800.0000    0.0000    0.8977   -1.1424    3.0864    0.9517
[1] 4900.0000    0.0000    0.8114   -1.4336    3.3377    0.8255
[1] 5000.0000    0.0059    0.8074   -0.8530    2.6858    1.0307
[1] 5100.0000    0.0000    0.9679   -0.9750    2.9057    1.1951
[1] 5200.0000    0.0000    0.8051    1.1545    0.7761    0.8965
[1] 5300.0000    0.0000    0.9010    1.0498    0.9241    1.0910
[1] 5400.0000    0.0000    0.8536    1.4315    0.5481    0.9337
[1] 5500.0000    0.0000    0.8913    0.2321    1.6427    1.1131
[1] 5600.0000    0.0000    0.8117    0.5137    1.4215    0.9121
[1] 5700.0000    0.0000    0.9445    0.0947    1.9170    1.0237
[1] 5800.0000    0.0000    0.8612   -0.9068    2.9382    1.0327
[1] 5900.0000    0.0000    0.8278    0.4964    1.5471    1.0767
[1] 6000.0000    0.0000    0.9870    0.5616    1.3218    1.0819
[1] 6100.0000    0.0000    0.9572   -0.4922    2.3582    0.9060
[1] 6200.0000    0.0000    0.9400    0.1541    1.7273    0.8404
[1] 6300.0000    0.0000    0.9569   -0.4410    2.3603    0.8080
[1] 6400.0000    0.0000    0.9599   -0.2792    2.2898    0.9947
[1] 6500.0000    0.0000    0.9084   -0.6307    2.6037    1.0918
[1] 6600.0000    0.0000    0.8710   -0.0647    1.9341    0.9001
[1] 6700.0000    0.0000    0.8325   -1.2281    3.2703    0.8617
[1] 6800.0000    0.0483    0.8794    0.3842    1.5821    0.9381
[1] 6900.0000    0.0000    0.9290   -0.8935    2.8083    1.0476
[1] 7000.0000    0.0000    0.8521   -0.0820    2.0988    1.0680
[1] 7100.0000    0.0000    0.9857    0.2365    1.7779    1.0571
[1] 7200.0000    0.0000    0.8247   -0.2328    2.3315    0.8913
[1] 7300.0000    0.0000    0.9838    0.4038    1.6294    1.0449
[1] 7400.0000    0.0000    0.8045   -0.1293    2.0198    0.8734
[1] 7500.0000    0.0000    0.8918   -2.4500    4.2848    1.0101
[1] 7600.0000    0.0000    0.8332   -0.5187    2.5572    1.0877
[1] 7700.0000    0.0000    0.8440   -0.7433    2.6649    0.8976
[1] 7800.0000    0.0000    0.8350    0.4178    1.6089    1.1361
[1] 7900.0000    0.0000    0.9168    0.3230    1.5860    1.1281
[1] 8000.0000    0.0000    0.9309   -0.1336    2.1065    1.0835
[1] 8100.0000    0.0000    0.9710   -0.1657    2.0870    1.0872
[1] 8200.0000    0.0000    0.9207   -0.4228    2.3566    1.1282
[1] 8300.0000    0.0000    0.8222   -0.1760    2.1203    0.8438
[1] 8400.0000    0.0000    0.9658    0.4930    1.4291    0.9286
[1] 8500.0000    0.0000    0.8325    0.2283    1.8001    1.0750
[1] 8600.0000    0.0022    0.9564   -0.8313    2.8715    0.9963
[1] 8700.0000    0.0000    0.8940   -1.4298    3.3767    1.0236
[1] 8800.0000    0.0000    0.8601   -0.0570    1.9428    0.8170
[1] 8900.0000    0.0000    0.8248    0.1752    1.7988    1.0728
[1] 9000.0000    0.0000    0.8301    0.9874    0.9647    1.1387
[1] 9100.0000    0.0000    0.8755   -0.0630    2.0113    0.8812
[1] 9200.0000    0.0000    0.8777   -0.2176    2.2771    1.1489
[1] 9300.0000    0.0000    0.9270   -0.2624    2.2486    1.1117
[1] 9400.0000    0.0000    0.8413    0.9520    0.9480    1.0761
[1] 9500.0000    0.0000    0.8817   -1.0785    3.0186    1.0875
[1] 9600.0000    0.0000    0.8149    0.0033    1.9647    0.9056
[1] 9700.0000    0.0000    0.9657    0.7971    1.1779    0.9166
[1] 9800.0000    0.0000    0.8457    0.1953    1.7523    0.8235
[1] 9900.0000    0.0000    0.9876    1.8948    0.0634    0.9739
[1] 10000.0000     1.0000     0.8618    -0.8216     2.8161     0.8032
[1] 10100.0000     1.0000     0.9049     0.1442     1.9164     1.0751
[1] 10200.0000     0.0000     0.8458     0.6275     1.2967     1.1044
[1] 10300.0000     0.1986     0.9549     1.1491     0.8228     0.8021
[1] 10400.0000     0.0000     0.9109     0.0916     1.8607     0.9653
[1] 1.050e+04 0.000e+00 9.035e-01 9.805e-01 9.429e-01 9.966e-01
[1] 10600.0000     0.0000     0.8442     0.8378     1.2129     0.9495
[1] 10700.0000     0.0000     0.8398     0.9604     1.0628     1.0590
[1] 10800.0000     0.0021     0.8310     0.5672     1.4077     0.9940
[1] 10900.0000     0.0000     0.9660     0.3882     1.6145     1.1970
[1] 11000.0000     0.0819     0.8555     0.1689     1.7912     1.1761
[1] 11100.0000     0.0000     0.8480    -0.4542     2.3206     1.1683
[1] 11200.0000     0.1269     0.8258    -0.7320     2.6720     1.0628
[1] 11300.0000     0.0000     0.8936    -0.7313     2.6929     1.0961
[1] 11400.0000     0.0013     0.9548     0.4441     1.6160     1.0047
[1] 11500.0000     0.0000     0.8034    -0.3495     2.2831     0.8501
[1] 11600.0000     0.0000     0.9104    -0.1474     2.0786     0.8269
[1] 11700.0000     0.0000     0.8224     0.4117     1.5678     0.8539
[1] 11800.0000     0.0000     0.8027    -0.6652     2.6214     0.8530
[1] 11900.0000     0.0000     0.8460    -0.6775     2.6099     0.8150
[1] 12000.0000     0.0000     0.8056     0.3447     1.6398     1.1142
[1] 12100.0000     0.0000     0.8005    -0.4388     2.3259     0.8375
[1] 12200.0000     0.0476     0.9853     0.9615     1.0797     1.1443
[1] 12300.0000     0.0000     0.8010    -0.2835     2.2610     0.8810
[1] 12400.0000     0.1231     0.8019    -0.8530     2.8812     1.1971
[1] 12500.0000     0.0000     0.8059    -0.2481     2.2266     1.1427
[1] 12600.0000     0.0000     0.8126    -0.3908     2.4771     1.1805
[1] 12700.0000     0.0000     0.8779    -0.1111     1.9674     0.8170
[1] 12800.0000     0.0000     0.9902    -1.1606     3.0515     0.9345
[1] 12900.0000     0.0205     0.9204    -0.0751     2.0853     0.8219
[1] 13000.0000     0.0000     0.8069    -0.0754     2.0130     1.0997
[1] 13100.0000     0.0000     0.9404     1.3869     0.5914     0.9822
[1] 13200.0000     0.0000     0.8843    -0.0250     2.0819     0.9997
[1] 13300.0000     0.0000     0.9271    -0.2283     2.1390     0.8364
[1] 13400.0000     0.0000     0.8092     0.1059     1.8871     1.1676
[1] 13500.0000     0.0000     0.8466    -0.3802     2.2969     0.8143
[1] 13600.0000     0.0000     0.8917     0.0024     1.9030     1.0301
[1] 13700.0000     0.0000     0.8421     0.4278     1.5697     0.9544
[1] 13800.0000     0.0000     0.8787    -1.0874     3.0771     1.0611
[1] 13900.0000     0.0000     0.8573    -0.2489     2.2286     0.8372
[1] 14000.0000     0.0000     0.9588     0.6573     1.2991     0.9662
[1] 14100.0000     0.0000     0.8411     0.5675     1.2819     1.1804
[1] 14200.0000     0.0000     0.8479     0.2289     1.6538     0.8739
[1] 14300.0000     0.0000     0.8548    -0.8238     2.7310     0.8231
[1] 14400.0000     0.0025     0.8623     0.3653     1.5505     0.8985
[1] 14500.0000     0.0741     0.8647     0.5697     1.3971     1.0877
[1] 14600.0000     0.0000     0.8570     0.0719     1.8253     1.1138
[1] 14700.0000     0.0000     0.8734     0.2174     1.6301     1.0676
[1] 14800.0000     0.0000     0.8093     1.3676     0.4904     1.1283
[1] 14900.0000     0.0012     0.9582     0.6162     1.3994     1.0321
[1] 15000.0000     0.0199     0.8279    -0.0191     2.0379     1.0826
[1] 15100.0000     1.0000     0.8292    -0.0972     2.0675     0.9249
[1] 15200.0000     0.0000     0.8242     0.5731     1.3578     1.0800
[1] 15300.0000     1.0000     0.8282    -0.3878     2.2919     1.1177
[1] 15400.0000     0.0256     0.8397    -0.7430     2.7777     1.1015
[1] 15500.0000     0.0000     0.8727    -1.3815     3.3801     1.1104
[1] 15600.0000     0.0000     0.8878    -0.2008     2.1691     0.8550
[1] 15700.0000     0.0000     0.8475    -0.2095     2.1027     0.9690
[1] 15800.0000     0.0000     0.9108     0.0600     1.8572     0.9068
[1] 15900.0000     0.0000     0.8841     0.4685     1.4727     0.8192
[1] 16000.0000     0.0001     0.8124    -0.2023     2.1426     1.1160
[1] 16100.0000     0.0000     0.9566     1.4576     0.5752     1.0234
[1] 16200.0000     0.0000     0.9466     0.6646     1.2457     0.9477
[1] 16300.0000     0.0000     0.9158     0.0055     2.0024     0.9491
[1] 16400.0000     0.0000     0.9401    -0.3482     2.2850     0.9237
[1] 16500.0000     0.1152     0.9646    -0.0102     1.9741     1.1820
[1] 16600.0000     0.0000     0.8294    -0.7625     2.7228     0.8835
[1] 1.670e+04 0.000e+00 9.635e-01 9.753e-01 9.140e-01 8.336e-01
[1] 16800.0000     0.0000     0.9358     0.3071     1.6919     0.9778
[1] 16900.0000     0.0000     0.8138     0.4035     1.5076     1.1004
[1] 17000.0000     0.0000     0.9790    -0.1846     2.1092     0.8822
[1] 17100.0000     0.0000     0.9305     1.0580     1.0018     0.9283
[1] 17200.0000     0.0000     0.9497     0.7404     1.1551     0.8252
[1] 17300.0000     1.0000     0.8396    -0.3041     2.2548     1.0131
[1] 17400.0000     0.0000     0.8593    -0.1652     2.1729     1.1450
[1] 17500.0000     0.0000     0.8131     0.4061     1.6069     0.9127
[1] 17600.0000     0.0000     0.8280     0.7985     1.1202     1.1486
[1] 17700.0000     0.0000     0.8794     1.3229     0.6196     0.9707
[1] 17800.0000     0.0001     0.9383    -0.6560     2.6806     1.0084
[1] 17900.0000     0.0000     0.9083     0.8917     1.1019     0.9495
[1] 18000.0000     1.0000     0.9109     0.7588     1.2493     0.8712
[1] 18100.0000     0.0000     0.9461     0.6982     1.1392     0.9222
[1] 18200.0000     0.0018     0.9706     0.6644     1.2387     0.8923
[1] 18300.0000     0.0000     0.9012     0.5103     1.4735     1.0710
[1] 18400.0000     0.0000     0.9529     0.0053     2.0035     0.8173
[1] 18500.0000     0.0000     0.9525     0.1347     1.8005     0.9333
[1] 18600.0000     0.0000     0.8656    -0.2135     2.2383     0.8624
[1] 18700.0000     0.0000     0.8080    -0.0006     1.9856     0.9308
[1] 18800.0000     0.0000     0.8537     0.2256     1.8153     0.9005
[1] 18900.0000     0.0000     0.9024    -0.4344     2.3351     1.0613
[1] 19000.0000     0.0000     0.8366    -0.5017     2.4811     0.8015
[1] 19100.0000     0.0000     0.8878     0.7407     1.1014     1.0323
[1] 1.920e+04 0.000e+00 8.001e-01 2.236e-01 1.732e+00 9.641e-01
[1] 19300.0000     0.0000     0.8035     0.5512     1.3689     1.0886
[1] 19400.0000     0.0000     0.9330     0.0519     1.9097     1.0363
[1] 19500.0000     0.0000     0.9654    -0.4191     2.3542     0.9669
[1] 19600.0000     0.3641     0.9162    -0.9208     2.9276     0.8038
[1] 19700.0000     0.0000     0.8982     0.0872     1.7933     1.1826
[1] 19800.0000     0.0000     0.9408     0.8598     1.0675     0.9927
[1] 19900.0000     0.0000     0.9981     0.0145     1.9934     1.0280
[1] 20000.0000     0.0000     0.8708    -0.1941     2.1411     1.0213
[1] 20100.0000     0.0000     0.9080     0.7927     1.2678     1.0402
[1] 20200.0000     0.6113     0.9840     0.0125     1.9797     1.1380
[1] 20300.0000     0.0000     0.8028    -0.3178     2.3739     0.9708
[1] 20400.0000     0.0000     0.9596     0.1363     1.7182     1.0259
[1] 20500.0000     0.0000     0.9505    -1.1019     3.1157     0.9891
[1] 20600.0000     0.6394     0.9169    -0.4577     2.4564     1.1057
[1] 20700.0000     1.0000     0.8107     0.2502     1.6328     1.0874
[1] 20800.0000     0.0000     0.9606    -0.6339     2.6490     1.0886
[1] 20900.0000     0.0000     0.9109     0.2886     1.6985     0.9980
[1] 21000.0000     0.0000     0.8369     0.6066     1.3697     1.0355
[1] 21100.0000     0.0000     0.9732    -0.9227     2.8242     0.8253
[1] 21200.0000     0.0232     0.8263    -0.5200     2.4877     1.1324
[1] 21300.0000     0.0000     0.8399    -1.3369     3.1993     1.0171
[1] 21400.0000     0.0000     0.9719    -0.6339     2.5673     0.9071
[1] 21500.0000     0.0000     0.9375    -0.4457     2.3378     1.0777
[1] 21600.0000     0.0000     0.8420     0.1622     1.7886     0.8926
[1] 21700.0000     0.0000     0.8258    -0.3087     2.2855     1.1265
[1] 21800.0000     0.0000     0.8218    -1.0778     3.0097     1.1739
[1] 21900.0000     0.0000     0.9084    -0.7417     2.6457     1.1067
[1] 22000.0000     0.0000     0.8850     1.5277     0.3864     0.9555
[1] 22100.0000     0.0000     0.8953     0.0860     1.8223     0.9321
[1] 22200.0000     0.0000     0.8403    -0.4004     2.3234     1.1277
[1] 22300.0000     0.0000     0.8584    -0.1648     2.1608     0.9367
[1] 22400.0000     0.0000     0.9494     0.5019     1.4431     0.9207
[1] 22500.0000     0.0005     0.9477     1.5797     0.4019     0.8999
[1] 22600.0000     0.0000     0.8858     0.1668     1.9123     0.9064
[1] 22700.0000     0.0000     0.8271     0.3503     1.5494     1.1968
[1] 22800.0000     0.0000     0.9028    -0.2021     2.2379     1.1243
[1] 22900.0000     0.0000     0.9207     1.1013     0.7716     0.8362
[1] 23000.0000     0.0000     0.8448     0.6139     1.3122     1.1964
[1] 23100.0000     0.0000     0.9231    -0.3019     2.2775     0.8179
[1] 23200.0000     0.0000     0.8449     0.2519     1.7718     0.9864
[1] 23300.0000     0.0471     0.8966     0.3995     1.5249     1.0199
[1] 23400.0000     0.0000     0.9418     0.3800     1.6338     0.8205
[1] 23500.0000     0.0000     0.9561     0.2623     1.7184     1.0572
[1] 23600.0000     0.0000     0.8360     0.9119     1.0361     0.8406
[1] 23700.0000     0.0000     0.8580     0.9765     1.0405     0.8494
[1] 23800.0000     0.0000     0.9509     0.2796     1.5485     0.9516
[1] 23900.0000     0.0000     0.8157     0.2502     1.7078     0.8034
[1] 24000.0000     0.0000     0.9653    -0.1718     2.1002     0.9324
[1] 24100.0000     0.0000     0.8643    -1.8154     3.7961     0.9462
[1] 24200.0000     0.0000     0.8399     0.3795     1.4677     1.0287
[1] 24300.0000     0.0000     0.8207    -0.9537     2.9350     1.1509
[1] 24400.0000     0.7361     0.9947     0.7005     1.2834     0.9697
[1] 24500.0000     0.0000     0.9064     1.0173     0.8831     0.8345
[1] 24600.0000     0.0000     0.9062    -0.0289     1.9797     0.8877
[1] 24700.0000     0.0000     0.9025    -0.6065     2.5383     0.8040
[1] 24800.0000     0.0002     0.8109     0.0172     1.9273     1.1899
[1] 24900.0000     0.0000     0.9495    -0.3763     2.3248     0.8626
[1] 25000.0000     0.0001     0.9628    -0.4472     2.4023     0.9362
[1] 25100.0000     0.0000     0.9605     1.0626     0.8607     1.0743
[1] 25200.0000     0.0000     0.8184    -0.5577     2.5509     0.8574
[1] 25300.0000     0.3706     0.8584    -0.0880     2.0007     0.9552
[1] 25400.0000     1.0000     0.8988    -0.2654     2.2366     1.0888
[1] 25500.0000     0.0000     0.8147     0.7127     1.2603     1.1844
[1] 25600.0000     0.0000     0.8978    -0.2064     2.1798     1.1142
[1] 25700.0000     0.0000     0.8060     0.7972     1.1878     0.8422
[1] 25800.0000     0.0000     0.8043    -0.3467     2.2803     0.8730
[1] 25900.0000     1.0000     0.8632    -0.4347     2.3839     1.1254
[1] 26000.0000     0.3216     0.9492    -0.6769     2.7453     1.0058
[1] 26100.0000     0.0000     0.9196    -0.1109     1.9603     1.1722
[1] 26200.0000     0.0000     0.9768    -0.1993     2.0951     0.9801
[1] 26300.0000     0.0000     0.8530    -0.4121     2.4116     1.0678
[1] 26400.0000     0.0000     0.8767     0.4757     1.5164     0.8041
[1] 26500.0000     0.0221     0.8611    -0.0590     2.0217     1.1675
[1] 26600.0000     0.0000     0.8376    -0.3879     2.1719     1.1467
[1] 26700.0000     0.0000     0.8184     0.3395     1.6826     0.9177
[1] 26800.0000     0.0000     0.8180    -1.3440     3.3467     0.8719
[1] 26900.0000     0.0000     0.9586    -0.0012     1.8985     1.0279
[1] 27000.0000     0.0000     0.8794     0.3471     1.5949     0.8948
[1] 27100.0000     0.6152     0.8553     0.3922     1.6037     1.0993
[1] 27200.0000     0.0000     0.8628    -0.1678     2.1417     1.0265
[1] 27300.0000     0.0000     0.9326     0.5163     1.4224     0.8298
[1] 27400.0000     0.0000     0.8182     0.0655     1.9611     1.1040
[1] 27500.0000     0.0000     0.8463     0.9019     1.1548     0.8762
[1] 2.760e+04 0.000e+00 8.732e-01 1.460e+00 5.271e-01 9.172e-01
[1] 27700.0000     0.0000     0.8768     0.2469     1.7858     1.0202
[1] 2.780e+04 0.000e+00 8.338e-01 2.681e-01 1.662e+00 9.440e-01
[1] 2.790e+04 1.000e+00 8.904e-01 6.229e-01 1.314e+00 9.276e-01
[1] 28000.0000     0.0000     0.8025    -0.6205     2.5883     0.9240
[1] 28100.0000     0.0000     0.9262     0.1855     1.8077     1.0710
[1] 28200.0000     0.0000     0.9683    -0.2273     2.2522     0.8917
[1] 28300.0000     0.0000     0.9886    -0.2869     2.2259     1.1843
[1] 28400.0000     1.0000     0.9594     0.4335     1.5432     0.8105
[1] 28500.0000     0.0000     0.8678     1.3763     0.5825     0.8688
[1] 28600.0000     0.0000     0.9856     0.3997     1.4531     1.1641
[1] 28700.0000     0.0000     0.9675    -0.7989     2.7856     1.1579
[1] 28800.0000     0.0000     0.8104     0.3158     1.7239     1.1940
[1] 2.890e+04 0.000e+00 9.137e-01 1.900e-01 1.899e+00 8.478e-01
[1] 29000.0000     0.0000     0.9692    -1.4171     3.2164     0.9910
[1] 29100.0000     0.0000     0.8240    -1.0410     3.0249     1.0266
[1] 29200.0000     0.0234     0.9367     0.6355     1.2579     1.1465
[1] 2.930e+04 3.000e-04 9.749e-01 5.508e-01 1.355e+00 9.782e-01
[1] 29400.0000     0.0000     0.9394     0.4669     1.3890     1.1754
[1] 29500.0000     0.0000     0.8094    -0.2736     2.2472     0.8253
[1] 29600.0000     0.0000     0.8035    -0.3166     2.2072     1.0772
[1] 2.970e+04 0.000e+00 9.991e-01 1.371e-01 1.759e+00 9.357e-01
[1] 29800.0000     0.0000     0.8030     0.5426     1.4485     0.9421
[1] 29900.0000     0.6820     0.9798     0.6859     1.2688     1.0014
[1] 30000.0000     0.0000     0.9250     1.3176     0.6189     1.0393
[1] 0.07015719
Time difference of 11.38007 hours
null device 
          1 
