[1] "El numero de nodos X particion es: 10"
[1] "Model = M1 / Data = sim_data/datasetSVCMatern18.Rdata"
[1] 100.0000   1.0000   0.8291   0.0003   2.1430   0.9331
[1] 200.0000   0.0244   0.8487  -0.0211   2.0345   0.8384
[1] 300.0000   0.7710   0.8776  -0.2389   2.0003   1.0665
[1] 400.0000   0.2146   0.8477  -0.1320   1.9918   0.9308
[1] 500.0000   0.0994   0.9813  -0.3226   1.8399   0.8492
[1] 600.0000   0.0000   0.8891  -0.0194   2.0185   0.8464
[1] 700.0000   0.2486   0.8009  -0.2923   1.8268   0.8720
[1] 800.0000   0.3163   0.8830  -0.0896   2.0813   0.9772
[1] 900.0000   1.0000   0.9357  -0.2357   1.9191   1.0743
[1] 1000.0000    0.0419    0.8568   -0.0985    2.0418    0.8983
[1] 1100.0000    0.0692    0.8326   -0.2788    1.9044    1.0285
[1] 1200.0000    1.0000    0.8603   -0.0280    2.1844    0.9164
[1] 1300.0000    0.0971    0.9151   -0.1235    2.1385    0.9862
[1] 1400.0000    0.0000    0.8624   -0.2287    1.9277    0.9686
[1] 1500.0000    0.0000    0.9672    0.0296    2.1745    1.1986
[1] 1600.0000    0.0051    0.8099   -0.0277    2.2068    1.0178
[1] 1700.0000    0.0001    0.8745   -0.1125    2.0382    0.9148
[1] 1800.0000    0.0000    0.9410   -0.1686    2.0380    0.8062
[1] 1900.0000    0.0377    0.8021    0.0286    2.1605    1.0084
[1] 2000.0000    1.0000    0.8107   -0.1633    1.9036    0.8113
[1] 2100.0000    1.0000    0.8081    0.1682    2.2673    0.9300
[1] 2200.0000    0.2892    0.8580    0.2234    2.2067    1.0161
[1] 2300.0000    0.0018    0.8377   -0.0969    2.1098    0.8487
[1] 2400.0000    0.0632    0.9764    0.0534    2.0426    1.0594
[1] 2500.0000    0.0036    0.8529   -0.1076    2.0689    0.9541
[1] 2600.0000    0.0005    0.8146   -0.2114    1.8779    0.8232
[1] 2700.0000    0.0822    0.8044   -0.1266    2.0833    1.0835
[1] 2800.0000    0.2945    0.8906   -0.3031    1.9686    0.8787
[1] 2900.0000    0.0001    0.8994   -0.2933    1.8432    1.0050
[1] 3000.0000    0.0001    0.8417   -0.2333    1.9386    0.8190
[1] 3100.0000    0.2740    0.8265    0.0165    2.1236    1.1652
[1] 3200.0000    0.0048    0.9624    0.0907    2.1256    0.8773
[1] 3300.0000    0.0001    0.8057   -0.0802    1.9794    1.1802
[1] 3400.0000    0.1206    0.8189   -0.2582    1.9660    0.9632
[1] 3500.0000    0.4516    0.9156   -0.0770    2.2089    0.8330
[1] 3600.0000    0.1101    0.9027   -0.1485    2.0201    1.1569
[1] 3700.0000    0.0317    0.8385   -0.1567    2.0349    0.8150
[1] 3800.0000    0.0000    0.8653   -0.1929    1.9203    0.9884
[1] 3900.0000    0.0214    0.8553   -0.2583    1.9348    1.0542
[1] 4000.0000    0.6303    0.9388   -0.0739    2.0053    0.8131
[1] 4100.0000    0.4115    0.8096   -0.0072    2.1411    1.0244
[1] 4200.0000    1.0000    0.8436   -0.2188    1.9694    0.9733
[1] 4300.0000    0.0000    0.9986   -0.0849    2.0252    0.9026
[1] 4400.0000    0.5790    0.8372    0.2033    2.2767    1.0492
[1] 4500.0000    0.6651    0.8410   -0.0112    2.1565    1.1520
[1] 4600.0000    0.0091    0.8009    0.0376    2.1121    0.9214
[1] 4700.0000    0.0007    0.9516   -0.0041    2.1558    1.1937
[1] 4800.0000    0.0579    0.8985   -0.1423    1.9906    0.9827
[1] 4900.0000    1.0000    0.8201    0.0959    2.2226    1.1747
[1] 5000.0000    0.7668    0.9273   -0.0456    1.9917    1.0348
[1] 5100.0000    0.3554    0.8192   -0.2757    1.8768    0.8134
[1] 5200.0000    0.0045    0.8350   -0.0200    2.2666    1.0935
[1] 5300.0000    0.8077    0.8379   -0.2384    1.8874    1.0434
[1] 5400.0000    0.5024    0.8083   -0.0572    2.0647    1.0190
[1] 5500.0000    0.0133    0.8940   -0.0912    2.0511    1.1671
[1] 5600.0000    0.0234    0.8407   -0.4952    1.8037    1.1085
[1] 5700.0000    0.0762    0.8052   -0.2294    1.8861    1.1681
[1] 5800.0000    0.6107    0.8520    0.0015    2.1715    1.0482
[1] 5900.0000    1.0000    0.8759   -0.2195    1.9444    1.0113
[1] 6000.0000    0.0960    0.8273    0.0227    2.1428    0.8750
[1] 6100.0000    0.1778    0.9025    0.1136    2.1402    0.9119
[1] 6200.0000    1.0000    0.8336   -0.2598    1.8540    0.9759
[1] 6300.0000    0.0981    0.9569   -0.2448    1.9838    0.8080
[1] 6400.0000    0.9551    0.9022    0.1663    2.1579    0.8332
[1] 6500.0000    0.0063    0.8697   -0.1581    2.0090    0.9040
[1] 6600.0000    0.0124    0.8918   -0.1669    2.0200    1.0184
[1] 6700.0000    0.0010    0.8420   -0.0753    2.1082    0.8199
[1] 6800.0000    1.0000    0.8496   -0.0839    2.0388    0.9728
[1] 6900.0000    0.0846    0.8556   -0.1842    1.9639    1.1638
[1] 7000.0000    0.0108    0.8011   -0.0218    2.0500    1.0228
[1] 7100.0000    1.0000    0.8440   -0.0786    2.0693    0.9302
[1] 7200.0000    0.0384    0.8989   -0.1846    1.9657    0.9392
[1] 7300.0000    0.0034    0.8821   -0.0295    2.1285    0.9361
[1] 7400.0000    0.0000    0.8164   -0.3267    1.7701    0.8600
[1] 7500.0000    1.0000    0.8741    0.0569    2.1998    1.0979
[1] 7600.0000    0.0706    0.8511   -0.2993    1.8961    1.0027
[1] 7700.0000    0.0003    0.8552   -0.1501    2.0270    1.0850
[1] 7800.0000    0.0000    0.8139   -0.0401    2.0502    0.8702
[1] 7900.0000    0.1511    0.8304   -0.1291    2.0677    0.9653
[1] 8000.0000    0.3973    0.9186   -0.1927    1.9189    1.0026
[1] 8100.0000    0.4110    0.8687   -0.1124    2.0898    1.0506
[1] 8200.0000    0.0000    0.8098    0.0777    2.1764    0.9449
[1] 8300.0000    0.0002    0.8222    0.1088    2.2008    0.8438
[1] 8400.0000    0.2450    0.8421   -0.1241    2.1657    0.8322
[1] 8500.0000    0.0008    0.8159   -0.0933    2.0319    1.0954
[1] 8600.0000    0.1685    0.8214   -0.0280    2.1076    0.8066
[1] 8700.0000    1.0000    0.8293   -0.1044    2.0081    0.8767
[1] 8800.0000    1.0000    0.9324   -0.1520    1.9691    0.8066
[1] 8900.0000    0.0838    0.8636   -0.2505    1.9607    0.9722
[1] 9000.0000    0.5760    0.9025    0.0565    2.1292    0.9096
[1] 9100.0000    0.1213    0.8115   -0.0662    2.0533    0.8605
[1] 9200.0000    0.0361    0.8083   -0.1737    1.9458    1.0837
[1] 9300.0000    0.0005    0.9270   -0.0335    2.0331    1.1117
[1] 9400.0000    0.3743    0.8458    0.0307    2.1292    1.0091
[1] 9500.0000    0.0000    0.9329   -0.3149    1.9660    0.8817
[1] 9600.0000    0.1024    0.8862   -0.2247    1.9232    0.8406
[1] 9700.0000    0.0144    0.8614   -0.1349    1.9358    0.9692
[1] 9800.0000    0.1000    0.8323   -0.0070    2.0746    0.8368
[1] 9900.0000    0.0000    0.9529    0.0856    2.1392    0.9335
[1] 10000.0000     1.0000     0.8618    -0.4176     1.8255     0.8032
[1] 10100.0000     1.0000     0.9049    -0.0973     2.0853     1.0751
[1] 10200.0000     0.0016     0.9084    -0.0799     1.9949     0.8386
[1] 10300.0000     0.0040     0.8120     0.2088     2.2258     0.8804
[1] 10400.0000     0.0015     0.8213    -0.0702     2.1301     1.0055
[1] 10500.0000     1.0000     0.8159     0.0478     2.1420     1.1284
[1] 10600.0000     0.0202     0.8510    -0.1054     2.1122     0.8479
[1] 10700.0000     0.0000     0.8531    -0.0357     2.0879     0.8181
[1] 10800.0000     0.8721     0.8056    -0.0944     2.0884     0.8503
[1] 10900.0000     0.0000     0.8264    -0.1738     2.0505     1.1140
[1] 11000.0000     0.1890     0.8012    -0.1622     2.1437     0.9407
[1] 11100.0000     0.0004     0.8902     0.2434     2.3859     0.9114
[1] 11200.0000     0.5239     0.8055    -0.2555     1.9627     0.9767
[1] 11300.0000     0.0418     0.8219    -0.2746     1.8188     0.9690
[1] 11400.0000     0.5059     0.9055    -0.1589     1.9939     0.9856
[1] 11500.0000     0.0000     0.9311    -0.0981     2.1173     0.8792
[1] 11600.0000     0.0734     0.9382    -0.4080     1.8715     0.8033
[1] 11700.0000     1.0000     0.8766    -0.3379     1.9473     0.9110
[1] 11800.0000     0.1608     0.8440    -0.2522     1.8396     0.8198
[1] 11900.0000     0.0537     0.8272     0.1317     2.2042     0.8962
[1] 12000.0000     0.0134     0.8543    -0.2573     1.8745     1.1591
[1] 12100.0000     0.2116     0.9452    -0.1321     1.9980     0.8400
[1] 12200.0000     0.6500     0.8496    -0.0537     2.0211     0.8460
[1] 12300.0000     0.0098     0.8229     0.0737     2.1277     0.9137
[1] 12400.0000     1.0000     0.8046    -0.3147     1.7574     0.8797
[1] 12500.0000     0.0456     0.8027     0.1073     2.2456     1.0313
[1] 12600.0000     0.0013     0.8021    -0.0031     2.1570     0.8910
[1] 12700.0000     0.0005     0.9486     0.1290     2.2199     0.8166
[1] 12800.0000     0.0050     0.8033    -0.3002     1.8966     0.8910
[1] 12900.0000     0.0087     0.8554    -0.3558     1.8735     0.9712
[1] 13000.0000     0.0059     0.8069     0.1739     2.2694     1.0997
[1] 13100.0000     0.0002     0.8891    -0.1641     2.0081     0.9810
[1] 13200.0000     0.0030     0.8335    -0.0983     2.0267     0.9695
[1] 13300.0000     0.0579     0.8522     0.0452     2.1313     1.0074
[1] 13400.0000     0.0000     0.8017    -0.0466     2.0332     1.1275
[1] 13500.0000     0.0000     0.8240    -0.1023     2.0937     1.0099
[1] 13600.0000     0.0057     0.8314    -0.1194     1.8949     0.9679
[1] 13700.0000     1.0000     0.8314    -0.1724     1.9382     0.8589
[1] 13800.0000     0.0000     0.8418    -0.1593     1.9443     1.1127
[1] 13900.0000     1.0000     0.8104    -0.1694     2.0206     0.8994
[1] 14000.0000     1.0000     0.9598    -0.2267     1.9093     0.8043
[1] 14100.0000     0.0000     0.9236    -0.0141     2.2191     0.9106
[1] 14200.0000     0.0024     0.9171    -0.0414     2.0922     0.8964
[1] 14300.0000     0.0007     0.8548    -0.1351     2.1146     0.8231
[1] 14400.0000     0.7689     0.8984    -0.0091     2.0638     1.1866
[1] 14500.0000     0.0001     0.8302     0.0394     2.1840     1.1813
[1] 14600.0000     0.0000     0.8084    -0.1788     2.0095     0.8928
[1] 14700.0000     1.0000     0.8840    -0.1055     2.0460     1.0394
[1] 14800.0000     0.0000     0.9533    -0.1389     1.9150     0.8106
[1] 14900.0000     0.1152     0.8246    -0.1491     1.9468     0.8054
[1] 15000.0000     0.0000     0.9486    -0.1545     1.9881     0.9418
[1] 15100.0000     0.0036     0.8384    -0.0241     2.0970     0.8510
[1] 15200.0000     0.0853     0.9135    -0.2020     1.9426     0.9942
[1] 15300.0000     0.0673     0.8856    -0.1365     2.0604     0.9730
[1] 15400.0000     0.1833     0.8005    -0.0717     2.0015     0.8812
[1] 15500.0000     0.3577     0.9973    -0.2997     1.8684     0.8711
[1] 15600.0000     0.1584     0.8162    -0.1114     2.0332     1.1982
[1] 15700.0000     0.0000     0.8668     0.0376     2.1198     1.0399
[1] 15800.0000     0.0008     0.8952    -0.1313     1.9643     0.8084
[1] 15900.0000     0.0000     0.8006    -0.1464     1.9522     1.0522
[1] 16000.0000     0.1374     0.8243    -0.1644     1.9235     0.8996
[1] 16100.0000     0.7819     0.9477    -0.0995     2.1981     0.9420
[1] 16200.0000     0.3608     0.8074    -0.0730     2.0857     0.8047
[1] 16300.0000     0.0221     0.9265    -0.1145     2.0485     0.8332
[1] 16400.0000     0.1059     0.8090    -0.0810     2.0788     0.8978
[1] 16500.0000     0.0417     0.8273    -0.1173     2.0243     0.8232
[1] 16600.0000     0.2110     0.8568    -0.1396     1.9897     1.0645
[1] 16700.0000     0.3005     0.8804    -0.0841     2.0425     1.1815
[1] 16800.0000     0.0940     0.8165    -0.1383     1.9867     1.0376
[1] 16900.0000     0.0250     0.8583    -0.1490     1.9862     0.9158
[1] 17000.0000     0.6208     0.8355    -0.0232     2.1564     0.9526
[1] 17100.0000     0.2155     0.9262    -0.0435     2.0767     0.9696
[1] 17200.0000     0.4029     0.9233    -0.3142     1.8242     0.8592
[1] 17300.0000     0.3091     0.8396    -0.5543     1.7018     1.0131
[1] 17400.0000     0.0994     0.8470     0.0897     2.2434     1.1018
[1] 17500.0000     0.6665     0.8406    -0.3341     1.8493     0.9718
[1] 17600.0000     0.0640     0.8018     0.0234     2.0734     1.0705
[1] 17700.0000     0.0647     0.8382    -0.2283     1.7988     1.1091
[1] 17800.0000     0.7872     0.9968    -0.0725     2.0382     0.8268
[1] 17900.0000     0.0093     0.8059    -0.0403     2.0595     1.1403
[1] 18000.0000     0.6829     0.9109    -0.1182     2.0151     0.8712
[1] 18100.0000     0.0123     0.8242    -0.1682     1.9509     0.9227
[1] 18200.0000     1.0000     0.8073     0.0160     2.1317     0.9256
[1] 18300.0000     0.0059     0.8092    -0.1231     2.0514     1.0361
[1] 18400.0000     0.0210     0.8112    -0.1920     1.9682     0.9765
[1] 18500.0000     0.0168     0.8611    -0.1514     2.1168     0.9812
[1] 18600.0000     0.0091     0.8932    -0.1376     2.1000     0.8460
[1] 18700.0000     0.1454     0.9071     0.1165     2.1933     1.1143
[1] 18800.0000     0.0352     0.9415    -0.0887     2.0850     0.8205
[1] 18900.0000     0.0000     0.8387    -0.1980     2.0287     0.8037
[1] 19000.0000     1.0000     0.8087     0.0575     2.1653     1.1060
[1] 19100.0000     0.5186     0.9272    -0.1782     2.0686     0.8583
[1] 19200.0000     1.0000     0.8319    -0.0626     2.0139     1.0132
[1] 19300.0000     0.1463     0.8940    -0.0786     2.0375     1.1248
[1] 19400.0000     0.0138     0.8040    -0.2266     1.9279     1.1551
[1] 19500.0000     0.0008     0.8243     0.0704     2.1866     0.8751
[1] 19600.0000     0.0167     0.8948    -0.1142     2.1107     1.0740
[1] 19700.0000     0.0242     0.8143     0.0474     2.1774     0.8081
[1] 19800.0000     0.0763     0.8357     0.1869     2.2720     1.1647
[1] 19900.0000     0.6422     0.8349     0.0709     2.1677     0.9661
[1] 20000.0000     0.0180     0.8545    -0.0778     2.0877     0.8923
[1] 20100.0000     0.0002     0.8622     0.0501     2.1112     0.8640
[1] 20200.0000     0.0128     0.9282     0.1063     2.2559     0.9678
[1] 20300.0000     0.0040     0.8028    -0.4953     1.7456     0.9708
[1] 20400.0000     1.0000     0.8446    -0.1963     1.9549     1.0333
[1] 20500.0000     0.1367     0.8514    -0.1466     1.9715     1.0754
[1] 20600.0000     0.2821     0.9169    -0.0211     2.1556     1.1057
[1] 20700.0000     0.6694     0.8107     0.1361     2.2494     1.0874
[1] 20800.0000     0.5817     0.9981    -0.1642     2.0179     1.0246
[1] 20900.0000     0.0000     0.8547    -0.1240     2.0387     0.9562
[1] 21000.0000     0.1489     0.8695    -0.0934     2.0295     0.9727
[1] 21100.0000     0.0075     0.8086    -0.1431     2.0261     0.9192
[1] 21200.0000     0.8514     0.9611    -0.2209     1.9588     0.8029
[1] 21300.0000     0.0004     0.8214    -0.0589     1.9601     1.0391
[1] 21400.0000     1.0000     0.8276    -0.0775     2.0352     0.8233
[1] 21500.0000     0.0043     0.8906    -0.0289     2.1225     0.8206
[1] 21600.0000     0.5365     0.8069    -0.1289     1.9359     0.8555
[1] 21700.0000     0.0562     0.9180    -0.1456     1.9871     0.9753
[1] 21800.0000     0.1731     0.8385     0.0880     2.2518     0.8059
[1] 21900.0000     0.2400     0.9598     0.0967     2.2409     0.8497
[1] 22000.0000     0.1234     0.8850     0.0336     2.0809     0.9555
[1] 22100.0000     0.0779     0.8280    -0.0279     2.1106     0.8896
[1] 22200.0000     0.8421     0.8579    -0.1097     2.0738     0.8534
[1] 22300.0000     0.0025     0.8289    -0.1686     2.0708     0.9998
[1] 22400.0000     0.1420     0.8145    -0.1692     2.0360     0.8604
[1] 22500.0000     0.0035     0.8239    -0.0233     2.1978     1.1368
[1] 22600.0000     0.0000     0.8006    -0.2038     1.9897     0.8902
[1] 22700.0000     0.0002     0.8271    -0.1137     2.0485     1.1968
[1] 22800.0000     0.0146     0.9424    -0.2040     1.8721     0.9626
[1] 22900.0000     0.0560     0.8804    -0.1451     2.0350     0.9211
[1] 23000.0000     0.0000     0.8997    -0.0695     1.9694     0.9381
[1] 23100.0000     0.2482     0.8119     0.0954     2.1345     1.0551
[1] 23200.0000     0.0161     0.8437    -0.0569     2.1720     0.8877
[1] 23300.0000     0.0000     0.8508     0.1401     2.2522     0.8720
[1] 23400.0000     1.0000     0.8888    -0.0551     2.0163     1.0444
[1] 23500.0000     0.0235     0.8797     0.0040     2.1574     0.8266
[1] 23600.0000     0.4608     0.8573    -0.0477     2.1626     0.9429
[1] 23700.0000     0.0829     0.8580    -0.1808     1.9166     0.8494
[1] 23800.0000     0.5388     0.9299    -0.0713     1.9570     1.0580
[1] 23900.0000     0.7815     0.8722     0.0248     2.1018     0.8735
[1] 24000.0000     0.1463     0.9240    -0.1876     1.9768     0.9790
[1] 24100.0000     1.0000     0.9214    -0.1041     2.1974     0.8541
[1] 24200.0000     0.0417     0.8467    -0.1334     2.0149     0.8230
[1] 24300.0000     0.5065     0.8950    -0.0650     2.0510     0.9587
[1] 24400.0000     0.0673     0.8041    -0.1613     2.0125     0.9519
[1] 24500.0000     0.0728     0.8969     0.0518     2.2149     1.0480
[1] 24600.0000     0.0001     0.8781    -0.0817     2.0600     0.8812
[1] 24700.0000     0.1257     0.8354    -0.2544     1.8904     1.0113
[1] 24800.0000     0.0000     0.8460    -0.0634     2.0552     0.9489
[1] 24900.0000     0.0083     0.9126    -0.3703     1.9310     1.0268
[1] 25000.0000     1.0000     0.8801    -0.0568     2.0355     0.8235
[1] 25100.0000     0.6548     0.8419    -0.0823     2.1394     0.8544
[1] 25200.0000     0.1261     0.8438    -0.0206     2.1269     0.8843
[1] 25300.0000     0.0034     0.8254    -0.1697     1.9791     0.8434
[1] 25400.0000     0.3212     0.9621    -0.2621     1.9332     0.9516
[1] 25500.0000     1.0000     0.8159    -0.0679     2.0188     1.0385
[1] 25600.0000     0.0533     0.9325     0.0225     2.1657     0.8613
[1] 25700.0000     0.7615     0.8976    -0.2254     1.8955     0.9408
[1] 25800.0000     0.0478     0.8606    -0.0025     2.0986     0.8978
[1] 25900.0000     0.0011     0.8683     0.1088     2.1834     0.8098
[1] 26000.0000     0.0669     0.8898    -0.2386     1.8416     0.8907
[1] 26100.0000     0.0367     0.8951    -0.0615     2.1547     0.8249
[1] 26200.0000     0.7641     0.8601    -0.2498     1.9710     0.9041
[1] 26300.0000     0.4578     0.8448    -0.3902     1.8785     0.9973
[1] 26400.0000     0.0722     0.8855     0.1079     2.1292     1.0131
[1] 26500.0000     0.0562     0.8034    -0.2519     1.9380     1.1338
[1] 26600.0000     0.2333     0.8720    -0.2357     1.8976     0.9170
[1] 26700.0000     0.1943     0.8892    -0.1426     2.1210     0.9428
[1] 26800.0000     0.0459     0.8173    -0.2219     2.0005     0.9752
[1] 26900.0000     0.0006     0.8396    -0.1211     2.1324     0.9391
[1] 27000.0000     1.0000     0.8977    -0.0331     2.1350     0.8661
[1] 27100.0000     0.0000     0.8095    -0.1068     2.0337     1.0497
[1] 27200.0000     0.0472     0.8304    -0.0195     2.1445     0.8580
[1] 27300.0000     0.0011     0.9608    -0.2534     1.9139     0.8492
[1] 27400.0000     0.0731     0.8725    -0.1348     1.8868     1.1899
[1] 27500.0000     0.0910     0.8463    -0.1960     1.8656     0.8762
[1] 27600.0000     0.0017     0.8069    -0.0494     2.0744     0.9996
[1] 27700.0000     0.0632     0.8620     0.1952     2.3537     1.0941
[1] 27800.0000     0.0000     0.8358     0.0111     2.1674     1.1051
[1] 27900.0000     0.4008     0.8913     0.0866     2.1849     0.8389
[1] 28000.0000     0.0016     0.9430    -0.1494     2.0566     0.9743
[1] 28100.0000     0.0000     0.9262    -0.2459     1.8880     1.0710
[1] 28200.0000     1.0000     0.9271    -0.0032     2.0938     0.9591
[1] 28300.0000     0.0512     0.8510    -0.0863     2.0005     0.8048
[1] 28400.0000     0.6660     0.9594    -0.0306     2.0382     0.8105
[1] 28500.0000     1.0000     0.8206    -0.0013     2.1895     1.0447
[1] 28600.0000     0.0033     0.8197    -0.2547     1.8866     1.0416
[1] 28700.0000     0.0829     0.8497    -0.1246     1.9286     1.1155
[1] 28800.0000     0.1099     0.9637     0.1414     2.3194     0.8491
[1] 28900.0000     0.3256     0.8662    -0.1966     1.9031     0.8550
[1] 29000.0000     0.9399     0.8095     0.0979     2.2341     1.0816
[1] 29100.0000     0.0084     0.8648     0.0330     2.1256     0.8680
[1] 29200.0000     0.0000     0.8505    -0.3964     1.7737     0.9156
[1] 29300.0000     0.0143     0.9373    -0.1379     1.9555     0.8252
[1] 29400.0000     0.0177     0.8482    -0.0873     1.9375     0.9202
[1] 29500.0000     0.0020     0.8346    -0.1600     1.9730     0.9665
[1] 29600.0000     0.0012     0.8135    -0.0362     2.0980     0.8030
[1] 29700.0000     0.0157     0.8952    -0.2041     1.8759     0.9952
[1] 29800.0000     0.4382     0.8701    -0.0270     2.2223     0.8024
[1] 29900.0000     0.2103     0.9798    -0.1772     1.9572     1.0014
[1] 30000.0000     0.0056     0.8020    -0.0940     1.9600     0.9764
[1] 0.2929083
Time difference of 4.5769 hours
null device 
          1 
