[1] "El numero de nodos X particion es: 10"
[1] "Model = M2 / Data = sim_data/datasetSVCExponential10.Rdata"
[1] 100.0000   1.0000   0.8291   0.0322   1.9463   0.9331
[1] 200.0000   1.0000   0.9804   0.0020   1.9759   1.0297
[1] 300.0000   0.8116   0.8776  -0.0981   1.9588   1.0665
[1] 400.0000   0.5916   0.8233  -0.0318   2.0107   1.0774
[1] 500.0000   1.0000   0.8902  -0.0583   1.8706   0.8863
[1] 600.0000   0.1795   0.9748   0.0213   1.8598   1.0386
[1] 700.0000   1.0000   0.8087  -0.1044   1.9340   1.0605
[1] 800.0000   0.6579   0.8830  -0.0609   1.9457   0.9772
[1] 900.0000   1.0000   0.9357  -0.0569   1.8378   1.0743
[1] 1000.0000    1.0000    0.9692   -0.0474    1.9705    0.9576
[1] 1100.0000    0.0573    0.8326   -0.0508    1.8434    1.0285
[1] 1200.0000    1.0000    0.8603    0.0010    1.9117    0.9164
[1] 1300.0000    0.9338    0.8617   -0.0927    1.9073    1.0550
[1] 1400.0000    1.0000    0.8516    0.0042    1.8878    0.9483
[1] 1500.0000    0.4636    0.9672   -0.0024    1.9653    1.1986
[1] 1600.0000    0.0941    0.8099   -0.0584    1.9960    1.0178
[1] 1700.0000    0.3781    0.8185   -0.0231    1.8332    1.1630
[1] 1800.0000    0.0235    0.9234   -0.0605    1.9591    1.1307
[1] 1900.0000    0.1434    0.9957    0.0494    1.9810    1.1822
[1] 2000.0000    0.6057    0.8107    0.0533    1.9328    0.8113
[1] 2100.0000    0.2797    0.8081    0.0237    2.0087    0.9300
[1] 2200.0000    0.7191    0.8580   -0.0340    1.9105    1.0161
[1] 2300.0000    0.1383    0.8377    0.0205    1.9584    0.8487
[1] 2400.0000    0.3389    0.9764    0.0519    1.9473    1.0594
[1] 2500.0000    1.0000    0.9002   -0.0098    1.8556    1.1531
[1] 2600.0000    0.5153    0.8617   -0.0417    1.8942    0.8044
[1] 2700.0000    1.0000    0.8052   -0.0211    1.9354    0.8603
[1] 2800.0000    0.5274    0.8906   -0.0997    1.9360    0.8787
[1] 2900.0000    0.2595    0.8470   -0.1096    1.8730    0.8434
[1] 3000.0000    0.3534    0.9623   -0.0298    2.0155    1.1476
[1] 3100.0000    0.4524    0.8265    0.0052    1.9539    1.1652
[1] 3200.0000    1.0000    0.9676    0.0110    1.9335    1.1339
[1] 3300.0000    0.1208    0.8057    0.0295    1.9109    1.1802
[1] 3400.0000    0.2493    0.8983   -0.0519    1.7256    1.1525
[1] 3500.0000    0.7791    0.9338    0.0071    1.9056    0.8830
[1] 3600.0000    1.0000    0.8553    0.0034    1.8885    1.1349
[1] 3700.0000    0.1514    0.8898    0.0109    1.9152    1.0833
[1] 3800.0000    0.2886    0.8842   -0.0776    1.8356    1.1682
[1] 3900.0000    1.0000    0.8173   -0.0494    1.8787    1.1134
[1] 4000.0000    0.3365    0.9388    0.0337    1.8233    0.8131
[1] 4100.0000    0.1905    0.8706    0.0124    1.8991    0.9194
[1] 4200.0000    0.5866    0.9756   -0.0610    1.8784    0.9752
[1] 4300.0000    0.0030    0.9986   -0.1290    1.9355    0.9026
[1] 4400.0000    0.7932    0.8372    0.0802    1.9865    1.0492
[1] 4500.0000    1.0000    0.8410   -0.0364    2.0002    1.1520
[1] 4600.0000    0.1798    0.8039    0.0327    1.9116    1.1669
[1] 4700.0000    0.6571    0.8102    0.0168    1.8392    1.1923
[1] 4800.0000    1.0000    0.8536   -0.0869    1.9464    1.1437
[1] 4900.0000    0.2647    0.8138    0.0589    1.9638    1.0924
[1] 5000.0000    0.2621    0.8079    0.0796    1.8772    0.9328
[1] 5100.0000    1.0000    0.8496   -0.0245    1.9512    0.8317
[1] 5200.0000    0.0433    0.8350   -0.0193    2.0343    1.0935
[1] 5300.0000    1.0000    0.8379    0.0328    1.9435    1.0434
[1] 5400.0000    1.0000    0.8515    0.0201    1.9395    1.1120
[1] 5500.0000    0.1520    0.8506   -0.0187    1.8989    1.1979
[1] 5600.0000    0.0269    0.9095   -0.1280    1.9110    0.9324
[1] 5700.0000    0.5091    0.8052   -0.0809    1.8623    1.1157
[1] 5800.0000    0.2309    0.8612   -0.0486    1.9991    1.0327
[1] 5900.0000    0.6120    0.8759   -0.0801    1.8186    1.0113
[1] 6000.0000    0.5683    0.8325   -0.0907    1.8965    0.8825
[1] 6100.0000    0.1555    0.9025    0.0652    1.9106    0.9119
[1] 6200.0000    1.0000    0.8336   -0.0117    1.7832    0.9759
[1] 6300.0000    0.4212    0.8421    0.0249    2.0171    0.8693
[1] 6400.0000    1.0000    0.9022   -0.0126    1.8712    0.8332
[1] 6500.0000    0.3235    0.8697   -0.0491    1.9141    0.9040
[1] 6600.0000    0.1623    0.8918   -0.0481    1.9446    1.0184
[1] 6700.0000    0.0397    0.9726   -0.0099    1.8539    1.0730
[1] 6800.0000    1.0000    0.8496   -0.0768    1.8636    0.9728
[1] 6900.0000    0.2697    0.9401   -0.0803    1.8328    0.9220
[1] 7000.0000    0.2568    0.8011    0.0148    1.8692    1.0228
[1] 7100.0000    1.0000    0.8440   -0.0643    1.9350    0.9302
[1] 7200.0000    0.0797    0.8343    0.0036    1.8975    0.9512
[1] 7300.0000    1.0000    0.9616   -0.0069    1.9107    0.8824
[1] 7400.0000    0.1354    0.8164   -0.1780    1.8816    0.8600
[1] 7500.0000    0.2067    0.8682    0.0368    1.9713    0.9160
[1] 7600.0000    1.0000    0.8898   -0.0471    1.9154    1.1032
[1] 7700.0000    0.3107    0.9975   -0.0968    1.9164    1.1871
[1] 7800.0000    0.0751    0.8812    0.0160    1.9060    1.0536
[1] 7900.0000    0.3618    0.8037   -0.0162    1.9497    1.1632
[1] 8000.0000    0.0682    0.8855   -0.0438    1.8163    1.0520
[1] 8100.0000    0.0326    0.8269   -0.0037    2.0303    0.9544
[1] 8200.0000    0.1002    0.8989   -0.0012    1.9332    1.1363
[1] 8300.0000    0.8622    0.8444    0.0663    1.9670    1.1155
[1] 8400.0000    0.2520    0.8563   -0.1084    1.9868    1.0967
[1] 8500.0000    0.0218    0.8507   -0.0443    1.8336    1.0895
[1] 8600.0000    0.3760    0.9214   -0.0920    2.0135    1.0135
[1] 8700.0000    0.4158    0.8293   -0.1031    1.8756    0.8767
[1] 8800.0000    1.0000    0.9324   -0.0412    1.8807    0.8066
[1] 8900.0000    0.4103    0.9431    0.0003    1.9637    1.1381
[1] 9000.0000    0.0100    0.9025   -0.0714    1.9186    0.9096
[1] 9100.0000    0.3729    0.8060    0.0150    1.8787    0.8104
[1] 9200.0000    1.0000    0.9069   -0.0730    1.8873    1.1995
[1] 9300.0000    0.0572    0.8689    0.0313    2.0384    0.9976
[1] 9400.0000    0.1784    0.8458    0.0890    1.8814    1.0091
[1] 9500.0000    0.0106    0.8817   -0.1115    1.9012    1.0875
[1] 9600.0000    0.2250    0.8149   -0.0670    1.8900    0.9056
[1] 9700.0000    0.1189    0.8614    0.0230    1.8943    0.9692
[1] 9800.0000    0.9320    0.8213    0.0322    1.8883    0.8104
[1] 9900.0000    0.0039    0.9529    0.0399    1.9574    0.9335
[1] 10000.0000     0.9145     0.8618    -0.0580     1.8264     0.8032
[1] 10100.0000     0.6918     0.9049     0.0054     1.9935     1.0751
[1] 10200.0000     0.4829     0.9808    -0.0736     1.9477     0.8342
[1] 10300.0000     0.1785     0.8120     0.0807     1.9522     0.8804
[1] 10400.0000     0.0251     0.9274    -0.0467     1.9461     0.8733
[1] 10500.0000     1.0000     0.8159     0.0287     1.9862     1.1284
[1] 10600.0000     1.0000     0.8189     0.0553     1.8728     1.1530
[1] 10700.0000     0.5990     0.8531    -0.0628     1.9311     0.8181
[1] 10800.0000     1.0000     0.8056     0.0050     1.9711     0.8503
[1] 10900.0000     0.0171     0.8264    -0.0816     1.9642     1.1140
[1] 11000.0000     0.7580     0.8012    -0.0462     2.0083     0.9407
[1] 11100.0000     0.0794     0.8902     0.0956     2.0262     0.9114
[1] 11200.0000     0.4474     0.8258    -0.0430     1.9859     1.0628
[1] 11300.0000     0.3275     0.9738    -0.0959     1.9555     1.1215
[1] 11400.0000     0.1926     0.8271    -0.0239     1.8711     1.1322
[1] 11500.0000     0.0002     0.8061    -0.0291     1.8478     1.1646
[1] 11600.0000     1.0000     0.9382    -0.0914     1.7825     0.8033
[1] 11700.0000     1.0000     0.8766    -0.0344     1.8915     0.9110
[1] 11800.0000     0.7462     0.8440    -0.0609     1.8661     0.8198
[1] 11900.0000     0.1160     0.8272     0.0392     1.9239     0.8962
[1] 12000.0000     1.0000     0.9595    -0.0392     1.9099     1.1960
[1] 12100.0000     0.2185     0.8653    -0.0779     1.9341     1.1380
[1] 12200.0000     0.3934     0.8496     0.0082     1.8422     0.8460
[1] 12300.0000     0.2452     0.8229     0.0488     1.9247     0.9137
[1] 12400.0000     0.5336     0.8046    -0.0567     1.7810     0.8797
[1] 12500.0000     0.0350     0.8027     0.1200     1.9674     1.0313
[1] 12600.0000     1.0000     0.9564     0.0025     1.9525     1.1675
[1] 12700.0000     0.0026     0.9614    -0.0500     2.0675     0.8958
[1] 12800.0000     0.0008     0.8032    -0.0858     1.8499     0.9473
[1] 12900.0000     0.5545     0.8554    -0.0896     1.8468     0.9712
[1] 13000.0000     0.3987     0.8840     0.0014     1.9031     1.1100
[1] 13100.0000     0.1455     0.9404    -0.0804     1.9150     0.9822
[1] 13200.0000     1.0000     0.9955    -0.0468     1.8562     0.8578
[1] 13300.0000     0.1259     0.8522     0.0260     1.9684     1.0074
[1] 13400.0000     0.0727     0.9485    -0.0132     1.8367     1.0271
[1] 13500.0000     0.0031     0.8240    -0.0802     2.0013     1.0099
[1] 13600.0000     0.5364     0.8630    -0.0983     1.8613     0.9698
[1] 13700.0000     1.0000     0.8314    -0.0151     1.9174     0.8589
[1] 13800.0000     1.0000     0.8254     0.0161     1.8642     0.9444
[1] 13900.0000     0.6432     0.8125    -0.0521     1.8620     1.1546
[1] 14000.0000     0.5542     0.9598    -0.0539     1.9418     0.8043
[1] 1.410e+04 3.400e-03 9.236e-01 2.410e-02 2.028e+00 9.106e-01
[1] 14200.0000     0.9990     0.9100    -0.0199     1.9641     1.1948
[1] 14300.0000     0.1281     0.9874    -0.0793     2.0148     0.9095
[1] 14400.0000     0.9012     0.8984     0.0191     1.9228     1.1866
[1] 14500.0000     1.0000     0.9833    -0.0536     1.8991     1.1771
[1] 14600.0000     0.0230     0.8329    -0.0575     1.8982     0.9630
[1] 14700.0000     1.0000     0.8840     0.0915     1.8892     1.0394
[1] 14800.0000     0.0527     0.8106    -0.0568     1.8327     1.0978
[1] 14900.0000     0.5289     0.8873    -0.0943     1.9147     1.1324
[1] 15000.0000     0.0012     0.8802    -0.0685     1.8693     0.9805
[1] 15100.0000     0.7643     0.9112    -0.0055     1.9324     1.0503
[1] 15200.0000     0.0893     0.8360    -0.0427     1.9040     1.1579
[1] 15300.0000     1.0000     0.8282    -0.0608     1.8947     1.1177
[1] 15400.0000     0.2262     0.8005    -0.0337     1.9623     0.8812
[1] 15500.0000     0.3679     0.9013     0.0134     1.8492     1.0728
[1] 15600.0000     0.3642     0.9912     0.0015     1.8662     1.0551
[1] 15700.0000     0.6353     0.9225     0.0475     1.8953     0.9294
[1] 15800.0000     0.5693     0.9774     0.0560     1.9679     1.1822
[1] 15900.0000     0.2834     0.9524     0.0172     1.9660     1.0855
[1] 16000.0000     1.0000     0.9761    -0.0095     1.9493     1.0600
[1] 16100.0000     0.5309     0.9477    -0.0689     1.8033     0.9420
[1] 16200.0000     1.0000     0.8455    -0.0578     1.8747     1.0509
[1] 16300.0000     1.0000     0.9029     0.0062     1.9572     1.0365
[1] 16400.0000     1.0000     0.8844     0.0367     1.8953     1.1913
[1] 16500.0000     0.4036     0.8273     0.0490     1.9516     0.8232
[1] 16600.0000     0.2889     0.8568    -0.1456     1.9054     1.0645
[1] 16700.0000     0.6054     0.9070    -0.1016     1.9080     1.1930
[1] 16800.0000     0.2232     0.8165    -0.0424     1.8487     1.0376
[1] 16900.0000     0.0232     0.8221    -0.0250     1.8830     1.1575
[1] 17000.0000     0.5077     0.8355     0.0588     1.9338     0.9526
[1] 17100.0000     0.0981     0.9262     0.1451     1.8894     0.9696
[1] 17200.0000     1.0000     0.8059    -0.0266     1.8533     1.0244
[1] 17300.0000     1.0000     0.8396    -0.1503     1.8057     1.0131
[1] 17400.0000     0.3151     0.9623    -0.0680     2.0857     1.1696
[1] 17500.0000     0.5060     0.8174    -0.0325     1.8525     0.9835
[1] 17600.0000     0.0254     0.8242    -0.0723     1.9085     0.9225
[1] 17700.0000     0.0128     0.8794    -0.1042     1.7758     0.9707
[1] 17800.0000     0.7105     0.9383    -0.0405     1.9640     1.0084
[1] 17900.0000     0.0357     0.9291    -0.1076     1.9408     0.9192
[1] 18000.0000     0.4107     0.9109     0.0391     1.9944     0.8712
[1] 18100.0000     1.0000     0.8499    -0.0372     1.9053     1.0097
[1] 1.820e+04 3.682e-01 8.073e-01 1.047e-01 1.966e+00 9.256e-01
[1] 18300.0000     0.7065     0.9706    -0.0231     1.9440     1.1685
[1] 18400.0000     0.0017     0.9243    -0.0850     1.8760     1.1066
[1] 18500.0000     1.0000     0.8751    -0.0285     1.9936     0.8892
[1] 18600.0000     0.1683     0.8656    -0.0386     1.9957     0.8624
[1] 18700.0000     0.0185     0.8306     0.0454     1.9011     0.9156
[1] 18800.0000     0.8274     0.9422    -0.0066     1.9696     0.8265
[1] 18900.0000     0.2888     0.9024    -0.1061     1.8977     1.0613
[1] 19000.0000     1.0000     0.8087    -0.0080     1.9660     1.1060
[1] 19100.0000     0.4230     0.9272    -0.1502     1.9680     0.8583
[1] 19200.0000     0.7037     0.8319    -0.0806     1.7861     1.0132
[1] 19300.0000     0.0499     0.8940     0.0057     1.9131     1.1248
[1] 19400.0000     1.0000     0.8507    -0.0671     1.9224     0.9744
[1] 1.950e+04 6.700e-03 8.266e-01 3.420e-02 1.895e+00 1.195e+00
[1] 19600.0000     0.2295     0.8237    -0.0338     1.9457     0.8717
[1] 19700.0000     0.7820     0.8293     0.0068     1.8319     1.0022
[1] 19800.0000     0.4123     0.9324    -0.0062     2.0358     1.1958
[1] 19900.0000     1.0000     0.9655     0.0264     2.0397     0.8660
[1] 20000.0000     1.0000     0.9605    -0.0252     1.9318     0.8244
[1] 20100.0000     0.0009     0.8622     0.0471     1.9815     0.8640
[1] 20200.0000     0.4539     0.9840    -0.0465     1.9580     1.1380
[1] 20300.0000     1.0000     0.9019    -0.0107     1.8774     1.0263
[1] 20400.0000     1.0000     0.8446    -0.0358     1.9606     1.0333
[1] 20500.0000     1.0000     0.8702    -0.0419     1.9436     0.9048
[1] 20600.0000     0.4711     0.9169    -0.0996     1.9445     1.1057
[1] 20700.0000     1.0000     0.8107     0.0684     1.9935     1.0874
[1] 20800.0000     0.7941     0.9981    -0.0453     1.9407     1.0246
[1] 20900.0000     0.4588     0.9072    -0.0055     1.8620     1.0199
[1] 21000.0000     0.0988     0.8708    -0.0105     1.8697     1.1617
[1] 21100.0000     0.6256     0.8682    -0.0914     1.9082     1.1577
[1] 21200.0000     0.4228     0.8666    -0.0181     1.9132     0.8704
[1] 21300.0000     0.2304     0.8214    -0.0267     1.8696     1.0391
[1] 21400.0000     1.0000     0.8276     0.0538     1.8794     0.8233
[1] 21500.0000     1.0000     0.8291    -0.0234     1.8703     1.0581
[1] 21600.0000     0.1217     0.8069    -0.0439     1.9710     0.8555
[1] 21700.0000     0.3141     0.9180    -0.0690     1.8907     0.9753
[1] 21800.0000     0.6035     0.8443     0.0200     1.9514     0.9811
[1] 21900.0000     0.9841     0.9598    -0.0053     1.9378     0.8497
[1] 22000.0000     0.9441     0.8874     0.0236     1.8714     1.0182
[1] 22100.0000     0.1791     0.8953    -0.0934     1.8690     0.9321
[1] 22200.0000     0.8145     0.8579    -0.0727     1.8617     0.8534
[1] 22300.0000     0.1102     0.9726    -0.1402     1.9658     0.8521
[1] 22400.0000     0.1409     0.8145    -0.0922     1.8390     0.8604
[1] 22500.0000     0.4586     0.8239    -0.0362     1.9940     1.1368
[1] 22600.0000     0.0664     0.8433    -0.0025     2.0560     1.1055
[1] 22700.0000     0.4621     0.8271     0.0144     1.9517     1.1968
[1] 22800.0000     0.1512     0.8972    -0.0266     1.7921     1.0231
[1] 22900.0000     0.6710     0.8804    -0.0614     1.8069     0.9211
[1] 23000.0000     0.0554     0.8188     0.0157     1.9083     1.0070
[1] 23100.0000     1.0000     0.8119     0.0096     1.9670     1.0551
[1] 23200.0000     0.4279     0.8154     0.0630     1.9547     0.9644
[1] 23300.0000     0.2496     0.9727     0.0335     1.9838     0.9482
[1] 23400.0000     1.0000     0.8888    -0.0271     1.9006     1.0444
[1] 23500.0000     0.6959     0.8797    -0.0220     1.9782     0.8266
[1] 23600.0000     0.0548     0.8176    -0.0612     1.9766     0.8266
[1] 23700.0000     0.0686     0.8580    -0.0594     1.8892     0.8494
[1] 23800.0000     0.2332     0.9299    -0.0528     1.8030     1.0580
[1] 2.390e+04 1.000e+00 8.722e-01 2.790e-02 1.945e+00 8.735e-01
[1] 24000.0000     0.1479     0.8060     0.0613     1.8658     1.1215
[1] 24100.0000     1.0000     0.9214    -0.1350     1.9620     0.8541
[1] 24200.0000     0.1742     0.9331    -0.1247     1.8727     1.1419
[1] 24300.0000     1.0000     0.8163    -0.0389     1.9415     1.0906
[1] 24400.0000     0.7527     0.9947    -0.0291     1.9371     0.9697
[1] 24500.0000     1.0000     0.8539     0.0419     1.9695     0.8359
[1] 2.460e+04 1.032e-01 9.062e-01 2.300e-03 1.950e+00 8.877e-01
[1] 24700.0000     1.0000     0.9195     0.0542     2.0025     0.8781
[1] 24800.0000     0.0870     0.8109    -0.0240     1.9367     1.1899
[1] 24900.0000     0.3353     0.8023    -0.0773     1.9096     1.0260
[1] 25000.0000     0.7104     0.8801    -0.1273     1.9370     0.8235
[1] 25100.0000     1.0000     0.8419    -0.0227     1.9881     0.8544
[1] 25200.0000     0.2840     0.9507     0.0443     1.9572     0.9719
[1] 25300.0000     0.8405     0.8151    -0.0959     1.9071     1.0748
[1] 25400.0000     0.7524     0.8988     0.0208     1.8667     1.0888
[1] 25500.0000     0.3039     0.8417     0.0516     1.8581     0.8432
[1] 25600.0000     0.0255     0.9325     0.0413     1.9671     0.8613
[1] 25700.0000     0.0079     0.8702    -0.1165     1.9273     1.0667
[1] 25800.0000     0.1083     0.8606     0.0121     1.9322     0.8978
[1] 25900.0000     0.1841     0.8683     0.0124     1.8756     0.8098
[1] 26000.0000     0.3653     0.9492     0.0467     1.8983     1.0058
[1] 2.610e+04 4.676e-01 8.603e-01 1.260e-02 2.003e+00 9.559e-01
[1] 26200.0000     1.0000     0.8601     0.0625     1.9549     0.9041
[1] 26300.0000     0.4878     0.8448    -0.0984     1.8836     0.9973
[1] 26400.0000     0.1683     0.8855     0.0642     1.8344     1.0131
[1] 26500.0000     0.4277     0.9678    -0.0362     1.8755     0.9418
[1] 26600.0000     1.0000     0.8531    -0.0478     1.8555     1.1347
[1] 26700.0000     1.0000     0.8892     0.0166     1.9476     0.9428
[1] 26800.0000     0.6158     0.9542    -0.0605     1.8929     1.1594
[1] 26900.0000     0.1287     0.8955    -0.1050     1.9200     1.0592
[1] 27000.0000     1.0000     0.8977    -0.0155     1.9891     0.8661
[1] 27100.0000     0.1698     0.8095    -0.0250     1.8936     1.0497
[1] 27200.0000     0.0638     0.8135    -0.1317     1.9787     0.8529
[1] 27300.0000     0.2015     0.9608    -0.0904     1.9526     0.8492
[1] 27400.0000     0.3370     0.8806    -0.0029     1.8063     1.0468
[1] 27500.0000     1.0000     0.8366     0.0398     1.9198     1.0805
[1] 27600.0000     0.0229     0.8441     0.0192     1.9402     1.1061
[1] 27700.0000     0.0417     0.8620     0.1638     1.9973     1.0941
[1] 27800.0000     0.0235     0.8828    -0.0079     1.9788     1.1030
[1] 27900.0000     0.7581     0.8904     0.0287     1.9173     0.9276
[1] 28000.0000     0.0155     0.9430    -0.0286     1.9356     0.9743
[1] 28100.0000     0.0198     0.9262    -0.0643     1.9424     1.0710
[1] 28200.0000     0.7921     0.9271     0.0822     1.9612     0.9591
[1] 28300.0000     0.2641     0.8510    -0.0227     1.9330     0.8048
[1] 28400.0000     0.8986     0.9594    -0.0887     1.8614     0.8105
[1] 28500.0000     1.0000     0.8206     0.0097     1.9550     1.0447
[1] 28600.0000     0.1554     0.8240    -0.0176     1.9200     0.9940
[1] 28700.0000     1.0000     0.9143    -0.0148     1.9295     0.8158
[1] 28800.0000     0.3331     0.8713    -0.0530     1.8414     0.8780
[1] 28900.0000     1.0000     0.9689    -0.1505     1.9554     1.0738
[1] 29000.0000     0.5410     0.8148    -0.0161     1.9202     0.9225
[1] 29100.0000     0.0742     0.8438     0.0536     1.9633     0.8008
[1] 29200.0000     0.3734     0.8572    -0.1038     1.8902     1.0103
[1] 29300.0000     1.0000     0.9064    -0.0359     1.8905     1.0368
[1] 29400.0000     0.7232     0.8709     0.0537     1.8538     0.9336
[1] 29500.0000     0.6337     0.8146    -0.0702     1.9836     0.8093
[1] 29600.0000     1.0000     0.9770     0.0535     1.9557     1.1651
[1] 29700.0000     0.2318     0.8203    -0.0456     1.8673     1.1249
[1] 29800.0000     0.7829     0.8701    -0.0526     1.9827     0.8024
[1] 29900.0000     0.6754     0.9798    -0.0812     1.9706     1.0014
[1] 30000.0000     0.3496     0.8307    -0.0061     1.9206     1.0904
[1] 0.50094
Time difference of 10.63534 hours
null device 
          1 
