[1] "El numero de nodos X particion es: 10"
[1] "Model = M2 / Data = sim_data/datasetSVCExponential11.Rdata"
[1] 100.0000   0.6985   0.9429   0.0003   1.8399   1.1970
[1] 200.0000   1.0000   0.9804  -0.1029   1.9158   1.0297
[1] 300.0000   0.8261   0.8776  -0.1278   1.8911   1.0665
[1] 400.0000   0.4452   0.9217  -0.0528   1.8789   0.9692
[1] 500.0000   0.2604   0.9813  -0.1158   1.8832   0.8492
[1] 600.0000   0.2295   0.9748  -0.0519   1.7774   1.0386
[1] 700.0000   1.0000   0.8087  -0.0740   1.9257   1.0605
[1] 800.0000   1.0000   0.8954  -0.1545   1.8245   1.1490
[1] 900.0000   1.0000   0.9357  -0.1108   1.8214   1.0743
[1] 1000.0000    1.0000    0.9692   -0.1035    1.9033    0.9576
[1] 1100.0000    0.1041    0.8326   -0.1522    1.8005    1.0285
[1] 1200.0000    1.0000    0.8603   -0.0452    1.8601    0.9164
[1] 1300.0000    0.7431    0.8617   -0.1426    1.8946    1.0550
[1] 1400.0000    0.4583    0.9303   -0.1449    1.9012    1.1894
[1] 1500.0000    0.0223    0.9694   -0.0627    1.8112    1.1238
[1] 1600.0000    0.7774    0.8099   -0.0789    1.9372    1.0178
[1] 1700.0000    0.1973    0.8185   -0.1553    1.7434    1.1630
[1] 1800.0000    0.0558    0.9234   -0.1707    1.8878    1.1307
[1] 1900.0000    0.3426    0.9875   -0.0975    1.8940    0.8532
[1] 2000.0000    0.6144    0.8107   -0.0325    1.8207    0.8113
[1] 2100.0000    0.1667    0.8081   -0.0262    1.9507    0.9300
[1] 2200.0000    0.4813    0.8580   -0.0850    1.8997    1.0161
[1] 2300.0000    0.6905    0.9707   -0.0627    1.8190    1.1994
[1] 2400.0000    0.5661    0.9764   -0.0363    1.8403    1.0594
[1] 2500.0000    0.7712    0.9002   -0.0977    1.7931    1.1531
[1] 2600.0000    0.3297    0.8617   -0.1155    1.7733    0.8044
[1] 2700.0000    1.0000    0.8052   -0.0765    1.8699    0.8603
[1] 2800.0000    0.7797    0.8906   -0.1209    1.9034    0.8787
[1] 2900.0000    0.3889    0.8994   -0.1664    1.8297    1.0050
[1] 3000.0000    0.7977    0.9623   -0.1166    2.0003    1.1476
[1] 3100.0000    1.0000    0.9078   -0.1191    1.8859    0.9130
[1] 3200.0000    1.0000    0.9676   -0.0741    1.8126    1.1339
[1] 3300.0000    1.0000    0.8733   -0.1134    1.8691    0.9733
[1] 3400.0000    0.1520    0.9079   -0.1116    1.7631    0.8348
[1] 3500.0000    0.9265    0.9338   -0.1081    1.8368    0.8830
[1] 3600.0000    0.5689    0.8553   -0.0279    1.8633    1.1349
[1] 3700.0000    0.3004    0.9950   -0.0483    1.8689    1.0085
[1] 3800.0000    0.2950    0.9791   -0.1418    1.7722    1.0179
[1] 3900.0000    1.0000    0.8173   -0.0674    1.8379    1.1134
[1] 4000.0000    1.0000    0.9388   -0.0378    1.8385    0.8131
[1] 4100.0000    0.2784    0.8706   -0.0401    1.8321    0.9194
[1] 4200.0000    0.2966    0.9756   -0.1225    1.8306    0.9752
[1] 4300.0000    0.0084    0.9986   -0.1640    1.8640    0.9026
[1] 4400.0000    0.3779    0.9571   -0.0603    1.9339    0.9932
[1] 4500.0000    1.0000    0.8410   -0.0589    1.8819    1.1520
[1] 4600.0000    0.7953    0.8859   -0.0487    1.8680    0.9442
[1] 4700.0000    0.0943    0.8102   -0.0745    1.7363    1.1923
[1] 4800.0000    0.1664    0.8536   -0.2132    1.8173    1.1437
[1] 4900.0000    0.3270    0.9222   -0.0374    1.9422    0.9837
[1] 5000.0000    1.0000    0.9273   -0.0621    1.7737    1.0348
[1] 5100.0000    0.8525    0.8496   -0.1738    1.9070    0.8317
[1] 5200.0000    0.1412    0.8440   -0.1123    1.9332    1.1937
[1] 5300.0000    1.0000    0.8379   -0.1563    1.8544    1.0434
[1] 5400.0000    0.7897    0.8333   -0.1104    1.8482    0.9811
[1] 5500.0000    0.2249    0.8506   -0.0849    1.8372    1.1979
[1] 5600.0000    0.0092    0.9095   -0.2296    1.8616    0.9324
[1] 5700.0000    0.6056    0.9403   -0.0834    1.7912    0.9236
[1] 5800.0000    0.2557    0.8520   -0.0518    1.9575    1.0482
[1] 5900.0000    0.5511    0.8759   -0.1565    1.7540    1.0113
[1] 6000.0000    0.2520    0.8273   -0.0959    1.8737    0.8750
[1] 6100.0000    0.0242    0.9025   -0.0828    1.9743    0.9119
[1] 6200.0000    1.0000    0.8336   -0.0670    1.7158    0.9759
[1] 6300.0000    0.3592    0.8421   -0.0516    1.9354    0.8693
[1] 6400.0000    1.0000    0.9022   -0.0876    1.8331    0.8332
[1] 6500.0000    1.0000    0.9478   -0.0539    1.8785    1.0656
[1] 6600.0000    0.1583    0.8918   -0.1382    1.8598    1.0184
[1] 6700.0000    0.0085    0.8229   -0.0101    1.7683    1.0410
[1] 6800.0000    0.8163    0.9525   -0.1833    1.8119    0.9997
[1] 6900.0000    0.2389    0.9401   -0.1760    1.7711    0.9220
[1] 7000.0000    0.0578    0.8011   -0.1339    1.8655    1.0228
[1] 7100.0000    0.6614    0.8440   -0.0481    1.9049    0.9302
[1] 7200.0000    0.1718    0.8343   -0.0992    1.8154    0.9512
[1] 7300.0000    0.9839    0.9616   -0.1215    1.8883    0.8824
[1] 7400.0000    0.0501    0.8164   -0.2019    1.8092    0.8600
[1] 7500.0000    0.4561    0.8682   -0.0975    1.8744    0.9160
[1] 7600.0000    0.8375    0.8898   -0.1071    1.8133    1.1032
[1] 7700.0000    0.2067    0.9975   -0.1421    1.8542    1.1871
[1] 7800.0000    0.0563    0.9829   -0.0700    1.8171    1.0003
[1] 7900.0000    1.0000    0.9195   -0.0988    1.8178    1.0920
[1] 8000.0000    0.3611    0.9186   -0.1112    1.7323    1.0026
[1] 8100.0000    0.5649    0.8687   -0.1576    1.9283    1.0506
[1] 8200.0000    0.1159    0.9273   -0.0683    1.9079    0.9041
[1] 8300.0000    0.5284    0.8444    0.0111    1.9194    1.1155
[1] 8400.0000    1.0000    0.9278   -0.1123    1.8914    0.8107
[1] 8500.0000    0.0325    0.8507   -0.1544    1.7873    1.0895
[1] 8600.0000    0.4941    0.9214   -0.1882    1.8843    1.0135
[1] 8700.0000    0.4907    0.8293   -0.1494    1.8060    0.8767
[1] 8800.0000    1.0000    0.9324   -0.0538    1.8309    0.8066
[1] 8900.0000    1.0000    0.9431   -0.0804    1.8568    1.1381
[1] 9000.0000    0.0033    0.9025   -0.1741    1.8390    0.9096
[1] 9100.0000    1.0000    0.9156   -0.0568    1.8333    1.0916
[1] 9200.0000    1.0000    0.9069   -0.2009    1.8291    1.1995
[1] 9300.0000    0.0692    0.9270   -0.0597    1.8773    1.1117
[1] 9400.0000    0.4576    0.8458   -0.0075    1.7679    1.0091
[1] 9500.0000    0.0242    0.8817   -0.1814    1.8438    1.0875
[1] 9600.0000    0.8462    0.9566   -0.1285    1.8561    1.1182
[1] 9700.0000    0.0520    0.8614    0.0230    1.7946    0.9692
[1] 9800.0000    1.0000    0.8213   -0.0643    1.8641    0.8104
[1] 9900.0000    0.0140    0.9529   -0.0688    1.8867    0.9335
[1] 10000.0000     1.0000     0.8618    -0.1860     1.7517     0.8032
[1] 10100.0000     1.0000     0.9049    -0.0703     1.9519     1.0751
[1] 10200.0000     0.4671     0.9808    -0.2138     1.8382     0.8342
[1] 10300.0000     0.2839     0.8120    -0.0267     1.8203     0.8804
[1] 10400.0000     0.2452     0.9274    -0.0477     1.8953     0.8733
[1] 10500.0000     1.0000     0.8159    -0.1435     1.9595     1.1284
[1] 10600.0000     1.0000     0.8189     0.0030     1.8399     1.1530
[1] 10700.0000     0.5661     0.8531    -0.1305     1.8955     0.8181
[1] 10800.0000     0.9896     0.8056    -0.0701     1.8814     0.8503
[1] 10900.0000     0.0243     0.8264    -0.1424     1.9233     1.1140
[1] 11000.0000     0.4266     0.8012    -0.1371     2.0011     0.9407
[1] 11100.0000     0.0398     0.8902    -0.0605     1.9674     0.9114
[1] 11200.0000     1.0000     0.9412    -0.0413     1.9033     0.8257
[1] 11300.0000     1.0000     0.9738    -0.1144     1.8854     1.1215
[1] 11400.0000     0.4271     0.8271    -0.0742     1.7928     1.1322
[1] 11500.0000     0.0192     0.9311    -0.1810     1.7863     0.8792
[1] 11600.0000     0.7144     0.9382    -0.1999     1.7513     0.8033
[1] 11700.0000     1.0000     0.8766    -0.1827     1.8322     0.9110
[1] 11800.0000     0.1477     0.8440    -0.1188     1.8481     0.8198
[1] 11900.0000     1.0000     0.9415    -0.0764     1.8643     1.0738
[1] 12000.0000     1.0000     0.9595    -0.1046     1.7892     1.1960
[1] 12100.0000     1.0000     0.9650    -0.1695     1.8777     0.9420
[1] 12200.0000     0.4509     0.8496    -0.0549     1.7873     0.8460
[1] 12300.0000     0.9799     0.9337     0.0322     1.8737     1.0573
[1] 12400.0000     1.0000     0.8046    -0.1522     1.8720     0.8797
[1] 12500.0000     0.0711     0.9120     0.0452     1.8742     1.1259
[1] 12600.0000     1.0000     0.9564    -0.1373     1.8829     1.1675
[1] 12700.0000     0.0007     0.9614    -0.1415     2.0074     0.8958
[1] 12800.0000     0.0175     0.9087    -0.1419     1.8527     1.0631
[1] 12900.0000     0.2976     0.8554    -0.2069     1.8046     0.9712
[1] 13000.0000     0.1185     0.8840    -0.0115     1.8205     1.1100
[1] 13100.0000     0.2772     0.9404    -0.1692     1.8361     0.9822
[1] 13200.0000     0.5008     0.9589    -0.1542     1.7742     1.1555
[1] 13300.0000     0.2396     0.8522    -0.0465     1.9195     1.0074
[1] 13400.0000     0.0235     0.9485    -0.0445     1.7732     1.0271
[1] 13500.0000     0.0043     0.8240    -0.1237     1.9346     1.0099
[1] 13600.0000     0.2506     0.8630    -0.1894     1.7894     0.9698
[1] 13700.0000     1.0000     0.8314    -0.1171     1.8630     0.8589
[1] 13800.0000     1.0000     0.8254    -0.0867     1.8461     0.9444
[1] 13900.0000     0.5195     0.8125    -0.1392     1.7483     1.1546
[1] 14000.0000     1.0000     0.9598    -0.1469     1.7949     0.8043
[1] 14100.0000     0.0106     0.9236    -0.0385     1.9200     0.9106
[1] 14200.0000     1.0000     0.9100    -0.0869     1.8776     1.1948
[1] 14300.0000     0.2162     0.9874    -0.2031     1.9265     0.9095
[1] 14400.0000     1.0000     0.8984    -0.0966     1.8356     1.1866
[1] 14500.0000     1.0000     0.9833    -0.1117     1.8059     1.1771
[1] 14600.0000     0.1144     0.8329    -0.0612     1.8730     0.9630
[1] 14700.0000     1.0000     0.8840    -0.0218     1.8174     1.0394
[1] 14800.0000     0.0071     0.8106    -0.1536     1.8330     1.0978
[1] 14900.0000     0.7965     0.9485    -0.0972     1.9027     1.1960
[1] 15000.0000     0.0031     0.9486    -0.1015     1.8384     0.9418
[1] 15100.0000     0.1707     0.9112    -0.0220     1.8643     1.0503
[1] 15200.0000     1.0000     0.9896    -0.0481     1.8826     1.1186
[1] 15300.0000     1.0000     0.8282    -0.0944     1.8401     1.1177
[1] 15400.0000     1.0000     0.9829    -0.0697     1.9186     1.0368
[1] 15500.0000     0.6161     0.9013     0.0035     1.7971     1.0728
[1] 15600.0000     0.6632     0.9912    -0.1001     1.7957     1.0551
[1] 15700.0000     0.6782     0.9225     0.0022     1.8295     0.9294
[1] 15800.0000     0.3426     0.9774    -0.0246     1.8060     1.1822
[1] 15900.0000     0.1226     0.9524    -0.0497     1.9182     1.0855
[1] 16000.0000     1.0000     0.9761    -0.0878     1.8835     1.0600
[1] 16100.0000     0.2367     0.9477    -0.1834     1.7626     0.9420
[1] 16200.0000     1.0000     0.8455    -0.1180     1.8229     1.0509
[1] 16300.0000     0.9258     0.9029    -0.0373     1.9155     1.0365
[1] 16400.0000     0.4021     0.8090    -0.0782     1.8486     0.8978
[1] 16500.0000     0.7061     0.9407    -0.0863     1.9274     0.9877
[1] 16600.0000     0.4038     0.8568    -0.1878     1.8808     1.0645
[1] 16700.0000     0.8797     0.9070    -0.1361     1.8393     1.1930
[1] 16800.0000     0.8177     0.9593    -0.1438     1.8091     0.8375
[1] 16900.0000     0.0107     0.9209    -0.1332     1.7938     1.0574
[1] 17000.0000     0.2701     0.8119    -0.0633     1.9035     0.9369
[1] 1.710e+04 8.510e-02 9.262e-01 5.500e-02 1.807e+00 9.696e-01
[1] 17200.0000     0.7883     0.8059    -0.1631     1.7985     1.0244
[1] 17300.0000     0.9648     0.8396    -0.2011     1.8018     1.0131
[1] 17400.0000     0.4739     0.9623    -0.0521     1.9789     1.1696
[1] 17500.0000     1.0000     0.9645    -0.1044     1.8472     0.9956
[1] 17600.0000     0.5749     0.8242    -0.0939     1.7868     0.9225
[1] 17700.0000     0.0123     0.8794    -0.1192     1.7208     0.9707
[1] 17800.0000     0.9741     0.9968    -0.1033     1.8294     0.8268
[1] 17900.0000     0.1077     0.9291    -0.1359     1.9214     0.9192
[1] 18000.0000     0.8396     0.9109     0.0076     1.9089     0.8712
[1] 18100.0000     0.4128     0.9137    -0.0699     1.8646     0.9014
[1] 18200.0000     0.2649     0.8127     0.0056     1.9215     0.8547
[1] 18300.0000     0.5029     0.9706    -0.0929     1.8837     1.1685
[1] 18400.0000     0.0064     0.9243    -0.1544     1.8846     1.1066
[1] 18500.0000     1.0000     0.8751    -0.0765     1.8724     0.8892
[1] 18600.0000     0.3604     0.8932    -0.0641     1.9096     0.8460
[1] 18700.0000     0.0532     0.8306    -0.0743     1.8539     0.9156
[1] 18800.0000     0.6284     0.9422    -0.1419     1.9268     0.8265
[1] 18900.0000     0.2968     0.9734    -0.1607     1.8296     1.0104
[1] 19000.0000     1.0000     0.8087    -0.0479     2.0095     1.1060
[1] 19100.0000     0.9585     0.9272    -0.2271     1.9126     0.8583
[1] 19200.0000     0.2729     0.8319    -0.1732     1.6843     1.0132
[1] 19300.0000     0.0540     0.9020    -0.1258     1.9112     1.0537
[1] 19400.0000     1.0000     0.8507    -0.1165     1.8549     0.9744
[1] 19500.0000     0.0152     0.9633    -0.0318     1.8148     1.1823
[1] 19600.0000     0.5090     0.8948    -0.1047     1.9242     1.0740
[1] 19700.0000     0.4830     0.8293    -0.0431     1.7755     1.0022
[1] 19800.0000     0.5935     0.9324    -0.0757     1.9201     1.1958
[1] 19900.0000     1.0000     0.9655    -0.1025     1.9417     0.8660
[1] 20000.0000     1.0000     0.9605    -0.1062     1.8744     0.8244
[1] 20100.0000     0.0005     0.8622    -0.0830     1.9404     0.8640
[1] 20200.0000     0.2965     0.9282    -0.1957     1.8462     0.9678
[1] 20300.0000     1.0000     0.9019    -0.0616     1.8242     1.0263
[1] 20400.0000     0.8232     0.9596    -0.1231     1.8488     1.0259
[1] 20500.0000     0.3907     0.8964    -0.0740     1.8658     1.1285
[1] 20600.0000     0.6553     0.9169    -0.1063     1.9211     1.1057
[1] 20700.0000     0.9069     0.8107    -0.0038     1.8872     1.0874
[1] 20800.0000     1.0000     0.9981    -0.0897     1.9761     1.0246
[1] 20900.0000     1.0000     0.9455    -0.1287     1.9051     1.1141
[1] 21000.0000     0.0434     0.8708    -0.0735     1.7823     1.1617
[1] 21100.0000     0.1687     0.8745    -0.1042     1.8582     0.8760
[1] 21200.0000     0.9336     0.9611    -0.1171     1.8666     0.8029
[1] 21300.0000     0.8491     0.8214    -0.1331     1.8259     1.0391
[1] 21400.0000     1.0000     0.8276    -0.0145     1.8670     0.8233
[1] 21500.0000     0.1738     0.8291    -0.1064     1.7381     1.0581
[1] 21600.0000     0.7433     0.9526    -0.1855     1.8352     1.0075
[1] 21700.0000     0.2314     0.9973    -0.1483     1.7962     0.9605
[1] 21800.0000     0.8340     0.8733    -0.0521     1.8799     1.1912
[1] 21900.0000     0.7770     0.9598    -0.0511     1.8947     0.8497
[1] 22000.0000     0.9385     0.8874    -0.0234     1.8011     1.0182
[1] 22100.0000     0.2004     0.8953    -0.1456     1.8200     0.9321
[1] 22200.0000     0.8551     0.8579    -0.1211     1.8196     0.8534
[1] 22300.0000     0.8675     0.9726    -0.2257     1.8252     0.8521
[1] 22400.0000     0.3368     0.8145    -0.1615     1.7568     0.8604
[1] 22500.0000     0.2103     0.8239    -0.0767     1.8872     1.1368
[1] 22600.0000     0.0634     0.8433    -0.1070     1.9909     1.1055
[1] 22700.0000     0.0471     0.8271    -0.1627     1.8347     1.1968
[1] 22800.0000     0.2517     0.8972    -0.1200     1.7259     1.0231
[1] 22900.0000     0.7830     0.8804    -0.1282     1.7231     0.9211
[1] 23000.0000     0.0329     0.8997    -0.0542     1.8175     0.9381
[1] 23100.0000     1.0000     0.8119    -0.1133     1.8470     1.0551
[1] 23200.0000     0.4873     0.8154    -0.0323     1.8843     0.9644
[1] 23300.0000     0.5698     0.9727    -0.0190     1.9711     0.9482
[1] 23400.0000     1.0000     0.8888    -0.1149     1.8712     1.0444
[1] 23500.0000     1.0000     0.9916    -0.1144     1.8815     1.1297
[1] 23600.0000     1.0000     0.8573    -0.1067     1.9076     0.9429
[1] 23700.0000     0.1431     0.9328    -0.1094     1.8236     1.0180
[1] 23800.0000     0.3743     0.9299    -0.1396     1.7639     1.0580
[1] 23900.0000     0.6792     0.9920     0.0174     1.8457     1.0485
[1] 24000.0000     0.4814     0.8060    -0.0058     1.7869     1.1215
[1] 24100.0000     1.0000     0.9214    -0.1951     1.8997     0.8541
[1] 24200.0000     0.1933     0.9331    -0.2173     1.8500     1.1419
[1] 24300.0000     0.1669     0.8950    -0.0518     1.9133     0.9587
[1] 2.440e+04 2.382e-01 8.950e-01 2.200e-03 1.853e+00 9.027e-01
[1] 24500.0000     0.5824     0.9726    -0.0952     1.9558     1.0605
[1] 24600.0000     0.2416     0.9866    -0.0980     1.8503     1.1519
[1] 24700.0000     1.0000     0.9195    -0.0205     1.9228     0.8781
[1] 24800.0000     0.1416     0.9368    -0.0567     1.8806     1.1498
[1] 24900.0000     0.2475     0.9126    -0.1834     1.9295     1.0268
[1] 25000.0000     1.0000     0.8801    -0.0403     1.9055     0.8235
[1] 25100.0000     0.7171     0.8419    -0.1211     1.9413     0.8544
[1] 25200.0000     0.3994     0.9507    -0.1111     1.8806     0.9719
[1] 25300.0000     0.3333     0.8254    -0.1983     1.7785     0.8434
[1] 25400.0000     0.4812     0.8988    -0.0729     1.7818     1.0888
[1] 25500.0000     0.3475     0.8417    -0.0341     1.8381     0.8432
[1] 25600.0000     0.0377     0.9041    -0.1379     1.9337     1.0021
[1] 25700.0000     0.1281     0.8976    -0.2090     1.7949     0.9408
[1] 25800.0000     0.1857     0.9910    -0.1402     1.8826     0.8240
[1] 25900.0000     0.3095     0.8683    -0.0849     1.8253     0.8098
[1] 26000.0000     0.6918     0.9492    -0.0812     1.7645     1.0058
[1] 26100.0000     0.0893     0.9097    -0.1203     1.9358     1.1652
[1] 26200.0000     0.9887     0.8601    -0.1321     1.8331     0.9041
[1] 26300.0000     0.7277     0.8623    -0.1960     1.8601     1.0835
[1] 26400.0000     0.1705     0.8855     0.0214     1.8152     1.0131
[1] 26500.0000     0.7384     0.9678    -0.0943     1.7959     0.9418
[1] 26600.0000     0.3839     0.9993    -0.1198     1.7917     1.0988
[1] 26700.0000     0.9716     0.8892    -0.0684     1.9031     0.9428
[1] 26800.0000     1.0000     0.9542    -0.1824     1.8699     1.1594
[1] 26900.0000     0.0543     0.8396    -0.1158     1.8623     0.9391
[1] 27000.0000     1.0000     0.8977    -0.0824     1.9434     0.8661
[1] 27100.0000     1.0000     0.9280    -0.1195     1.8969     1.0348
[1] 27200.0000     0.0838     0.8135    -0.1921     1.9623     0.8529
[1] 27300.0000     0.0090     0.9608    -0.2589     1.8344     0.8492
[1] 27400.0000     0.2070     0.8806    -0.0918     1.7289     1.0468
[1] 27500.0000     0.6687     0.9534    -0.0969     1.8240     0.8238
[1] 27600.0000     0.0420     0.9357    -0.0572     1.8729     0.9330
[1] 27700.0000     0.0123     0.8620     0.1280     1.9430     1.0941
[1] 27800.0000     0.0394     0.8828    -0.1206     1.8356     1.1030
[1] 27900.0000     0.8900     0.8904    -0.0250     1.8971     0.9276
[1] 28000.0000     0.0055     0.9430    -0.1031     1.8668     0.9743
[1] 28100.0000     0.0211     0.9857    -0.1271     1.8933     0.9345
[1] 28200.0000     0.6743     0.9271    -0.0191     1.8735     0.9591
[1] 28300.0000     1.0000     0.8124    -0.0369     1.9186     0.9290
[1] 28400.0000     1.0000     0.9594    -0.1454     1.8043     0.8105
[1] 28500.0000     1.0000     0.8206    -0.0724     1.8666     1.0447
[1] 28600.0000     0.6537     0.9775    -0.0599     1.8409     0.9079
[1] 28700.0000     0.9201     0.9143    -0.1527     1.8400     0.8158
[1] 28800.0000     1.0000     0.9743    -0.0923     1.8506     0.8723
[1] 28900.0000     1.0000     0.9689    -0.2267     1.9212     1.0738
[1] 29000.0000     0.5455     0.8148    -0.0970     1.8861     0.9225
[1] 29100.0000     0.4722     0.9156    -0.0735     1.8567     0.8172
[1] 29200.0000     0.1013     0.9889    -0.0893     1.8377     1.0979
[1] 29300.0000     1.0000     0.9064    -0.1435     1.8403     1.0368
[1] 29400.0000     0.3315     0.9512    -0.0353     1.7823     1.1262
[1] 29500.0000     1.0000     0.8146    -0.1236     1.8884     0.8093
[1] 29600.0000     0.3245     0.9770    -0.0139     1.9774     1.1651
[1] 29700.0000     0.1025     0.8808    -0.0975     1.7559     0.9901
[1] 29800.0000     0.8032     0.8701    -0.0759     1.8934     0.8024
[1] 29900.0000     1.0000     0.9798    -0.1684     1.8838     1.0014
[1] 30000.0000     0.6979     0.9214    -0.0572     1.8273     0.9341
[1] 0.5559778
Time difference of 10.56179 hours
null device 
          1 
