[1] "El numero de nodos X particion es: 10"
[1] "Model = M1 / Data = sim_data/datasetSVIMatern17.Rdata"
[1] 100.0000   1.0000   0.8291   0.0462   1.9769   0.9331
[1] 200.0000   0.0086   0.8487   0.3899   1.6135   0.8384
[1] 300.0000   0.3240   0.8776   0.0742   2.0147   1.0665
[1] 400.0000   0.0133   0.9217  -0.3560   2.3373   0.9692
[1] 500.0000   0.0000   0.8350   0.7339   1.2861   0.9084
[1] 600.0000   0.0194   0.8988  -0.1656   2.1653   1.1191
[1] 700.0000   0.0001   0.8999   0.0079   2.0331   1.0702
[1] 800.0000   0.0000   0.8728   0.9259   1.0311   0.9084
[1] 900.0000   0.0000   0.9606  -0.5058   2.4700   1.0158
[1] 1000.0000    0.0000    0.8209   -0.7335    2.7158    0.9374
[1] 1100.0000    0.0000    0.9319    0.1652    1.8361    0.8930
[1] 1200.0000    0.2715    0.8603    0.4567    1.6461    0.9164
[1] 1300.0000    0.6899    0.8617   -0.2459    2.1321    1.0550
[1] 1400.0000    0.0000    0.9303   -2.1024    3.9948    1.1894
[1] 1500.0000    0.0000    0.9584   -0.7122    2.6997    1.0940
[1] 1600.0000    0.0000    0.9658   -1.0111    2.9809    1.0950
[1] 1700.0000    0.0000    0.8163   -0.2643    2.2373    0.8247
[1] 1800.0000    0.0000    0.8314   -0.4099    2.4242    0.9945
[1] 1900.0000    0.0000    0.9005   -0.6916    2.7064    0.9368
[1] 2000.0000    0.0000    0.9400    0.1345    2.0066    1.1109
[1] 2100.0000    0.0000    0.8123   -1.2040    3.1505    1.1618
[1] 2200.0000    0.0000    0.8668    0.0757    1.9815    1.0989
[1] 2300.0000    0.0000    0.8951   -0.4892    2.4332    0.9529
[1] 2400.0000    0.0000    0.9355    0.2382    1.7012    1.1578
[1] 2500.0000    0.0147    0.8909    0.4451    1.5011    1.1217
[1] 2600.0000    0.0000    0.9100   -0.2147    2.2480    1.1442
[1] 2700.0000    0.0000    0.8492   -0.8774    2.9137    0.9140
[1] 2800.0000    0.0325    0.9382    0.2278    1.8393    1.1558
[1] 2900.0000    0.0000    0.9341   -0.2570    2.1623    0.9034
[1] 3000.0000    0.0000    0.8454   -0.0300    2.0463    0.9669
[1] 3100.0000    0.0000    0.9787    0.7918    1.2336    0.9283
[1] 3200.0000    0.0000    0.9190   -0.1624    2.1442    0.9575
[1] 3300.0000    0.0000    0.9312    0.0226    2.0267    0.9302
[1] 3400.0000    0.3303    0.8983    1.0033    1.0870    1.1525
[1] 3500.0000    0.0000    0.8568    0.5760    1.3611    1.0820
[1] 3600.0000    0.0000    0.8756   -0.6577    2.6384    0.9795
[1] 3700.0000    0.4958    0.8898    0.1079    1.9183    1.0833
[1] 3800.0000    0.0000    0.9791    0.9583    1.0182    1.0179
[1] 3900.0000    0.0000    0.8349    0.1712    1.8688    1.1538
[1] 4000.0000    0.0000    0.9448   -0.1782    2.1837    1.0791
[1] 4100.0000    0.0000    0.8388   -0.3329    2.3772    0.8864
[1] 4200.0000    0.0000    0.9756   -0.2557    2.1951    0.9752
[1] 4300.0000    0.3081    0.8741   -1.2592    3.2305    1.1249
[1] 4400.0000    0.0000    0.9983    0.2405    1.6975    1.0333
[1] 4500.0000    0.1238    0.8404    0.3153    1.7409    1.1577
[1] 4600.0000    0.0000    0.9581    0.4267    1.6486    0.8180
[1] 4700.0000    0.0000    0.8528   -0.7524    2.7228    0.8411
[1] 4800.0000    0.0000    0.8660   -1.1624    3.1554    1.0939
[1] 4900.0000    0.0000    0.9924   -0.7901    2.8107    1.1836
[1] 5000.0000    0.0000    0.9762   -0.7776    2.7172    0.8665
[1] 5100.0000    0.0000    0.9679   -1.0680    2.9950    1.1951
[1] 5200.0000    0.0000    0.8051   -0.1553    2.1619    0.8965
[1] 5300.0000    0.0000    0.8845   -0.2246    2.2266    1.0022
[1] 5400.0000    0.0000    0.8536    0.6090    1.3787    0.9337
[1] 5500.0000    0.0000    0.8506    0.0851    1.9463    1.1979
[1] 5600.0000    0.0000    0.9929   -0.3940    2.2854    1.1085
[1] 5700.0000    0.0000    0.9445    0.4624    1.5817    1.0237
[1] 5800.0000    0.0000    0.8612   -0.4661    2.5258    1.0327
[1] 5900.0000    0.0000    0.9311   -0.6430    2.6685    0.8983
[1] 6000.0000    0.0000    0.8887    0.1287    1.8010    0.8335
[1] 6100.0000    0.0000    0.8914    0.2719    1.7558    0.9242
[1] 6200.0000    0.0000    0.9400    0.8334    1.0931    0.8404
[1] 6300.0000    0.0000    0.9569    0.7176    1.4142    0.8080
[1] 6400.0000    0.0000    0.9924    0.1287    1.7907    1.0322
[1] 6500.0000    0.0203    0.9084    0.4230    1.6602    1.0918
[1] 6600.0000    0.0000    0.8710    0.2661    1.6411    0.9001
[1] 6700.0000    0.0000    0.8126   -0.7474    2.8001    1.1740
[1] 6800.0000    0.0824    0.8794    0.3596    1.6422    0.9381
[1] 6900.0000    0.0000    0.9290   -0.8692    2.8544    1.0476
[1] 7000.0000    0.0000    0.8521   -0.4270    2.4418    1.0680
[1] 7100.0000    0.0000    0.9857   -0.1534    2.2069    1.0571
[1] 7200.0000    0.0000    0.8247    0.0327    2.0554    0.8913
[1] 7300.0000    0.0000    0.8356    0.4547    1.4207    1.1395
[1] 7400.0000    0.0000    0.8045   -0.2308    2.1681    0.8734
[1] 7500.0000    0.0000    0.8918   -2.3702    4.2542    1.0101
[1] 7600.0000    0.0000    0.9493   -0.6403    2.6158    0.9281
[1] 7700.0000    0.0000    0.8552   -0.7019    2.6178    1.0850
[1] 7800.0000    0.0000    0.8367    0.2237    1.7511    0.9006
[1] 7900.0000    0.0000    0.9654   -0.2475    2.1371    1.1831
[1] 8000.0000    0.0000    0.9309   -0.2927    2.1723    1.0835
[1] 8100.0000    0.0000    0.8483   -0.9170    2.8631    0.8203
[1] 8200.0000    0.0000    0.9207   -0.9636    2.9647    1.1282
[1] 8300.0000    0.0000    0.8222   -0.8714    2.9199    0.8438
[1] 8400.0000    0.0000    0.9658    0.1366    1.8075    0.9286
[1] 8500.0000    0.0000    0.8325   -0.4005    2.4554    1.0750
[1] 8600.0000    0.0004    0.9564   -1.2561    3.2957    0.9963
[1] 8700.0000    0.0000    0.8940   -0.4404    2.4202    1.0236
[1] 8800.0000    0.0000    0.9735   -0.3397    2.2445    1.0381
[1] 8900.0000    0.0000    0.8674    1.0036    1.0448    1.0474
[1] 9000.0000    0.0000    0.8301    0.8586    1.1214    1.1387
[1] 9100.0000    0.0000    0.8755    0.6327    1.3828    0.8812
[1] 9200.0000    0.0000    0.8777    0.1971    1.8411    1.1489
[1] 9300.0000    0.0000    0.9734   -0.2208    2.1179    1.1056
[1] 9400.0000    0.0000    0.8413    0.5125    1.4237    1.0761
[1] 9500.0000    0.0000    0.8817   -1.3966    3.3677    1.0875
[1] 9600.0000    0.0000    0.8149    0.0036    1.9965    0.9056
[1] 9700.0000    0.0000    0.9657    1.3596    0.5933    0.9166
[1] 9800.0000    0.0000    0.9450    0.3137    1.7284    1.0855
[1] 9900.0000    0.0000    0.9876    1.4494    0.5526    0.9739
[1] 10000.0000     0.2091     0.9984    -0.4704     2.4709     0.9987
[1] 10100.0000     0.0007     0.9390    -0.4545     2.4391     1.0815
[1] 10200.0000     0.0000     0.8133    -0.3202     2.2887     1.1117
[1] 10300.0000     0.2641     0.9549     1.3698     0.6340     0.8021
[1] 10400.0000     0.0000     0.9970    -0.1143     2.0890     0.9159
[1] 10500.0000     0.0000     0.9828     0.7896     1.2196     0.8036
[1] 10600.0000     0.0000     0.8442    -0.0837     2.1431     0.9495
[1] 10700.0000     0.0000     0.8398     0.3227     1.6846     1.0590
[1] 10800.0000     1.0000     0.8056    -0.1420     2.2073     0.8503
[1] 10900.0000     0.0000     0.9660     0.5174     1.5307     1.1970
[1] 11000.0000     0.0021     0.8555     0.8126     1.2766     1.1761
[1] 11100.0000     0.0000     0.9587    -0.1680     2.1272     0.9308
[1] 11200.0000     0.0881     0.9398    -0.5396     2.4980     0.9513
[1] 11300.0000     0.0000     0.8936    -0.5389     2.5177     1.0961
[1] 11400.0000     0.0025     0.9548     0.9583     1.1330     1.0047
[1] 11500.0000     0.0000     0.8034     0.3285     1.6646     0.8501
[1] 11600.0000     0.0000     0.8744     0.3143     1.6042     0.9019
[1] 11700.0000     0.0000     0.8925     0.0170     2.0168     0.9798
[1] 11800.0000     0.0000     0.8440     0.0991     1.7329     0.8198
[1] 11900.0000     0.0000     0.8934    -0.9914     2.9683     1.0759
[1] 12000.0000     0.0000     0.8056    -0.4929     2.5758     1.1142
[1] 12100.0000     0.0000     0.8005    -0.9153     2.8775     0.8375
[1] 12200.0000     0.3807     0.8496     0.9043     1.1497     0.8460
[1] 12300.0000     0.0000     0.8010     0.2038     1.8222     0.8810
[1] 12400.0000     1.0000     0.8046     0.1593     1.8493     0.8797
[1] 12500.0000     0.0000     0.9939     0.3520     1.7171     0.9707
[1] 12600.0000     0.0000     0.8126    -0.0686     2.1125     1.1805
[1] 12700.0000     0.0000     0.8779    -0.7366     2.6492     0.8170
[1] 12800.0000     0.0000     0.8257    -0.3708     2.4128     0.8904
[1] 12900.0000     0.0488     0.8545    -0.2045     2.2557     1.0312
[1] 13000.0000     0.0000     0.8069    -0.0586     2.0579     1.0997
[1] 13100.0000     0.0000     0.9404     1.3151     0.7290     0.9822
[1] 13200.0000     0.0000     0.8843    -1.3106     3.3758     0.9997
[1] 13300.0000     0.0000     0.9271    -0.2313     2.1932     0.8364
[1] 13400.0000     0.0000     0.8092    -0.2420     2.2482     1.1676
[1] 13500.0000     0.0000     0.8358    -0.2446     2.2921     1.1234
[1] 13600.0000     0.0000     0.8917     0.5626     1.4727     1.0301
[1] 13700.0000     0.0000     0.8561    -0.1200     2.1232     0.9281
[1] 13800.0000     0.0000     0.8787    -0.7473     2.8020     1.0611
[1] 13900.0000     0.0000     0.8495     0.2178     1.7213     1.0802
[1] 14000.0000     0.0000     0.9588     0.7588     1.2159     0.9662
[1] 14100.0000     0.0000     0.8844     0.4894     1.3570     1.1867
[1] 14200.0000     0.0000     0.8479     0.4277     1.4783     0.8739
[1] 14300.0000     0.0000     0.9227    -1.2920     3.2482     1.0001
[1] 14400.0000     0.2406     0.8623     0.4526     1.5851     0.8985
[1] 14500.0000     0.1252     0.8647     0.6749     1.3336     1.0877
[1] 14600.0000     0.0000     0.8721     0.7261     1.3005     0.9912
[1] 14700.0000     0.0000     0.8734     0.0734     1.8047     1.0676
[1] 14800.0000     0.0000     0.9988     1.6828     0.3527     0.9067
[1] 14900.0000     0.0056     0.9582    -0.1271     2.1638     1.0321
[1] 15000.0000     0.0000     0.9447    -0.5274     2.4710     0.8911
[1] 15100.0000     1.0000     0.8292    -0.3543     2.3816     0.9249
[1] 15200.0000     0.0000     0.8242     0.7726     1.1995     1.0800
[1] 15300.0000     1.0000     0.8282    -0.1460     2.0893     1.1177
[1] 15400.0000     0.0513     0.8397     0.0693     1.9977     1.1015
[1] 15500.0000     0.0000     0.9734    -1.4507     3.4906     1.1714
[1] 15600.0000     0.0000     0.8520    -0.5123     2.5602     1.1912
[1] 15700.0000     0.0000     0.8475    -0.6092     2.5819     0.9690
[1] 15800.0000     0.0000     0.9108    -0.4817     2.4792     0.9068
[1] 15900.0000     0.0000     0.8876    -0.4554     2.4246     0.9067
[1] 16000.0000     0.0081     0.8124    -0.5427     2.5809     1.1160
[1] 16100.0000     0.0000     0.9566     0.9016     1.1402     1.0234
[1] 16200.0000     0.0000     0.9466     0.0245     1.9047     0.9477
[1] 16300.0000     0.0000     0.9158    -0.6401     2.6807     0.9491
[1] 16400.0000     0.0000     0.9648     0.1071     1.9138     0.9493
[1] 16500.0000     0.7462     0.9407    -0.4031     2.4717     0.9877
[1] 16600.0000     0.0000     0.8294    -0.6341     2.6959     0.8835
[1] 16700.0000     0.0000     0.8462     0.1723     1.7933     0.9538
[1] 16800.0000     0.0000     0.8621     0.3086     1.6253     1.1596
[1] 16900.0000     0.0000     0.9254     0.8123     1.1837     0.9648
[1] 17000.0000     0.0000     0.9790    -0.5519     2.5563     0.8822
[1] 17100.0000     0.0000     0.9305     0.5600     1.4815     0.9283
[1] 1.720e+04 0.000e+00 9.497e-01 5.835e-01 1.421e+00 8.252e-01
[1] 17300.0000     1.0000     0.8396     1.2865     0.7326     1.0131
[1] 1.740e+04 0.000e+00 8.593e-01 5.158e-01 1.482e+00 1.145e+00
[1] 17500.0000     0.0000     0.9677    -0.5403     2.5987     1.1479
[1] 17600.0000     0.0000     0.8280     0.7850     1.2339     1.1486
[1] 17700.0000     0.0000     0.8794     1.0395     0.9954     0.9707
[1] 17800.0000     0.0000     0.9383    -0.6941     2.7865     1.0084
[1] 17900.0000     0.0000     0.9083     0.4985     1.5076     0.9495
[1] 18000.0000     1.0000     0.9109     0.0058     2.0204     0.8712
[1] 18100.0000     0.0000     0.8667     0.2714     1.8580     1.1867
[1] 18200.0000     0.0079     0.8582     1.2316     0.6883     0.9652
[1] 18300.0000     0.0000     0.9928     0.0371     1.9874     1.1096
[1] 18400.0000     0.0000     0.9529     0.5948     1.4159     0.8173
[1] 18500.0000     0.0000     0.8451     0.4484     1.6135     0.9054
[1] 18600.0000     0.0000     0.8656    -0.0478     2.0975     0.8624
[1] 18700.0000     0.0000     0.8080    -0.5641     2.5909     0.9308
[1] 1.880e+04 0.000e+00 8.537e-01 2.710e-02 1.986e+00 9.005e-01
[1] 18900.0000     0.0000     0.9024    -0.6516     2.6111     1.0613
[1] 19000.0000     0.0000     0.8770     0.0057     2.0534     1.0394
[1] 19100.0000     0.0000     0.8878     0.6598     1.2393     1.0323
[1] 19200.0000     0.0000     0.8001     0.3787     1.5926     0.9641
[1] 19300.0000     0.0000     0.8035     0.1572     1.8161     1.0886
[1] 19400.0000     0.0000     0.9330    -0.3213     2.3319     1.0363
[1] 19500.0000     0.0000     0.9654    -0.0802     2.0708     0.9669
[1] 19600.0000     0.5651     0.9162    -1.2491     3.2871     0.8038
[1] 19700.0000     0.0000     0.8982    -0.2821     2.1990     1.1826
[1] 19800.0000     0.0000     0.8275     1.1796     0.8312     1.0965
[1] 19900.0000     0.0000     0.9981     0.2262     1.8149     1.0280
[1] 20000.0000     0.0000     0.8708    -0.1702     2.1748     1.0213
[1] 20100.0000     0.0000     0.9080     0.4536     1.6041     1.0402
[1] 20200.0000     0.7624     0.9840    -0.1835     2.1364     1.1380
[1] 20300.0000     0.0000     0.8028     0.1924     1.8626     0.9708
[1] 20400.0000     0.0027     0.9072     0.2371     1.7359     0.9991
[1] 20500.0000     0.0000     0.8964    -0.5724     2.6229     1.1285
[1] 20600.0000     0.3595     0.9169    -0.2263     2.3139     1.1057
[1] 20700.0000     1.0000     0.8107    -0.1717     2.0554     1.0874
[1] 20800.0000     0.0000     0.9606    -0.7665     2.8246     1.0886
[1] 20900.0000     0.0001     0.9109     0.1195     1.9155     0.9980
[1] 21000.0000     0.0000     0.8369     0.9525     1.0665     1.0355
[1] 21100.0000     0.0000     0.9732    -0.5199     2.4610     0.8253
[1] 21200.0000     0.0759     0.8263     0.1873     1.8314     1.1324
[1] 21300.0000     0.0000     0.9596    -0.6411     2.5778     1.0815
[1] 2.140e+04 0.000e+00 9.719e-01 4.463e-01 1.532e+00 9.071e-01
[1] 21500.0000     0.0000     0.9375    -0.1992     2.1434     1.0777
[1] 21600.0000     0.0000     0.8010    -0.4600     2.5011     1.1966
[1] 21700.0000     0.0000     0.8258    -0.9069     2.9148     1.1265
[1] 21800.0000     0.0000     0.8709    -0.4000     2.4351     1.0601
[1] 21900.0000     0.0000     0.8416    -0.3224     2.3929     1.1370
[1] 22000.0000     0.0000     0.8850     1.0712     0.9320     0.9555
[1] 22100.0000     0.0000     0.8953    -0.2154     2.1560     0.9321
[1] 22200.0000     0.0000     0.9882    -0.0672     1.9857     0.9514
[1] 22300.0000     0.0011     0.8584     0.1595     1.8298     0.9367
[1] 2.240e+04 0.000e+00 9.494e-01 4.201e-01 1.579e+00 9.207e-01
[1] 22500.0000     0.0000     0.9610     1.5776     0.3656     0.9963
[1] 22600.0000     0.0000     0.8858     1.4633     0.5379     0.9064
[1] 22700.0000     0.0000     0.8271     0.4585     1.4392     1.1968
[1] 22800.0000     0.0000     0.9630     0.0999     1.8318     0.9437
[1] 2.290e+04 0.000e+00 9.699e-01 5.353e-01 1.398e+00 9.238e-01
[1] 23000.0000     0.0000     0.9652     0.4789     1.4540     1.0264
[1] 2.310e+04 0.000e+00 9.231e-01 1.258e-01 1.821e+00 8.179e-01
[1] 23200.0000     0.0000     0.8288    -0.7604     2.7634     0.8616
[1] 23300.0000     0.0733     0.8966     0.5687     1.4187     1.0199
[1] 23400.0000     0.0000     0.9418     0.5288     1.4747     0.8205
[1] 23500.0000     0.0000     0.8934    -0.4127     2.4288     1.1391
[1] 23600.0000     0.0000     0.8360     0.6123     1.3855     0.8406
[1] 23700.0000     0.0000     0.9932     0.1237     1.8865     0.8221
[1] 23800.0000     0.0000     0.9509     0.2600     1.6862     0.9516
[1] 23900.0000     0.0000     0.8328    -0.0023     2.0216     0.9967
[1] 24000.0000     0.0000     0.9784    -0.5316     2.4499     0.8375
[1] 24100.0000     0.0000     0.8289    -1.5038     3.5194     0.9877
[1] 24200.0000     0.0000     0.8463     0.1137     1.8541     1.0120
[1] 24300.0000     0.0000     0.9879    -0.9350     2.9430     1.1930
[1] 2.440e+04 1.000e+00 9.947e-01 6.651e-01 1.349e+00 9.697e-01
[1] 24500.0000     0.0000     0.9064     0.6369     1.3348     0.8345
[1] 24600.0000     0.0000     0.9062     0.0602     1.9616     0.8877
[1] 24700.0000     0.0001     0.9025    -0.4987     2.5006     0.8040
[1] 24800.0000     0.0001     0.8109     0.1035     1.9122     1.1899
[1] 24900.0000     0.0000     0.9495    -0.1732     2.0915     0.8626
[1] 25000.0000     0.0000     0.9399     0.2382     1.7346     0.8472
[1] 25100.0000     0.0000     0.9605     0.6566     1.2710     1.0743
[1] 25200.0000     0.0000     0.8184     0.0224     1.9644     0.8574
[1] 25300.0000     0.7686     0.8151    -0.1306     2.0625     1.0748
[1] 25400.0000     1.0000     0.8988    -0.3014     2.2892     1.0888
[1] 25500.0000     0.0000     0.8147     0.4218     1.5570     1.1844
[1] 25600.0000     0.0000     0.8978    -0.0837     2.0786     1.1142
[1] 25700.0000     0.0000     0.8662    -0.0114     2.0056     1.1677
[1] 25800.0000     0.0000     0.8043    -0.9460     2.9179     0.8730
[1] 25900.0000     1.0000     0.8632    -0.3692     2.3798     1.1254
[1] 26000.0000     0.4072     0.9492    -0.1150     2.2116     1.0058
[1] 26100.0000     0.0000     0.9196     0.4283     1.4598     1.1722
[1] 26200.0000     0.0000     0.9768    -0.2030     2.1211     0.9801
[1] 26300.0000     0.0000     0.8530    -0.4076     2.4248     1.0678
[1] 26400.0000     0.0000     0.8767     0.4459     1.5659     0.8041
[1] 26500.0000     0.0634     0.8611    -0.0682     2.0508     1.1675
[1] 26600.0000     0.0000     0.9293    -0.6410     2.7385     0.8497
[1] 2.670e+04 0.000e+00 8.184e-01 1.944e-01 1.793e+00 9.177e-01
[1] 26800.0000     0.0000     0.8448    -0.7253     2.6535     0.8652
[1] 26900.0000     0.0000     0.9241     0.3802     1.7331     1.0646
[1] 27000.0000     0.0000     0.8280     0.5509     1.3987     0.9596
[1] 27100.0000     1.0000     0.9280    -0.1243     2.1510     1.0348
[1] 27200.0000     0.0000     0.8628    -0.4483     2.4851     1.0265
[1] 27300.0000     0.0000     0.9185    -0.3999     2.3467     0.9822
[1] 27400.0000     0.0000     0.9754    -0.0145     1.9992     1.0598
[1] 27500.0000     0.0000     0.8677     0.2621     1.7183     0.9516
[1] 27600.0000     0.0000     0.8732     1.2674     0.7418     0.9172
[1] 27700.0000     0.0000     0.8317     0.5810     1.4661     1.1846
[1] 27800.0000     0.0000     0.8338     0.6818     1.3273     0.9440
[1] 2.790e+04 1.000e+00 8.904e-01 2.250e-02 1.976e+00 9.276e-01
[1] 28000.0000     0.0000     0.8025    -0.6040     2.6128     0.9240
[1] 28100.0000     0.0000     0.9262     0.7223     1.3447     1.0710
[1] 28200.0000     0.0000     0.9683     0.2117     1.7935     0.8917
[1] 28300.0000     0.0000     0.9886    -0.5894     2.5564     1.1843
[1] 28400.0000     1.0000     0.9594    -0.4179     2.4208     0.8105
[1] 28500.0000     0.0000     0.8824     0.5698     1.3824     0.8003
[1] 28600.0000     0.0000     0.9775    -0.0295     1.9514     0.9079
[1] 28700.0000     0.0000     0.8546    -1.1399     3.0626     0.9787
[1] 28800.0000     0.0000     0.8104     0.0888     1.8736     1.1940
[1] 28900.0000     0.0000     0.9137     0.8008     1.2669     0.8478
[1] 29000.0000     0.0000     0.9277    -0.3887     2.4041     1.1735
[1] 29100.0000     0.0000     0.8445    -0.7504     2.8020     0.8871
[1] 29200.0000     0.0992     0.9367     0.6393     1.3519     1.1465
[1] 29300.0000     0.0435     0.9749     0.6703     1.3519     0.9782
[1] 29400.0000     0.0000     0.9394     0.6001     1.4368     1.1754
[1] 29500.0000     0.0000     0.8510    -0.5264     2.6073     0.8942
[1] 29600.0000     0.0000     0.8335     0.2156     1.7826     1.1940
[1] 29700.0000     0.0000     0.9991    -0.2004     2.1821     0.9357
[1] 29800.0000     0.0000     0.8030    -0.8948     2.9546     0.9421
[1] 29900.0000     0.8814     0.9798    -0.1667     2.2078     1.0014
[1] 30000.0000     0.0000     0.9250     1.1238     0.7874     1.0393
[1] 0.075037
Time difference of 4.587758 hours
null device 
          1 
