[1] "El numero de nodos X particion es: 10"
[1] "Model = M2 / Data = sim_data/datasetSVCExponential13.Rdata"
[1] 100.0000   0.0000   0.9866   0.0014   1.9996   1.1254
[1] 200.0000   0.1087   0.9996   0.0034   1.9987   1.0342
[1] 300.0000   0.0000   0.9959   0.0028   1.9990   0.8233
[1] 400.0000   0.0000   0.9953   0.0037   1.9964   1.1112
[1] 500.0000   0.0000   0.9813   0.0099   2.0022   0.8492
[1] 600.0000   0.0931   0.9748   0.0062   2.0036   1.0386
[1] 700.0000   0.0000   0.9977  -0.0014   1.9984   0.9763
[1] 800.0000   0.0000   0.9999  -0.0044   1.9940   1.0968
[1] 900.0000   0.0013   0.9977  -0.0149   2.0086   0.9137
[1] 1000.0000    0.4270    0.9864   -0.0318    2.0165    0.9137
[1] 1100.0000    0.0496    0.9949    0.0129    2.0509    1.1046
[1] 1200.0000    0.0000    0.9975    0.0160    2.0179    1.0941
[1] 1300.0000    0.0000    0.9996    0.0278    2.0273    0.8127
[1] 1400.0000    0.0000    0.9996    0.0278    2.0273    0.8127
[1] 1500.0000    0.0000    0.9948    0.0221    2.0018    0.9519
[1] 1600.0000    0.0005    0.9998    0.0101    2.0031    1.1214
[1] 1700.0000    0.0000    0.9937    0.0053    2.0423    0.8095
[1] 1800.0000    0.1403    0.9970   -0.0300    2.0928    1.0863
[1] 1900.0000    0.0195    0.9957   -0.0057    2.0877    1.1822
[1] 2000.0000    0.0000    0.9978    0.0207    2.1459    1.1535
[1] 2100.000    0.000    0.988   -0.002    2.004    0.819
[1] 2200.0000    0.0000    0.9881    0.0416    2.1494    0.9883
[1] 2300.0000    0.1044    0.9906    0.0954    2.1289    0.8768
[1] 2400.0000    1.0000    0.9764    0.1242    2.1018    1.0594
[1] 2500.0000    0.0000    0.9838    0.1968    2.0921    1.0952
[1] 2600.0000    0.0000    0.9901    0.0924    2.1092    1.1640
[1] 2700.0000    0.0000    0.9893    0.1385    1.9957    0.9085
[1] 2800.0000    0.0001    0.9946    0.2201    2.0127    1.1337
[1] 2900.0000    0.0000    0.9982    0.1302    2.0562    0.9626
[1] 3000.0000    0.0011    0.9996    0.0863    2.0610    0.9286
[1] 3100.0000    0.0003    0.9921    0.2279    2.0982    0.9423
[1] 3200.0000    0.0017    0.9999    0.1481    2.0916    0.8821
[1] 3300.0000    0.0000    0.9877    0.1960    2.1395    0.9428
[1] 3400.0000    0.0000    0.9912    0.1005    2.0028    1.1933
[1] 3500.0000    0.0039    0.9798    0.1413    2.0782    0.8308
[1] 3600.0000    0.0000    0.9938    0.1971    2.0626    0.8488
[1] 3700.0000    0.0168    0.9950    0.0222    2.0039    1.0085
[1] 3800.0000    0.0000    0.9905    0.1200    2.0709    0.9375
[1] 3900.0000    0.0000    0.9865    0.0993    2.1940    1.0126
[1] 4000.0000    0.0054    0.9874    0.1658    2.1382    0.9154
[1] 4100.0000    0.0235    0.9779    0.1140    2.2081    0.9562
[1] 4200.0000    0.0000    0.9756    0.0930    2.2208    0.9752
[1] 4300.0000    0.0000    0.9986    0.1098    2.1016    0.9026
[1] 4400.0000    0.0000    0.9983    0.2105    2.1354    1.0333
[1] 4500.0000    0.0000    0.9964    0.1707    2.1381    1.1353
[1] 4600.0000    0.0001    0.9766    0.0749    2.0647    1.0268
[1] 4700.0000    0.0000    0.9845    0.2360    2.1605    1.1645
[1] 4800.0000    0.0000    0.9888    0.1699    2.0932    0.9751
[1] 4900.0000    0.0000    0.9924    0.1444    2.1289    1.1836
[1] 5000.0000    0.0004    0.9988    0.1221    2.1771    0.9542
[1] 5100.0000    0.0000    0.9679    0.1459    2.1345    1.1951
[1] 5200.0000    0.0001    0.9660    0.2098    2.1682    1.0797
[1] 5300.0000    0.0000    0.9971    0.2094    2.0426    1.0387
[1] 5400.0000    0.0000    0.9974    0.0830    2.0450    1.1725
[1] 5500.0000    0.0000    0.9917    0.2441    2.1522    0.9783
[1] 5600.0000    0.0000    0.9859    0.1185    2.2954    1.1994
[1] 5700.0000    0.0798    0.9941    0.0790    2.1209    1.0272
[1] 5800.0000    0.0000    0.9831    0.1534    2.1220    1.0737
[1] 5900.0000    0.0000    0.9969    0.1538    2.1360    1.0201
[1] 6000.0000    0.0000    0.9892    0.1859    2.0495    0.9479
[1] 6100.0000    0.0000    0.9991    0.1850    2.1581    1.1410
[1] 6200.0000    0.0000    0.9932    0.0899    2.0464    1.1327
[1] 6300.0000    0.0000    0.9569    0.1602    2.0513    0.8080
[1] 6400.0000    0.0008    0.9918    0.2494    2.2326    1.1860
[1] 6500.0000    0.0012    0.9811    0.1234    2.0176    0.8602
[1] 6600.0000    0.0632    0.9915    0.1962    2.0692    1.1396
[1] 6700.0000    0.0561    0.9869    0.1803    2.0546    0.9433
[1] 6800.0000    0.0000    0.9947    0.0740    2.0726    0.8549
[1] 6900.0000    0.0004    0.9976    0.1768    2.0984    1.1697
[1] 7000.0000    0.0327    0.9977    0.1732    2.1368    1.0944
[1] 7100.0000    0.0000    0.9977    0.1732    2.1368    1.0944
[1] 7200.0000    0.0000    0.9995    0.1389    2.1646    0.8671
[1] 7300.0000    0.0112    0.9914    0.0615    2.0875    1.0536
[1] 7400.0000    0.0000    0.9943    0.1931    2.0469    1.0943
[1] 7500.0000    0.0000    0.9989    0.1722    2.0164    1.1081
[1] 7600.0000    0.0000    0.9974    0.2484    2.0467    1.0017
[1] 7700.0000    0.0000    0.9975    0.2909    2.0920    1.1871
[1] 7800.0000    0.0000    0.9829    0.1947    2.0926    1.0003
[1] 7900.0000    0.0000    0.9885    0.0856    2.0712    1.1324
[1] 8000.0000    0.0000    0.9888    0.1362    2.1081    0.8620
[1] 8100.0000    0.0002    0.9909    0.1328    2.1173    0.8555
[1] 8200.0000    0.0000    0.9968    0.1572    2.0785    1.0672
[1] 8300.0000    0.0000    0.9944    0.1151    2.0881    1.1382
[1] 8400.0000    0.0000    0.9973    0.1595    2.1463    0.8536
[1] 8500.0000    0.0000    0.9939    0.0621    2.1021    1.0648
[1] 8600.0000    0.0001    0.9964    0.0708    2.0332    0.9943
[1] 8700.0000    0.0000    0.9943    0.2439    1.9490    0.8393
[1] 8800.0000    0.0090    0.9324    0.1774    2.0292    0.8066
[1] 8900.0000    0.0027    0.9955    0.2306    2.1078    1.1580
[1] 9000.0000    0.0000    0.9901   -0.0208    2.0317    0.8211
[1] 9100.0000    0.0004    0.9978    0.0537    2.0788    0.9039
[1] 9200.0000    0.0000    0.9980    0.1663    2.1174    1.1968
[1] 9300.0000    0.0000    0.9915    0.2132    2.1008    0.9316
[1] 9400.0000    0.0000    0.9943    0.2570    2.0092    1.0986
[1] 9500.0000    0.0072    0.9726    0.1701    2.0895    0.9462
[1] 9600.0000    0.0502    0.9975    0.2968    2.1275    0.8759
[1] 9700.0000    0.0000    0.9939    0.2305    2.0868    0.9010
[1] 9800.0000    0.0000    0.9959    0.2027    2.1148    1.1171
[1] 9900.0000    0.0000    0.9843    0.2135    2.1667    0.9523
[1] 10000.0000     0.0000     0.9984     0.1675     2.1614     0.9987
[1] 10100.0000     0.0001     0.9885     0.1273     2.0698     1.0494
[1] 10200.0000     0.0025     0.9985     0.0597     2.0060     1.1837
[1] 10300.0000     0.0001     0.9996     0.0230     2.0602     0.8838
[1] 10400.0000     0.0000     0.9928     0.2252     2.0762     1.1007
[1] 10500.0000     0.0000     0.9949     0.1263     2.0889     0.9278
[1] 10600.0000     0.0000     0.9994     0.0361     2.1682     0.9036
[1] 10700.0000     0.0000     0.9754     0.1426     2.1779     1.0595
[1] 10800.0000     0.0000     0.9995     0.1293     2.1006     0.8543
[1] 10900.0000     0.0000     0.9839     0.1935     2.0494     1.0401
[1] 1.100e+04 0.000e+00 9.998e-01 2.288e-01 2.153e+00 9.957e-01
[1] 11100.0000     0.0002     0.9957     0.2498     2.1319     1.0813
[1] 11200.0000     0.0031     0.9926     0.1341     2.0309     0.9276
[1] 11300.0000     0.0556     0.9969     0.1811     2.0894     0.9135
[1] 11400.0000     0.8614     0.9866     0.1237     2.0399     0.8664
[1] 11500.0000     0.0000     0.9980     0.0682     2.0846     0.8738
[1] 11600.0000     0.0024     0.9895     0.1232     2.0122     0.9569
[1] 11700.0000     0.0000     0.9810     0.1245     2.1283     0.9386
[1] 11800.0000     0.0000     0.9980     0.0956     2.0828     1.1034
[1] 11900.0000     0.0002     0.9950     0.2089     2.1688     1.0414
[1] 12000.0000     0.0921     0.9939     0.1686     2.0222     1.0525
[1] 12100.0000     0.0170     0.9844     0.1918     2.1997     1.0236
[1] 12200.0000     0.0000     0.9944     0.1339     2.0318     1.0115
[1] 12300.0000     0.0010     0.9936     0.2440     2.1517     0.8996
[1] 12400.0000     0.0000     0.9803     0.2435     2.1421     1.0988
[1] 12500.0000     0.0000     0.9960     0.1942     2.1855     0.9530
[1] 12600.0000     0.0227     0.9931     0.1046     2.1612     1.0638
[1] 12700.0000     0.0000     0.9917     0.0810     2.2503     1.0988
[1] 12800.0000     0.0034     0.9857     0.1360     2.0976     0.9863
[1] 12900.0000     0.0000     0.9973     0.0725     2.1033     0.9500
[1] 13000.0000     0.0000     0.9809     0.0539     1.9958     0.9924
[1] 13100.0000     0.0192     0.9923     0.1122     2.0524     0.9546
[1] 13200.0000     0.5974     0.9955     0.2133     2.0534     0.8578
[1] 13300.0000     0.0173     0.9911     0.2032     2.1715     1.1585
[1] 13400.0000     0.0118     0.9485     0.1412     2.0922     1.0271
[1] 13500.0000     0.0000     0.9671     0.1455     2.0885     0.9422
[1] 13600.0000     0.0000     0.9837     0.2452     2.0387     0.8499
[1] 13700.0000     0.0000     0.9964     0.1569     2.1517     1.1486
[1] 1.380e+04 0.000e+00 9.685e-01 1.261e-01 2.081e+00 9.435e-01
[1] 13900.0000     0.0000     0.9934     0.1450     2.0757     1.0860
[1] 14000.0000     0.0466     0.9598     0.1365     2.0732     0.8043
[1] 14100.0000     0.0000     0.9940     0.1783     2.1243     1.1268
[1] 14200.0000     0.0013     0.9983     0.1430     1.9538     1.1131
[1] 14300.0000     0.0747     0.9874     0.0299     2.1064     0.9095
[1] 14400.0000     0.0001     0.9961     0.2634     2.2743     0.8594
[1] 14500.0000     0.2166     0.9889     0.1027     2.1093     1.0186
[1] 14600.0000     0.0000     0.9718     0.1234     2.0656     0.9202
[1] 14700.0000     0.0000     0.9977     0.1380     2.0675     1.0667
[1] 14800.0000     0.0000     0.9996     0.0835     1.9397     1.1359
[1] 14900.0000     0.0203     0.9850     0.1625     2.0963     1.1438
[1] 15000.0000     0.0000     0.9954     0.1238     2.0365     1.0052
[1] 15100.0000     0.0000     0.9972     0.1664     2.1282     0.8454
[1] 15200.0000     0.1101     0.9934     0.1481     2.0248     1.0834
[1] 15300.0000     0.0000     0.9873     0.1162     2.0517     1.0362
[1] 15400.0000     0.3274     0.9912     0.1394     2.1009     1.1712
[1] 15500.0000     0.0000     0.9973     0.0809     2.0659     0.8711
[1] 15600.0000     0.1142     0.9980     0.0835     2.1234     0.8956
[1] 15700.0000     0.0003     0.9980     0.1199     2.1591     0.8092
[1] 15800.0000     0.0821     0.9955     0.1310     2.1080     1.0339
[1] 15900.0000     0.0000     0.9849     0.1130     2.0933     1.0549
[1] 16000.0000     0.0394     0.9991     0.1229     2.0952     1.1095
[1] 16100.0000     0.0058     0.9560     0.1666     2.1725     1.0285
[1] 16200.0000     0.0000     0.9948     0.1576     2.0605     1.0356
[1] 16300.0000     0.0000     0.9999     0.1578     2.1254     1.1481
[1] 16400.0000     0.0000     0.9960     0.2650     2.1122     0.8361
[1] 16500.0000     0.0019     0.9894     0.1476     2.1557     0.9222
[1] 16600.0000     0.0002     0.9986     0.1515     2.1923     1.0983
[1] 16700.0000     0.0000     0.9986     0.1515     2.1923     1.0983
[1] 16800.0000     0.1142     0.9971     0.2688     2.0586     1.1907
[1] 16900.0000     0.0240     0.9996     0.1741     2.1221     0.8218
[1] 17000.0000     0.0000     0.9815     0.1635     2.1248     0.9010
[1] 17100.0000     0.0000     0.9985     0.2099     2.2297     0.9761
[1] 17200.0000     0.0000     0.9926     0.1654     2.2263     0.8293
[1] 17300.0000     0.0000     0.9832     0.1716     2.1318     1.0885
[1] 17400.0000     0.1200     0.9952    -0.0139     2.0879     1.0969
[1] 17500.0000     0.0145     0.9983     0.2137     2.0709     0.9809
[1] 17600.0000     0.1042     0.9844     0.1291     2.1239     0.9330
[1] 17700.0000     0.0000     0.9944     0.0835     2.1362     0.9167
[1] 1.780e+04 1.000e+00 9.968e-01 1.280e-01 2.146e+00 8.268e-01
[1] 17900.0000     0.0377     0.9929     0.1189     2.1556     0.8382
[1] 18000.0000     0.0004     0.9851     0.1340     1.9857     0.9240
[1] 18100.0000     0.0000     0.9981     0.0889     2.0088     1.0670
[1] 18200.0000     0.0000     0.9984     0.0590     2.0204     0.8927
[1] 18300.0000     0.0000     0.9983     0.1006     2.1235     1.0327
[1] 18400.0000     0.0000     0.9834     0.1468     2.0958     0.8493
[1] 18500.0000     0.0000     0.9989     0.1615     2.0791     0.9879
[1] 1.860e+04 0.000e+00 9.956e-01 2.283e-01 2.174e+00 9.021e-01
[1] 18700.0000     0.0000     0.9972     0.1976     2.0458     1.0906
[1] 18800.0000     0.0018     0.9890     0.1379     2.1224     1.1411
[1] 18900.0000     0.0000     0.9946     0.2241     2.1565     1.1801
[1] 19000.0000     0.0000     0.9990     0.1546     2.0821     0.8235
[1] 19100.0000     0.0344     0.9457     0.1844     2.1113     1.0145
[1] 19200.0000     0.0000     0.9695     0.1729     2.0979     0.9645
[1] 19300.0000     0.4100     0.9996     0.0697     2.0323     0.8073
[1] 19400.0000     0.0000     0.9997     0.2302     2.2127     0.8534
[1] 19500.0000     0.0003     0.9907     0.0415     2.1794     0.8574
[1] 19600.0000     0.0692     0.9797     0.0661     2.1139     1.1185
[1] 19700.0000     0.0000     0.9939     0.0922     2.1975     0.9385
[1] 19800.0000     0.0014     0.9896     0.1172     2.1202     0.9149
[1] 19900.0000     0.0060     0.9981     0.1137     2.1984     1.0280
[1] 20000.0000     0.0009     0.9955     0.2078     2.1745     1.0024
[1] 20100.0000     0.0001     0.9942     0.2328     2.0668     0.9182
[1] 20200.0000     0.8642     0.9840     0.2159     2.0951     1.1380
[1] 20300.0000     0.0002     0.9938     0.0686     2.0046     0.8685
[1] 20400.0000     0.0000     0.9596     0.1933     2.1469     1.0259
[1] 20500.0000     0.0000     0.9905     0.1624     2.1449     1.0353
[1] 20600.0000     0.0002     0.9981     0.1638     2.1046     1.1462
[1] 20700.0000     0.0000     0.9923     0.1668     2.1590     1.0695
[1] 20800.0000     1.0000     0.9981     0.0394     2.1477     1.0246
[1] 20900.0000     0.0002     0.9923     0.1833     2.1272     0.8949
[1] 21000.0000     0.0000     0.9940     0.1478     2.1306     0.9020
[1] 21100.0000     0.0000     0.9875     0.1341     2.1009     0.8198
[1] 21200.0000     0.0203     0.9995     0.2616     2.2156     0.8043
[1] 21300.0000     0.0000     0.9989     0.1304     2.1260     1.0422
[1] 21400.0000     0.0000     0.9920     0.0292     2.0411     1.0160
[1] 21500.0000     0.0000     0.9988     0.1537     2.0933     0.8682
[1] 2.160e+04 1.150e-02 9.963e-01 2.107e-01 2.183e+00 9.320e-01
[1] 21700.0000     0.0098     0.9973     0.2401     2.0987     0.9605
[1] 21800.0000     0.0000     0.9679     0.2343     2.1239     0.8456
[1] 21900.0000     0.0043     0.9832     0.2353     2.1162     1.1273
[1] 22000.0000     0.0020     0.9312     0.1040     2.0824     1.0052
[1] 22100.0000     0.0000     0.9795     0.1646     2.0456     0.8602
[1] 22200.0000     0.0000     0.9960     0.0480     1.9623     0.9858
[1] 22300.0000     0.2626     0.9726     0.1138     2.0763     0.8521
[1] 22400.0000     0.1780     0.9987     0.0282     1.9997     0.8822
[1] 22500.0000     0.0537     0.9946     0.1711     2.1422     1.0356
[1] 22600.0000     0.0001     0.9923     0.1912     2.2072     1.0394
[1] 22700.0000     0.0000     0.9920     0.1664     2.0356     1.1651
[1] 22800.0000     0.0001     0.9796     0.1875     2.1345     0.9697
[1] 22900.0000     0.0000     0.9936     0.2130     2.1426     1.1658
[1] 23000.0000     0.0000     0.9955     0.1716     2.0379     0.9113
[1] 23100.0000     0.0000     0.9800     0.1967     2.1887     1.0471
[1] 23200.0000     0.0000     0.9998     0.2094     2.1415     0.8944
[1] 23300.0000     0.0057     0.9988     0.2282     2.2347     0.9828
[1] 23400.0000     0.0001     0.9864     0.2705     2.1932     0.9542
[1] 23500.0000     1.0000     0.9916     0.0950     2.1486     1.1297
[1] 23600.0000     0.0000     0.9701     0.2459     2.0785     0.8172
[1] 23700.0000     0.0056     0.9977     0.2163     2.0872     0.9083
[1] 23800.0000     0.0005     0.9991     0.1435     2.1645     0.9793
[1] 23900.0000     0.0000     0.9920     0.0681     2.1656     1.0485
[1] 24000.0000     0.0000     0.9851     0.2571     2.1839     1.0873
[1] 24100.0000     0.0001     0.9867     0.1692     2.0608     1.0857
[1] 24200.0000     0.1591     0.9946     0.0898     2.1180     1.0711
[1] 24300.0000     0.0000     0.9954     0.1516     2.0802     1.1070
[1] 24400.0000     1.0000     0.9947     0.0911     2.0469     0.9697
[1] 24500.0000     0.0000     0.9943     0.1070     2.1353     1.0864
[1] 24600.0000     0.0000     0.9866     0.1170     2.0370     1.1519
[1] 24700.0000     0.0011     0.9889     0.0883     2.1589     0.9077
[1] 24800.0000     0.0096     0.9935     0.2108     2.0985     0.8359
[1] 24900.0000     0.0000     0.9853     0.1799     2.1682     0.9831
[1] 25000.0000     0.0000     0.9949     0.1405     2.0883     1.0594
[1] 25100.0000     0.0000     0.9974     0.2155     2.0069     1.1252
[1] 25200.0000     0.0000     0.9920     0.1554     2.1237     0.8420
[1] 25300.0000     0.0000     0.9981     0.0584     1.9994     0.8981
[1] 25400.0000     0.0000     0.9990     0.1396     2.0287     1.0936
[1] 2.550e+04 0.000e+00 9.954e-01 2.328e-01 2.121e+00 9.606e-01
[1] 25600.0000     0.0000     0.9926     0.1788     2.1328     0.9855
[1] 25700.0000     0.0000     0.9994     0.1510     2.2110     1.0873
[1] 25800.0000     0.0000     0.9910     0.1125     2.1479     0.8240
[1] 25900.0000     0.0000     0.9827     0.0756     2.0864     0.8279
[1] 26000.0000     0.0043     0.9994     0.1508     2.1568     0.8624
[1] 26100.0000     0.0000     0.9935     0.1293     2.1211     1.0009
[1] 26200.0000     0.0000     0.9803     0.2480     2.2158     0.8452
[1] 26300.0000     0.0000     0.9953     0.0642     2.1145     1.0204
[1] 26400.0000     0.0000     0.9921     0.1798     2.2209     1.1553
[1] 26500.0000     1.0000     0.9678     0.1151     2.0884     0.9418
[1] 26600.0000     0.0000     0.9993     0.2134     2.0888     1.0988
[1] 26700.0000     0.0000     0.9890     0.0949     2.1501     0.9390
[1] 26800.0000     0.0001     0.9994     0.1318     2.0403     1.1742
[1] 26900.0000     0.0015     0.9994     0.1318     2.0403     1.1742
[1] 27000.0000     0.0001     0.9862     0.2184     2.1039     0.8958
[1] 27100.0000     0.0029     0.9897     0.1515     2.0004     0.9084
[1] 27200.0000     0.0000     0.9878     0.0687     2.1284     0.8174
[1] 27300.0000     0.0263     0.9945     0.0845     2.1426     0.9630
[1] 27400.0000     0.0000     0.9885     0.1416     2.0700     1.0411
[1] 27500.0000     0.0000     0.9665     0.1555     2.0759     1.1723
[1] 27600.0000     0.0000     0.9952     0.1180     2.1025     1.1217
[1] 27700.0000     0.0000     0.9995     0.1308     2.0735     0.9782
[1] 27800.0000     0.0002     0.9929     0.1736     2.1972     0.9664
[1] 27900.0000     0.0000     0.9915     0.1664     2.1088     1.0059
[1] 28000.0000     0.0000     0.9813     0.1992     2.0116     1.1243
[1] 28100.0000     0.0000     0.9968     0.1012     2.1275     1.0198
[1] 28200.0000     0.0001     0.9988     0.2443     2.1258     1.1369
[1] 28300.0000     0.0000     0.9983     0.1766     2.0992     0.8830
[1] 28400.0000     0.0130     0.9998     0.1215     2.1129     1.1956
[1] 28500.0000     0.0000     0.9929     0.1956     2.1167     1.0716
[1] 28600.0000     0.0001     0.9775     0.1368     2.1069     0.9079
[1] 28700.0000     0.0000     0.9975     0.1869     2.0579     1.1870
[1] 28800.0000     0.1704     0.9910     0.1954     2.1588     0.8580
[1] 28900.0000     0.0072     0.9964     0.2397     2.1640     1.0933
[1] 29000.0000     0.0000     0.9902     0.1560     2.1672     1.1485
[1] 29100.0000     0.0575     0.9977     0.1939     2.1161     0.9452
[1] 29200.0000     0.0000     0.9889     0.1692     2.1181     1.0979
[1] 29300.0000     0.0000     0.9996     0.1099     2.1380     1.1465
[1] 29400.0000     0.0000     0.9996     0.1462     2.0395     1.0468
[1] 29500.0000     0.0000     0.9996     0.1462     2.0395     1.0468
[1] 29600.0000     0.0052     0.9989     0.2105     2.2232     1.0390
[1] 29700.0000     0.0000     0.9984     0.0370     2.0308     0.8797
[1] 29800.0000     0.0000     0.9840     0.1753     2.0947     0.9981
[1] 29900.0000     0.2618     0.9798     0.1086     2.2088     1.0014
[1] 30000.0000     0.0001     0.9995     0.2364     2.1509     0.8228
[1] 0.06095756
Time difference of 10.86111 hours
null device 
          1 
