[1] "El numero de nodos X particion es: 10"
[1] "Model = M1 / Data = sim_data/datasetSVCExponential15.Rdata"
[1] 100.0000   1.0000   0.8291   0.0252   2.1072   0.9331
[1] 200.0000   1.0000   0.9804   0.0529   2.1275   1.0297
[1] 300.0000   0.6695   0.8776   0.0281   2.1553   1.0665
[1] 400.0000   0.1031   0.9217  -0.0770   2.0259   0.9692
[1] 500.0000   0.5514   0.8902  -0.0497   2.0168   0.8863
[1] 600.0000   0.0038   0.8693   0.1914   2.1490   1.0610
[1] 700.0000   0.8850   0.8087  -0.0427   1.9973   1.0605
[1] 800.0000   1.0000   0.8954   0.0589   2.1138   1.1490
[1] 900.0000   0.4788   0.9357  -0.1791   2.0212   1.0743
[1] 1000.0000    0.8385    0.9692    0.1591    2.2496    0.9576
[1] 1100.0000    0.3662    0.9726   -0.1095    1.9103    1.0201
[1] 1200.0000    1.0000    0.8603    0.1074    2.2399    0.9164
[1] 1300.0000    0.6118    0.8617   -0.0248    2.0839    1.0550
[1] 1400.0000    0.0510    0.9303   -0.1411    2.0473    1.1894
[1] 1500.0000    0.0008    0.9672    0.0968    2.1954    1.1986
[1] 1600.0000    0.4377    0.8673    0.1534    2.2347    0.9237
[1] 1700.0000    0.0000    0.9259   -0.0039    2.0127    1.0764
[1] 1800.0000    0.0000    0.9234   -0.0337    2.1628    1.1307
[1] 1900.0000    0.3172    0.9957    0.1607    2.2565    1.1822
[1] 2000.0000    0.0671    0.9978    0.1054    2.1262    1.1535
[1] 2100.0000    0.3854    0.8081    0.1967    2.2921    0.9300
[1] 2200.0000    0.7676    0.8580    0.1287    2.1659    1.0161
[1] 2300.0000    0.1909    0.8377    0.0862    2.2193    0.8487
[1] 2400.0000    0.5401    0.9764    0.0682    2.0428    1.0594
[1] 2500.0000    1.0000    0.9002    0.1083    2.1011    1.1531
[1] 2600.0000    0.0866    0.9658    0.0170    2.1192    1.0023
[1] 2700.0000    0.0699    0.8044   -0.0229    2.1234    1.0835
[1] 2800.0000    0.1685    0.8906    0.0065    2.1854    0.8787
[1] 2900.0000    0.0070    0.8994   -0.1515    1.9438    1.0050
[1] 3000.0000    0.0215    0.9297    0.2277    2.3088    1.1984
[1] 3100.0000    0.4583    0.8708    0.1862    2.2238    0.9667
[1] 3200.0000    0.0468    0.9371    0.0782    2.1121    1.1278
[1] 3300.0000    0.0000    0.9877    0.0918    2.1393    0.9428
[1] 3400.0000    0.0008    0.9515   -0.1352    1.8472    1.1198
[1] 3500.0000    1.0000    0.9338    0.1400    2.3029    0.8830
[1] 3600.0000    0.0457    0.9538   -0.0965    1.9505    1.1717
[1] 3700.0000    0.0005    0.9950    0.1776    2.1637    1.0085
[1] 3800.0000    0.0000    0.8653   -0.0043    2.0047    0.9884
[1] 3900.0000    0.0366    0.9837   -0.0049    2.1142    1.1370
[1] 4000.0000    0.4489    0.9388    0.1178    2.0031    0.8131
[1] 4100.0000    1.0000    0.9426    0.2263    2.1886    0.8764
[1] 4200.0000    0.2569    0.9756   -0.0355    2.0444    0.9752
[1] 4300.0000    0.0000    0.9986    0.1339    2.2675    0.9026
[1] 4400.0000    0.1179    0.9571    0.2078    2.2495    0.9932
[1] 4500.0000    0.5432    0.8410    0.1711    2.2942    1.1520
[1] 4600.0000    0.0773    0.8039    0.0102    2.0289    1.1669
[1] 4700.0000    0.0000    0.9709    0.1493    2.2191    1.0444
[1] 4800.0000    0.0221    0.8985   -0.0485    2.0006    0.9827
[1] 4900.0000    0.5821    0.8201    0.3270    2.4016    1.1747
[1] 5000.0000    0.9445    0.9273    0.2000    2.2580    1.0348
[1] 5100.0000    0.0589    0.9679    0.0668    2.1617    1.1951
[1] 5200.0000    0.0035    0.8350    0.1551    2.3763    1.0935
[1] 5300.0000    1.0000    0.8379    0.1127    2.1366    1.0434
[1] 5400.0000    0.8422    0.8333    0.0216    2.0612    0.9811
[1] 5500.0000    0.0035    0.8506    0.0326    2.0339    1.1979
[1] 5600.0000    0.1146    0.8407   -0.2132    2.0054    1.1085
[1] 5700.0000    0.3057    0.9403   -0.0047    2.0217    0.9236
[1] 5800.0000    0.0849    0.8612    0.0875    2.2513    1.0327
[1] 5900.0000    0.6894    0.8759   -0.0888    2.0120    1.0113
[1] 6000.0000    0.3497    0.8924    0.1286    2.1315    1.0716
[1] 6100.0000    0.0537    0.9517    0.2967    2.3080    0.9216
[1] 6200.0000    1.0000    0.8336   -0.2212    1.8016    0.9759
[1] 6300.0000    0.0234    0.9569   -0.1471    2.0307    0.8080
[1] 6400.0000    0.2955    0.9022    0.0652    2.0369    0.8332
[1] 6500.0000    0.1546    0.8697    0.1090    2.2237    0.9040
[1] 6600.0000    0.0153    0.8860   -0.0518    2.1060    1.0301
[1] 6700.0000    0.0000    0.8229   -0.0227    1.9537    1.0410
[1] 6800.0000    0.9165    0.8496    0.0900    2.1814    0.9728
[1] 6900.0000    0.0831    0.8556   -0.0225    2.0394    1.1638
[1] 7000.0000    0.0021    0.9977    0.0986    2.1566    1.0944
[1] 7100.0000    0.2045    0.8440    0.2366    2.1961    0.9302
[1] 7200.0000    0.0024    0.9645    0.0581    2.1028    0.9109
[1] 7300.0000    0.0005    0.8821    0.1107    2.2476    0.9361
[1] 7400.0000    0.0000    0.8164   -0.1071    1.9648    0.8600
[1] 7500.0000    0.1282    0.9538    0.2541    2.3041    1.0728
[1] 7600.0000    0.0609    0.8332    0.0063    2.0707    1.0877
[1] 7700.0000    0.0066    0.8552   -0.0579    1.9762    1.0850
[1] 7800.0000    0.0003    0.8139   -0.0305    2.0422    0.8702
[1] 7900.0000    0.7999    0.8037    0.0621    2.1520    1.1632
[1] 8000.0000    0.7144    0.9186   -0.0562    1.9945    1.0026
[1] 8100.0000    0.6752    0.8687    0.0218    2.1314    1.0506
[1] 8200.0000    0.0000    0.9803    0.0957    2.1786    0.8647
[1] 8300.0000    0.0009    0.8397    0.2538    2.2959    1.0813
[1] 8400.0000    1.0000    0.9278    0.0735    2.1024    0.8107
[1] 8500.0000    0.0002    0.9939   -0.0194    2.0172    1.0648
[1] 8600.0000    0.3643    0.9214    0.0175    2.1657    1.0135
[1] 8700.0000    0.2704    0.8293   -0.0111    1.9397    0.8767
[1] 8800.0000    1.0000    0.9324   -0.0546    2.0341    0.8066
[1] 8900.0000    0.6378    0.9431   -0.0828    2.0778    1.1381
[1] 9000.0000    0.2350    0.9025    0.1058    2.1427    0.9096
[1] 9100.0000    0.5397    0.9156    0.1632    2.2676    1.0916
[1] 9200.0000    0.0332    0.8083    0.0177    2.0909    1.0837
[1] 9300.0000    0.0003    0.9856    0.1190    2.1298    1.1370
[1] 9400.0000    0.2932    0.8458    0.1599    2.1199    1.0091
[1] 9500.0000    0.0000    0.9329   -0.0660    2.0938    0.8817
[1] 9600.0000    1.0000    0.9566    0.0115    2.0956    1.1182
[1] 9700.0000    0.1164    0.9791    0.0894    2.1487    1.1886
[1] 9800.0000    0.1495    0.8196    0.1033    2.1093    0.9680
[1] 9900.0000    0.0000    0.9529    0.2556    2.1786    0.9335
[1] 10000.0000     0.5650     0.9167    -0.2924     1.8516     1.1877
[1] 10100.0000     0.5447     0.9049     0.1550     2.1448     1.0751
[1] 10200.0000     0.0073     0.9084    -0.0110     1.9724     0.8386
[1] 1.030e+04 3.070e-02 8.120e-01 1.959e-01 2.180e+00 8.804e-01
[1] 10400.0000     0.0028     0.8213     0.0331     2.1087     1.0055
[1] 10500.0000     0.6378     0.8159     0.1731     2.1197     1.1284
[1] 10600.0000     0.0199     0.9579     0.1662     2.2874     1.1829
[1] 10700.0000     0.0003     0.8531     0.1071     2.1899     0.8181
[1] 10800.0000     0.3913     0.9785    -0.0070     2.1897     1.1554
[1] 10900.0000     0.0000     0.8264     0.0276     2.1885     1.1140
[1] 11000.0000     0.1200     0.8012     0.0283     2.2605     0.9407
[1] 11100.0000     0.0004     0.8902     0.3147     2.4192     0.9114
[1] 11200.0000     0.8956     0.9412    -0.0199     2.1466     0.8257
[1] 11300.0000     0.9526     0.9738     0.0745     2.0314     1.1215
[1] 11400.0000     1.0000     0.9866     0.0724     2.1458     0.8664
[1] 11500.0000     0.0000     0.9311     0.0268     2.1109     0.8792
[1] 11600.0000     0.2766     0.9382    -0.3061     1.8343     0.8033
[1] 11700.0000     0.7731     0.9810    -0.1071     1.9786     0.9386
[1] 11800.0000     0.0100     0.8440     0.0569     2.0318     0.8198
[1] 11900.0000     0.8949     0.9415     0.1711     2.2136     1.0738
[1] 12000.0000     0.0076     0.8543     0.0075     2.0936     1.1591
[1] 12100.0000     0.3052     0.9452     0.1115     2.1591     0.8400
[1] 1.220e+04 5.200e-03 8.279e-01 7.010e-02 2.024e+00 8.199e-01
[1] 12300.0000     0.0045     0.9623     0.1796     2.0958     1.1420
[1] 12400.0000     1.0000     0.8046    -0.0579     2.0300     0.8797
[1] 12500.0000     0.1869     0.9120     0.2636     2.3623     1.1259
[1] 12600.0000     1.0000     0.9564     0.1333     2.0961     1.1675
[1] 12700.0000     0.0000     0.9486     0.2767     2.3659     0.8166
[1] 12800.0000     0.0085     0.9108     0.0474     2.0763     1.0765
[1] 12900.0000     0.0324     0.8621    -0.2341     1.8628     0.8185
[1] 13000.0000     0.0077     0.8840     0.0540     2.0382     1.1100
[1] 13100.0000     0.0012     0.9404     0.1171     2.1876     0.9822
[1] 13200.0000     0.0047     0.9589    -0.1149     1.9000     1.1555
[1] 13300.0000     1.0000     0.9675     0.2033     2.2883     1.1190
[1] 13400.0000     0.0000     0.9485     0.1592     2.0438     1.0271
[1] 13500.0000     0.0004     0.8240     0.0541     2.1383     1.0099
[1] 13600.0000     0.0080     0.8917     0.0842     2.0121     1.0301
[1] 13700.0000     1.0000     0.8314     0.0910     2.1731     0.8589
[1] 13800.0000     0.0001     0.9275     0.0006     2.1139     1.0955
[1] 13900.0000     0.7495     0.8125     0.0376     2.0767     1.1546
[1] 1.400e+04 8.119e-01 9.598e-01 1.561e-01 2.191e+00 8.043e-01
[1] 14100.0000     0.0001     0.9236     0.2806     2.3337     0.9106
[1] 14200.0000     0.0346     0.9171     0.0944     2.1248     0.8964
[1] 14300.0000     0.0245     0.8359    -0.1036     2.0014     1.0907
[1] 14400.0000     0.9570     0.8984     0.0661     2.1661     1.1866
[1] 14500.0000     0.0042     0.8302     0.0104     2.1140     1.1813
[1] 14600.0000     0.0000     0.8084    -0.0691     2.0577     0.8928
[1] 14700.0000     1.0000     0.8840     0.1155     2.1803     1.0394
[1] 14800.0000     0.0000     0.8106    -0.1948     1.9373     1.0978
[1] 14900.0000     0.6058     0.9485     0.1348     2.2487     1.1960
[1] 15000.0000     0.0000     0.9486    -0.0773     1.9956     0.9418
[1] 15100.0000     0.0651     0.9112     0.0730     2.1754     1.0503
[1] 15200.0000     0.4788     0.9896     0.2209     2.2141     1.1186
[1] 15300.0000     0.0598     0.8296     0.1306     2.2583     1.1944
[1] 15400.0000     0.8100     0.9829     0.0806     2.2391     1.0368
[1] 15500.0000     0.4116     0.9013     0.1202     2.0956     1.0728
[1] 15600.0000     1.0000     0.9912     0.0012     2.0281     1.0551
[1] 15700.0000     0.0003     0.9705     0.3256     2.3626     0.8969
[1] 15800.0000     0.1318     0.9774    -0.0831     1.8332     1.1822
[1] 15900.0000     0.0000     0.9524     0.0481     2.1517     1.0855
[1] 16000.0000     1.0000     0.9761    -0.0155     2.0492     1.0600
[1] 16100.0000     1.0000     0.9477     0.0773     2.2206     0.9420
[1] 16200.0000     1.0000     0.8455     0.0510     2.1184     1.0509
[1] 16300.0000     0.4466     0.9029     0.2884     2.2662     1.0365
[1] 16400.0000     1.0000     0.8844     0.1139     2.1075     1.1913
[1] 16500.0000     0.0753     0.9894     0.1133     2.1969     0.9222
[1] 16600.0000     1.0000     0.9292    -0.0869     2.0105     1.0485
[1] 16700.0000     0.1828     0.8804     0.0987     2.1954     1.1815
[1] 16800.0000     0.0894     0.8165    -0.1740     1.8746     1.0376
[1] 16900.0000     0.1982     0.8221     0.0386     2.0541     1.1575
[1] 17000.0000     0.3798     0.9815     0.1839     2.1649     0.9010
[1] 17100.0000     0.0636     0.9483     0.2857     2.3399     0.9775
[1] 17200.0000     0.1946     0.9497     0.0287     2.0646     0.8252
[1] 17300.0000     0.0581     0.9564    -0.1192     1.9556     0.9524
[1] 17400.0000     0.7377     0.9623     0.2196     2.3420     1.1696
[1] 17500.0000     1.0000     0.9645    -0.1008     1.9287     0.9956
[1] 17600.0000     0.0641     0.9193     0.1065     2.1009     0.8193
[1] 17700.0000     0.0107     0.8922     0.0029     2.0063     1.0234
[1] 17800.0000     0.3692     0.9877    -0.0345     1.9914     1.0638
[1] 17900.0000     0.0040     0.8644     0.1410     2.2384     1.0507
[1] 18000.0000     0.8077     0.9109     0.0971     2.1423     0.8712
[1] 18100.0000     0.0036     0.9137     0.0380     2.1337     0.9014
[1] 18200.0000     1.0000     0.8073     0.2740     2.3272     0.9256
[1] 18300.0000     0.0210     0.9706    -0.0376     2.0304     1.1685
[1] 18400.0000     0.0010     0.9243    -0.1835     1.9715     1.1066
[1] 18500.0000     0.0621     0.8299    -0.0296     2.0859     1.0883
[1] 18600.0000     0.0150     0.8932     0.1235     2.2671     0.8460
[1] 18700.0000     0.0505     0.8557     0.1431     2.2204     0.9105
[1] 18800.0000     0.1528     0.9886     0.0611     2.1087     0.9459
[1] 18900.0000     0.0001     0.8387    -0.0488     2.0425     0.8037
[1] 19000.0000     1.0000     0.8087     0.0630     2.1531     1.1060
[1] 19100.0000     0.0347     0.8142    -0.1529     1.9507     1.0716
[1] 19200.0000     0.5691     0.8319    -0.0663     1.9117     1.0132
[1] 19300.0000     0.3875     0.8940     0.0437     2.1050     1.1248
[1] 19400.0000     0.2044     0.8040     0.0677     2.0742     1.1551
[1] 1.950e+04 4.000e-04 8.243e-01 3.373e-01 2.372e+00 8.751e-01
[1] 19600.0000     0.1796     0.9711     0.0210     2.1163     1.0171
[1] 19700.0000     0.0365     0.8764     0.0725     2.1108     0.8717
[1] 19800.0000     0.7979     0.9324     0.3100     2.3252     1.1958
[1] 1.990e+04 3.226e-01 9.981e-01 3.748e-01 2.498e+00 1.028e+00
[1] 20000.0000     0.9126     0.9605     0.0512     2.0082     0.8244
[1] 20100.0000     0.0000     0.8622     0.1074     2.1759     0.8640
[1] 20200.0000     1.0000     0.9840     0.1759     2.2534     1.1380
[1] 20300.0000     0.0263     0.9350    -0.1233     1.9667     0.8887
[1] 20400.0000     1.0000     0.8446     0.0608     2.0879     1.0333
[1] 20500.0000     0.0043     0.8964     0.0304     2.1352     1.1285
[1] 20600.0000     0.3548     0.9169     0.0036     2.1500     1.1057
[1] 20700.0000     0.7447     0.8107     0.2701     2.2791     1.0874
[1] 20800.0000     1.0000     0.9981    -0.0586     2.0791     1.0246
[1] 20900.0000     0.0000     0.8352     0.0438     2.1341     0.8133
[1] 21000.0000     0.2424     0.9313     0.0428     2.1208     1.0024
[1] 21100.0000     0.1048     0.9291     0.0894     2.1422     1.1428
[1] 21200.0000     1.0000     0.9611     0.0986     2.1519     0.8029
[1] 21300.0000     0.0010     0.8214     0.0569     1.9987     1.0391
[1] 21400.0000     0.9578     0.8276     0.1459     2.1977     0.8233
[1] 21500.0000     0.0033     0.8906     0.1892     2.2558     0.8206
[1] 21600.0000     0.8235     0.9634     0.1049     2.2343     0.9473
[1] 21700.0000     0.1665     0.9973    -0.0638     2.0112     0.9605
[1] 21800.0000     0.6317     0.8443     0.2012     2.3556     0.9811
[1] 21900.0000     0.3553     0.9598     0.1290     2.2751     0.8497
[1] 22000.0000     0.1545     0.8850     0.0905     2.0952     0.9555
[1] 22100.0000     0.0017     0.8953    -0.0484     2.1115     0.9321
[1] 22200.0000     0.3954     0.8579    -0.1059     2.0162     0.8534
[1] 22300.0000     0.0355     0.9726    -0.0883     2.1561     0.8521
[1] 22400.0000     1.0000     0.9971    -0.0521     1.9902     0.9354
[1] 22500.0000     0.0050     0.8239     0.0943     2.2306     1.1368
[1] 22600.0000     0.0165     0.8006     0.1275     2.1477     0.8902
[1] 22700.0000     0.0000     0.8271    -0.1302     1.9556     1.1968
[1] 22800.0000     0.5106     0.8972     0.0466     2.0325     1.0231
[1] 22900.0000     0.0784     0.8804    -0.0562     2.0619     0.9211
[1] 23000.0000     0.0000     0.8188     0.1768     2.1567     1.0070
[1] 23100.0000     1.0000     0.8119     0.0756     2.1801     1.0551
[1] 23200.0000     0.0724     0.8437     0.2081     2.2925     0.8877
[1] 23300.0000     0.0005     0.9905     0.1750     2.2813     1.1869
[1] 23400.0000     0.2075     0.8888     0.1287     2.0594     1.0444
[1] 23500.0000     0.1443     0.8245     0.0928     2.1533     0.8555
[1] 23600.0000     0.0563     0.8176     0.0428     2.1114     0.8266
[1] 23700.0000     0.2551     0.9977     0.0074     2.0585     0.9083
[1] 23800.0000     1.0000     0.9299     0.0497     2.0117     1.0580
[1] 23900.0000     0.6051     0.9920     0.1374     2.1545     1.0485
[1] 24000.0000     0.2661     0.9322     0.1068     2.1193     0.9399
[1] 24100.0000     1.0000     0.9214    -0.0703     2.0569     0.8541
[1] 24200.0000     0.0127     0.9331    -0.0663     2.1530     1.1419
[1] 24300.0000     0.2821     0.9595     0.0292     2.0798     0.9607
[1] 24400.0000     1.0000     0.9947    -0.0628     1.9882     0.9697
[1] 24500.0000     0.0044     0.8969     0.1090     2.1321     1.0480
[1] 24600.0000     0.0002     0.9237    -0.0057     2.0569     1.0127
[1] 24700.0000     0.3926     0.9195    -0.1247     1.8689     0.8781
[1] 24800.0000     0.0002     0.8460     0.0256     2.0823     0.9489
[1] 24900.0000     0.2323     0.8023    -0.0162     2.0620     1.0260
[1] 25000.0000     1.0000     0.8801     0.2690     2.3285     0.8235
[1] 25100.0000     0.4120     0.8622     0.1492     2.1951     0.8281
[1] 25200.0000     0.1105     0.9507     0.0717     2.2022     0.9719
[1] 25300.0000     0.0000     0.9779    -0.0759     2.0973     0.8977
[1] 25400.0000     0.0205     0.9183    -0.1828     1.8600     1.0450
[1] 25500.0000     0.7863     0.8159    -0.0239     1.9591     1.0385
[1] 25600.0000     0.0176     0.9926     0.3316     2.3414     0.9855
[1] 25700.0000     0.3106     0.8976    -0.1058     1.9839     0.9408
[1] 25800.0000     0.0225     0.9910    -0.0256     2.0821     0.8240
[1] 25900.0000     0.0004     0.8683     0.1297     2.0918     0.8098
[1] 26000.0000     0.4606     0.9492    -0.0447     1.9198     1.0058
[1] 26100.0000     0.0863     0.9326     0.0749     2.1818     1.0189
[1] 26200.0000     0.4889     0.8601    -0.0041     2.1390     0.9041
[1] 26300.0000     0.5719     0.8623    -0.2035     1.9053     1.0835
[1] 26400.0000     0.2222     0.8855     0.2681     2.2341     1.0131
[1] 26500.0000     0.0219     0.8034    -0.1127     1.9376     1.1338
[1] 26600.0000     0.2671     0.8720    -0.0850     1.9803     0.9170
[1] 26700.0000     0.0687     0.9721     0.0593     2.1333     0.8075
[1] 26800.0000     0.0823     0.8173     0.0656     2.1282     0.9752
[1] 26900.0000     0.0084     0.9241     0.1778     2.2297     1.0646
[1] 27000.0000     1.0000     0.8977     0.1240     2.2115     0.8661
[1] 27100.0000     0.0001     0.8095    -0.0009     2.0622     1.0497
[1] 27200.0000     0.0163     0.8304     0.1138     2.2384     0.8580
[1] 27300.0000     0.0009     0.9608     0.0750     2.0744     0.8492
[1] 27400.0000     0.3316     0.8806    -0.0802     1.9402     1.0468
[1] 27500.0000     1.0000     0.8366     0.1123     2.1569     1.0805
[1] 27600.0000     0.0005     0.9952     0.3219     2.3753     1.1217
[1] 27700.0000     0.0043     0.8768     0.2260     2.3142     1.0202
[1] 27800.0000     0.0000     0.8358     0.2624     2.2967     1.1051
[1] 27900.0000     0.6714     0.8913     0.1300     2.1799     0.8389
[1] 28000.0000     0.0001     0.9003     0.0411     2.1506     0.9918
[1] 28100.0000     0.0000     0.9262    -0.0446     2.0641     1.0710
[1] 28200.0000     0.3753     0.9920     0.2387     2.2757     1.1206
[1] 2.830e+04 3.950e-02 8.510e-01 1.116e-01 2.121e+00 8.048e-01
[1] 28400.0000     0.7182     0.9594    -0.0124     1.9876     0.8105
[1] 28500.0000     1.0000     0.8206     0.1254     2.2473     1.0447
[1] 28600.0000     0.0002     0.9775     0.1095     2.2062     0.9079
[1] 28700.0000     0.1841     0.8497     0.0560     2.0724     1.1155
[1] 28800.0000     1.0000     0.9743     0.0251     2.0761     0.8723
[1] 28900.0000     1.0000     0.9689    -0.0456     2.0655     1.0738
[1] 29000.0000     0.2057     0.8251     0.0457     2.0919     0.9007
[1] 29100.0000     0.0092     0.9156     0.1348     2.2223     0.8172
[1] 29200.0000     0.0044     0.9889    -0.1585     1.9767     1.0979
[1] 29300.0000     0.0153     0.9749    -0.0501     1.9654     0.9782
[1] 29400.0000     0.1578     0.9512     0.1064     2.1520     1.1262
[1] 29500.0000     0.0001     0.9711    -0.1396     1.9435     0.9025
[1] 2.960e+04 6.160e-02 8.135e-01 1.535e-01 2.196e+00 8.030e-01
[1] 29700.0000     0.0341     0.9571     0.0301     2.0677     0.9736
[1] 29800.0000     0.7405     0.8701     0.0342     2.2273     0.8024
[1] 29900.0000     0.8705     0.9798     0.1062     2.1302     1.0014
[1] 30000.0000     0.6729     0.9214     0.1023     2.0867     0.9341
[1] 0.3583457
Time difference of 3.893532 hours
null device 
          1 
