[1] "El numero de nodos X particion es: 10"
[1] "Model = M2 / Data = sim_data/datasetSVIExponential14.Rdata"
[1] 100.0000   0.7491   0.9429   0.1252   1.8403   1.1970
[1] 200.0000   0.0052   0.8487   0.2681   1.7018   0.8384
[1] 300.0000   0.3729   0.8776   0.0818   1.9703   1.0665
[1] 400.0000   0.0236   0.9217  -0.2802   2.2290   0.9692
[1] 500.0000   0.0000   0.8673   0.3751   1.5977   1.1452
[1] 600.0000   0.3673   0.9748  -0.4568   2.3214   1.0386
[1] 700.0000   0.0001   0.8999  -0.6572   2.6802   1.0702
[1] 800.0000   0.0000   0.8728  -0.7072   2.6970   0.9084
[1] 900.0000   0.0000   0.9606  -0.3908   2.3777   1.0158
[1] 1000.0000    0.0000    0.8209   -0.6755    2.6463    0.9374
[1] 1100.0000    0.0000    0.8924    0.7774    1.0953    0.9545
[1] 1200.0000    0.2888    0.8603    0.6590    1.4138    0.9164
[1] 1300.0000    0.0000    0.9498   -0.0488    1.9411    1.1653
[1] 1400.0000    0.0000    0.9303    0.1889    1.6693    1.1894
[1] 1500.0000    0.0000    0.9584    1.1736    0.8420    1.0940
[1] 1600.0000    0.0000    0.9894   -0.4066    2.3372    1.0856
[1] 1700.0000    0.0000    0.9419   -0.1199    2.1581    1.0966
[1] 1800.0000    0.0000    0.9376    0.4676    1.5115    0.8302
[1] 1900.0000    0.0000    0.8411   -0.5620    2.5163    1.0047
[1] 2000.0000    0.0072    0.8821   -0.1840    2.0099    0.8614
[1] 2100.0000    0.0000    0.8151   -1.1185    3.1035    1.0021
[1] 2200.0000    0.0000    0.8668    0.0563    1.9888    1.0989
[1] 2300.0000    0.0000    0.8228   -0.4545    2.3650    1.1776
[1] 2400.0000    0.0000    0.9355   -0.2699    2.1910    1.1578
[1] 2500.0000    0.0653    0.8909    0.3650    1.5952    1.1217
[1] 2600.0000    0.0000    0.8617   -0.6728    2.5336    0.8044
[1] 2700.0000    0.0000    0.8492   -0.8948    2.9051    0.9140
[1] 2800.0000    0.0369    0.9382    0.1781    1.8571    1.1558
[1] 2900.0000    0.0000    0.9341   -0.2899    2.1697    0.9034
[1] 3000.0000    0.0000    0.8454   -0.0694    2.0565    0.9669
[1] 3100.0000    0.0000    0.9787    0.7244    1.2779    0.9283
[1] 3200.0000    0.0000    0.9190    0.6941    1.2839    0.9575
[1] 3300.0000    0.0000    0.9312    0.4324    1.5797    0.9302
[1] 3400.0000    0.2250    0.8983    1.3831    0.6627    1.1525
[1] 3500.0000    0.0000    0.8568    0.3678    1.5752    1.0820
[1] 3600.0000    0.0000    0.9625   -0.1865    2.1538    0.8525
[1] 3700.0000    0.4374    0.9950    0.3621    1.6363    1.0085
[1] 3800.0000    0.0000    0.9791    1.1437    0.8019    1.0179
[1] 3900.0000    0.0000    0.8349    0.3836    1.6289    1.1538
[1] 4000.0000    0.0000    0.9448   -0.0410    2.0099    1.0791
[1] 4100.0000    0.0000    0.8388   -1.0922    3.1161    0.8864
[1] 4200.0000    0.0000    0.9756   -1.0164    2.9340    0.9752
[1] 4300.0000    0.3774    0.8741   -1.3182    3.2869    1.1249
[1] 4400.0000    0.0000    0.9983    0.2140    1.7093    1.0333
[1] 4500.0000    0.2019    0.8404    0.0848    1.9054    1.1577
[1] 4600.0000    0.0000    0.9525    0.5605    1.4688    1.1110
[1] 4700.0000    0.0000    0.8528   -0.6385    2.5689    0.8411
[1] 4800.0000    0.0000    0.8660   -1.0548    3.0111    1.0939
[1] 4900.0000    0.0000    0.8114   -1.6024    3.5459    0.8255
[1] 5000.0000    0.0003    0.9988   -1.2259    3.0651    0.9542
[1] 5100.0000    0.0000    0.9679   -1.1603    3.0780    1.1951
[1] 5200.0000    0.0000    0.8051   -0.3270    2.2862    0.8965
[1] 5300.0000    0.0000    0.8845    0.3675    1.5850    1.0022
[1] 5400.0000    0.0000    0.8536    1.2832    0.7228    0.9337
[1] 5500.0000    0.0000    0.8913    1.3524    0.5813    1.1131
[1] 5600.0000    0.0000    0.9929   -0.0759    1.9290    1.1085
[1] 5700.0000    0.0000    0.9445    0.9064    1.1216    1.0237
[1] 5800.0000    0.0000    0.8612   -0.1687    2.2147    1.0327
[1] 5900.0000    0.0000    0.9433    0.2976    1.5855    0.8670
[1] 6000.0000    0.0000    0.8887    0.3268    1.5611    0.8335
[1] 6100.0000    0.0000    0.9284    0.0410    1.9700    0.9188
[1] 6200.0000    0.0000    0.8741    0.1295    1.8269    0.8043
[1] 6300.0000    0.0000    0.9569   -0.8202    2.7586    0.8080
[1] 6400.0000    0.0000    0.9599   -0.4120    2.4525    0.9947
[1] 6500.0000    0.0000    0.9084   -0.1554    2.1120    1.0918
[1] 6600.0000    0.0000    0.8710   -0.2156    2.1114    0.9001
[1] 6700.0000    0.0000    0.9231   -0.8708    2.9733    1.1521
[1] 6800.0000    0.0851    0.8794    0.2929    1.6973    0.9381
[1] 6900.0000    0.0000    0.8857   -0.8102    2.8383    0.9847
[1] 7000.0000    0.0000    0.8521   -0.1641    2.1534    1.0680
[1] 7100.0000    0.0000    0.9857    0.2195    1.7422    1.0571
[1] 7200.0000    0.0000    0.8247   -0.2492    2.2959    0.8913
[1] 7300.0000    0.0000    0.9346   -0.3382    2.3665    1.1740
[1] 7400.0000    0.0000    0.8045   -0.8814    2.7630    0.8734
[1] 7500.0000    0.0000    0.8475   -1.7924    3.7164    1.0597
[1] 7600.0000    0.0000    0.9493   -0.6291    2.6082    0.9281
[1] 7700.0000    0.0000    0.8440   -1.2276    3.1746    0.8976
[1] 7800.0000    0.0000    0.8350   -0.0780    2.1264    1.1361
[1] 7900.0000    0.0000    0.9654   -0.1092    2.0202    1.1831
[1] 8000.0000    0.0000    0.9309    0.5835    1.2913    1.0835
[1] 8100.0000    0.0000    0.8483   -0.1402    2.0412    0.8203
[1] 8200.0000    0.0000    0.9207   -1.1016    3.0809    1.1282
[1] 8300.0000    0.0000    0.8222   -0.9999    3.0313    0.8438
[1] 8400.0000    0.0000    0.9658   -0.9647    2.8331    0.9286
[1] 8500.0000    0.0000    0.8325   -0.1762    2.2244    1.0750
[1] 8600.0000    0.0000    0.8576   -0.8380    2.7905    1.0835
[1] 8700.0000    0.0000    0.8940    1.0557    0.8714    1.0236
[1] 8800.0000    0.0000    0.9735    0.7961    1.0506    1.0381
[1] 8900.0000    0.0000    0.8248    1.7315    0.2734    1.0728
[1] 9000.0000    0.0000    0.8301    1.3333    0.6287    1.1387
[1] 9100.0000    0.0000    0.8755    1.0437    0.9098    0.8812
[1] 9200.0000    0.0000    0.8129    0.3862    1.5886    1.1264
[1] 9300.0000    0.0000    0.9270   -0.0634    2.0206    1.1117
[1] 9400.0000    0.0000    0.8413    1.0915    0.7991    1.0761
[1] 9500.0000    0.0000    0.9934    0.2442    1.7779    1.0697
[1] 9600.0000    0.0000    0.8149    0.1373    1.8624    0.9056
[1] 9700.0000    0.0000    0.9657    1.2371    0.7368    0.9166
[1] 9800.0000    0.0000    0.8457    0.5883    1.3572    0.8235
[1] 9900.0000    0.0000    0.9876    1.4501    0.5347    0.9739
[1] 10000.0000     0.2405     0.9984    -0.4848     2.4398     0.9987
[1] 10100.0000     0.0000     0.9832    -0.2295     2.2364     0.9199
[1] 10200.0000     0.0000     0.8458     0.4344     1.5099     1.1044
[1] 10300.0000     0.0394     0.9549     1.8202     0.2320     0.8021
[1] 10400.0000     0.0000     0.9109     0.0672     1.8539     0.9653
[1] 10500.0000     0.0000     0.9828     0.4804     1.4589     0.8036
[1] 10600.0000     0.0000     0.9506    -0.0597     1.9824     0.8638
[1] 10700.0000     0.0000     0.8800     0.8448     1.1428     1.1549
[1] 10800.0000     1.0000     0.8056     0.3234     1.7314     0.8503
[1] 10900.0000     0.0000     0.8191     0.6713     1.3647     0.8008
[1] 11000.0000     0.0014     0.8555     1.2083     0.8322     1.1761
[1] 11100.0000     0.0000     0.8214    -0.1317     2.0308     1.0422
[1] 11200.0000     0.0909     0.9398    -0.7365     2.6855     0.9513
[1] 11300.0000     0.0000     0.8936    -0.7357     2.7078     1.0961
[1] 11400.0000     0.0000     0.9548     0.2342     1.7489     1.0047
[1] 11500.0000     0.0000     0.8034     0.3315     1.6239     0.8501
[1] 11600.0000     0.0000     0.9104    -0.1811     2.2045     0.8269
[1] 1.170e+04 0.000e+00 8.224e-01 6.076e-01 1.399e+00 8.539e-01
[1] 11800.0000     0.0000     0.8027    -0.6202     2.5846     0.8530
[1] 11900.0000     0.0000     0.8460    -1.0573     3.0174     0.8150
[1] 12000.0000     0.0000     0.8056     0.4573     1.5807     1.1142
[1] 12100.0000     0.0000     0.8666    -0.7386     2.6699     0.9630
[1] 12200.0000     0.0462     0.9853     0.0000     2.0291     1.1443
[1] 12300.0000     0.0000     0.8010    -0.3073     2.2199     0.8810
[1] 12400.0000     0.0963     0.8019    -1.0150     3.0433     1.1971
[1] 12500.0000     0.0000     0.8059    -0.4322     2.4501     1.1427
[1] 12600.0000     0.0000     0.9268    -1.0731     3.0225     0.9203
[1] 12700.0000     0.0000     0.9741     0.1856     1.7182     0.9415
[1] 12800.0000     0.0000     0.8257    -0.4618     2.4485     0.8904
[1] 12900.0000     0.0057     0.9204     0.4767     1.5272     0.8219
[1] 13000.0000     0.0000     0.8069     0.2904     1.6656     1.0997
[1] 13100.0000     0.0000     0.9404     1.8401     0.1587     0.9822
[1] 13200.0000     0.0000     0.8843     0.6173     1.3978     0.9997
[1] 13300.0000     0.0000     0.9057    -0.3161     2.2454     0.9177
[1] 13400.0000     0.0000     0.9882    -0.0156     1.9642     1.1072
[1] 13500.0000     0.0000     0.8466     0.1441     1.8763     0.8143
[1] 13600.0000     0.0000     0.8917     0.1952     1.7014     1.0301
[1] 13700.0000     0.0000     0.8951     0.1551     1.7653     1.0363
[1] 13800.0000     0.0000     0.8787    -0.7118     2.6714     1.0611
[1] 13900.0000     0.0000     0.8573    -0.4602     2.4491     0.8372
[1] 14000.0000     0.0000     0.9588     0.2451     1.6378     0.9662
[1] 14100.0000     0.0000     0.8411     0.3646     1.5084     1.1804
[1] 14200.0000     0.0000     0.8479     0.0091     1.8985     0.8739
[1] 14300.0000     0.0000     0.8548    -1.0735     3.0351     0.8231
[1] 1.440e+04 3.300e-03 8.623e-01 1.142e-01 1.832e+00 8.985e-01
[1] 14500.0000     0.6573     0.9833     1.0989     0.8704     1.1771
[1] 14600.0000     0.0000     0.8912     0.0556     1.9578     0.8958
[1] 14700.0000     0.0000     0.8974    -0.4970     2.3727     1.0871
[1] 14800.0000     0.0000     0.9433     1.0697     0.8586     0.9182
[1] 14900.0000     0.0007     0.9582    -0.0271     2.0392     1.0321
[1] 15000.0000     0.0000     0.9447    -0.4600     2.3721     0.8911
[1] 15100.0000     1.0000     0.8292    -0.2729     2.2753     0.9249
[1] 15200.0000     0.0000     0.8734     0.9297     1.0462     0.8767
[1] 15300.0000     0.4355     0.9517     0.7764     1.2508     1.1636
[1] 15400.0000     0.0023     0.8397    -0.5283     2.5452     1.1015
[1] 15500.0000     0.0000     0.8727    -1.1852     3.1638     1.1104
[1] 15600.0000     0.0000     0.8878    -0.7365     2.7002     0.8550
[1] 15700.0000     0.0000     0.8475     0.1206     1.8156     0.9690
[1] 15800.0000     0.0000     0.9108    -0.2869     2.2040     0.9068
[1] 15900.0000     0.0000     0.8841     0.1344     1.8084     0.8192
[1] 16000.0000     0.0000     0.8124    -0.5528     2.4929     1.1160
[1] 16100.0000     0.0000     0.9566     1.1518     0.8875     1.0234
[1] 16200.0000     0.0000     0.9466     0.8671     1.0093     0.9477
[1] 16300.0000     0.0000     0.9158     0.1448     1.8529     0.9491
[1] 16400.0000     0.0000     0.8807     0.0633     1.9219     0.8691
[1] 16500.0000     0.6653     0.9407    -0.4897     2.5270     0.9877
[1] 16600.0000     0.0000     0.8294    -0.7398     2.7700     0.8835
[1] 16700.0000     0.0000     0.9287     0.3275     1.5157     0.9633
[1] 16800.0000     0.0000     0.8621     0.0672     1.8600     1.1596
[1] 16900.0000     0.0000     0.8138     0.0740     1.8180     1.1004
[1] 17000.0000     0.0000     0.9790    -0.2366     2.1844     0.8822
[1] 17100.0000     0.0000     0.9305     1.4052     0.6638     0.9283
[1] 17200.0000     0.0000     0.9497     1.0807     0.8201     0.8252
[1] 17300.0000     1.0000     0.8396     0.0088     1.9449     1.0131
[1] 17400.0000     0.0000     0.8593     0.1501     1.8624     1.1450
[1] 17500.0000     0.0000     0.9677    -0.4760     2.4780     1.1479
[1] 17600.0000     0.0000     0.8280     0.1461     1.7832     1.1486
[1] 17700.0000     0.0000     0.8794     0.5691     1.3688     0.9707
[1] 17800.0000     0.0000     0.9383    -0.4248     2.4885     1.0084
[1] 17900.0000     0.0000     0.8750    -0.9142     2.8998     0.9636
[1] 18000.0000     0.7397     0.9109     0.5372     1.4922     0.8712
[1] 18100.0000     0.0000     0.9461     0.4756     1.3807     0.9222
[1] 18200.0000     0.0000     0.8514     0.8532     1.0884     1.1386
[1] 18300.0000     0.0000     0.9012     0.4555     1.5466     1.0710
[1] 18400.0000     0.0000     0.9529    -0.7011     2.7248     0.8173
[1] 18500.0000     0.0000     0.8451     0.4976     1.5265     0.9054
[1] 18600.0000     0.0000     0.8656     0.1034     1.9038     0.8624
[1] 18700.0000     0.0000     0.8080    -0.1502     2.1417     0.9308
[1] 18800.0000     0.0000     0.8635     0.0336     1.8969     1.1693
[1] 18900.0000     0.0000     0.9024    -0.0943     2.0190     1.0613
[1] 19000.0000     0.0000     0.8366    -0.6427     2.5829     0.8015
[1] 19100.0000     0.0000     0.8878     0.4317     1.4210     1.0323
[1] 19200.0000     0.0000     0.8001    -0.1481     2.0451     0.9641
[1] 19300.0000     0.0000     0.8035    -0.1944     2.1195     1.0886
[1] 19400.0000     0.0000     0.9330    -0.0705     2.0200     1.0363
[1] 19500.0000     0.0000     0.9654     0.5296     1.4671     0.9669
[1] 19600.0000     1.0000     0.9648    -0.9803     2.9998     1.1447
[1] 19700.0000     0.0000     0.8982     0.0406     1.8496     1.1826
[1] 19800.0000     0.0000     0.9408     0.3446     1.6159     0.9927
[1] 19900.0000     0.0000     0.9981    -0.2730     2.3342     1.0280
[1] 20000.0000     0.0000     0.8708     0.5350     1.3827     1.0213
[1] 20100.0000     0.0000     0.9080     0.8150     1.1885     1.0402
[1] 20200.0000     0.5884     0.9840    -0.6096     2.5342     1.1380
[1] 20300.0000     0.0000     0.8028    -0.2149     2.2464     0.9708
[1] 20400.0000     0.0010     0.9072    -0.1677     2.1130     0.9991
[1] 20500.0000     0.0000     0.9083    -0.7636     2.7810     0.8030
[1] 20600.0000     1.0000     0.9169    -0.1112     2.1154     1.1057
[1] 20700.0000     0.9817     0.8107    -0.2516     2.2478     1.0874
[1] 20800.0000     0.0000     0.9606    -0.6319     2.6305     1.0886
[1] 20900.0000     0.0001     0.9109     0.3021     1.6711     0.9980
[1] 21000.0000     0.0000     0.9912     0.8610     1.0833     1.0875
[1] 21100.0000     0.0000     0.9732     0.1833     1.7361     0.8253
[1] 21200.0000     0.0053     0.9704     0.0810     1.8668     1.1667
[1] 21300.0000     0.0000     0.9596    -0.2630     2.1863     1.0815
[1] 21400.0000     0.0000     0.9719     0.3024     1.6586     0.9071
[1] 21500.0000     0.0000     0.9375    -0.1603     2.0207     1.0777
[1] 21600.0000     0.0000     0.8010    -0.5166     2.4496     1.1966
[1] 21700.0000     0.0000     0.8258    -0.9976     2.9560     1.1265
[1] 21800.0000     0.0000     0.8709    -0.4610     2.4474     1.0601
[1] 2.190e+04 0.000e+00 9.408e-01 7.040e-02 1.848e+00 9.421e-01
[1] 22000.0000     0.0000     0.9305     1.2218     0.7350     0.9360
[1] 22100.0000     0.0000     0.9825    -0.2388     2.1772     1.1195
[1] 22200.0000     0.0000     0.8403    -0.4382     2.4307     1.1277
[1] 2.230e+04 0.000e+00 8.584e-01 4.747e-01 1.548e+00 9.367e-01
[1] 22400.0000     0.0000     0.9494     0.3446     1.6103     0.9207
[1] 22500.0000     0.0015     0.9610     0.9437     1.0533     0.9963
[1] 22600.0000     0.0000     0.8858     1.6132     0.4939     0.9064
[1] 22700.0000     0.0000     0.8271     0.8188     1.0689     1.1968
[1] 22800.0000     0.0000     0.9028    -0.2980     2.3462     1.1243
[1] 22900.0000     0.0000     0.9768     0.6345     1.2575     0.8117
[1] 23000.0000     0.0000     0.9652     0.6410     1.3503     1.0264
[1] 23100.0000     0.0000     0.9231    -0.0527     1.9566     0.8179
[1] 23200.0000     0.0000     0.8288    -0.5414     2.5428     0.8616
[1] 23300.0000     0.4209     0.8966     0.0227     1.9799     1.0199
[1] 23400.0000     0.0000     0.9703     0.2111     1.7734     0.9326
[1] 23500.0000     0.0000     0.9561     0.0911     1.8594     1.0572
[1] 23600.0000     0.0000     0.8176     0.6583     1.2586     0.8266
[1] 23700.0000     0.0000     0.8580     0.0568     1.9057     0.8494
[1] 2.380e+04 0.000e+00 9.509e-01 2.003e-01 1.695e+00 9.516e-01
[1] 23900.0000     0.0000     0.8157    -0.2192     2.2124     0.8034
[1] 24000.0000     0.0000     0.9784    -0.7757     2.6623     0.8375
[1] 24100.0000     0.0000     0.8289    -0.9305     2.9304     0.9877
[1] 24200.0000     0.0000     0.8399    -0.1065     1.9558     1.0287
[1] 24300.0000     0.0000     0.8207    -0.3809     2.3754     1.1509
[1] 24400.0000     1.0000     0.9947     0.7702     1.2137     0.9697
[1] 24500.0000     0.0000     0.9064     1.4309     0.5915     0.8345
[1] 24600.0000     0.0000     0.9062     0.2906     1.7161     0.8877
[1] 24700.0000     0.0000     0.9025    -0.6141     2.5992     0.8040
[1] 24800.0000     0.0001     0.8109    -0.2570     2.2115     1.1899
[1] 24900.0000     0.0000     0.9495    -0.3277     2.2219     0.8626
[1] 2.500e+04 0.000e+00 9.399e-01 1.038e-01 1.848e+00 8.472e-01
[1] 25100.0000     0.0000     0.9605     0.5423     1.3626     1.0743
[1] 25200.0000     0.0000     0.8184    -0.1219     2.0881     0.8574
[1] 25300.0000     1.0000     0.8151    -0.5479     2.5282     1.0748
[1] 25400.0000     1.0000     0.8988    -0.0972     2.1054     1.0888
[1] 25500.0000     0.0000     0.8147     0.4040     1.5747     1.1844
[1] 25600.0000     0.0000     0.8978    -0.1252     2.1200     1.1142
[1] 25700.0000     0.0000     0.8060     0.8664     1.1203     0.8422
[1] 25800.0000     0.0000     0.8043    -0.3465     2.3637     0.8730
[1] 25900.0000     1.0000     0.8632    -0.0034     2.0100     1.1254
[1] 26000.0000     1.0000     0.9492    -0.5464     2.5805     1.0058
[1] 26100.0000     0.0000     0.9196    -0.2706     2.0793     1.1722
[1] 26200.0000     0.0000     0.9529    -0.7213     2.5671     1.0017
[1] 26300.0000     0.0000     0.8530    -1.0041     2.9897     1.0678
[1] 26400.0000     0.0000     0.8767     0.1503     1.7354     0.8041
[1] 26500.0000     0.0007     0.9903    -0.0929     2.1221     1.1966
[1] 26600.0000     0.0000     0.9293    -1.2619     3.3860     0.8497
[1] 26700.0000     0.0000     0.8184    -0.1756     2.1052     0.9177
[1] 26800.0000     0.0000     0.8180    -2.0005     3.9921     0.8719
[1] 26900.0000     0.0000     0.9184    -0.2719     2.1606     1.1619
[1] 27000.0000     0.0000     0.8794     0.0851     1.8503     0.8948
[1] 27100.0000     1.0000     0.9280    -0.2138     2.1979     1.0348
[1] 27200.0000     0.0000     0.8628    -0.5584     2.5528     1.0265
[1] 27300.0000     0.0000     0.8270    -1.1792     3.1194     1.1347
[1] 27400.0000     0.0000     0.8182     0.4154     1.5236     1.1040
[1] 27500.0000     0.0000     0.8463     0.5798     1.4952     0.8762
[1] 27600.0000     0.0000     0.8732     1.4602     0.5359     0.9172
[1] 27700.0000     0.0000     0.8768     0.2197     1.8192     1.0202
[1] 2.780e+04 0.000e+00 8.338e-01 2.414e-01 1.693e+00 9.440e-01
[1] 27900.0000     1.0000     0.8904     0.6043     1.3382     0.9276
[1] 28000.0000     0.0000     0.8025    -0.6671     2.6372     0.9240
[1] 28100.0000     0.0000     0.9262     0.7504     1.2835     1.0710
[1] 28200.0000     0.0000     0.9683     0.2048     1.7626     0.8917
[1] 28300.0000     0.0000     0.9886    -0.3430     2.2942     1.1843
[1] 28400.0000     1.0000     0.9594    -0.8436     2.7441     0.8105
[1] 28500.0000     0.0000     0.8678     1.0011     0.9633     0.8688
[1] 28600.0000     0.0000     0.9856     0.0046     1.8491     1.1641
[1] 28700.0000     0.0000     0.9675    -1.2189     3.2055     1.1579
[1] 28800.0000     0.0000     0.8104    -0.0763     2.1205     1.1940
[1] 28900.0000     0.0000     0.9137     1.0072     0.9849     0.8478
[1] 29000.0000     0.0000     0.9277    -0.8036     2.7502     1.1735
[1] 29100.0000     0.0000     0.8872    -1.0863     3.1058     1.0232
[1] 29200.0000     0.0821     0.9367     0.4042     1.5516     1.1465
[1] 29300.0000     0.0585     0.9749     0.5931     1.4234     0.9782
[1] 29400.0000     0.0000     0.9394     0.8764     0.9949     1.1754
[1] 29500.0000     0.0000     0.8294     0.1011     1.9826     1.1769
[1] 29600.0000     0.0000     0.8335    -0.1874     2.0642     1.1940
[1] 29700.0000     0.0000     0.8049    -0.4245     2.3851     0.9958
[1] 29800.0000     0.0000     0.8030    -1.1695     3.2130     0.9421
[1] 29900.0000     0.5322     0.9798    -0.0823     2.1453     1.0014
[1] 30000.0000     0.0000     0.9250     1.0782     0.8644     1.0393
[1] 0.06603736
Time difference of 10.91547 hours
null device 
          1 
