[1] "El numero de nodos X particion es: 10"
[1] "Model = M1 / Data = sim_data/datasetSVIExponential22.Rdata"
[1] 100.0000   0.2925   0.9429   0.1314   1.8676   1.1970
[1] 200.0000   0.0042   0.8487   0.3327   1.6301   0.8384
[1] 300.0000   0.2738   0.8776   0.1243   1.9333   1.0665
[1] 400.0000   0.0397   0.9217  -0.2861   2.2206   0.9692
[1] 500.0000   0.0000   0.8380  -0.0701   2.0936   0.8203
[1] 600.0000   1.0000   0.9748  -0.0837   1.9912   1.0386
[1] 700.0000   0.0331   0.9506  -0.0337   1.9976   1.0413
[1] 800.0000   0.0002   0.9313  -0.1419   2.0321   1.0430
[1] 900.0000   0.0000   0.9606  -0.0926   2.0186   1.0158
[1] 1000.0000    0.0000    0.8209   -0.0635    2.0176    0.9374
[1] 1100.0000    0.0000    0.8003    0.7935    1.1578    1.1377
[1] 1200.0000    0.6650    0.8603    0.1638    1.8656    0.9164
[1] 1300.0000    0.0553    0.9805   -0.3072    2.2683    0.8049
[1] 1400.0000    0.0000    0.9303   -0.7479    2.6279    1.1894
[1] 1500.0000    0.0001    0.9584    0.0204    1.9632    1.0940
[1] 1600.0000    0.0000    0.9658   -0.5890    2.5507    1.0950
[1] 1700.0000    0.0000    0.8745   -0.3073    2.3248    0.9148
[1] 1800.0000    0.0000    0.9376    0.0383    1.9223    0.8302
[1] 1900.0000    0.0000    0.8411   -0.1400    2.0842    1.0047
[1] 2000.0000    0.1081    0.8821   -0.1582    2.0251    0.8614
[1] 2100.0000    0.0000    0.8246   -0.0579    1.9554    1.1071
[1] 2200.0000    0.0000    0.8668    0.0079    1.9931    1.0989
[1] 2300.0000    0.0015    0.8951    0.0019    1.9213    0.9529
[1] 2400.0000    0.0000    0.9355    0.0907    1.8805    1.1578
[1] 2500.0000    1.0000    0.9002    0.5280    1.4890    1.1531
[1] 2600.0000    0.0000    0.8617   -0.1658    2.0610    0.8044
[1] 2700.0000    0.0000    0.9335   -0.1558    2.2063    0.9591
[1] 2800.0000    0.0039    0.9386    0.3153    1.5533    0.8695
[1] 2900.0000    0.0007    0.9982   -0.1932    2.1045    0.9626
[1] 3000.0000    0.0000    0.8318   -0.2807    2.2428    1.1464
[1] 3100.0000    0.0000    0.9787    0.0884    1.8905    0.9283
[1] 3200.0000    0.0000    0.9190    0.2170    1.7518    0.9575
[1] 3300.0000    0.0000    0.9312    0.2392    1.7224    0.9302
[1] 3400.0000    0.4113    0.8983    0.5003    1.5246    1.1525
[1] 3500.0000    0.0000    0.9256    0.0484    1.8378    1.1684
[1] 3600.0000    0.0000    0.9027   -0.1286    2.1170    1.1569
[1] 3700.0000    1.0000    0.9624    0.3118    1.6658    0.8094
[1] 3800.0000    0.0000    0.8701   -0.3977    2.2038    0.8357
[1] 3900.0000    0.0000    0.9030   -0.6172    2.5845    0.9530
[1] 4000.0000    1.0000    0.9388   -0.3950    2.2095    0.8131
[1] 4100.0000    0.0000    0.8388   -0.4073    2.3714    0.8864
[1] 4200.0000    0.0000    0.9756   -0.1114    2.0189    0.9752
[1] 4300.0000    0.2379    0.8741   -0.5161    2.3790    1.1249
[1] 4400.0000    0.0000    0.9459   -0.1753    2.1554    1.1887
[1] 4500.0000    1.0000    0.8410   -0.1624    2.1038    1.1520
[1] 4600.0000    0.0026    0.9525    0.2623    1.7161    1.1110
[1] 4700.0000    0.0000    0.8536   -0.4225    2.4139    0.9410
[1] 4800.0000    0.0000    0.8616   -0.2948    2.2417    0.9384
[1] 4900.0000    0.0000    0.8114   -0.3528    2.3349    0.8255
[1] 5000.0000    1.0000    0.9273   -0.5361    2.5469    1.0348
[1] 5100.0000    0.0000    0.9679   -0.6561    2.5758    1.1951
[1] 5200.0000    0.0000    0.8350    0.1564    2.0036    1.0935
[1] 5300.0000    0.0000    0.8845    0.3959    1.5193    1.0022
[1] 5400.0000    0.0000    0.8536   -0.0009    1.7914    0.9337
[1] 5500.0000    0.0000    0.8506    0.2558    1.6320    1.1979
[1] 5600.0000    0.0000    0.8117    0.0146    1.9311    0.9121
[1] 5700.0000    0.0000    0.9545    0.0665    1.8802    0.8805
[1] 5800.0000    0.0000    0.8612   -0.2532    2.2373    1.0327
[1] 5900.0000    0.0000    0.8278    0.3560    1.5985    1.0767
[1] 6000.0000    0.0000    0.8790    0.5941    1.4435    1.0590
[1] 6100.0000    0.0000    0.8198   -0.4251    2.3470    1.1772
[1] 6200.0000    0.0000    0.9400    0.1873    1.7154    0.8404
[1] 6300.0000    0.0000    0.9569    0.1286    1.8947    0.8080
[1] 6400.0000    0.0000    0.9885   -0.3113    2.3487    0.8165
[1] 6500.0000    0.2188    0.9084   -0.3498    2.3441    1.0918
[1] 6600.0000    0.0000    0.8710    0.1516    1.7765    0.9001
[1] 6700.0000    0.0000    0.8253   -0.1148    2.0713    0.9280
[1] 6800.0000    0.4946    0.8794    0.0519    1.9140    0.9381
[1] 6900.0000    0.0000    0.8556   -0.4042    2.4089    1.1638
[1] 7000.0000    0.0000    0.9736    0.0218    1.9353    1.0588
[1] 7100.0000    0.0000    0.9857   -0.2770    2.2316    1.0571
[1] 7200.0000    0.0000    0.8247   -0.0460    2.0704    0.8913
[1] 7300.0000    0.0000    0.9346    0.5720    1.4262    1.1740
[1] 7400.0000    0.0000    0.9512   -0.3742    2.2961    0.8676
[1] 7500.0000    0.0000    0.9989   -0.9038    2.7139    1.1081
[1] 7600.0000    0.0000    0.9493   -0.4805    2.3907    0.9281
[1] 7700.0000    0.0000    0.8348   -0.7730    2.6492    1.0869
[1] 7800.0000    0.0038    0.9281   -0.4790    2.4981    0.8883
[1] 7900.0000    0.0000    0.8304    0.0317    1.9003    0.9653
[1] 8000.0000    0.0000    0.8305    0.0703    1.9966    0.9420
[1] 8100.0000    0.0000    0.8250    0.0529    1.8607    1.1136
[1] 8200.0000    0.0000    0.9207   -0.2776    2.3315    1.1282
[1] 8300.0000    0.0701    0.9009   -0.5303    2.4139    1.0589
[1] 8400.0000    0.0000    0.9658    0.0980    1.8697    0.9286
[1] 8500.0000    0.0000    0.8325    0.1174    1.8685    1.0750
[1] 8600.0000    0.0763    0.9564   -0.4739    2.4650    0.9963
[1] 8700.0000    0.0000    0.8940   -0.0148    1.9987    1.0236
[1] 8800.0000    0.0000    0.9735   -0.2747    2.2049    1.0381
[1] 8900.0000    0.0000    0.8674    0.4057    1.5772    1.0474
[1] 9000.0000    0.0000    0.8638    0.5728    1.3097    1.1683
[1] 9100.0000    0.0000    0.8755    0.0762    1.8589    0.8812
[1] 9200.0000    0.0000    0.8777    0.0751    1.9111    1.1489
[1] 9300.0000    0.0000    0.8689    0.1338    1.8432    0.9976
[1] 9400.0000    0.0000    0.9163    0.8745    1.0542    0.8003
[1] 9500.0000    0.0000    0.8817    0.1741    1.7153    1.0875
[1] 9600.0000    0.2836    0.8149    0.1064    1.9608    0.9056
[1] 9700.0000    0.0000    0.9657    0.8267    1.1152    0.9166
[1] 9800.0000    0.0000    0.9462   -0.1812    2.1011    1.1275
[1] 9900.0000    0.0000    0.8192    0.6363    1.2833    0.8099
[1] 10000.0000     0.5662     0.9718    -0.0245     1.9966     0.8376
[1] 10100.0000     1.0000     0.9049    -0.1851     2.2049     1.0751
[1] 10200.0000     1.0000     0.9808    -0.1148     2.0082     0.8342
[1] 10300.0000     0.1887     0.9549     0.9291     1.0555     0.8021
[1] 10400.0000     0.0000     0.9434    -0.0238     1.9398     1.1753
[1] 10500.0000     0.4679     0.8159     0.0516     1.7758     1.1284
[1] 10600.0000     0.0000     0.8442    -0.1506     2.0862     0.9495
[1] 10700.0000     0.0000     0.8398     0.3406     1.6459     1.0590
[1] 10800.0000     1.0000     0.8056     0.1929     1.7897     0.8503
[1] 10900.0000     0.0000     0.9660     0.4610     1.5702     1.1970
[1] 1.100e+04 1.603e-01 8.012e-01 3.445e-01 1.736e+00 9.407e-01
[1] 11100.0000     0.0000     0.9587    -0.1481     2.0764     0.9308
[1] 11200.0000     0.2728     0.8258     0.0820     1.8288     1.0628
[1] 11300.0000     0.0000     0.9481    -0.0106     1.9504     1.1448
[1] 11400.0000     0.0000     0.9548     0.1148     1.7307     1.0047
[1] 11500.0000     0.0000     0.8061    -0.0522     2.0094     1.1646
[1] 11600.0000     0.0708     0.9382    -0.1592     1.9824     0.8033
[1] 11700.0000     1.0000     0.8766    -0.0294     2.0407     0.9110
[1] 11800.0000     0.0000     0.8027     0.2396     1.6623     0.8530
[1] 11900.0000     0.0000     0.8460    -0.4868     2.3540     0.8150
[1] 12000.0000     0.0001     0.8197     0.1799     1.7026     0.8759
[1] 12100.0000     0.0000     0.8666    -0.6342     2.5795     0.9630
[1] 12200.0000     0.4040     0.8496     0.6281     1.3688     0.8460
[1] 12300.0000     0.0017     0.8010     0.3912     1.5721     0.8810
[1] 12400.0000     1.0000     0.8046    -0.1404     2.1232     0.8797
[1] 12500.0000     0.0000     0.9939     0.1378     1.8804     0.9707
[1] 12600.0000     0.0000     0.9125    -0.2813     2.3224     1.1924
[1] 12700.0000     0.0169     0.9614    -0.1764     2.0419     0.8958
[1] 12800.0000     0.0000     0.9108    -0.6592     2.6882     1.0765
[1] 12900.0000     0.4223     0.9204     0.2655     1.7132     0.8219
[1] 13000.0000     0.0000     0.8069    -0.0211     1.9632     1.0997
[1] 13100.0000     0.0000     0.9339     0.1139     1.8159     1.1193
[1] 13200.0000     0.0711     0.8843    -0.5281     2.4551     0.9997
[1] 13300.0000     0.0000     0.8062    -0.5140     2.5472     1.1333
[1] 13400.0000     0.0000     0.9676     0.2335     1.7356     1.1418
[1] 13500.0000     0.0000     0.8466    -0.7005     2.6353     0.8143
[1] 13600.0000     0.0000     0.8917     0.4713     1.6357     1.0301
[1] 13700.0000     0.0000     0.8951    -0.0958     2.0458     1.0363
[1] 13800.0000     0.0000     0.8787    -0.4529     2.3809     1.0611
[1] 13900.0000     0.0013     0.8573     0.2601     1.7232     0.8372
[1] 14000.0000     0.0000     0.9588    -0.0928     2.0853     0.9662
[1] 14100.0000     0.0000     0.8844    -0.0302     1.8798     1.1867
[1] 14200.0000     0.0001     0.8479     0.5931     1.3042     0.8739
[1] 14300.0000     0.0000     0.8548    -0.6730     2.6098     0.8231
[1] 14400.0000     0.2038     0.8171    -0.2430     2.1885     1.1588
[1] 14500.0000     0.3156     0.8647     0.0609     1.8978     1.0877
[1] 14600.0000     0.0001     0.9670     0.2236     1.6960     1.1151
[1] 14700.0000     0.0000     0.8974    -0.2603     2.1692     1.0871
[1] 14800.0000     0.0000     0.8106     0.2644     1.6297     1.0978
[1] 14900.0000     0.0942     0.9582    -0.1347     2.1342     1.0321
[1] 15000.0000     0.0368     0.9447     0.1200     1.8173     0.8911
[1] 15100.0000     0.1938     0.8384    -0.1258     2.1553     0.8510
[1] 15200.0000     0.0000     0.8242     0.4086     1.5967     1.0800
[1] 15300.0000     0.6672     0.9517    -0.1134     2.1003     1.1636
[1] 15400.0000     1.0000     0.9829    -0.1521     2.0615     1.0368
[1] 15500.0000     0.0000     0.8279    -0.9592     2.8547     0.8509
[1] 15600.0000     0.0000     0.8520    -0.7923     2.7131     1.1912
[1] 15700.0000     0.0000     0.8475    -0.2129     2.1641     0.9690
[1] 15800.0000     0.0870     0.8834    -0.2609     2.1670     0.9061
[1] 15900.0000     0.0000     0.9431    -0.0241     1.9139     0.8611
[1] 16000.0000     0.6143     0.9761    -0.3096     2.1985     1.0600
[1] 16100.0000     0.0000     0.8906     0.5016     1.4134     0.9023
[1] 16200.0000     0.0000     0.9466     0.4611     1.4745     0.9477
[1] 16300.0000     0.0000     0.8414     0.0434     1.9427     1.0369
[1] 16400.0000     0.0000     0.8699     0.1708     1.7462     0.9170
[1] 16500.0000     0.3327     0.9894     0.0310     1.9454     0.9222
[1] 16600.0000     0.0009     0.8294    -0.2030     2.2477     0.8835
[1] 16700.0000     0.0000     0.9287    -0.0132     1.9273     0.9633
[1] 16800.0000     0.0003     0.8165    -0.2480     2.2887     1.0376
[1] 16900.0000     0.0000     0.8583    -0.4312     2.3483     0.9158
[1] 17000.0000     0.0000     0.9790    -0.3895     2.2758     0.8822
[1] 17100.0000     0.0074     0.9305     0.9020     1.0333     0.9283
[1] 17200.0000     0.0126     0.9497     0.5600     1.4048     0.8252
[1] 17300.0000     1.0000     0.8396     0.1347     1.8477     1.0131
[1] 17400.0000     0.0000     0.8593     0.1208     1.8924     1.1450
[1] 17500.0000     0.0000     0.8131     0.1814     1.8396     0.9127
[1] 17600.0000     0.0000     0.8280     0.3010     1.6385     1.1486
[1] 17700.0000     0.0000     0.8794     0.1899     1.7643     0.9707
[1] 17800.0000     0.1653     0.9571    -0.3275     2.2912     0.9258
[1] 17900.0000     0.0000     0.9083    -0.0161     1.9442     0.9495
[1] 18000.0000     0.2974     0.9109    -0.1204     2.1699     0.8712
[1] 18100.0000     0.0000     0.9461    -0.0732     2.0191     0.9222
[1] 18200.0000     0.0790     0.8582     0.6886     1.2252     0.9652
[1] 18300.0000     0.0000     0.9012    -0.1639     2.1616     1.0710
[1] 18400.0000     0.0000     0.9121     0.1064     1.8832     0.9764
[1] 18500.0000     0.0000     0.8451     0.0316     1.9348     0.9054
[1] 18600.0000     0.0000     0.8656    -0.2318     2.2333     0.8624
[1] 18700.0000     0.0000     0.8080    -0.0211     2.0471     0.9308
[1] 18800.0000     0.0000     0.8537    -0.0242     1.9619     0.9005
[1] 18900.0000     0.0000     0.9024    -0.0284     1.9767     1.0613
[1] 19000.0000     0.0000     0.8366    -0.0749     2.0067     0.8015
[1] 19100.0000     0.0000     0.8142    -0.0608     1.9490     1.0716
[1] 19200.0000     0.0000     0.8001     0.1184     1.8175     0.9641
[1] 19300.0000     0.0000     0.8411    -0.1538     2.0947     0.9272
[1] 19400.0000     0.0000     0.8040    -0.1585     2.1893     1.1551
[1] 19500.0000     0.0000     0.8527     0.0067     1.9415     1.1208
[1] 19600.0000     0.5250     0.9162    -0.1012     1.9549     0.8038
[1] 19700.0000     0.0000     0.8143     0.2894     1.6378     0.8081
[1] 19800.0000     0.0000     0.9408     0.3112     1.6775     0.9927
[1] 19900.0000     0.0000     0.9981    -0.3903     2.4172     1.0280
[1] 20000.0000     0.0000     0.8708    -0.1680     2.1496     1.0213
[1] 20100.0000     0.0000     0.9794     0.3286     1.6530     1.1721
[1] 20200.0000     0.3374     0.8367    -0.4507     2.3595     0.9269
[1] 20300.0000     0.0000     0.8028     0.1958     1.8268     0.9708
[1] 20400.0000     0.0612     0.9596     0.2061     1.7012     1.0259
[1] 20500.0000     0.0000     0.8964     0.2973     1.6536     1.1285
[1] 20600.0000     0.9051     0.9169     0.3011     1.7084     1.1057
[1] 20700.0000     0.9271     0.8107     0.0628     1.9541     1.0874
[1] 20800.0000     0.0000     0.9606    -0.3906     2.3485     1.0886
[1] 20900.0000     0.0575     0.9109    -0.2381     2.1539     0.9980
[1] 21000.0000     0.0000     0.9912     0.4973     1.4141     1.0875
[1] 21100.0000     0.0000     0.9732    -0.5002     2.4689     0.8253
[1] 21200.0000     0.3160     0.9861    -0.0549     2.0154     1.1830
[1] 21300.0000     1.0000     0.9067     0.0044     2.0881     0.8492
[1] 21400.0000     0.0170     0.9719    -0.3039     2.2199     0.9071
[1] 21500.0000     0.0000     0.9375    -0.5867     2.4884     1.0777
[1] 21600.0000     0.0013     0.8762    -0.4996     2.4936     1.1580
[1] 21700.0000     0.0000     0.8449    -0.6455     2.5398     0.9351
[1] 21800.0000     0.0027     0.8218    -0.3779     2.3705     1.1739
[1] 21900.0000     0.0000     0.9408    -0.0687     1.9870     0.9421
[1] 22000.0000     0.0000     0.8850     0.2307     1.6611     0.9555
[1] 22100.0000     0.0000     0.9357    -0.3248     2.2477     1.0831
[1] 22200.0000     0.0000     0.8403    -0.1425     2.0905     1.1277
[1] 2.230e+04 1.000e+00 9.726e-01 2.651e-01 1.724e+00 8.521e-01
[1] 22400.0000     0.0000     0.8145    -0.3013     2.2199     0.8604
[1] 22500.0000     0.1982     0.8623     0.3306     1.6908     0.8008
[1] 22600.0000     0.0000     0.8858    -0.4278     2.3760     0.9064
[1] 22700.0000     0.0000     0.8271     0.2273     1.7151     1.1968
[1] 22800.0000     0.0022     0.8242    -0.3095     2.2489     0.8597
[1] 22900.0000     0.0000     0.9207     0.3976     1.4805     0.8362
[1] 23000.0000     0.0000     0.9652     0.1683     1.8031     1.0264
[1] 23100.0000     0.0000     0.9231    -0.4300     2.3546     0.8179
[1] 23200.0000     0.0031     0.9483    -0.0927     1.9543     1.0848
[1] 23300.0000     0.2488     0.8966     0.0691     1.8886     1.0199
[1] 23400.0000     0.0391     0.9418    -0.0737     2.1278     0.8205
[1] 23500.0000     0.0000     0.8934    -0.3092     2.2867     1.1391
[1] 23600.0000     0.0000     0.8176     0.0898     1.8387     0.8266
[1] 23700.0000     0.0000     0.8580     0.4302     1.5111     0.8494
[1] 23800.0000     0.0000     0.8154     0.2031     1.6892     1.1666
[1] 23900.0000     0.1338     0.8157     0.3213     1.5858     0.8034
[1] 24000.0000     0.0000     0.9801    -0.0113     1.8962     1.1551
[1] 24100.0000     0.0000     0.8747    -0.6994     2.6084     1.0767
[1] 24200.0000     0.0000     0.8399     0.0664     1.7769     1.0287
[1] 24300.0000     0.0000     0.8207    -0.2420     2.1753     1.1509
[1] 24400.0000     0.0773     0.9020     1.0801     0.9144     1.0534
[1] 24500.0000     0.0000     0.9064     0.8939     1.0885     0.8345
[1] 24600.0000     0.0000     0.9062     0.0451     1.8842     0.8877
[1] 24700.0000     0.0016     0.9574    -0.0407     1.9286     1.0919
[1] 24800.0000     0.0173     0.8109    -0.1770     2.1616     1.1899
[1] 24900.0000     0.1586     0.9495     0.0580     1.9367     0.8626
[1] 25000.0000     1.0000     0.8801    -0.0602     1.9530     0.8235
[1] 25100.0000     0.0052     0.9102     0.4562     1.5271     0.9221
[1] 25200.0000     0.0000     0.9920    -0.2846     2.2726     0.8420
[1] 25300.0000     0.8847     0.8151    -0.2419     2.1604     1.0748
[1] 25400.0000     1.0000     0.8988    -0.3361     2.2850     1.0888
[1] 25500.0000     0.0000     0.8303     0.0132     1.9563     1.1248
[1] 25600.0000     0.0000     0.8978     0.1636     1.7901     1.1142
[1] 25700.0000     0.0000     0.8060     0.4916     1.4573     0.8422
[1] 25800.0000     0.0000     0.8043     0.0669     1.8735     0.8730
[1] 25900.0000     1.0000     0.8632     0.1355     1.8188     1.1254
[1] 26000.0000     0.2908     0.9492     0.0251     2.0192     1.0058
[1] 26100.0000     0.0000     0.9196    -0.0130     1.8609     1.1722
[1] 26200.0000     0.0037     0.9529    -0.2028     2.1603     1.0017
[1] 26300.0000     0.0000     0.9342    -0.0532     1.9657     1.1434
[1] 26400.0000     0.0000     0.8767    -0.0978     1.9696     0.8041
[1] 26500.0000     0.1090     0.8136     0.1488     1.8208     0.8843
[1] 26600.0000     0.0000     0.9293    -0.2127     2.2270     0.8497
[1] 26700.0000     0.2057     0.8892     0.0127     2.0676     0.9428
[1] 26800.0000     0.0000     0.8448    -0.9065     2.8547     0.8652
[1] 26900.0000     0.0000     0.9586     0.4072     1.6521     1.0279
[1] 27000.0000     0.0000     0.9618     0.0656     1.8960     1.1838
[1] 27100.0000     0.5156     0.8095     0.1217     1.9058     1.0497
[1] 27200.0000     0.0566     0.8628     0.4058     1.5981     1.0265
[1] 27300.0000     0.0000     0.9754    -0.1845     2.1676     0.9688
[1] 27400.0000     0.0000     0.9269     0.0576     1.9491     1.0000
[1] 27500.0000     0.0000     0.8463     0.3163     1.6382     0.8762
[1] 27600.0000     0.0000     0.8732     0.2758     1.7006     0.9172
[1] 27700.0000     0.0000     0.8219     0.0059     2.0003     0.8500
[1] 27800.0000     0.0000     0.8358     0.8744     1.1722     1.1051
[1] 27900.0000     1.0000     0.8904     0.0948     1.8326     0.9276
[1] 28000.0000     0.0000     0.8025    -0.1149     2.0962     0.9240
[1] 28100.0000     0.0000     0.9262    -0.6169     2.5334     1.0710
[1] 28200.0000     0.0000     0.9693    -0.2020     2.1803     0.8876
[1] 28300.0000     0.0000     0.8845    -0.2375     2.1631     0.9758
[1] 28400.0000     0.1792     0.9594     0.4471     1.6547     0.8105
[1] 2.850e+04 0.000e+00 8.824e-01 1.515e-01 1.760e+00 8.003e-01
[1] 28600.0000     0.0000     0.9775     0.3249     1.6872     0.9079
[1] 28700.0000     0.0000     0.8546    -0.1273     2.0764     0.9787
[1] 28800.0000     0.0035     0.8713     0.3762     1.6092     0.8780
[1] 28900.0000     0.0000     0.9040    -0.0779     1.9341     0.8375
[1] 29000.0000     0.0000     0.9692    -0.1708     2.0259     0.9910
[1] 29100.0000     0.0000     0.9089    -0.4827     2.4248     0.8717
[1] 29200.0000     0.0965     0.9371     0.4662     1.5122     1.1436
[1] 2.930e+04 2.234e-01 9.749e-01 5.507e-01 1.377e+00 9.782e-01
[1] 29400.0000     0.0250     0.9394     0.4211     1.4623     1.1754
[1] 29500.0000     0.0000     0.8510    -0.1260     2.1155     0.8942
[1] 2.960e+04 2.000e-04 8.335e-01 2.664e-01 1.651e+00 1.194e+00
[1] 29700.0000     0.0000     0.9571    -0.1474     2.0332     0.9736
[1] 29800.0000     0.0000     0.8503     0.4041     1.5606     0.9822
[1] 29900.0000     0.6699     0.9798     0.0483     1.9966     1.0014
[1] 30000.0000     0.0009     0.9561     0.4893     1.4040     1.0811
[1] 0.125555
Time difference of 3.922691 hours
null device 
          1 
