[1] "El numero de nodos X particion es: 10"
[1] "Model = M2 / Data = sim_data/datasetSVIMatern11.Rdata"
[1] 100.0000   1.0000   0.8291   0.0942   1.9146   0.9331
[1] 200.0000   0.0015   0.8487   0.1347   1.8273   0.8384
[1] 300.0000   0.1684   0.8776   0.1347   1.9723   1.0665
[1] 400.0000   0.0284   0.9217  -0.2127   2.1637   0.9692
[1] 500.0000   0.0000   0.9906   0.1415   1.9027   0.8160
[1] 600.0000   0.1880   0.9748  -0.2013   2.0517   1.0386
[1] 700.0000   0.0000   0.8999   1.1247   0.8978   1.0702
[1] 800.0000   0.0000   0.8728   1.3793   0.5435   0.9084
[1] 900.0000   0.0000   0.9606   0.4698   1.5091   1.0158
[1] 1000.0000    0.0000    0.8209   -0.3365    2.3307    0.9374
[1] 1100.0000    0.0000    0.9319    0.5923    1.3910    0.8930
[1] 1200.0000    0.1771    0.8603    0.8456    1.2611    0.9164
[1] 1300.0000    0.0000    0.9498    0.4967    1.3920    1.1653
[1] 1400.0000    0.0000    0.9303    0.3006    1.5646    1.1894
[1] 1500.0000    0.0000    0.9584    0.9811    1.0350    1.0940
[1] 1600.0000    0.0000    0.9658   -1.2406    3.2034    1.0950
