[1] "El numero de nodos X particion es: 10"
[1] "Model = M1 / Data = sim_data/datasetSVCExponential7.Rdata"
[1] 100.0000   1.0000   0.8291   0.0531   2.0912   0.9331
[1] 200.0000   1.0000   0.9804   0.1153   2.1228   1.0297
[1] 300.0000   0.6786   0.8776   0.0278   2.1212   1.0665
[1] 400.0000   0.2993   0.9217   0.0492   2.0531   0.9692
[1] 500.0000   1.0000   0.8902   0.1128   2.1256   0.8863
[1] 600.0000   0.0068   0.8693   0.2705   2.2595   1.0610
[1] 700.0000   1.0000   0.8087  -0.0512   2.0133   1.0605
[1] 800.0000   0.9023   0.8954   0.1633   2.1939   1.1490
[1] 900.0000   0.2964   0.9357  -0.0497   2.1066   1.0743
[1] 1000.0000    0.5326    0.8257    0.1044    2.0906    0.8662
[1] 1100.0000    0.3369    0.9726   -0.1155    1.8999    1.0201
[1] 1200.0000    0.1995    0.8603    0.1969    2.3341    0.9164
[1] 1300.0000    0.0659    0.9151    0.1306    2.2770    0.9862
[1] 1400.0000    0.0010    0.9303   -0.1582    1.9902    1.1894
[1] 1500.0000    0.0000    0.9672    0.2877    2.2716    1.1986
[1] 1600.0000    0.3744    0.8673    0.2446    2.2808    0.9237
[1] 1700.0000    0.0000    0.9259    0.0929    2.0417    1.0764
[1] 1800.0000    0.0000    0.9234    0.0996    2.2072    1.1307
[1] 1900.0000    0.2138    0.9957    0.2319    2.2949    1.1822
[1] 2000.0000    0.0237    0.9978    0.0456    2.0005    1.1535
[1] 2100.0000    0.2676    0.8081    0.2076    2.3047    0.9300
[1] 2200.0000    0.8134    0.8580    0.1208    2.1451    1.0161
[1] 2300.0000    0.0279    0.8377    0.1431    2.2333    0.8487
[1] 2400.0000    0.0168    0.9355    0.1599    2.1052    1.1578
[1] 2500.0000    0.0231    0.9752    0.1853    2.2576    1.1744
[1] 2600.0000    0.1924    0.9658    0.0252    2.1123    1.0023
[1] 2700.0000    0.0615    0.8044    0.0850    2.1661    1.0835
[1] 2800.0000    0.0140    0.9204    0.1605    2.2066    1.0405
[1] 2900.0000    0.0001    0.8994   -0.1061    1.9163    1.0050
[1] 3000.0000    0.0053    0.9297    0.2425    2.2807    1.1984
[1] 3100.0000    0.1227    0.9787    0.2158    2.2318    0.9283
[1] 3200.0000    0.0168    0.9371    0.1459    2.1322    1.1278
[1] 3300.0000    0.0000    0.9877    0.1572    2.1678    0.9428
[1] 3400.0000    0.0003    0.9079   -0.0369    1.9256    0.8348
[1] 3500.0000    1.0000    0.9338    0.2285    2.3443    0.8830
[1] 3600.0000    0.0210    0.9027    0.0779    2.1054    1.1569
[1] 3700.0000    0.0001    0.9950    0.1695    2.1087    1.0085
[1] 3800.0000    0.0000    0.8653    0.0089    2.0124    0.9884
[1] 3900.0000    0.0005    0.8840    0.0561    2.0799    1.1193
[1] 4000.0000    0.4235    0.9388    0.1014    2.0101    0.8131
[1] 4100.0000    0.5339    0.8388    0.3425    2.3068    0.8864
[1] 4200.0000    0.6293    0.9756    0.0951    2.1570    0.9752
[1] 4300.0000    0.0000    0.9986    0.1291    2.2052    0.9026
[1] 4400.0000    0.1038    0.9571    0.2661    2.2653    0.9932
[1] 4500.0000    0.7050    0.8410    0.1926    2.2563    1.1520
[1] 4600.0000    0.0263    0.8039    0.0590    2.0259    1.1669
[1] 4700.0000    0.0000    0.9863    0.3651    2.3085    1.1102
[1] 4800.0000    0.0922    0.8985    0.0975    2.1057    0.9827
[1] 4900.0000    0.5093    0.8201    0.3546    2.3600    1.1747
[1] 5000.0000    0.9499    0.9273    0.1241    2.1085    1.0348
[1] 5100.0000    0.2490    0.9679   -0.0043    2.0235    1.1951
[1] 5200.0000    0.0103    0.8350    0.1698    2.2920    1.0935
[1] 5300.0000    1.0000    0.8379    0.1375    2.1357    1.0434
[1] 5400.0000    0.7164    0.8333    0.1993    2.2333    0.9811
[1] 5500.0000    0.0001    0.8506    0.0659    1.9694    1.1979
[1] 5600.0000    0.0961    0.8407   -0.1052    2.0322    1.1085
[1] 5700.0000    0.0879    0.9403    0.0266    1.9666    0.9236
[1] 5800.0000    0.0801    0.8612    0.0866    2.2179    1.0327
[1] 5900.0000    0.1688    0.8706    0.0291    2.0505    1.1672
[1] 6000.0000    0.2057    0.8924    0.0677    2.0156    1.0716
[1] 6100.0000    0.0610    0.9517    0.3253    2.3114    0.9216
[1] 6200.0000    1.0000    0.8336   -0.2160    1.8033    0.9759
[1] 6300.0000    0.0090    0.8959    0.0215    2.1520    1.1826
[1] 6400.0000    0.2147    0.9022    0.1468    2.0596    0.8332
[1] 6500.0000    0.0287    0.8697    0.0479    2.1089    0.9040
[1] 6600.0000    0.0194    0.8918   -0.0718    1.9832    1.0184
[1] 6700.0000    0.0001    0.9726   -0.1205    1.9045    1.0730
[1] 6800.0000    0.8656    0.8496    0.0613    2.1245    0.9728
[1] 6900.0000    0.0730    0.8556    0.0561    2.0828    1.1638
[1] 7000.0000    0.0020    0.8011    0.1318    2.1358    1.0228
[1] 7100.0000    1.0000    0.8440    0.1604    2.1898    0.9302
[1] 7200.0000    0.0031    0.9645    0.1712    2.2111    0.9109
[1] 7300.0000    0.0002    0.8821    0.1051    2.2042    0.9361
[1] 7400.0000    0.0000    0.8164   -0.0253    1.9143    0.8600
[1] 7500.0000    0.4226    0.9538    0.2931    2.2573    1.0728
[1] 7600.0000    0.0478    0.8332    0.0522    2.0835    1.0877
[1] 7700.0000    0.0023    0.8552    0.0363    2.0359    1.0850
[1] 7800.0000    0.0001    0.8139    0.0578    2.0945    0.8702
[1] 7900.0000    1.0000    0.9195    0.0900    2.1640    1.0920
[1] 8000.0000    0.2872    0.9186   -0.1184    1.8488    1.0026
[1] 8100.0000    0.1155    0.9605    0.1572    2.1983    0.9407
[1] 8200.0000    0.0000    0.9273    0.2442    2.2586    0.9041
[1] 8300.0000    0.0003    0.8222    0.2799    2.2729    0.8438
[1] 8400.0000    1.0000    0.9278    0.2048    2.1494    0.8107
[1] 8500.0000    0.0016    0.8716    0.0013    2.0453    1.1821
[1] 8600.0000    0.1727    0.9835    0.1060    2.1792    0.9563
[1] 8700.0000    0.1285    0.8293   -0.0530    1.8737    0.8767
[1] 8800.0000    1.0000    0.9324    0.0602    2.1038    0.8066
[1] 8900.0000    0.9446    0.9431    0.0921    2.1571    1.1381
[1] 9000.0000    0.1634    0.9025    0.1258    2.1082    0.9096
[1] 9100.0000    0.3645    0.8799    0.1888    2.1925    0.8591
[1] 9200.0000    0.7266    0.9069    0.1553    2.2630    1.1995
[1] 9300.0000    0.0008    0.9856    0.0634    2.0551    1.1370
[1] 9400.0000    0.0359    0.9943    0.4073    2.2494    1.0986
[1] 9500.0000    0.0000    0.9329    0.0151    2.1270    0.8817
[1] 9600.0000    0.7074    0.9566   -0.0045    2.0523    1.1182
[1] 9700.0000    0.1826    0.8614    0.1459    2.1871    0.9692
[1] 9800.0000    0.1832    0.8196    0.1009    2.0668    0.9680
[1] 9900.0000    0.0000    0.8466    0.4023    2.3610    0.8248
[1] 10000.0000     0.6048     0.9167    -0.1769     1.9213     1.1877
[1] 10100.0000     1.0000     0.9049     0.2073     2.2057     1.0751
[1] 10200.0000     0.0022     0.9084     0.0926     2.0428     0.8386
[1] 10300.0000     0.0283     0.8120     0.2366     2.1997     0.8804
[1] 10400.0000     0.0689     0.9337     0.1672     2.1376     1.0990
[1] 10500.0000     1.0000     0.8159     0.3431     2.2727     1.1284
[1] 10600.0000     0.0047     0.9579     0.2143     2.2839     1.1829
[1] 10700.0000     0.0001     0.8531     0.1725     2.2195     0.8181
[1] 10800.0000     0.6311     0.8541     0.1595     2.2474     0.9792
[1] 10900.0000     0.0000     0.8264     0.0860     2.2157     1.1140
[1] 11000.0000     0.2676     0.8012     0.1927     2.3217     0.9407
[1] 11100.0000     0.0000     0.8902     0.4541     2.5272     0.9114
[1] 11200.0000     0.9730     0.9412     0.1096     2.2002     0.8257
[1] 11300.0000     1.0000     0.9738     0.1612     2.0703     1.1215
[1] 11400.0000     0.6809     0.9055     0.1774     2.1901     0.9856
[1] 11500.0000     0.0000     0.9311     0.0760     2.1355     0.8792
[1] 11600.0000     0.7266     0.9382    -0.1286     1.9351     0.8033
[1] 11700.0000     0.8239     0.9810    -0.0397     2.0144     0.9386
[1] 11800.0000     0.0093     0.8440     0.0583     1.9884     0.8198
[1] 11900.0000     0.4804     0.8272     0.2060     2.1873     0.8962
[1] 12000.0000     0.0056     0.8543     0.0168     2.0552     1.1591
[1] 12100.0000     0.5915     0.9452     0.1171     2.1048     0.8400
[1] 12200.0000     1.0000     0.8496    -0.0855     1.9263     0.8460
[1] 12300.0000     0.0256     0.8229     0.2040     2.1569     0.9137
[1] 12400.0000     1.0000     0.8046    -0.0176     1.9503     0.8797
[1] 12500.0000     0.1621     0.9120     0.2686     2.3187     1.1259
[1] 12600.0000     0.1644     0.9564     0.2240     2.1019     1.1675
[1] 1.270e+04 0.000e+00 9.486e-01 3.144e-01 2.355e+00 8.166e-01
[1] 12800.0000     0.0000     0.9108    -0.1757     1.7888     1.0765
[1] 12900.0000     0.0169     0.8554    -0.2217     1.8441     0.9712
[1] 13000.0000     0.0569     0.8069     0.1357     2.1595     1.0997
[1] 13100.0000     0.0005     0.9404    -0.0500     1.9906     0.9822
[1] 13200.0000     0.0022     0.9589    -0.0037     1.9861     1.1555
[1] 13300.0000     0.5387     0.8522     0.1360     2.1076     1.0074
[1] 13400.0000     0.0000     0.9801     0.2489     2.1215     1.0073
[1] 13500.0000     0.0000     0.8240     0.1262     2.2249     1.0099
[1] 13600.0000     0.0009     0.8917    -0.0397     1.8625     1.0301
[1] 13700.0000     1.0000     0.8314     0.0871     2.1274     0.8589
[1] 13800.0000     0.0000     0.9394     0.1449     2.2176     0.9910
[1] 13900.0000     0.8130     0.8104     0.0356     2.0959     0.8994
[1] 14000.0000     1.0000     0.9598     0.0846     2.0506     0.8043
[1] 14100.0000     0.0000     0.9236     0.2322     2.2483     0.9106
[1] 14200.0000     0.4885     0.9100     0.1110     2.2462     1.1948
[1] 14300.0000     0.0070     0.8359     0.0791     2.1673     1.0907
[1] 14400.0000     0.8664     0.8984     0.1056     2.1682     1.1866
[1] 14500.0000     0.0005     0.8302     0.1745     2.2295     1.1813
[1] 14600.0000     0.0000     0.8329     0.0298     2.0897     0.9630
[1] 14700.0000     1.0000     0.8840     0.1918     2.2193     1.0394
[1] 14800.0000     0.0000     0.8106    -0.0501     2.0525     1.0978
[1] 14900.0000     0.4190     0.9850     0.1144     2.1732     1.1438
[1] 15000.0000     0.0000     0.9486     0.0033     2.0472     0.9418
[1] 15100.0000     0.0572     0.9112     0.0134     2.0826     1.0503
[1] 15200.0000     0.4725     0.9896     0.2732     2.2386     1.1186
[1] 15300.0000     0.0344     0.8296     0.3210     2.4144     1.1944
[1] 15400.0000     0.6110     0.8005     0.1588     2.2293     0.8812
[1] 15500.0000     0.2411     0.9973    -0.0242     2.0279     0.8711
[1] 15600.0000     1.0000     0.9912     0.0827     2.1126     1.0551
[1] 15700.0000     0.0000     0.8668     0.2809     2.2782     1.0399
[1] 15800.0000     0.3842     0.9774     0.0152     1.9308     1.1822
[1] 15900.0000     0.0000     0.9524     0.1090     2.1834     1.0855
[1] 16000.0000     0.8803     0.9761     0.0860     2.1722     1.0600
[1] 16100.0000     1.0000     0.9477     0.1483     2.2818     0.9420
[1] 16200.0000     0.7226     0.8455     0.1306     2.1013     1.0509
[1] 16300.0000     0.8219     0.9029     0.1408     2.0631     1.0365
[1] 16400.0000     0.1574     0.8090     0.1785     2.1756     0.8978
[1] 16500.0000     0.0830     0.9894     0.0992     2.1321     0.9222
[1] 16600.0000     1.0000     0.9292    -0.0580     1.9858     1.0485
[1] 16700.0000     0.3974     0.9070     0.0816     2.1926     1.1930
[1] 16800.0000     0.1060     0.8165    -0.0253     1.9789     1.0376
[1] 16900.0000     0.2463     0.8221     0.1340     2.0995     1.1575
[1] 17000.0000     0.6693     0.8355     0.1976     2.2442     0.9526
[1] 1.710e+04 7.410e-02 9.262e-01 2.504e-01 2.267e+00 9.696e-01
[1] 17200.0000     0.3326     0.9497    -0.0105     2.0209     0.8252
[1] 17300.0000     0.0839     0.9116    -0.0106     2.0140     0.8190
[1] 17400.0000     0.9946     0.9623     0.2164     2.3241     1.1696
[1] 17500.0000     1.0000     0.9645     0.0043     1.9764     0.9956
[1] 17600.0000     0.0356     0.9193     0.2299     2.1888     0.8193
[1] 17700.0000     0.0101     0.8922     0.0712     2.0435     1.0234
[1] 17800.0000     1.0000     0.9968     0.0899     2.1034     0.8268
[1] 17900.0000     0.0158     0.8644     0.0930     2.0959     1.0507
[1] 18000.0000     0.8432     0.9109     0.3244     2.3755     0.8712
[1] 18100.0000     0.0358     0.8667     0.1188     2.1127     1.1867
[1] 18200.0000     1.0000     0.8073     0.3168     2.3221     0.9256
[1] 18300.0000     0.0204     0.9706     0.1093     2.1425     1.1685
[1] 18400.0000     0.0129     0.9022     0.0094     2.0772     0.8760
[1] 18500.0000     0.1237     0.9072     0.1442     2.2040     1.0082
[1] 18600.0000     0.0414     0.8932     0.2173     2.2696     0.8460
[1] 18700.0000     0.2592     0.9071     0.2973     2.3314     1.1143
[1] 18800.0000     0.0012     0.9415     0.0462     2.1799     0.8205
[1] 18900.0000     0.0003     0.9734     0.1422     2.1474     1.0104
[1] 19000.0000     1.0000     0.8087     0.2697     2.2643     1.1060
[1] 19100.0000     0.0186     0.8142     0.0814     2.1114     1.0716
[1] 19200.0000     1.0000     0.8319     0.1098     2.0508     1.0132
[1] 19300.0000     0.4338     0.8940     0.0614     2.0926     1.1248
[1] 19400.0000     0.1791     0.8040     0.1044     2.0704     1.1551
[1] 19500.0000     0.0001     0.8243     0.3489     2.2821     0.8751
[1] 19600.0000     0.1067     0.9711     0.1298     2.1983     1.0171
[1] 19700.0000     0.0333     0.8143     0.1726     2.1851     0.8081
[1] 19800.0000     0.0870     0.8317     0.3357     2.3844     1.0742
[1] 19900.0000     0.1871     0.9981     0.4180     2.5046     1.0280
[1] 20000.0000     0.3299     0.9729    -0.0691     2.0110     0.8904
[1] 20100.0000     0.0000     0.8622     0.2235     2.2415     0.8640
[1] 20200.0000     0.7604     0.9840     0.1598     2.2587     1.1380
[1] 20300.0000     0.0025     0.9350    -0.1011     1.9944     0.8887
[1] 20400.0000     1.0000     0.8446     0.0914     2.1260     1.0333
[1] 20500.0000     0.0012     0.8964     0.0577     2.1393     1.1285
[1] 20600.0000     0.0848     0.9219     0.1008     2.1724     1.0848
[1] 20700.0000     0.7101     0.8107     0.3347     2.2944     1.0874
[1] 20800.0000     1.0000     0.9981     0.1338     2.1317     1.0246
[1] 20900.0000     0.0000     0.8547     0.1394     2.1475     0.9562
[1] 21000.0000     0.4310     0.8369     0.1099     2.1588     1.0355
[1] 21100.0000     0.1922     0.9291     0.1796     2.1835     1.1428
[1] 21200.0000     1.0000     0.9611     0.1465     2.1711     0.8029
[1] 21300.0000     0.0001     0.8214     0.1450     2.0269     1.0391
[1] 2.140e+04 1.000e+00 8.276e-01 5.400e-02 2.123e+00 8.233e-01
[1] 21500.0000     0.0002     0.8906     0.1431     2.1402     0.8206
[1] 21600.0000     0.8537     0.9634     0.1560     2.2355     0.9473
[1] 21700.0000     0.2940     0.9973     0.0047     2.0599     0.9605
[1] 21800.0000     0.6022     0.8443     0.2544     2.3649     0.9811
[1] 21900.0000     0.7741     0.9598     0.1553     2.2227     0.8497
[1] 22000.0000     0.1169     0.8213     0.1597     2.1132     1.0483
[1] 22100.0000     0.0118     0.8953     0.2254     2.3116     0.9321
[1] 22200.0000     0.3512     0.8579    -0.0864     2.0017     0.8534
[1] 22300.0000     0.0228     0.9726    -0.0641     2.1381     0.8521
[1] 22400.0000     1.0000     0.9971     0.2094     2.2341     0.9354
[1] 22500.0000     0.0017     0.8239     0.1523     2.2479     1.1368
[1] 22600.0000     0.0007     0.8006     0.1217     2.1331     0.8902
[1] 22700.0000     0.0000     0.8271    -0.0449     2.0053     1.1968
[1] 22800.0000     0.0423     0.8972     0.1138     1.9923     1.0231
[1] 22900.0000     0.0568     0.8804    -0.0867     1.9857     0.9211
[1] 23000.0000     0.0001     0.8188     0.2230     2.2265     1.0070
[1] 23100.0000     0.3306     0.8119     0.2541     2.2044     1.0551
[1] 23200.0000     0.0136     0.8437     0.2197     2.3141     0.8877
[1] 23300.0000     0.0000     0.9727     0.2170     2.2644     0.9482
[1] 23400.0000     0.4842     0.8888     0.2681     2.1945     1.0444
[1] 23500.0000     1.0000     0.9916     0.1331     2.1439     1.1297
[1] 23600.0000     0.0079     0.9324     0.0359     2.1123     0.8634
[1] 23700.0000     0.3153     0.9328     0.0563     2.1263     1.0180
[1] 23800.0000     0.5474     0.9299    -0.0515     1.9065     1.0580
[1] 23900.0000     0.7625     0.8722     0.1949     2.1852     0.8735
[1] 24000.0000     0.5500     0.9322     0.1402     2.0994     0.9399
[1] 24100.0000     1.0000     0.9214     0.0327     2.1131     0.8541
[1] 24200.0000     0.0840     0.8467     0.0198     2.0963     0.8230
[1] 24300.0000     0.8373     0.8163     0.0721     2.1598     1.0906
[1] 24400.0000     1.0000     0.9947     0.1748     2.1414     0.9697
[1] 24500.0000     0.0037     0.8969     0.2021     2.2038     1.0480
[1] 24600.0000     0.0001     0.9237     0.0663     2.0915     1.0127
[1] 24700.0000     0.5463     0.9195     0.0131     1.9746     0.8781
[1] 24800.0000     0.0002     0.8460     0.0916     2.1295     0.9489
[1] 24900.0000     0.0133     0.9802    -0.0368     2.0951     0.9496
[1] 25000.0000     1.0000     0.8801     0.3030     2.3253     0.8235
[1] 2.510e+04 2.295e-01 8.622e-01 1.892e-01 2.210e+00 8.281e-01
[1] 25200.0000     0.0338     0.8495     0.3113     2.3878     1.1739
[1] 25300.0000     0.0001     0.9779     0.0706     2.1616     0.8977
[1] 25400.0000     0.0046     0.9183     0.0175     2.0021     1.0450
[1] 25500.0000     0.3149     0.8147     0.0779     2.0964     1.1844
[1] 25600.0000     0.0369     0.9926     0.2955     2.2848     0.9855
[1] 25700.0000     0.2280     0.8976    -0.0805     1.9892     0.9408
[1] 25800.0000     0.0130     0.9689     0.1668     2.2088     1.1962
[1] 25900.0000     0.0002     0.8683     0.2806     2.2109     0.8098
[1] 26000.0000     1.0000     0.9492     0.0642     2.0548     1.0058
[1] 26100.0000     0.0765     0.9326     0.1360     2.2021     1.0189
[1] 26200.0000     0.3641     0.8601     0.0475     2.1595     0.9041
[1] 26300.0000     0.7406     0.8623    -0.1427     1.9874     1.0835
[1] 26400.0000     0.0740     0.8855     0.3887     2.2993     1.0131
[1] 26500.0000     0.0316     0.8034    -0.1743     1.8604     1.1338
[1] 26600.0000     0.3239     0.8720     0.0045     2.0418     0.9170
[1] 26700.0000     0.0850     0.9721     0.0462     2.0759     0.8075
[1] 26800.0000     0.1209     0.8173     0.0583     2.1156     0.9752
[1] 26900.0000     0.0000     0.9241     0.4214     2.4925     1.0646
[1] 2.700e+04 8.455e-01 8.977e-01 7.490e-02 2.144e+00 8.661e-01
[1] 27100.0000     0.0002     0.8095     0.0778     2.0792     1.0497
[1] 27200.0000     0.0106     0.8304     0.1318     2.2103     0.8580
[1] 2.730e+04 1.500e-03 9.608e-01 2.110e-02 2.033e+00 8.492e-01
[1] 27400.0000     0.0868     0.8725     0.0284     1.9992     1.1899
[1] 27500.0000     1.0000     0.8366     0.0485     2.0558     1.0805
[1] 27600.0000     0.0001     0.8069     0.3593     2.3155     0.9996
[1] 27700.0000     0.0299     0.8620     0.3968     2.4686     1.0941
[1] 27800.0000     0.0000     0.8358     0.2391     2.2890     1.1051
[1] 27900.0000     0.6300     0.8774     0.2332     2.2421     1.0564
[1] 28000.0000     0.0037     0.9430    -0.0151     2.0894     0.9743
[1] 28100.0000     0.0000     0.9262     0.1243     2.1994     1.0710
[1] 28200.0000     0.2850     0.9920     0.3236     2.2602     1.1206
[1] 2.830e+04 8.200e-03 8.510e-01 4.800e-03 2.009e+00 8.048e-01
[1] 28400.0000     1.0000     0.9594    -0.0184     1.9716     0.8105
[1] 28500.0000     0.9420     0.8206     0.1851     2.2833     1.0447
[1] 2.860e+04 1.000e-04 9.775e-01 1.137e-01 2.179e+00 9.079e-01
[1] 28700.0000     0.0554     0.8497     0.1385     2.0650     1.1155
[1] 28800.0000     0.0447     0.9569     0.2430     2.3328     1.0292
[1] 28900.0000     0.3680     0.8662    -0.0490     2.0482     0.8550
[1] 29000.0000     0.3684     0.9401     0.1353     2.1900     1.1755
[1] 29100.0000     0.0073     0.9156     0.1210     2.1693     0.8172
[1] 29200.0000     0.0003     0.8505    -0.0827     1.9883     0.9156
[1] 29300.0000     0.0088     0.9749     0.0761     2.0605     0.9782
[1] 29400.0000     0.0325     0.9512     0.1473     2.0915     1.1262
[1] 29500.0000     0.0009     0.9255     0.1090     2.1290     1.1556
[1] 29600.0000     0.0015     0.8267     0.1438     2.2149     1.0464
[1] 29700.0000     0.0019     0.8808     0.0434     1.9736     0.9901
[1] 29800.0000     0.6396     0.8701     0.1676     2.2567     0.8024
[1] 29900.0000     1.0000     0.9798     0.1763     2.1810     1.0014
[1] 30000.0000     0.0305     0.8307     0.1105     2.0837     1.0904
[1] 0.3421063
Time difference of 3.830442 hours
null device 
          1 
