[1] "El numero de nodos X particion es: 10"
[1] "Model = M1 / Data = sim_data/datasetSVIExponential13.Rdata"
[1] 100.0000   0.4667   0.9429   0.1327   1.8884   1.1970
[1] 200.0000   0.0003   0.8487   0.1643   1.8341   0.8384
[1] 300.0000   0.7951   0.8776   0.0993   1.9572   1.0665
[1] 400.0000   0.0040   0.9217  -0.5003   2.4901   0.9692
[1] 500.0000   0.0000   0.8350   0.9823   1.0538   0.9084
[1] 600.0000   0.0085   0.8988   0.0045   2.0208   1.1191
[1] 700.0000   0.0000   0.8999   0.9424   1.1294   1.0702
[1] 800.0000   0.0000   0.9662   0.9928   1.0771   1.0931
[1] 900.0000   0.0000   0.9606   0.5494   1.4491   1.0158
[1] 1000.0000    0.0000    0.8209   -0.5671    2.6142    0.9374
[1] 1100.0000    0.0000    0.9319    1.0698    0.9480    0.8930
[1] 1200.0000    0.4255    0.8603    0.7748    1.3306    0.9164
[1] 1300.0000    0.0000    0.9498   -0.2115    2.1715    1.1653
[1] 1400.0000    0.0000    0.9303   -1.6784    3.5874    1.1894
[1] 1500.0000    0.0000    0.9584   -0.3160    2.3363    1.0940
[1] 1600.0000    0.0000    0.9658   -0.6058    2.6062    1.0950
[1] 1700.0000    0.0000    0.8163    0.3442    1.6236    0.8247
[1] 1800.0000    0.0000    0.8314    0.8768    1.2067    0.9945
[1] 1900.0000    0.0000    0.8411   -0.9199    2.9579    1.0047
[1] 2000.0000    0.0000    0.8550    0.6581    1.4537    1.0762
[1] 2100.0000    0.0000    0.8676   -0.8073    2.8050    0.9194
[1] 2200.0000    0.0000    0.8668    0.4807    1.6325    1.0989
[1] 2300.0000    0.0000    0.9142    0.5296    1.4351    0.8527
[1] 2400.0000    0.0000    0.9355    0.4155    1.5581    1.1578
[1] 2500.0000    0.0154    0.8909    0.6329    1.3490    1.1217
[1] 2600.0000    0.0000    0.9100   -0.0463    2.1136    1.1442
[1] 2700.0000    0.0000    0.9115   -1.4047    3.4338    1.0018
[1] 2800.0000    0.0190    0.9382    0.0315    2.0622    1.1558
[1] 2900.0000    0.0000    0.9341   -0.4928    2.4091    0.9034
[1] 3000.0000    0.0000    0.8454   -0.2412    2.2800    0.9669
[1] 3100.0000    0.0000    0.9411    0.1460    1.7410    0.9915
[1] 3200.0000    0.0000    0.9190   -0.1429    2.2145    0.9575
[1] 3300.0000    0.0000    0.9312    0.3097    1.6672    0.9302
[1] 3400.0000    0.3230    0.8983    1.0400    1.0285    1.1525
[1] 3500.0000    0.0000    0.9256   -0.0963    2.0309    1.1684
[1] 3600.0000    0.0000    0.9625    0.0850    1.9330    0.8525
[1] 3700.0000    0.3291    0.8237    0.7044    1.3417    0.8398
[1] 3800.0000    0.0000    0.9791    1.5121    0.4881    1.0179
[1] 3900.0000    0.0000    0.8319   -0.3051    2.4238    0.8180
[1] 4000.0000    0.0000    0.9448   -0.6078    2.6282    1.0791
[1] 4100.0000    0.0000    0.8388   -0.7118    2.7618    0.8864
[1] 4200.0000    0.0000    0.9756   -0.6311    2.5721    0.9752
[1] 4300.0000    0.0863    0.8028   -0.6602    2.7020    0.9927
[1] 4400.0000    0.0000    0.8091    1.0638    0.9572    1.0451
[1] 4500.0000    0.1330    0.8404   -0.0680    2.1138    1.1577
[1] 4600.0000    0.0000    0.9525    0.4324    1.6594    1.1110
[1] 4700.0000    0.0000    0.8528    0.1340    1.8466    0.8411
[1] 4800.0000    0.0000    0.8977   -1.0272    3.0192    0.9517
[1] 4900.0000    0.0000    0.9924   -0.9467    3.0088    1.1836
[1] 5000.0000    0.0000    0.9762   -1.6154    3.5598    0.8665
[1] 5100.0000    0.0000    0.9679   -0.8020    2.7066    1.1951
[1] 5200.0000    0.0000    0.8051    0.2108    1.7839    0.8965
[1] 5300.0000    0.0000    0.9010    0.4808    1.4992    1.0910
[1] 5400.0000    0.0000    0.9713   -0.0045    1.8335    1.1011
[1] 5500.0000    0.0000    0.8506    1.0420    0.9328    1.1979
[1] 5600.0000    0.0000    0.9929   -0.1796    2.1312    1.1085
[1] 5700.0000    0.0000    0.9445    0.5619    1.4830    1.0237
[1] 5800.0000    0.0000    0.8612   -1.2617    3.3527    1.0327
[1] 5900.0000    0.0000    0.9311   -1.2050    3.2082    0.8983
[1] 6000.0000    0.0000    0.9870   -0.1348    2.0771    1.0819
[1] 6100.0000    0.0000    0.9284   -0.4015    2.4613    0.9188
[1] 6200.0000    0.0000    0.8162    0.1179    1.8742    1.0302
[1] 6300.0000    0.0000    0.9569   -0.7982    2.7704    0.8080
[1] 6400.0000    0.0000    0.9599   -0.4042    2.4758    0.9947
[1] 6500.0000    0.0000    0.9084   -0.1548    2.1467    1.0918
[1] 6600.0000    0.0000    0.8710   -0.2128    2.1460    0.9001
[1] 6700.0000    0.0000    0.9587   -1.2355    3.3188    1.0766
[1] 6800.0000    0.0575    0.8794   -0.1742    2.1955    0.9381
[1] 6900.0000    0.0000    0.9290   -1.5073    3.5028    1.0476
[1] 7000.0000    0.0000    0.8521   -0.3365    2.3243    1.0680
[1] 7100.0000    0.0000    0.9857    0.2396    1.8376    1.0571
[1] 7200.0000    0.0000    0.8247   -0.1987    2.3176    0.8913
[1] 7300.0000    0.0000    0.9346    0.2489    1.8060    1.1740
[1] 7400.0000    0.0000    0.8045   -0.2626    2.2490    0.8734
[1] 7500.0000    0.0000    0.8918   -1.4318    3.4069    1.0101
[1] 7600.0000    0.0000    0.9493   -0.3122    2.3454    0.9281
[1] 7700.0000    0.0000    0.8440   -0.8884    2.8886    0.8976
[1] 7800.0000    0.0000    0.9477    0.2383    1.7054    0.8206
[1] 7900.0000    0.0000    0.9654   -0.0137    1.9323    1.1831
[1] 8000.0000    0.0000    0.9309    0.1891    1.7893    1.0835
[1] 8100.0000    0.0000    0.8250    0.4571    1.5379    1.1136
[1] 8200.0000    0.0000    0.9207   -0.3442    2.3646    1.1282
[1] 8300.0000    0.0000    0.8222   -0.3653    2.3913    0.8438
[1] 8400.0000    0.0000    0.9658   -0.5541    2.4896    0.9286
[1] 8500.0000    0.0000    0.8693   -0.2154    2.2662    1.1264
[1] 8600.0000    0.0000    0.8576   -0.8413    2.8393    1.0835
[1] 8700.0000    0.0000    0.8940   -0.4608    2.4467    1.0236
[1] 8800.0000    0.0000    0.9735   -0.3580    2.2678    1.0381
[1] 8900.0000    0.0000    0.8674    1.0076    1.0485    1.0474
[1] 9000.0000    0.0000    0.8301    0.8608    1.1261    1.1387
[1] 9100.0000    0.0000    0.8755    0.6328    1.3900    0.8812
[1] 9200.0000    0.0000    0.8129    0.0539    1.9853    1.1264
[1] 9300.0000    0.0000    0.8689    0.1666    1.9549    0.9976
[1] 9400.0000    0.0000    0.8413    1.6104    0.3343    1.0761
[1] 9500.0000    0.0000    0.8817   -0.0358    2.0060    1.0875
[1] 9600.0000    0.0000    0.8149    0.0916    1.9609    0.9056
[1] 9700.0000    0.0000    0.9657    1.0830    0.9478    0.9166
[1] 9800.0000    0.0000    0.8646   -0.9162    2.8735    0.8456
[1] 9900.0000    0.0000    0.9369    0.6372    1.4401    1.1404
[1] 10000.0000     0.4832     0.9984    -0.4606     2.4486     0.9987
[1] 10100.0000     0.0001     0.9390    -1.1178     3.1253     1.0815
[1] 10200.0000     0.0000     0.8458    -0.2676     2.2540     1.1044
[1] 10300.0000     0.2159     0.9549     1.4394     0.5829     0.8021
[1] 10400.0000     0.0000     0.9970    -0.0588     2.0514     0.9159
[1] 1.050e+04 0.000e+00 9.035e-01 7.964e-01 1.170e+00 9.966e-01
[1] 1.060e+04 0.000e+00 8.442e-01 6.590e-01 1.429e+00 9.495e-01
[1] 10700.0000     0.0000     0.8398     0.7762     1.2856     1.0590
[1] 10800.0000     1.0000     0.8056     0.0998     1.9783     0.8503
[1] 10900.000     0.000     0.966     1.067     0.994     1.197
[1] 11000.0000     0.0152     0.8555     0.7432     1.3045     1.1761
[1] 11100.0000     0.0000     0.9587    -0.6254     2.5849     0.9308
[1] 11200.0000     0.2843     0.9398    -1.0709     3.0895     0.9513
[1] 11300.0000     0.0000     0.8936    -1.0702     3.1099     1.0961
[1] 11400.0000     0.0004     0.9548     0.5007     1.5999     1.0047
[1] 11500.0000     0.0000     0.8034    -0.1491     2.1489     0.8501
[1] 11600.0000     0.0001     0.9104    -0.6233     2.6852     0.8269
[1] 11700.0000     0.0000     0.8224     0.1087     1.9387     0.8539
[1] 11800.0000     0.0000     0.8027    -0.0049     2.1084     0.8530
[1] 11900.0000     0.0000     0.9123    -0.8934     2.9098     1.0901
[1] 12000.0000     0.0000     0.8056     0.5099     1.5802     1.1142
[1] 12100.0000     0.0000     0.8005    -0.5194     2.4882     0.8375
[1] 12200.0000     0.0828     0.9853     0.1629     1.8969     1.1443
[1] 12300.0000     0.0000     0.8010     0.1793     1.8726     0.8810
[1] 12400.0000     0.1640     0.8019    -0.9470     3.0074     1.1971
[1] 12500.0000     0.0000     0.8059     0.0298     2.0048     1.1427
[1] 12600.0000     0.0000     0.8126    -0.1107     2.2499     1.1805
[1] 12700.0000     0.0000     0.8779    -0.2593     2.1663     0.8170
[1] 12800.0000     0.0000     0.8257     0.1181     1.9218     0.8904
[1] 12900.0000     0.0427     0.9204     0.9785     1.0792     0.8219
[1] 13000.0000     0.0000     0.8069     0.7846     1.1637     1.0997
[1] 1.310e+04 0.000e+00 9.404e-01 8.871e-01 1.119e+00 9.822e-01
[1] 13200.0000     0.0000     0.8843    -0.4854     2.5659     0.9997
[1] 13300.0000     0.0000     0.8427    -0.9637     2.9543     1.0281
[1] 13400.0000     0.0000     0.8092    -0.1789     2.2189     1.1676
[1] 13500.0000     0.0000     0.8466    -0.1143     2.0870     0.8143
[1] 13600.0000     0.0000     0.8917     0.9332     1.0539     1.0301
[1] 13700.0000     0.0000     0.8951    -0.6108     2.5740     1.0363
[1] 13800.0000     0.0000     0.8787    -0.7371     2.7257     1.0611
[1] 13900.0000     0.0000     0.8573    -0.5065     2.5222     0.8372
[1] 14000.0000     0.0000     0.9588     0.4664     1.5368     0.9662
[1] 14100.0000     0.0000     0.8411     0.7560     1.1684     1.1804
[1] 14200.0000     0.0000     0.8479     0.4260     1.5297     0.8739
[1] 14300.0000     0.0000     0.9227    -1.0191     3.0059     1.0001
[1] 14400.0000     0.0046     0.8623     0.2136     1.7676     0.8985
[1] 14500.0000     0.4877     0.9833     1.1240     0.8792     1.1771
[1] 14600.0000     0.0000     0.8570     0.6358     1.2984     1.1138
[1] 14700.0000     0.0000     0.8974     0.3879     1.5392     1.0871
[1] 14800.0000     0.0000     0.9988     1.2033     0.7627     0.9067
[1] 14900.0000     0.0025     0.9582     0.1683     1.8767     1.0321
[1] 15000.0000     0.0000     0.9447    -0.2409     2.1915     0.8911
[1] 15100.0000     0.6783     0.9118    -0.8675     2.8592     0.9692
[1] 1.520e+04 0.000e+00 8.242e-01 4.309e-01 1.592e+00 1.080e+00
[1] 15300.0000     0.5263     0.8059     0.1432     1.9336     0.9091
[1] 15400.0000     0.0002     0.8072    -0.8235     2.8434     1.0717
[1] 15500.0000     0.0000     0.9734    -1.7895     3.8532     1.1714
[1] 15600.0000     0.0000     0.8520    -0.8236     2.8929     1.1912
[1] 15700.0000     0.0000     0.8475     0.1514     1.8294     0.9690
[1] 15800.0000     0.0000     0.9108    -0.2383     2.2015     0.9068
[1] 15900.0000     0.0000     0.8841     0.1646     1.8226     0.8192
[1] 16000.0000     0.0000     0.8124    -0.4931     2.4786     1.1160
[1] 16100.0000     0.0000     0.9566     1.1377     0.9404     1.0234
[1] 16200.0000     0.0000     0.9466     0.8652     1.0572     0.9477
[1] 16300.0000     0.0000     0.9158     0.1732     1.8666     0.9491
[1] 16400.0000     0.0000     0.8807     0.0951     1.9328     0.8691
[1] 16500.0000     0.6947     0.9407    -0.4346     2.5134     0.9877
[1] 16600.0000     0.0000     0.8294    -0.6743     2.7465     0.8835
[1] 16700.0000     0.0000     0.9287     0.3478     1.5435     0.9633
[1] 16800.0000     0.0000     0.8621     0.0984     1.8739     1.1596
[1] 16900.0000     0.0000     0.8138     0.1049     1.8336     1.1004
[1] 17000.0000     0.0000     0.9790    -0.1927     2.1852     0.8822
[1] 17100.0000     0.0000     0.9305     1.3804     0.7261     0.9283
[1] 17200.0000     0.0000     0.9497     1.0693     0.8762     0.8252
[1] 17300.0000     1.0000     0.8396     0.0410     1.9569     1.0131
[1] 17400.0000     0.0000     0.8593     0.1763     1.8778     1.1450
[1] 17500.0000     0.0000     0.9677    -0.4246     2.4696     1.1479
[1] 17600.0000     0.0000     0.8280     0.1721     1.8022     1.1486
[1] 17700.0000     0.0000     0.8794     0.5777     1.4042     0.9707
[1] 17800.0000     0.0000     0.9383    -0.3758     2.4801     1.0084
[1] 17900.0000     0.0000     0.8750    -0.8453     2.8752     0.9636
[1] 1.800e+04 1.000e+00 9.109e-01 3.358e-01 1.713e+00 8.712e-01
[1] 18100.0000     0.0000     0.9461     0.2765     1.6056     0.9222
[1] 18200.0000     0.0020     0.8582     1.3265     0.6168     0.9652
[1] 18300.0000     0.0000     0.9012    -0.5011     2.5536     1.0710
[1] 18400.0000     0.0000     0.9529    -0.0359     2.0559     0.8173
[1] 18500.0000     0.0000     0.8451    -0.1855     2.2585     0.9054
[1] 18600.0000     0.0000     0.8656     0.2971     1.7554     0.8624
[1] 18700.0000     0.0000     0.9941    -0.0481     2.1134     0.9227
[1] 18800.0000     0.0000     0.8635     0.4658     1.5206     1.1693
[1] 18900.0000     0.0000     0.9024     0.1720     1.7960     1.0613
[1] 19000.0000     0.0000     0.8366    -0.3580     2.3417     0.8015
[1] 19100.0000     0.0000     0.9728     0.0935     1.8499     0.8217
[1] 19200.0000     0.0000     0.8001     0.5519     1.4254     0.9641
[1] 19300.0000     0.0000     0.8035     0.3255     1.6545     1.0886
[1] 19400.0000     0.0000     0.9330    -0.1637     2.1836     1.0363
[1] 19500.0000     0.0000     0.8527    -0.4623     2.4496     1.1208
[1] 19600.0000     0.7387     0.9162    -0.9549     3.0116     0.8038
[1] 19700.0000     0.0000     0.8982     0.0336     1.8960     1.1826
[1] 19800.0000     0.0000     0.9408     0.7073     1.3723     0.9927
[1] 19900.0000     0.0000     0.9981    -0.0737     2.1279     1.0280
[1] 20000.0000     0.0000     0.8708    -0.4773     2.4952     1.0213
[1] 20100.0000     0.0000     0.9080     0.1591     1.9113     1.0402
[1] 20200.0000     1.0000     0.9840     0.2196     1.8349     1.1380
[1] 20300.0000     0.0000     0.8028     0.2058     1.8644     0.9708
[1] 20400.0000     0.0014     0.9072     0.2513     1.7352     0.9991
[1] 20500.0000     0.0000     0.8964    -0.5722     2.6400     1.1285
[1] 20600.0000     0.1303     0.8137    -0.1063     2.1525     0.9497
[1] 20700.0000     0.9906     0.8107    -0.2419     2.2806     1.0874
[1] 20800.0000     0.0000     0.9606    -0.8913     2.9702     1.0886
[1] 20900.0000     0.0000     0.9109     0.0117     2.0409     0.9980
[1] 21000.0000     0.0000     0.9912     0.9553     1.0408     1.0875
[1] 21100.0000     0.0000     0.9732    -0.4263     2.3973     0.8253
[1] 21200.0000     0.0449     0.8263     0.0067     2.0234     1.1324
[1] 21300.0000     0.0000     0.8399    -0.7956     2.7211     1.0171
[1] 21400.0000     0.0000     0.9719     0.5812     1.4146     0.9071
[1] 21500.0000     0.0000     0.9375     0.1431     1.8265     1.0777
[1] 21600.0000     0.0000     0.8420     0.4257     1.6105     0.8926
[1] 21700.0000     0.0000     0.8258    -0.0373     2.0986     1.1265
[1] 21800.0000     0.0000     0.8709    -0.6922     2.7114     1.0601
[1] 21900.0000     0.0000     0.9084     0.0063     1.9590     1.1067
[1] 22000.0000     0.0000     0.8850     1.6295     0.3204     0.9555
[1] 22100.0000     0.0000     0.8953     0.0039     1.9874     0.9321
[1] 22200.0000     0.0000     0.9349     0.1329     1.8004     0.9881
[1] 22300.0000     0.0003     0.8584     0.3638     1.6412     0.9367
[1] 22400.0000     0.0000     0.9494     0.4657     1.5161     0.9207
[1] 22500.0000     0.0006     0.9610     1.0419     0.9795     0.9963
[1] 22600.0000     0.0000     0.8858     0.6891     1.4318     0.9064
[1] 22700.0000     0.0000     0.8271     0.7875     1.1239     1.1968
[1] 22800.0000     0.0000     0.9630     0.4266     1.5196     0.9437
[1] 22900.0000     0.0000     0.9207     0.1602     1.8197     0.8362
[1] 23000.0000     0.0000     0.9652     0.1035     1.8761     1.0264
[1] 23100.0000     0.0000     0.9231     0.2577     1.6778     0.8179
[1] 23200.0000     0.0000     0.9741    -0.6500     2.6748     1.1699
[1] 23300.0000     0.0594     0.8966     0.6836     1.3229     1.0199
[1] 23400.0000     0.0000     0.9418     0.3036     1.7747     0.8205
[1] 23500.0000     0.0000     0.9561     0.1887     1.8571     1.0572
[1] 23600.0000     0.0000     0.8360     0.0266     2.0094     0.8406
[1] 23700.0000     0.0000     0.8580     0.5399     1.5178     0.8494
[1] 23800.0000     0.0000     0.9509     0.7463     1.1528     0.9516
[1] 23900.0000     0.0000     0.8157     0.2038     1.7798     0.8034
[1] 24000.0000     0.0000     0.9653    -0.2080     2.1627     0.9324
[1] 24100.0000     0.0000     0.8643    -1.9676     3.9619     0.9462
[1] 24200.0000     0.0000     0.8399    -0.1591     2.0570     1.0287
[1] 24300.0000     0.0000     0.8805    -1.1315     3.1248     1.0014
[1] 24400.0000     0.0099     0.9020     0.6161     1.5216     1.0534
[1] 24500.0000     0.0000     0.9064     0.6579     1.2985     0.8345
[1] 24600.0000     0.0000     0.9062     0.7048     1.3065     0.8877
[1] 24700.0000     0.0000     0.9025    -0.1753     2.1683     0.8040
[1] 24800.0000     0.0000     0.8109     0.7709     1.2820     1.1899
[1] 24900.0000     0.0000     0.9495    -0.1715     2.1477     0.8626
[1] 25000.0000     0.0000     0.9628    -0.2121     2.1792     0.9362
[1] 25100.0000     0.0000     0.9605     1.0000     0.9744     1.0743
[1] 25200.0000     0.0000     0.8184    -0.0326     2.0833     0.8574
[1] 25300.0000     0.7220     0.8151    -0.1372     2.0789     1.0748
[1] 25400.0000     1.0000     0.8988    -0.3114     2.3102     1.0888
[1] 25500.0000     0.0000     0.8147     0.4263     1.5627     1.1844
[1] 25600.0000     0.0000     0.8978    -0.0893     2.0951     1.1142
[1] 25700.0000     0.0000     0.8060     0.7630     1.2954     0.8422
[1] 25800.0000     0.0000     0.8043    -0.4446     2.3369     0.8730
[1] 25900.0000     1.0000     0.8632    -0.1106     2.1535     1.1254
[1] 26000.0000     1.0000     0.9492    -0.6408     2.7118     1.0058
[1] 26100.0000     0.0000     0.9196    -0.3711     2.2206     1.1722
[1] 26200.0000     0.0000     0.9529    -0.8118     2.6984     1.0017
[1] 26300.0000     0.0000     0.8530    -1.0887     3.1131     1.0678
[1] 26400.0000     0.0000     0.8767     0.0428     1.8814     0.8041
[1] 26500.0000     0.0015     0.9903    -0.1956     2.2612     1.1966
[1] 2.660e+04 0.000e+00 9.293e-01 1.837e-01 1.984e+00 8.497e-01
[1] 26700.0000     0.0000     0.8184    -0.2110     2.1929     0.9177
[1] 26800.0000     0.0000     0.8180    -0.9511     2.9964     0.8719
[1] 26900.0000     0.0000     0.9586     0.3800     1.5632     1.0279
[1] 27000.0000     0.0000     0.8102     0.4148     1.5597     1.1325
[1] 27100.0000     0.8295     0.9280    -0.2810     2.3352     1.0348
[1] 27200.0000     0.0000     0.8802     0.1065     1.8988     0.8416
[1] 27300.0000     0.0000     0.8270    -0.7521     2.7730     1.1347
[1] 27400.0000     0.0000     0.9843     0.1917     1.8433     1.1629
[1] 27500.0000     0.0000     0.8301     0.5798     1.4125     0.9239
[1] 27600.0000     0.0000     0.8732     1.6324     0.4508     0.9172
[1] 27700.0000     0.0000     0.8317     1.0491     0.9495     1.1846
[1] 27800.0000     0.0000     0.8338     0.4666     1.5253     0.9440
[1] 2.790e+04 1.000e+00 8.904e-01 8.194e-01 1.180e+00 9.276e-01
[1] 28000.0000     0.0000     0.9328    -0.2652     2.3526     0.9314
[1] 28100.0000     0.0000     0.9262     0.3949     1.6922     1.0710
[1] 28200.0000     0.0000     0.9683    -0.1360     2.1585     0.8917
[1] 28300.0000     0.0000     0.9886    -0.6435     2.6047     1.1843
[1] 28400.0000     1.0000     0.9594    -0.8060     2.8145     0.8105
[1] 28500.0000     0.0000     0.8678     0.8547     1.1195     0.8688
[1] 28600.0000     0.0000     0.9775     0.1388     1.8049     0.9079
[1] 28700.0000     0.0000     0.9675    -1.6769     3.6973     1.1579
[1] 28800.0000     0.0000     0.8104    -0.3182     2.3134     1.1940
[1] 28900.0000     0.0000     0.9040    -0.5216     2.3824     0.8375
[1] 29000.0000     0.0000     0.9277     0.2804     1.7540     1.1735
[1] 29100.0000     0.0000     0.8445    -0.0969     2.1686     0.8871
[1] 29200.0000     0.0821     0.9367     0.6775     1.3340     1.1465
[1] 29300.0000     0.1680     0.9749     1.0502     1.0137     0.9782
[1] 29400.0000     0.0000     0.9394     1.3255     0.5974     1.1754
[1] 29500.0000     0.0000     0.8094    -0.3774     2.3440     0.8253
[1] 29600.0000     0.0000     0.8335    -0.0796     2.0796     1.1940
[1] 29700.0000     0.0000     0.9991    -0.5148     2.4968     0.9357
[1] 29800.0000     0.0000     0.8030    -1.3339     3.4168     0.9421
[1] 29900.0000     0.7576     0.9798     0.2900     1.7591     1.0014
[1] 30000.0000     0.0000     0.9561     1.3967     0.5596     1.0811
[1] 0.06915723
Time difference of 3.961253 hours
null device 
          1 
