[1] "El numero de nodos X particion es: 10"
[1] "Model = M1 / Data = sim_data/datasetSVCExponential14.Rdata"
[1] 100.0000   1.0000   0.8291   0.0651   2.0581   0.9331
[1] 200.0000   1.0000   0.9804  -0.0390   1.9351   1.0297
[1] 300.0000   0.6612   0.8776  -0.1306   1.9239   1.0665
[1] 400.0000   0.4227   0.9217  -0.0911   1.8429   0.9692
[1] 500.0000   0.8997   0.8902  -0.1329   1.8367   0.8863
[1] 600.0000   0.0001   0.8693  -0.0418   1.8482   1.0610
[1] 700.0000   1.0000   0.8087  -0.1281   1.8541   1.0605
[1] 800.0000   1.0000   0.8954  -0.1191   1.8555   1.1490
[1] 900.0000   0.0998   0.9543  -0.2374   1.8208   0.9829
[1] 1000.0000    0.2643    0.8568   -0.0897    1.8887    0.8983
[1] 1100.0000    0.2648    0.9031   -0.1809    1.8069    1.0781
[1] 1200.0000    0.5166    0.8603   -0.1315    1.9493    0.9164
[1] 1300.0000    0.8603    0.8617   -0.0750    1.9561    1.0550
[1] 1400.0000    0.0000    0.8624   -0.2084    1.7795    0.9686
[1] 1500.0000    0.0001    0.8549    0.0388    2.0726    0.9819
[1] 1600.0000    0.3586    0.8673    0.0651    2.0814    0.9237
[1] 1700.0000    0.0000    0.8745    0.0086    1.9793    0.9148
[1] 1800.0000    0.0000    0.9234   -0.1265    1.9868    1.1307
[1] 1900.0000    0.3385    0.9957    0.0111    2.0397    1.1822
[1] 2000.0000    0.0600    0.9978   -0.0409    1.9047    1.1535
[1] 2100.0000    0.9659    0.8081    0.0399    2.0592    0.9300
[1] 2200.0000    0.8274    0.8580   -0.0492    1.9213    1.0161
[1] 2300.0000    0.0661    0.8377   -0.1152    1.9478    0.8487
[1] 2400.0000    0.0154    0.9355   -0.0495    1.8449    1.1578
[1] 2500.0000    0.0213    0.8529   -0.0250    2.0066    0.9541
[1] 2600.0000    0.0775    0.9658   -0.1338    1.8959    1.0023
[1] 2700.0000    0.0450    0.8044   -0.0834    1.9733    1.0835
[1] 2800.0000    0.0698    0.9777   -0.0584    1.9150    0.8625
[1] 2900.0000    0.0025    0.8994   -0.3038    1.7197    1.0050
[1] 3000.0000    0.0461    0.9297    0.0623    2.0272    1.1984
[1] 3100.0000    0.2474    0.8476   -0.0109    1.9487    1.1528
[1] 3200.0000    0.0343    0.9371    0.0195    1.9644    1.1278
[1] 3300.0000    0.0000    0.9877   -0.0581    1.9382    0.9428
[1] 3400.0000    0.0001    0.9515   -0.2451    1.6321    1.1198
[1] 3500.0000    0.6002    0.9338   -0.1690    1.9186    0.8830
[1] 3600.0000    0.0073    0.9027   -0.0386    1.9336    1.1569
[1] 3700.0000    0.0122    0.9908   -0.0467    1.9524    1.0091
[1] 3800.0000    0.0000    0.8653   -0.1942    1.7722    0.9884
[1] 3900.0000    0.0004    0.8514   -0.1507    1.8221    1.1876
[1] 4000.0000    0.3940    0.9388   -0.0954    1.7780    0.8131
[1] 4100.0000    0.7382    0.8388    0.1882    2.1192    0.8864
[1] 4200.0000    0.7877    0.9756   -0.0704    1.9555    0.9752
[1] 4300.0000    0.0000    0.9986   -0.0595    1.9110    0.9026
[1] 4400.0000    0.0866    0.9571    0.1149    2.0768    0.9932
[1] 4500.0000    1.0000    0.8410   -0.0277    1.9280    1.1520
[1] 4600.0000    0.0234    0.8039   -0.0922    1.8328    1.1669
[1] 4700.0000    0.0000    0.9863    0.1358    2.0461    1.1102
[1] 4800.0000    0.1688    0.8536   -0.2639    1.7931    1.1437
[1] 4900.0000    0.5775    0.8201    0.1586    2.1359    1.1747
[1] 5000.0000    1.0000    0.9273   -0.0943    1.8543    1.0348
[1] 5100.0000    0.3329    0.9679   -0.2194    1.7697    1.1951
[1] 5200.0000    0.0018    0.8350    0.0676    2.2042    1.0935
[1] 5300.0000    1.0000    0.8379   -0.0707    1.8942    1.0434
[1] 5400.0000    1.0000    0.8515    0.0011    2.0255    1.1120
[1] 5500.0000    0.4382    0.8940   -0.2001    1.8420    1.1671
[1] 5600.0000    0.0219    0.9095   -0.4068    1.7022    0.9324
[1] 5700.0000    0.0917    0.9403   -0.1442    1.7558    0.9236
[1] 5800.0000    0.0610    0.8612   -0.0286    2.0600    1.0327
[1] 5900.0000    0.3286    0.8759   -0.2627    1.7824    1.0113
[1] 6000.0000    0.2878    0.8924   -0.1141    1.7876    1.0716
[1] 6100.0000    0.0759    0.9517    0.1358    2.0823    0.9216
[1] 6200.0000    1.0000    0.8336   -0.3743    1.6044    0.9759
[1] 6300.0000    0.0129    0.8959   -0.1088    1.9673    1.1826
[1] 6400.0000    0.3400    0.9022   -0.0552    1.8384    0.8332
[1] 6500.0000    0.0259    0.8697   -0.1288    1.8898    0.9040
[1] 6600.0000    0.0298    0.8918   -0.1802    1.8432    1.0184
[1] 6700.0000    0.0003    0.9726   -0.3006    1.6864    1.0730
[1] 6800.0000    0.9461    0.8496   -0.1139    1.9144    0.9728
[1] 6900.0000    0.0434    0.8556   -0.1506    1.8267    1.1638
[1] 7000.0000    0.0066    0.8011   -0.0262    1.9271    1.0228
[1] 7100.0000    1.0000    0.8440   -0.1747    1.7620    0.9302
[1] 7200.0000    0.0012    0.9645   -0.0604    1.9016    0.9109
[1] 7300.0000    0.0013    0.8821   -0.0704    1.9602    0.9361
[1] 7400.0000    0.0000    0.8164   -0.1997    1.6977    0.8600
[1] 7500.0000    0.4258    0.9538    0.1439    2.0694    1.0728
[1] 7600.0000    0.0221    0.8332   -0.1349    1.8367    1.0877
[1] 7700.0000    0.0038    0.8552   -0.2189    1.7398    1.0850
[1] 7800.0000    0.0000    0.9829   -0.1065    1.7997    1.0003
[1] 7900.0000    0.3271    0.8037   -0.1444    1.8608    1.1632
[1] 8000.0000    1.0000    0.9186   -0.1500    1.7553    1.0026
[1] 8100.0000    0.4158    0.8687   -0.0728    1.9638    1.0506
[1] 8200.0000    0.0000    0.9273    0.0943    2.0485    0.9041
[1] 8300.0000    0.0006    0.8397    0.1410    2.1153    1.0813
[1] 8400.0000    1.0000    0.9278   -0.0434    1.9192    0.8107
[1] 8500.0000    0.0063    0.8716   -0.0845    1.9264    1.1821
[1] 8600.0000    0.2696    0.9835   -0.0367    1.9881    0.9563
[1] 8700.0000    0.2902    0.8293   -0.1523    1.7295    0.8767
[1] 8800.0000    0.9829    0.9324   -0.0244    1.9479    0.8066
[1] 8900.0000    0.4585    0.9431   -0.1666    1.9118    1.1381
[1] 9000.0000    0.5354    0.9025   -0.0095    1.9144    0.9096
[1] 9100.0000    0.4774    0.9156    0.0265    2.0596    1.0916
[1] 9200.0000    0.0822    0.8777    0.0436    1.9985    1.1489
[1] 9300.0000    0.0019    0.9856   -0.0896    1.8760    1.1370
[1] 9400.0000    0.3287    0.8458   -0.0134    1.8528    1.0091
[1] 9500.0000    0.0000    0.9329   -0.1392    1.8839    0.8817
[1] 9600.0000    0.7464    0.9566   -0.1328    1.8940    1.1182
[1] 9700.0000    0.2567    0.8614   -0.0507    1.9618    0.9692
[1] 9800.0000    0.1196    0.8196   -0.0410    1.8734    0.9680
[1] 9900.0000    0.0000    0.8466    0.0917    2.0129    0.8248
[1] 10000.0000     0.7445     0.8618    -0.3696     1.6876     0.8032
[1] 10100.0000     1.0000     0.9049     0.0027     1.9830     1.0751
[1] 10200.0000     0.0000     0.9084    -0.0913     1.9050     0.8386
[1] 10300.0000     0.0052     0.8120     0.0837     1.9513     0.8804
[1] 10400.0000     0.0038     0.8213    -0.0538     1.9603     1.0055
[1] 10500.0000     1.0000     0.8159     0.0607     1.9672     1.1284
[1] 10600.0000     0.0132     0.9579     0.0540     2.0935     1.1829
[1] 10700.0000     0.0000     0.8531     0.0788     2.0661     0.8181
[1] 10800.0000     0.6687     0.8541    -0.0313     2.0204     0.9792
[1] 10900.0000     0.0000     0.9660    -0.1075     1.9720     1.1970
[1] 11000.0000     0.2651     0.8012    -0.0453     2.0678     0.9407
[1] 11100.0000     0.0001     0.8902     0.1736     2.2325     0.9114
[1] 11200.0000     0.9526     0.9412    -0.1408     1.9286     0.8257
[1] 11300.0000     0.6905     0.9738    -0.1279     1.7739     1.1215
[1] 11400.0000     1.0000     0.9866    -0.0003     1.9700     0.8664
[1] 11500.0000     0.0000     0.9311    -0.0948     1.9598     0.8792
[1] 11600.0000     1.0000     0.9382    -0.2838     1.6818     0.8033
[1] 11700.0000     0.4296     0.9810    -0.1819     1.9201     0.9386
[1] 11800.0000     0.0275     0.8440    -0.1611     1.7291     0.8198
[1] 11900.0000     0.4824     0.8272     0.0267     1.9534     0.8962
[1] 12000.0000     0.0086     0.8543    -0.1779     1.8191     1.1591
[1] 12100.0000     0.0716     0.9452    -0.0524     1.9680     0.8400
[1] 12200.0000     0.0021     0.8279    -0.0395     1.8271     0.8199
[1] 12300.0000     0.0336     0.8229     0.1050     2.0211     0.9137
[1] 12400.0000     1.0000     0.8046    -0.1607     1.8361     0.8797
[1] 12500.0000     0.1545     0.9120     0.1407     2.1636     1.1259
[1] 12600.0000     1.0000     0.9564     0.0050     1.9037     1.1675
[1] 12700.0000     0.0003     0.9486     0.1584     2.0978     0.8166
[1] 12800.0000     0.0016     0.9108    -0.2236     1.7500     1.0765
[1] 12900.0000     0.0287     0.8621    -0.3636     1.6485     0.8185
[1] 13000.0000     0.0081     0.8840    -0.0799     1.8411     1.1100
[1] 13100.0000     0.0010     0.9404    -0.1251     1.8664     0.9822
[1] 13200.0000     0.0190     0.9589    -0.1732     1.8140     1.1555
[1] 13300.0000     1.0000     0.9675     0.0773     2.0972     1.1190
[1] 13400.0000     0.0000     0.9801     0.0997     2.0230     1.0073
[1] 13500.0000     0.0000     0.8240    -0.0856     1.9688     1.0099
[1] 13600.0000     0.0099     0.8917    -0.0297     1.8343     1.0301
[1] 13700.0000     1.0000     0.8314    -0.0358     1.9560     0.8589
[1] 13800.0000     0.0000     0.8418    -0.1248     1.8138     1.1127
[1] 13900.0000     0.2346     0.8125    -0.1356     1.8943     1.1546
[1] 14000.0000     0.8884     0.9598    -0.0246     1.9258     0.8043
[1] 14100.0000     0.0004     0.9236     0.0530     2.0147     0.9106
[1] 14200.0000     0.0457     0.9983    -0.0391     1.9061     1.1131
[1] 14300.0000     0.0116     0.8359    -0.2138     1.8174     1.0907
[1] 14400.0000     1.0000     0.8984    -0.0748     1.8626     1.1866
[1] 14500.0000     0.0004     0.8302     0.0184     2.0266     1.1813
[1] 14600.0000     0.0000     0.8329    -0.0607     1.9701     0.9630
[1] 14700.0000     1.0000     0.8840    -0.0412     1.9869     1.0394
[1] 14800.0000     0.0000     0.8106    -0.2213     1.8631     1.0978
[1] 14900.0000     0.6884     0.9485    -0.1287     1.9145     1.1960
[1] 15000.0000     0.0000     0.9486    -0.1412     1.8550     0.9418
[1] 15100.0000     0.0097     0.9112    -0.1503     1.8356     1.0503
[1] 15200.0000     0.4808     0.9896     0.0443     1.9551     1.1186
[1] 15300.0000     0.0595     0.8296     0.0904     2.1413     1.1944
[1] 15400.0000     0.5730     0.8005     0.0390     2.0884     0.8812
[1] 15500.0000     0.2637     0.9973    -0.1680     1.8039     0.8711
[1] 15600.0000     0.8875     0.9912    -0.1251     1.8614     1.0551
[1] 15700.0000     0.0000     0.9705     0.1562     2.1055     0.8969
[1] 15800.0000     0.0049     0.9670    -0.1254     1.8043     1.0411
[1] 15900.0000     0.0000     0.9524    -0.0459     2.0107     1.0855
[1] 16000.0000     1.0000     0.9761    -0.0994     1.9151     1.0600
[1] 16100.0000     1.0000     0.9477    -0.0276     2.0596     0.9420
[1] 16200.0000     1.0000     0.8455    -0.1130     1.8836     1.0509
[1] 16300.0000     0.4832     0.9029     0.0923     1.9891     1.0365
[1] 16400.0000     0.6620     0.8844    -0.1139     1.8171     1.1913
[1] 16500.0000     0.0678     0.9894    -0.1132     1.8965     0.9222
[1] 16600.0000     0.4126     0.9300    -0.2199     1.7560     1.1365
[1] 16700.0000     0.2218     0.8804    -0.0185     1.9887     1.1815
[1] 16800.0000     0.3784     0.8165    -0.2408     1.6781     1.0376
[1] 16900.0000     0.0274     0.8221    -0.1897     1.7205     1.1575
[1] 17000.0000     0.3414     0.9815     0.0879     2.0272     0.9010
[1] 17100.0000     0.0976     0.9262     0.0876     2.0758     0.9696
[1] 17200.0000     0.3326     0.9497    -0.1846     1.7960     0.8252
[1] 17300.0000     1.0000     0.8396    -0.2646     1.7542     1.0131
[1] 17400.0000     0.7771     0.9623     0.0802     2.1359     1.1696
[1] 17500.0000     1.0000     0.9645    -0.1331     1.7816     0.9956
[1] 17600.0000     0.0260     0.8018    -0.0219     1.9066     1.0705
[1] 17700.0000     0.0148     0.9492    -0.1359     1.8058     0.8897
[1] 17800.0000     1.0000     0.9968    -0.0734     1.8812     0.8268
[1] 17900.0000     0.0020     0.8644     0.0315     2.0548     1.0507
[1] 18000.0000     0.9232     0.9109     0.0388     2.0222     0.8712
[1] 18100.0000     0.0197     0.9137     0.0390     2.0507     0.9014
[1] 1.820e+04 1.000e+00 8.073e-01 7.440e-02 2.045e+00 9.256e-01
[1] 18300.0000     0.0190     0.9706    -0.0763     1.9298     1.1685
[1] 18400.0000     0.0031     0.9243    -0.2794     1.7976     1.1066
[1] 18500.0000     0.0271     0.8299    -0.2859     1.7410     1.0883
[1] 18600.0000     0.0145     0.8932     0.0798     2.1334     0.8460
[1] 18700.0000     0.4090     0.9071     0.0816     2.0818     1.1143
[1] 18800.0000     0.0039     0.9415    -0.0436     2.0432     0.8205
[1] 18900.0000     0.0001     0.8387    -0.2068     1.8037     0.8037
[1] 19000.0000     1.0000     0.8087     0.0677     2.1548     1.1060
[1] 19100.0000     0.0269     0.9457    -0.2018     1.8009     1.0145
[1] 19200.0000     0.6576     0.8319    -0.2201     1.6816     1.0132
[1] 19300.0000     0.1061     0.8940     0.1078     2.0135     1.1248
[1] 19400.0000     0.3021     0.8040    -0.0432     1.8746     1.1551
[1] 19500.0000     0.0011     0.8243     0.1414     2.1166     0.8751
[1] 19600.0000     0.2666     0.8098    -0.0426     1.9580     1.1951
[1] 1.970e+04 5.800e-03 8.143e-01 7.840e-02 2.012e+00 8.081e-01
[1] 19800.0000     0.1511     0.8317     0.1342     2.1292     1.0742
[1] 19900.0000     0.2216     0.9981     0.1491     2.1906     1.0280
[1] 20000.0000     0.0211     0.9729    -0.2093     1.7696     0.8904
[1] 20100.0000     0.0000     0.8622     0.0793     2.0411     0.8640
[1] 20200.0000     0.3241     0.9282     0.0066     1.9622     0.9678
[1] 20300.0000     0.0153     0.9350    -0.2071     1.8068     0.8887
[1] 20400.0000     1.0000     0.8446    -0.0607     1.8912     1.0333
[1] 20500.0000     0.0018     0.8964    -0.0961     1.9444     1.1285
[1] 20600.0000     0.1755     0.8909    -0.0466     1.9649     1.1489
[1] 20700.0000     0.6987     0.8107     0.1763     2.0982     1.0874
[1] 20800.0000     1.0000     0.9981     0.0462     2.1027     1.0246
[1] 20900.0000     0.0000     0.8547    -0.0647     1.9206     0.9562
[1] 21000.0000     0.1317     0.8708    -0.0469     1.8851     1.1617
[1] 21100.0000     1.0000     0.8682    -0.1715     1.8664     1.1577
[1] 21200.0000     0.1700     0.8263    -0.0792     1.9144     1.1324
[1] 21300.0000     0.0005     0.8214    -0.0409     1.8322     1.0391
[1] 21400.0000     1.0000     0.8276    -0.0186     1.9785     0.8233
[1] 21500.0000     0.0037     0.8906    -0.0394     1.9626     0.8206
[1] 21600.0000     0.1981     0.8576    -0.1164     1.8848     1.0795
[1] 21700.0000     0.5559     0.9973    -0.1514     1.8791     0.9605
[1] 21800.0000     0.4524     0.8778     0.1601     2.2742     1.0685
[1] 21900.0000     0.7231     0.9598    -0.0054     2.0184     0.8497
[1] 2.200e+04 1.387e-01 8.850e-01 3.210e-02 1.942e+00 9.555e-01
[1] 22100.0000     0.2524     0.8953     0.0293     1.9973     0.9321
[1] 22200.0000     0.4340     0.8579    -0.2234     1.8190     0.8534
[1] 22300.0000     0.0457     0.9726    -0.1699     1.9703     0.8521
[1] 22400.0000     1.0000     0.9971    -0.0235     1.9797     0.9354
[1] 22500.0000     0.0055     0.8239    -0.1209     1.9517     1.1368
[1] 22600.0000     0.0010     0.8006    -0.0497     1.9246     0.8902
[1] 22700.0000     0.0000     0.8271    -0.2115     1.7955     1.1968
[1] 22800.0000     0.1832     0.8972    -0.2287     1.6564     1.0231
[1] 22900.0000     0.0760     0.8804    -0.1709     1.8636     0.9211
[1] 23000.0000     0.0000     0.8997     0.0215     1.8794     0.9381
[1] 23100.0000     0.3663     0.8119     0.0894     2.0221     1.0551
[1] 23200.0000     0.0530     0.8437     0.1272     2.1379     0.8877
[1] 23300.0000     0.0000     0.9727     0.0423     2.0478     0.9482
[1] 23400.0000     0.2104     0.8888     0.0251     1.8776     1.0444
[1] 23500.0000     1.0000     0.9916     0.0760     2.0377     1.1297
[1] 23600.0000     0.8252     0.8573    -0.1110     1.9641     0.9429
[1] 23700.0000     0.2612     0.8580    -0.1261     1.8258     0.8494
[1] 23800.0000     0.8679     0.9299    -0.1335     1.7302     1.0580
[1] 23900.0000     0.9056     0.8722    -0.0143     1.9266     0.8735
[1] 24000.0000     0.0289     0.9851    -0.0380     1.9647     1.0873
[1] 24100.0000     1.0000     0.9214    -0.1663     1.8770     0.8541
[1] 24200.0000     0.7696     0.9905    -0.1585     1.8751     1.0102
[1] 24300.0000     1.0000     0.8163     0.0187     2.0185     1.0906
[1] 24400.0000     1.0000     0.9947    -0.0774     1.8725     0.9697
[1] 24500.0000     0.0059     0.8969     0.0559     2.0342     1.0480
[1] 24600.0000     0.0001     0.8781    -0.0553     1.9256     0.8812
[1] 24700.0000     1.0000     0.9195    -0.2551     1.7038     0.8781
[1] 24800.0000     0.0002     0.8460     0.0173     2.0163     0.9489
[1] 24900.0000     0.2928     0.8023    -0.1462     1.8354     1.0260
[1] 25000.0000     1.0000     0.8801     0.0060     1.9962     0.8235
[1] 2.510e+04 1.135e-01 8.549e-01 5.500e-03 2.019e+00 9.439e-01
[1] 25200.0000     0.1474     0.9507    -0.0915     1.9611     0.9719
[1] 25300.0000     0.0004     0.9779    -0.0846     1.9515     0.8977
[1] 25400.0000     0.2397     0.9621    -0.1683     1.8624     0.9516
[1] 25500.0000     0.3206     0.8303    -0.0834     1.8989     1.1248
[1] 25600.0000     0.1071     0.9926     0.1311     2.0419     0.9855
[1] 25700.0000     0.1902     0.8976    -0.2755     1.7483     0.9408
[1] 25800.0000     0.0072     0.9689    -0.0998     1.9443     1.1962
[1] 25900.0000     0.0002     0.8683     0.1244     2.0085     0.8098
[1] 26000.0000     0.5141     0.9492    -0.1278     1.7818     1.0058
[1] 26100.0000     0.1675     0.8951    -0.0444     1.9568     0.8249
[1] 26200.0000     0.5337     0.8601    -0.0228     2.0514     0.9041
[1] 26300.0000     0.5154     0.8704    -0.1706     1.7476     0.8472
[1] 26400.0000     0.0628     0.8855     0.2072     2.0845     1.0131
[1] 26500.0000     0.0073     0.8034    -0.2667     1.6955     1.1338
[1] 26600.0000     1.0000     0.8531    -0.1737     1.7084     1.1347
[1] 26700.0000     0.0551     0.9721    -0.0466     1.9571     0.8075
[1] 26800.0000     0.1504     0.8173    -0.1390     1.8903     0.9752
[1] 26900.0000     0.0019     0.8396     0.0320     2.0515     0.9391
[1] 27000.0000     1.0000     0.8977     0.0232     2.0351     0.8661
[1] 27100.0000     0.0012     0.8095    -0.1177     1.8265     1.0497
[1] 27200.0000     0.0004     0.9713    -0.1630     1.9631     1.0324
[1] 27300.0000     0.0039     0.9608    -0.1119     1.8637     0.8492
[1] 27400.0000     0.0940     0.8725    -0.1975     1.7534     1.1899
[1] 27500.0000     1.0000     0.8366    -0.0411     1.9102     1.0805
[1] 27600.0000     0.0017     0.8069    -0.0033     1.9510     0.9996
[1] 27700.0000     0.0265     0.8620     0.1690     2.2398     1.0941
[1] 27800.0000     0.0000     0.8358     0.0430     2.0232     1.1051
[1] 27900.0000     0.6291     0.8913     0.0439     2.0186     0.8389
[1] 28000.0000     0.0000     0.9003    -0.0656     1.9402     0.9918
[1] 28100.0000     0.0000     0.9262    -0.0876     1.9646     1.0710
[1] 28200.0000     0.6041     0.9920     0.0497     2.0525     1.1206
[1] 28300.0000     0.0277     0.8510    -0.0257     1.9133     0.8048
[1] 28400.0000     0.9003     0.9594    -0.1379     1.8096     0.8105
[1] 28500.0000     1.0000     0.8206    -0.0049     2.0453     1.0447
[1] 28600.0000     0.0008     0.9775    -0.0651     1.9311     0.9079
[1] 28700.0000     0.1161     0.9045    -0.1182     1.8225     1.0095
[1] 28800.0000     1.0000     0.9743     0.0326     2.0759     0.8723
[1] 28900.0000     0.3913     0.8662    -0.2386     1.8157     0.8550
[1] 29000.0000     0.2261     0.9401    -0.1218     1.8458     1.1755
[1] 29100.0000     0.0046     0.9156     0.0348     2.0511     0.8172
[1] 29200.0000     0.0000     0.8162    -0.2055     1.7342     1.0999
[1] 29300.0000     0.0451     0.9373    -0.1896     1.7291     0.8252
[1] 29400.0000     0.0479     0.9512    -0.0175     1.9006     1.1262
[1] 29500.0000     0.0006     0.8346    -0.2474     1.7231     0.9665
[1] 29600.0000     0.0020     0.8267    -0.0207     2.0112     1.0464
[1] 29700.0000     0.0281     0.8203    -0.1825     1.7781     1.1249
[1] 29800.0000     1.0000     0.8701    -0.1418     1.9438     0.8024
[1] 29900.0000     1.0000     0.9798    -0.1367     1.8803     1.0014
[1] 30000.0000     0.2082     0.8172    -0.0624     1.9313     1.1626
[1] 0.3535859
Time difference of 3.925321 hours
null device 
          1 
