[1] "El numero de nodos X particion es: 10"
[1] "Model = M2 / Data = sim_data/datasetSVIExponential10.Rdata"
[1] 100.0000   0.2761   0.9429   0.1812   1.8451   1.1970
[1] 200.0000   0.0000   0.9645   0.6472   1.3537   1.1745
[1] 300.0000   1.0000   0.8776  -0.1920   2.2269   1.0665
[1] 400.0000   0.0000   0.9472  -1.0140   3.0720   1.0679
[1] 500.0000   0.0000   0.8673   0.5218   1.5414   1.1452
[1] 600.0000   0.2629   0.9748  -0.0444   1.8865   1.0386
[1] 700.0000   0.0001   0.9977   0.4179   1.5384   0.9763
[1] 800.0000   0.0000   0.8849  -0.2021   2.1545   0.8867
[1] 900.0000   0.0000   0.9606  -0.1457   2.1733   1.0158
[1] 1000.0000    0.0000    0.8209   -0.3398    2.3670    0.9374
[1] 1100.0000    0.0000    0.9319    0.6092    1.4266    0.8930
[1] 1200.0000    0.1080    0.9320    0.8545    1.1789    0.8095
[1] 1300.0000    0.5521    0.8617   -0.0143    1.8854    1.0550
[1] 1400.0000    0.0000    0.9303   -0.4954    2.3995    1.1894
[1] 1500.0000    0.0000    0.9584    0.6568    1.3477    1.0940
[1] 1600.0000    0.0000    0.9894   -0.4760    2.4632    1.0856
[1] 1700.0000    0.0000    0.9419   -0.1881    2.2829    1.0966
[1] 1800.0000    0.0000    0.9376    0.3944    1.6535    0.8302
[1] 1900.0000    0.0000    0.9005   -1.1208    3.1725    0.9368
[1] 2000.0000    0.0000    0.9400   -0.5166    2.6071    1.1109
[1] 2100.0000    0.0000    0.8246   -0.0708    1.9802    1.1071
[1] 2200.0000    0.0000    0.8563    0.5730    1.4898    0.9526
[1] 2300.0000    0.0000    0.9142    0.5557    1.3956    0.8527
[1] 2400.0000    0.0000    0.9355    0.2585    1.7591    1.1578
[1] 2500.0000    0.0188    0.8909    0.9690    1.0143    1.1217
[1] 2600.0000    0.0000    0.9100    0.3498    1.7187    1.1442
[1] 2700.0000    0.0000    0.8492   -0.3874    2.4335    0.9140
[1] 2800.0000    0.0100    0.8113    0.2204    1.8284    0.9151
[1] 2900.0000    0.0000    0.9341   -0.4099    2.3318    0.9034
[1] 3000.0000    0.0000    0.8454   -0.1989    2.2229    0.9669
[1] 3100.0000    0.0000    0.9787    0.5641    1.4750    0.9283
[1] 3200.0000    0.0000    0.9190    0.5394    1.4762    0.9575
[1] 3300.0000    0.0000    0.9312    0.3200    1.7266    0.9302
[1] 3400.0000    0.4474    0.8983    0.8763    1.1729    1.1525
[1] 3500.0000    0.0000    0.8208    0.3086    1.7193    0.8172
[1] 3600.0000    0.0000    0.9027   -0.7408    2.7900    1.1569
[1] 3700.0000    1.0000    0.9624    0.4046    1.6082    0.8094
[1] 3800.0000    0.0000    0.9791    1.1389    0.8245    1.0179
[1] 3900.0000    0.0000    0.8349    0.4250    1.6013    1.1538
[1] 4000.0000    0.0000    0.9448    1.2093    0.7988    1.0791
[1] 4100.0000    0.0000    0.8388   -0.4702    2.5382    0.8864
[1] 4200.0000    0.0000    0.9756   -0.3981    2.3669    0.9752
[1] 4300.0000    1.0000    0.8741   -0.6734    2.6895    1.1249
[1] 4400.0000    0.0000    0.8310    0.5385    1.4394    1.1572
[1] 4500.0000    0.2411    0.8410    0.0242    2.0812    1.1520
[1] 4600.0000    0.0000    0.9581    1.0276    1.0655    0.8180
[1] 4700.0000    0.0000    0.8528   -0.1395    2.1301    0.8411
[1] 4800.0000    0.0000    0.8660   -0.5316    2.5468    1.0939
[1] 4900.0000    0.0000    0.9924   -0.6273    2.6811    1.1836
[1] 5000.0000    0.0027    0.9988   -1.7591    3.6475    0.9542
[1] 5100.0000    0.0000    0.9679   -1.3605    3.3133    1.1951
[1] 5200.0000    0.0000    0.8051   -0.5798    2.5694    0.8965
[1] 5300.0000    0.0000    0.8845    0.0761    1.9058    1.0022
[1] 5400.0000    0.0000    0.8536    0.2024    1.8451    0.9337
[1] 5500.0000    0.0000    0.8506    0.8226    1.1372    1.1979
[1] 5600.0000    0.0000    0.9929   -0.3149    2.2591    1.1085
[1] 5700.0000    0.0000    0.9445    0.3761    1.6519    1.0237
[1] 5800.0000    0.0000    0.8612   -0.9785    3.0552    1.0327
[1] 5900.0000    0.0000    0.8278    0.9032    1.1723    1.0767
[1] 6000.0000    0.0000    0.9870    0.9406    1.0524    1.0819
[1] 6100.0000    0.0000    0.8793    0.5253    1.4192    0.8792
[1] 6200.0000    0.0000    0.8741    0.7163    1.2881    0.8043
[1] 6300.0000    0.0000    0.9569   -0.1645    2.1541    0.8080
[1] 6400.0000    0.0000    0.9924   -0.3782    2.3024    1.0322
[1] 6500.0000    0.0021    0.9084    0.7972    1.2890    1.0918
[1] 6600.0000    0.0000    0.8401   -0.5064    2.4139    1.0889
[1] 6700.0000    0.0000    0.8204   -1.3646    3.3195    0.9264
[1] 6800.0000    0.4016    0.8794    0.0424    2.0165    0.9381
[1] 6900.0000    0.0000    0.9290   -1.4625    3.4717    1.0476
[1] 7000.0000    0.0000    0.8521   -0.3203    2.3174    1.0680
[1] 7100.0000    0.0000    0.9857    0.2423    1.8401    1.0571
[1] 7200.0000    0.0000    0.8247   -0.1841    2.3090    0.8913
[1] 7300.0000    0.0000    0.9838    0.4400    1.6233    1.0449
[1] 7400.0000    0.0000    0.8045   -0.0820    2.0042    0.8734
[1] 7500.0000    0.0000    0.8918   -1.9508    3.8535    1.0101
[1] 7600.0000    0.0000    0.9493   -0.6057    2.5998    0.9281
[1] 7700.0000    0.0000    0.8440   -1.1569    3.1394    0.8976
[1] 7800.0000    0.0000    0.8350   -0.0420    2.1280    1.1361
[1] 7900.0000    0.0000    0.9654   -0.0708    2.0243    1.1831
[1] 8000.0000    0.0000    0.9309    0.6001    1.3218    1.0835
[1] 8100.0000    0.0000    0.8483   -0.0978    2.0418    0.8203
[1] 8200.0000    0.0000    0.9207   -1.0267    3.0414    1.1282
[1] 8300.0000    0.0000    0.8222   -0.3851    2.4242    0.8438
[1] 8400.0000    0.0000    0.9658   -0.5801    2.5256    0.9286
[1] 8500.0000    0.0000    0.8325   -0.2704    2.3533    1.0750
[1] 8600.0000    0.0000    0.8576   -0.9039    2.8930    1.0835
[1] 8700.0000    0.0000    0.8940   -0.4347    2.4286    1.0236
[1] 8800.0000    0.0000    0.9735   -0.3288    2.2446    1.0381
[1] 8900.0000    0.0000    0.8674    0.3938    1.6500    1.0474
[1] 9000.0000    0.0000    0.8301    1.3932    0.6021    1.1387
[1] 9100.0000    0.0000    0.8755    1.1276    0.8587    0.8812
[1] 9200.0000    0.0000    0.8129    0.5242    1.4788    1.1264
[1] 9300.0000    0.0000    0.9270   -0.6156    2.6459    1.1117
[1] 9400.0000    0.0000    0.8413    0.5944    1.3526    1.0761
[1] 9500.0000    0.0000    0.9934   -0.1818    2.2447    1.0697
[1] 9600.0000    0.0000    0.8149   -0.1726    2.2819    0.9056
[1] 9700.0000    0.0000    0.9657    2.0063   -0.0341    0.9166
[1] 9800.0000    0.0000    0.9462    0.4281    1.5464    1.1275
[1] 9900.0000    0.0000    0.9369    2.0395    0.0613    1.1404
[1] 10000.0000     0.9020     0.8618    -0.2483     2.3115     0.8032
[1] 10100.0000     0.0000     0.9390    -0.1922     2.1972     1.0815
[1] 10200.0000     0.0000     0.8133    -0.3502     2.3108     1.1117
[1] 10300.0000     0.2846     0.9549     1.4411     0.5562     0.8021
[1] 10400.0000     0.0000     0.9109     0.3048     1.6487     0.9653
[1] 10500.0000     0.0000     0.9828     0.6955     1.2764     0.8036
[1] 10600.0000     0.0000     0.8442     0.5516     1.5476     0.9495
[1] 10700.0000     0.0000     0.8398     0.6738     1.3979     1.0590
[1] 10800.0000     1.0000     0.8056    -0.0306     2.1196     0.8503
[1] 10900.0000     0.0000     0.9660     0.6681     1.4023     1.1970
[1] 11000.0000     0.0036     0.8555     1.1737     0.9026     1.1761
[1] 11100.0000     0.0000     0.8214    -0.0876     2.0273     1.0422
[1] 11200.0000     0.0967     0.9398    -0.6570     2.6416     0.9513
[1] 11300.0000     0.0000     0.8936    -0.6562     2.6624     1.0961
[1] 11400.0000     0.0000     0.9548     0.2646     1.7373     1.0047
[1] 11500.0000     0.0000     0.9619     0.0620     1.9128     0.9110
[1] 11600.0000     0.0000     0.9104    -0.9348     2.9397     0.8269
[1] 11700.0000     0.0000     0.9616     0.3151     1.7351     1.1733
[1] 11800.0000     0.0000     0.8027    -0.8421     2.8495     0.8530
[1] 11900.0000     0.0000     0.8460    -1.2555     3.2578     0.8150
[1] 12000.0000     0.0000     0.8056     0.1820     1.8978     1.1142
[1] 12100.0000     0.0000     0.8666    -0.6333     2.6018     0.9630
[1] 12200.0000     0.0734     0.9853     0.0673     1.9956     1.1443
[1] 12300.0000     0.0000     0.8010     0.0843     1.9707     0.8810
[1] 12400.0000     0.1476     0.8019    -1.0720     3.1338     1.1971
[1] 12500.0000     0.0000     0.8059    -0.5174     2.5708     1.1427
[1] 12600.0000     0.0000     0.9125    -1.4963     3.5492     1.1924
[1] 12700.0000     0.0000     0.9614    -0.3111     2.1673     0.8958
[1] 12800.0000     0.0000     0.8257    -0.4539     2.5010     0.8904
[1] 12900.0000     0.0111     0.8545    -0.2743     2.3308     1.0312
[1] 13000.0000     0.0000     0.9313    -0.0491     2.0453     1.1678
[1] 13100.0000     0.0000     0.9404     1.4352     0.6051     0.9822
[1] 13200.0000     0.0000     0.8843     0.4142     1.5883     0.9997
[1] 13300.0000     0.0000     0.8427     0.1659     1.7698     1.0281
[1] 13400.0000     0.0000     0.9882     0.1585     1.8361     1.1072
[1] 13500.0000     0.0000     0.8466    -0.0442     2.1232     0.8143
[1] 13600.0000     0.0000     0.8917     0.7605     1.1771     1.0301
[1] 1.370e+04 0.000e+00 8.561e-01 4.703e-01 1.539e+00 9.281e-01
[1] 13800.0000     0.0000     0.9432    -0.2657     2.2529     1.1717
[1] 13900.0000     0.0000     0.8573    -0.0259     2.0414     0.8372
[1] 14000.0000     0.0000     0.9588     0.0926     1.8577     0.9662
[1] 14100.0000     0.0000     0.8844     0.5568     1.3148     1.1867
[1] 14200.0000     0.0000     0.8479     0.7253     1.2167     0.8739
[1] 14300.0000     0.0000     0.9227    -0.7640     2.7385     1.0001
[1] 14400.0000     0.0031     0.8623     0.2910     1.6863     0.8985
[1] 14500.0000     0.2271     0.8647     0.7241     1.3278     1.0877
[1] 14600.0000     0.0000     0.9670     0.9589     1.0155     1.1151
[1] 14700.0000     0.0000     0.9923     0.0393     1.8952     1.0723
[1] 14800.0000     0.0000     0.9433     1.5397     0.3650     0.9182
[1] 14900.0000     0.0007     0.9582     0.7836     1.2781     1.0321
[1] 15000.0000     0.0001     0.9447     0.1619     1.8008     0.8911
[1] 15100.0000     0.2044     0.9406     0.2536     1.7345     0.8849
[1] 15200.0000     0.0000     0.8242    -0.0001     2.0227     1.0800
[1] 15300.0000     0.3920     0.8059    -0.2969     2.3752     0.9091
[1] 15400.0000     0.0001     0.8072    -1.2967     3.3159     1.0717
[1] 15500.0000     0.0000     0.8701    -1.3312     3.3833     1.0212
[1] 15600.0000     0.0000     0.8878    -0.1329     2.1559     0.8550
[1] 15700.0000     0.0000     0.8475    -0.5532     2.5006     0.9690
[1] 15800.0000     0.0000     0.9108    -0.4173     2.3909     0.9068
[1] 15900.0000     0.0000     0.8841    -0.0007     1.9995     0.8192
[1] 16000.0000     0.0000     0.8124    -0.6792     2.6756     1.1160
[1] 16100.0000     0.0000     0.8125     0.6243     1.3455     0.8885
[1] 1.620e+04 0.000e+00 9.466e-01 9.430e-01 9.745e-01 9.477e-01
[1] 16300.0000     0.0000     0.9158     0.2337     1.8045     0.9491
[1] 16400.0000     0.0000     0.8807     0.1537     1.8723     0.8691
[1] 16500.0000     0.6989     0.9407    -0.3893     2.4676     0.9877
[1] 16600.0000     0.0000     0.8294    -0.6350     2.7067     0.8835
[1] 16700.0000     0.0000     0.9287     0.4128     1.4732     0.9633
[1] 16800.0000     0.0000     0.8621     0.1571     1.8119     1.1596
[1] 16900.0000     0.0000     0.8138     0.1638     1.7706     1.1004
[1] 17000.0000     0.0000     0.9790    -0.1413     2.1311     0.8822
[1] 17100.0000     0.0000     0.9305     1.4712     0.6350     0.9283
[1] 17200.0000     0.0000     0.9497     1.1523     0.7889     0.8252
[1] 17300.0000     1.0000     0.8396     0.0983     1.8970     1.0131
[1] 17400.0000     0.0000     0.8593     0.2370     1.8159     1.1450
[1] 17500.0000     0.0000     0.9677    -0.3789     2.4226     1.1479
[1] 17600.0000     0.0000     0.8280     0.2327     1.7383     1.1486
[1] 17700.0000     0.0000     0.8794     0.6484     1.3302     0.9707
[1] 17800.0000     0.0000     0.9383    -0.3289     2.4333     1.0084
[1] 17900.0000     0.0000     0.9083    -0.0308     2.0994     0.9495
[1] 18000.0000     0.8505     0.9109     0.5007     1.5659     0.8712
[1] 18100.0000     0.0000     0.9461     0.4403     1.4565     0.9222
[1] 18200.0000     0.0001     0.8514     0.8102     1.1695     1.1386
[1] 18300.0000     0.0000     0.9012     0.4210     1.6191     1.0710
[1] 18400.0000     0.0000     0.9529    -0.7110     2.7747     0.8173
[1] 18500.0000     0.0000     0.8451     0.4628     1.5986     0.9054
[1] 18600.0000     0.0000     0.8656    -0.3016     2.3638     0.8624
[1] 18700.0000     0.0000     0.8080     0.4067     1.7412     0.9308
[1] 18800.0000     0.0000     0.8537     0.8070     1.2112     0.9005
[1] 18900.0000     0.0000     0.9024    -0.8026     2.7738     1.0613
[1] 19000.0000     0.0000     0.8770    -0.1177     2.1903     1.0394
[1] 19100.0000     0.0000     0.8878     0.5641     1.3386     1.0323
[1] 19200.0000     0.0000     0.8001    -0.0044     1.9521     0.9641
[1] 19300.0000     0.0000     0.8035    -0.0497     2.0252     1.0886
[1] 19400.0000     0.0000     0.9330    -0.5472     2.5635     1.0363
[1] 19500.0000     0.0000     0.8527     0.0556     1.9169     1.1208
[1] 19600.0000     0.4945     0.8529    -0.6191     2.6141     0.8752
[1] 19700.0000     0.0000     0.8982     0.1954     1.7964     1.1826
[1] 19800.0000     0.0000     0.9911     0.9586     1.1141     0.9546
[1] 19900.0000     0.0000     0.9981     0.1668     1.8808     1.0280
[1] 20000.0000     0.0000     0.8708    -0.2426     2.2537     1.0213
[1] 20100.0000     0.0000     0.9080     1.1736     0.8884     1.0402
[1] 2.020e+04 1.000e+00 9.840e-01 1.698e-01 1.849e+00 1.138e+00
[1] 20300.0000     0.0000     0.9921    -0.1344     2.1674     1.1096
[1] 2.040e+04 1.000e-03 9.072e-01 6.180e-02 1.922e+00 9.991e-01
[1] 20500.0000     0.0000     0.8964    -0.7729     2.8397     1.1285
[1] 20600.0000     0.8110     0.9169    -0.1314     2.1842     1.1057
[1] 20700.0000     1.0000     0.8107     0.2136     1.6970     1.0874
[1] 20800.0000     0.0000     0.9606    -0.6663     2.7071     1.0886
[1] 2.090e+04 1.000e-04 9.109e-01 2.521e-01 1.762e+00 9.980e-01
[1] 21000.0000     0.0000     0.9912     0.8018     1.1831     1.0875
[1] 21100.0000     0.0000     0.9732     0.1364     1.8251     0.8253
[1] 21200.0000     0.0063     0.9704     0.0364     1.9532     1.1667
[1] 21300.0000     0.0000     0.9596    -0.3010     2.2670     1.0815
[1] 21400.0000     0.0000     0.9719     0.3644     1.5755     0.9071
[1] 21500.0000     0.0000     0.9375    -0.0744     2.0404     1.0777
[1] 21600.0000     0.0000     0.8420     0.2133     1.8204     0.8926
[1] 21700.0000     0.0000     0.8258    -0.2573     2.3167     1.1265
[1] 21800.0000     0.0000     0.8417    -0.4776     2.5829     1.0310
[1] 21900.0000     0.0000     0.9408     0.2636     1.6808     0.9421
[1] 22000.0000     0.0000     0.8850     0.8588     1.2075     0.9555
[1] 22100.0000     0.0000     0.8953    -0.1117     2.1050     0.9321
[1] 22200.0000     0.0000     0.9349     0.0190     1.9156     0.9881
[1] 22300.0000     0.0001     0.8584     0.2526     1.7544     0.9367
[1] 22400.0000     0.0000     0.9494     0.3558     1.6277     0.9207
[1] 22500.0000     0.0008     0.9610     0.9386     1.0848     0.9963
[1] 22600.0000     0.0000     0.8858    -0.4547     2.5735     0.9064
[1] 22700.0000     0.0000     0.8271     0.0157     1.8939     1.1968
[1] 22800.0000     0.0000     0.9630    -0.2904     2.3724     0.9437
[1] 22900.0000     0.0000     0.9207     0.6919     1.2917     0.8362
[1] 23000.0000     0.0000     0.9652     0.6349     1.3484     1.0264
[1] 23100.0000     0.0000     0.8611    -0.1794     2.1759     1.0907
[1] 23200.0000     0.0000     0.8288    -0.4889     2.5071     0.8616
[1] 23300.0000     0.3013     0.8966    -0.3291     2.3345     1.0199
[1] 23400.0000     0.0000     0.8015     0.7293     1.3445     0.8904
[1] 23500.0000     0.0000     0.9561     0.6122     1.4290     1.0572
[1] 23600.0000     0.0000     0.8360     0.4479     1.5836     0.8406
[1] 23700.0000     0.0000     0.8580     0.9671     1.0859     0.8494
[1] 23800.0000     0.0000     0.9509     0.2791     1.5876     0.9516
[1] 23900.0000     0.0000     0.8157     0.2501     1.7449     0.8034
[1] 24000.0000     0.0000     0.9653    -0.1665     2.1325     0.9324
[1] 24100.0000     0.0000     0.8289    -0.7581     2.7884     0.9877
[1] 24200.0000     0.0000     0.8399     0.0364     1.8458     1.0287
[1] 24300.0000     0.0000     0.9879    -0.6120     2.6255     1.1930
[1] 24400.0000     1.0000     0.9947     1.0054     1.0106     0.9697
[1] 2.450e+04 0.000e+00 9.064e-01 9.756e-01 9.974e-01 8.345e-01
[1] 24600.0000     0.0000     0.9062     0.4624     1.5122     0.8877
[1] 24700.0000     0.0000     0.9025    -0.1917     2.2082     0.8040
[1] 24800.0000     0.0000     0.8109    -0.4005     2.4351     1.1899
[1] 24900.0000     0.0000     0.9495    -0.1849     2.1636     0.8626
[1] 25000.0000     0.0000     0.9628    -0.0731     2.0687     0.9362
[1] 25100.0000     0.0000     0.9605     0.3507     1.5983     1.0743
[1] 25200.0000     0.0000     0.8184    -0.2906     2.3009     0.8574
[1] 25300.0000     1.0000     0.8151     0.0531     2.0040     1.0748
[1] 25400.0000     1.0000     0.8988    -0.0388     2.0404     1.0888
[1] 25500.0000     0.0000     0.8147     0.4454     1.5265     1.1844
[1] 25600.0000     0.0000     0.8978     0.1023     2.0074     1.1142
[1] 25700.0000     0.0000     0.8060     0.6338     1.4182     0.8422
[1] 2.580e+04 0.000e+00 8.043e-01 1.661e-01 1.901e+00 8.730e-01
[1] 25900.0000     0.6580     0.8632     0.0947     1.8422     1.1254
[1] 26000.0000     0.2698     0.9492    -0.5857     2.7006     1.0058
[1] 26100.0000     0.0000     0.9196    -0.0361     1.9392     1.1722
[1] 26200.0000     0.0000     0.9768    -0.1219     2.0699     0.9801
[1] 26300.0000     0.0000     0.8530    -0.3286     2.3769     1.0678
[1] 26400.0000     0.0000     0.8767     0.3393     1.5627     0.8041
[1] 26500.0000     0.0187     0.8885    -0.2909     2.3042     1.0349
[1] 26600.0000     0.0000     0.9293    -1.2921     3.4543     0.8497
[1] 26700.0000     0.0001     0.9438     0.2174     1.7107     1.1874
[1] 26800.0000     0.0000     0.8448    -1.5771     3.5391     0.8652
[1] 26900.0000     0.0000     0.9184    -0.6004     2.5404     1.1619
[1] 27000.0000     0.0000     0.8102     0.0983     1.9051     1.1325
[1] 27100.0000     0.9074     0.9280    -0.1886     2.2394     1.0348
[1] 27200.0000     0.0000     0.8802     0.1951     1.8067     0.8416
[1] 27300.0000     0.0000     0.8270    -0.6553     2.6736     1.1347
[1] 27400.0000     0.0000     0.9843     0.2794     1.7518     1.1629
[1] 27500.0000     0.0000     0.8301     0.6637     1.3247     0.9239
[1] 27600.0000     0.0000     0.8732     1.7066     0.3707     0.9172
[1] 27700.0000     0.0000     0.8317     1.1283     0.8658     1.1846
[1] 27800.0000     0.0000     0.8338     0.5506     1.4375     0.9440
[1] 27900.0000     1.0000     0.8904     0.4447     1.5524     0.9276
[1] 28000.0000     0.0000     0.8025    -0.2016     2.2097     0.9240
[1] 28100.0000     0.0000     0.9262     1.1655     0.9018     1.0710
[1] 28200.0000     0.0000     0.9683     0.6383     1.3657     0.8917
[1] 28300.0000     0.0000     0.9886    -0.7105     2.6589     1.1843
[1] 28400.0000     1.0000     0.9594    -0.4225     2.4280     0.8105
[1] 28500.0000     0.0000     0.8678     0.5099     1.4791     0.8688
[1] 28600.0000     0.0000     0.9775    -0.0555     1.9945     0.9079
[1] 28700.0000     0.0000     0.8546    -1.2025     3.1432     0.9787
[1] 28800.0000     0.0000     0.8104     0.0684     1.9123     1.1940
[1] 28900.0000     0.0000     0.9137     0.6851     1.3647     0.8478
[1] 29000.0000     0.0000     0.9277    -0.1473     2.1565     1.1735
[1] 29100.0000     0.0000     0.8445    -0.5196     2.5664     0.8871
[1] 29200.0000     0.0840     0.9371     0.5594     1.4420     1.1436
[1] 29300.0000     0.0007     0.9749     0.9542     1.0167     0.9782
[1] 29400.0000     0.0000     0.9394     0.8716     1.0504     1.1754
[1] 29500.0000     0.0000     0.8094    -0.8040     2.7725     0.8253
[1] 29600.0000     0.0000     0.8335     0.3160     1.6665     1.1940
[1] 29700.0000     0.0000     0.9991    -0.1125     2.0781     0.9357
[1] 29800.0000     0.0000     0.8030    -0.5869     2.6630     0.9421
[1] 29900.0000     0.7180     0.9798     0.1617     1.8949     1.0014
[1] 30000.0000     0.0000     0.9561     1.2444     0.7194     1.0811
[1] 0.06779729
Time difference of 11.09488 hours
null device 
          1 
