[1] "El numero de nodos X particion es: 10"
[1] "Model = M1 / Data = sim_data/datasetSVIExponential5.Rdata"
[1] 100.0000   0.6481   0.9429   0.1551   1.8709   1.1970
[1] 200.0000   0.0001   0.8487   0.3236   1.6910   0.8384
[1] 300.0000   0.5484   0.8776  -0.0882   2.1659   1.0665
[1] 400.0000   0.0000   0.9472  -0.5117   2.6180   1.0679
[1] 500.0000   0.0000   0.8350   0.4790   1.4978   0.9084
[1] 600.0000   0.0052   0.8988  -0.4201   2.4842   1.1191
[1] 700.0000   0.0000   0.8999   0.9303   1.1399   1.0702
[1] 800.0000   0.0000   0.8849   0.8121   1.1741   0.8867
[1] 900.0000   0.0000   0.9606   0.3333   1.6859   1.0158
[1] 1000.0000    0.0000    0.8209    0.1381    1.8845    0.9374
[1] 1100.0000    0.0000    0.9319    1.0634    0.9506    0.8930
[1] 1200.0000    0.3798    0.8603    0.7478    1.3699    0.9164
[1] 1300.0000    0.0000    0.9498   -0.6756    2.6163    1.1653
[1] 1400.0000    0.0000    0.9303   -0.4022    2.3083    1.1894
[1] 1500.0000    0.0000    0.9584    0.7128    1.2902    1.0940
[1] 1600.0000    0.0000    0.9894   -0.4115    2.4218    1.0856
[1] 1700.0000    0.0000    0.9419    0.2780    1.8125    1.0966
[1] 1800.0000    0.0000    0.8314    0.1624    1.8314    0.9945
[1] 1900.0000    0.0000    0.9875   -1.0535    3.0959    0.8532
[1] 2000.0000    0.0000    0.8550    0.3447    1.7614    1.0762
[1] 2100.0000    0.0000    0.8123   -0.6323    2.5930    1.1618
[1] 2200.0000    0.0000    0.8563    0.4071    1.6665    0.9526
[1] 2300.0000    0.0000    0.9142    0.3917    1.5732    0.8527
[1] 2400.0000    0.0000    0.9355    0.1118    1.9153    1.1578
[1] 2500.0000    0.0463    0.8909    0.8044    1.1976    1.1217
[1] 2600.0000    0.0000    0.9100    0.2138    1.8629    1.1442
[1] 2700.0000    0.0000    0.9115   -0.9587    3.0035    1.0018
[1] 2800.0000    0.0408    0.9382   -0.4618    2.5513    1.1558
[1] 2900.0000    0.0000    0.9057   -0.7826    2.7834    0.9581
[1] 3000.0000    0.0000    0.8454   -0.1704    2.2084    0.9669
[1] 3100.0000    0.0000    0.9787    0.6376    1.4188    0.9283
[1] 3200.0000    0.0000    0.9190    0.6110    1.4206    0.9575
[1] 3300.0000    0.0000    0.9312    0.3743    1.6892    0.9302
[1] 3400.0000    0.2438    0.8983    1.3051    0.7949    1.1525
[1] 3500.0000    0.0000    0.8568    0.3660    1.6510    1.0820
[1] 3600.0000    0.0000    0.9625    0.3604    1.6660    0.8525
[1] 3700.0000    0.2293    0.8237    0.9506    1.0984    0.8398
[1] 3800.0000    0.0000    0.9791    1.7313    0.2676    1.0179
[1] 3900.0000    0.0000    0.8319   -0.0387    2.1666    0.8180
[1] 4000.0000    0.0000    0.9782   -0.8385    2.9014    1.1817
[1] 4100.0000    0.0000    0.8388   -0.9296    2.9806    0.8864
[1] 4200.0000    0.0000    0.9756   -0.8512    2.7929    0.9752
[1] 4300.0000    0.0512    0.8028   -0.8806    2.9236    0.9927
[1] 4400.0000    0.0000    0.8970    1.3370    0.6865    0.8215
[1] 4500.0000    0.1168    0.8404    0.1939    1.8634    1.1577
[1] 4600.0000    0.0000    0.9525    0.6981    1.4024    1.1110
[1] 4700.0000    0.0000    0.8528    0.3935    1.5953    0.8411
[1] 4800.0000    0.0000    0.8006   -0.5481    2.5623    0.9390
[1] 4900.0000    0.0000    0.8114   -1.1135    3.1126    0.8255
[1] 5000.0000    0.0000    0.8074   -0.8727    2.7815    1.0307
[1] 5100.0000    0.0000    0.9679   -1.2568    3.1781    1.1951
[1] 5200.0000    0.0000    0.8051   -0.2422    2.2510    0.8965
[1] 5300.0000    0.0000    0.8845    0.4623    1.5415    1.0022
[1] 5400.0000    0.0000    0.8536    1.3889    0.6712    0.9337
[1] 5500.0000    0.0000    0.8506    0.7592    1.1653    1.1979
[1] 5600.0000    0.0000    0.9929    0.0742    1.8829    1.1085
[1] 5700.0000    0.0000    0.9545    0.3481    1.5938    0.8805
[1] 5800.0000    0.0000    0.8612   -0.0819    2.1761    1.0327
[1] 5900.0000    0.0000    0.9311   -0.6872    2.7524    0.8983
[1] 6000.0000    0.0000    0.9870   -0.4599    2.4231    1.0819
[1] 6100.0000    0.0000    0.8793   -0.5789    2.5331    0.8792
[1] 6200.0000    0.0000    0.9400    0.5423    1.4033    0.8404
[1] 6300.0000    0.0000    0.9569    0.9737    1.1397    0.8080
[1] 6400.0000    0.0000    0.9924   -0.0511    1.9773    1.0322
[1] 6500.0000    0.0010    0.9084    0.7486    1.3520    1.0918
[1] 6600.0000    0.0000    0.8401   -0.0764    2.0021    1.0889
[1] 6700.0000    0.0000    0.8325   -0.7364    2.8051    0.8617
[1] 6800.0000    0.5013    0.8642   -0.3513    2.4292    1.0905
[1] 6900.0000    0.0000    0.8857   -0.6373    2.6385    0.9847
[1] 7000.0000    0.0000    0.8521   -0.1432    2.1798    1.0680
[1] 7100.0000    0.0000    0.9857    0.2395    1.7708    1.0571
[1] 7200.0000    0.0000    0.8247   -0.2255    2.3189    0.8913
[1] 7300.0000    0.0000    0.9346   -0.3132    2.3882    1.1740
[1] 7400.0000    0.0000    0.9512   -0.4963    2.5396    0.8676
[1] 7500.0000    0.0000    0.8475   -1.6780    3.6626    1.0597
[1] 7600.0000    0.0000    0.9493   -0.5223    2.5642    0.9281
[1] 7700.0000    0.0000    0.8440   -1.1171    3.1257    0.8976
[1] 7800.0000    0.0000    0.9477    0.0519    1.8954    0.8206
[1] 7900.0000    0.0000    0.9654   -0.2084    2.1302    1.1831
[1] 8000.0000    0.0000    0.9309   -0.6069    2.5774    1.0835
[1] 8100.0000    0.0000    0.8250   -0.3279    2.3150    1.1136
[1] 8200.0000    0.0000    0.9110   -0.4832    2.5225    0.9989
[1] 8300.0000    0.0000    0.8222   -0.5048    2.5500    0.8438
[1] 8400.0000    0.0000    0.9658   -0.7007    2.6521    0.9286
[1] 8500.0000    0.0000    0.8693   -0.3444    2.4147    1.1264
[1] 8600.0000    0.0000    0.9564   -1.8943    3.9109    0.9963
[1] 8700.0000    0.0000    0.8940   -0.3811    2.3783    1.0236
[1] 8800.0000    0.0000    0.9735   -0.6196    2.5406    1.0381
[1] 8900.0000    0.0000    0.8674    0.8298    1.2437    1.0474
[1] 9000.0000    0.0000    0.8301    0.6759    1.3246    1.1387
[1] 9100.0000    0.0000    0.8755    0.4376    1.6013    0.8812
[1] 9200.0000    0.0000    0.8129   -0.1691    2.2259    1.1264
[1] 9300.0000    0.0000    0.9734   -0.2404    2.1403    1.1056
[1] 9400.0000    0.0000    0.8413    0.5350    1.4054    1.0761
[1] 9500.0000    0.0000    0.8817   -1.1405    3.1051    1.0875
[1] 9600.0000    0.0000    0.8149   -0.2119    2.1966    0.9056
[1] 9700.0000    0.0000    0.9657    1.2366    0.7894    0.9166
[1] 9800.0000    0.0000    0.8457    0.6359    1.3627    0.8235
[1] 9900.0000    0.0000    0.9876    1.4347    0.6018    0.9739
[1] 10000.0000     0.3378     0.9984    -0.3617     2.3677     0.9987
[1] 10100.0000     1.0000     0.9049     0.3347     1.7900     1.0751
[1] 10200.0000     0.0000     0.8458     0.8102     1.1802     1.1044
[1] 1.030e+04 2.024e-01 9.549e-01 1.324e+00 7.133e-01 8.021e-01
[1] 10400.0000     0.0000     0.9109    -0.2867     2.2374     0.9653
[1] 10500.0000     0.0000     0.9828     0.0960     1.8726     0.8036
[1] 1.060e+04 0.000e+00 8.442e-01 2.999e-01 1.823e+00 9.495e-01
[1] 10700.0000     0.0000     0.8398     0.2979     1.7115     1.0590
[1] 10800.0000     0.0098     0.8310     0.1241     1.8813     0.9940
[1] 10900.0000     0.0000     0.9660     1.2469     0.8664     1.1970
[1] 11000.0000     0.0021     0.8555     1.2128     0.8888     1.1761
[1] 11100.0000     0.0000     0.8480    -0.3140     2.2973     1.1683
[1] 11200.0000     0.0728     0.9398    -0.7001     2.6833     0.9513
[1] 11300.0000     0.0000     0.8936    -0.6994     2.7039     1.0961
[1] 11400.0000     0.0005     0.9548     0.8108     1.3019     1.0047
[1] 11500.0000     0.0000     0.9619    -0.2642     2.2495     0.9110
[1] 11600.0000     0.0000     0.9104    -0.2447     2.3035     0.8269
[1] 11700.0000     0.0000     0.9616     0.2818     1.7564     1.1733
[1] 11800.0000     0.0000     0.8027    -0.7731     2.7860     0.8530
[1] 11900.0000     0.0000     0.8460    -1.1801     3.1879     0.8150
[1] 12000.0000     0.0000     0.8056     0.2336     1.8508     1.1142
[1] 12100.0000     0.0000     0.8005    -0.9000     2.8804     0.8375
[1] 12200.0000     1.0000     0.8496     0.5876     1.4551     0.8460
[1] 12300.0000     0.0000     0.8010     0.0776     1.9756     0.8810
[1] 12400.0000     1.0000     0.8046    -0.9546     3.0182     0.8797
[1] 12500.0000     0.0000     0.8059     0.0423     1.9975     1.1427
[1] 12600.0000     0.0000     0.8126    -0.6349     2.7017     1.1805
[1] 12700.0000     0.0000     0.9614    -0.2063     2.0810     0.8958
[1] 12800.0000     0.0000     0.8257    -0.3460     2.4067     0.8904
[1] 12900.0000     0.0212     0.8545    -0.1705     2.2407     1.0312
[1] 13000.0000     0.0000     0.8069    -0.0163     2.0315     1.0997
[1] 13100.0000     0.0000     0.9404     1.4339     0.6270     0.9822
[1] 13200.0000     0.0000     0.8843     0.4358     1.5863     0.9997
[1] 13300.0000     0.0000     0.8427    -0.9896     2.9566     1.0281
[1] 13400.0000     0.0000     0.8092    -0.6989     2.7291     1.1676
[1] 13500.0000     0.0000     0.8358    -0.7015     2.7751     1.1234
[1] 13600.0000     0.0000     0.8917     0.0281     1.9706     1.0301
[1] 13700.0000     0.0000     0.8421     0.4194     1.6341     0.9544
[1] 13800.0000     0.0000     0.9432    -0.1625     2.1691     1.1717
[1] 1.390e+04 0.000e+00 8.573e-01 7.290e-02 1.962e+00 8.372e-01
[1] 14000.0000     0.0000     0.9588     0.1202     1.8875     0.9662
[1] 14100.0000     0.0000     0.8411     0.5682     1.3385     1.1804
[1] 14200.0000     0.0000     0.8479     0.7336     1.2424     0.8739
[1] 14300.0000     0.0000     0.8548    -0.2816     2.3046     0.8231
[1] 14400.0000     0.0737     0.8623     0.5488     1.4962     0.8985
[1] 14500.0000     1.0000     0.9833     0.1389     1.8854     1.1771
[1] 14600.0000     0.0000     0.8177     0.3320     1.6517     1.0920
[1] 14700.0000     0.0000     0.8734     0.2180     1.7004     1.0676
[1] 14800.0000     0.0000     0.9433     1.2392     0.6764     0.9182
[1] 14900.0000     0.0012     0.9582     0.5047     1.5622     1.0321
[1] 15000.0000     0.0083     0.8279    -0.1167     2.1845     1.0826
[1] 15100.0000     1.0000     0.8292    -0.0952     2.1485     0.9249
[1] 15200.0000     0.0000     0.8242     0.5606     1.4568     1.0800
[1] 15300.0000     0.2570     0.9517     0.4157     1.6500     1.1636
[1] 15400.0000     0.0015     0.8397    -0.8202     2.8738     1.1015
[1] 15500.0000     0.0000     0.9734    -1.3663     3.4540     1.1714
[1] 15600.0000     0.0000     0.8520    -0.4268     2.4659     1.1912
[1] 15700.0000     0.0000     0.8475     0.3917     1.5839     0.9690
[1] 15800.0000     0.0000     0.9108     0.0036     1.9534     0.9068
[1] 15900.0000     0.0000     0.8841     0.4046     1.5775     0.8192
[1] 16000.0000     0.0000     0.8124    -0.1419     2.1429     1.1160
[1] 16100.0000     0.0000     0.8125     0.3908     1.6449     0.8885
[1] 16200.0000     0.0000     0.9466     0.6983     1.2875     0.9477
[1] 16300.0000     0.0000     0.9158     0.0597     2.0185     0.9491
[1] 16400.0000     0.0000     0.8807     0.3670     1.6719     0.8691
[1] 16500.0000     0.2037     0.9646    -0.2008     2.1889     1.1820
[1] 16600.0000     0.0000     0.8294    -1.1012     3.1826     0.8835
[1] 16700.0000     0.0000     0.9635     0.7136     1.2444     0.8336
[1] 16800.0000     0.0000     0.8621     0.4814     1.4806     1.1596
[1] 16900.0000     0.0000     0.8583     1.1173     0.8697     0.9158
[1] 17000.0000     0.0000     0.9790    -0.4379     2.4991     0.8822
[1] 17100.0000     0.0000     0.9305     0.7112     1.3863     0.9283
[1] 1.720e+04 0.000e+00 9.497e-01 5.535e-01 1.457e+00 8.252e-01
[1] 17300.0000     1.0000     0.8396     0.0449     1.9591     1.0131
[1] 17400.0000     0.0000     0.8593     0.1794     1.8806     1.1450
[1] 17500.0000     0.0000     0.9677    -0.4176     2.4680     1.1479
[1] 17600.0000     0.0000     0.8280     0.1753     1.8054     1.1486
[1] 17700.0000     0.0000     0.8794     0.5782     1.4102     0.9707
[1] 17800.0000     0.0000     0.9383    -0.3691     2.4784     1.0084
[1] 17900.0000     0.0000     0.9083    -0.0801     2.1550     0.9495
[1] 18000.0000     0.8850     0.9109     0.4351     1.6385     0.8712
[1] 18100.0000     0.0000     0.9461     0.3766     1.5325     0.9222
[1] 18200.0000     0.0002     0.8514     0.7351     1.2546     1.1386
[1] 18300.0000     0.0000     0.9012     0.3578     1.6899     1.0710
[1] 18400.0000     0.0000     0.9529    -0.7393     2.8088     0.8173
[1] 1.850e+04 0.000e+00 8.451e-01 3.984e-01 1.670e+00 9.054e-01
[1] 18600.0000     0.0000     0.8656    -0.3425     2.4110     0.8624
[1] 18700.0000     0.0000     0.8080     0.3440     1.8081     0.9308
[1] 18800.0000     0.0000     0.8537     0.7321     1.2949     0.9005
[1] 18900.0000     0.0000     0.9024    -0.8280     2.8079     1.0613
[1] 19000.0000     0.0000     0.8770    -0.1641     2.2429     1.0394
[1] 19100.0000     0.0000     0.8878     0.4967     1.4182     1.0323
[1] 19200.0000     0.0000     0.8001    -0.0543     2.0122     0.9641
[1] 19300.0000     0.0000     0.8035    -0.0982     2.0831     1.0886
[1] 19400.0000     0.0000     0.9330     0.0194     1.9884     1.0363
[1] 19500.0000     0.0000     0.9654     0.5893     1.4625     0.9669
[1] 19600.0000     1.0000     0.9648    -0.8447     2.9206     1.1447
[1] 19700.0000     0.0000     0.8982    -0.2623     2.1992     1.1826
[1] 1.980e+04 0.000e+00 9.408e-01 3.994e-01 1.685e+00 9.927e-01
[1] 19900.0000     0.0000     0.9981    -0.3663     2.4259     1.0280
[1] 20000.0000     0.0000     0.8708    -0.7619     2.7859     1.0213
[1] 20100.0000     0.0000     0.9080     0.7759     1.2849     1.0402
[1] 20200.0000     0.8765     0.9840    -0.1946     2.2133     1.1380
[1] 20300.0000     0.0000     0.9533    -0.2651     2.2811     0.8784
[1] 20400.0000     0.0001     0.9596    -0.0327     1.9718     1.0259
[1] 20500.0000     0.0000     0.8964    -0.1816     2.2600     1.1285
[1] 20600.0000     0.1457     0.8137     0.2743     1.7829     0.9497
[1] 20700.0000     0.9759     0.8107     0.1410     1.9087     1.0874
[1] 20800.0000     0.0000     0.9606    -0.7478     2.7858     1.0886
[1] 20900.0000     0.0001     0.9109     0.7194     1.3272     0.9980
[1] 21000.0000     0.0000     0.9912     1.3163     0.7265     1.0875
[1] 21100.0000     0.0000     0.9732    -0.1593     2.1275     0.8253
[1] 21200.0000     0.0180     0.8263     0.3129     1.7010     1.1324
[1] 21300.0000     0.0000     0.8399    -0.4800     2.3903     1.0171
[1] 21400.0000     0.0000     0.9719     0.2817     1.7148     0.9071
[1] 21500.0000     0.0000     0.9375    -0.1483     2.1191     1.0777
[1] 21600.0000     0.0000     0.8420     0.1395     1.8764     0.8926
[1] 21700.0000     0.0000     0.8258    -0.3158     2.3561     1.1265
[1] 21800.0000     0.0002     0.8218    -0.1317     2.0965     1.1739
[1] 21900.0000     0.0000     0.8416    -0.1812     2.2689     1.1370
[1] 22000.0000     0.0000     0.8850     1.2116     0.8059     0.9555
[1] 22100.0000     0.0000     0.9825    -0.1692     2.1699     1.1195
[1] 22200.0000     0.0000     0.9349    -0.0423     1.9862     0.9881
[1] 22300.0000     0.0003     0.8584     0.1846     1.8299     0.9367
[1] 22400.0000     0.0000     0.9494     0.2849     1.7069     0.9207
[1] 22500.0000     0.0013     0.9610     0.8509     1.1803     0.9963
[1] 22600.0000     0.0000     0.8858    -0.5019     2.6240     0.9064
[1] 22700.0000     0.0000     0.8271    -0.0452     1.9650     1.1968
[1] 22800.0000     0.0000     0.9630    -0.3424     2.4290     0.9437
[1] 22900.0000     0.0000     0.9207     1.1886     0.7880     0.8362
[1] 23000.0000     0.0000     0.9652     1.1333     0.8430     1.0264
[1] 23100.0000     0.0000     0.9231     0.2495     1.7741     0.8179
[1] 23200.0000     0.0000     0.9741    -0.2053     2.2791     1.1699
[1] 23300.0000     0.0610     0.8966     0.1605     1.8183     1.0199
[1] 23400.0000     0.0000     0.9418    -0.2988     2.3989     0.8205
[1] 23500.0000     0.0000     0.8934    -0.5134     2.5363     1.1391
[1] 23600.0000     0.0000     0.8360     0.5033     1.4996     0.8406
[1] 23700.0000     0.0000     0.8580     0.8772     1.1886     0.8494
[1] 2.380e+04 0.000e+00 9.509e-01 2.055e-01 1.678e+00 9.516e-01
[1] 23900.0000     0.0000     0.8157     0.1772     1.8314     0.8034
[1] 24000.0000     0.0000     0.9653    -0.2294     2.2094     0.9324
[1] 24100.0000     0.0000     0.8289    -0.8070     2.8493     0.9877
[1] 24200.0000     0.0000     0.8399    -0.0312     1.9296     1.0287
[1] 24300.0000     0.0000     0.9879    -0.9446     2.9722     1.1930
[1] 24400.0000     1.0000     0.9947     0.6380     1.3929     0.9697
[1] 24500.0000     0.0000     0.9064     1.2619     0.8041     0.8345
[1] 2.460e+04 0.000e+00 9.062e-01 1.866e-01 1.867e+00 8.877e-01
[1] 24700.0000     0.0001     0.9025    -0.6655     2.7004     0.8040
[1] 24800.0000     0.0000     0.8109     0.7958     1.2505     1.1899
[1] 24900.0000     0.0000     0.9495    -0.1214     2.0931     0.8626
[1] 25000.0000     0.0002     0.9628     0.3032     1.7222     0.9362
[1] 25100.0000     0.0000     0.9605     0.9484     1.0341     1.0743
[1] 25200.0000     0.0000     0.8184    -0.0568     2.1136     0.8574
[1] 25300.0000     0.7248     0.8151    -0.1587     2.1093     1.0748
[1] 25400.0000     1.0000     0.8988    -0.3282     2.3345     1.0888
[1] 25500.0000     0.0000     0.8147     0.3901     1.6066     1.1844
[1] 25600.0000     0.0000     0.8978    -0.1120     2.1251     1.1142
[1] 25700.0000     0.0000     0.8060     0.7181     1.3462     0.8422
[1] 25800.0000     0.0000     0.8043    -0.4577     2.3603     0.8730
[1] 25900.0000     1.0000     0.8632    -0.1323     2.1815     1.1254
[1] 26000.0000     1.0000     0.9492    -0.6487     2.7252     1.0058
[1] 26100.0000     0.0000     0.9196    -0.3858     2.2467     1.1722
[1] 26200.0000     0.0000     0.9529    -0.8152     2.7121     1.0017
[1] 26300.0000     0.0000     0.8530    -1.0851     3.1162     1.0678
[1] 26400.0000     0.0000     0.8767     0.0179     1.9157     0.8041
[1] 26500.0000     0.0022     0.9903    -0.2145     2.2859     1.1966
[1] 26600.0000     0.0000     0.9293     0.1554     2.0156     0.8497
[1] 26700.0000     0.0000     0.8184     0.4536     1.5191     0.9177
[1] 26800.0000     0.0000     0.8180    -1.2817     3.3155     0.8719
[1] 26900.0000     0.0000     0.9182    -0.6632     2.6723     0.9860
[1] 27000.0000     0.0000     0.9618     0.2659     1.7768     1.1838
[1] 27100.0000     0.4280     0.8095     0.4417     1.6660     1.0497
[1] 27200.0000     0.0000     0.8628     0.5243     1.4812     1.0265
[1] 27300.0000     0.0000     0.8270    -1.0652     3.0495     1.1347
[1] 27400.0000     0.0000     0.9843     0.1660     1.8544     1.1629
[1] 27500.0000     0.0000     0.8677     0.4450     1.5712     0.9516
[1] 27600.0000     0.0000     0.8732     1.4603     0.5854     0.9172
[1] 27700.0000     0.0000     0.8768     0.2859     1.8013     1.0202
[1] 27800.0000     0.0000     0.8338     0.3064     1.6818     0.9440
[1] 27900.0000     1.0000     0.8904     0.6500     1.3455     0.9276
[1] 28000.0000     0.0000     0.8025    -0.5543     2.5771     0.9240
[1] 28100.0000     0.0000     0.9262     0.7882     1.2938     1.0710
[1] 28200.0000     0.0000     0.9683     0.2713     1.7481     0.8917
[1] 28300.0000     0.0000     0.9886    -0.2479     2.2523     1.1843
[1] 28400.0000     1.0000     0.9594    -0.7222     2.6791     0.8105
[1] 28500.0000     0.0000     0.8824     1.1117     0.8683     0.8003
[1] 28600.0000     0.0000     0.9775     0.4122     1.5382     0.9079
[1] 28700.0000     0.0000     0.9675    -1.3611     3.3869     1.1579
[1] 28800.0000     0.0000     0.8104    -0.0392     2.0401     1.1940
[1] 28900.0000     0.0000     0.9137    -0.2333     2.3043     0.8478
[1] 29000.0000     0.0000     0.9277    -0.5375     2.5561     1.1735
[1] 29100.0000     0.0000     0.8872    -0.8052     2.8931     1.0232
[1] 29200.0000     0.0818     0.9371     0.5700     1.4368     1.1436
[1] 29300.0000     0.0005     0.9749     1.2316     0.7336     0.9782
[1] 29400.0000     0.0000     0.9394     0.8107     1.2591     1.1754
[1] 29500.0000     0.0000     0.8094    -0.7235     2.7241     0.8253
[1] 29600.0000     0.0000     0.8335     0.3811     1.6339     1.1940
[1] 29700.0000     0.0000     0.9991    -0.0416     2.0397     0.9357
[1] 29800.0000     0.0000     0.8030    -0.7469     2.8241     0.9421
[1] 29900.0000     0.7969     0.9798    -0.0081     2.0666     1.0014
[1] 30000.0000     0.0000     0.8841     0.8784     1.1135     1.0036
[1] 0.0673973
Time difference of 3.788151 hours
null device 
          1 
