[1] "El numero de nodos X particion es: 10"
[1] "Model = M2 / Data = sim_data/datasetSVIMatern5.Rdata"
[1] 100.0000   0.7408   0.9429   0.0685   1.9462   1.1970
[1] 200.0000   0.0079   0.9592   0.1158   1.8465   1.1736
[1] 300.0000   0.6437   0.8776   0.1894   1.8789   1.0665
[1] 400.0000   0.0384   0.9217  -0.1662   2.1522   0.9692
[1] 500.0000   0.0000   0.8380   0.1733   1.9071   0.8203
[1] 600.0000   0.0231   0.8988  -0.5404   2.5654   1.1191
[1] 700.0000   0.0002   0.8999   0.5550   1.4941   1.0702
[1] 800.0000   0.0000   0.9999   0.4524   1.5519   1.0968
[1] 900.0000   0.0000   0.9606  -0.1223   2.1047   1.0158
[1] 1000.0000    0.0000    0.8209   -0.5979    2.6105    0.9374
[1] 1100.0000    0.0000    0.8924    0.4913    1.4585    0.9545
[1] 1200.0000    0.1555    0.9320    0.8717    1.1658    0.8095
[1] 1300.0000    0.0000    0.9498   -0.3599    2.2835    1.1653
[1] 1400.0000    0.0000    0.8099   -0.8089    2.7967    1.1384
[1] 1500.0000    0.0000    0.9584    0.4123    1.5773    1.0940
[1] 1600.0000    0.0000    0.9658   -1.1965    3.2156    1.0950
[1] 1700.0000    0.0000    0.9419   -0.2279    2.3228    1.0966
[1] 1800.0000    0.0000    0.9376    0.3477    1.6806    0.8302
[1] 1900.0000    0.0000    0.8411   -0.6597    2.6772    1.0047
[1] 2000.0000    0.0000    0.9400    0.0433    2.0822    1.1109
[1] 2100.0000    0.0000    0.9433   -0.6678    2.5587    1.0825
[1] 2200.0000    0.0000    0.8668   -0.0246    2.1074    1.0989
[1] 2300.0000    0.0000    0.8951   -0.1946    2.1301    0.9529
[1] 2400.0000    0.0000    0.9355    0.2356    1.7425    1.1578
[1] 2500.0000    0.0215    0.8909    0.7871    1.1736    1.1217
[1] 2600.0000    0.0000    0.8617   -0.5036    2.4834    0.8044
[1] 2700.0000    0.0000    0.8492   -0.8964    2.9392    0.9140
[1] 2800.0000    0.0832    0.9382    0.2701    1.8073    1.1558
[1] 2900.0000    0.0006    0.9982   -0.4473    2.5154    0.9626
[1] 3000.0000    0.0000    0.8454   -0.5032    2.5320    0.9669
[1] 3100.0000    0.0000    0.9411   -0.3188    2.2382    0.9915
[1] 3200.0000    0.0000    0.9190   -0.0059    2.0445    0.9575
[1] 3300.0000    0.0000    0.9312    0.1441    1.8462    0.9302
[1] 3400.0000    0.8068    0.8983    0.4023    1.6629    1.1525
[1] 3500.0000    0.0000    0.9256   -0.0661    2.0211    1.1684
[1] 3600.0000    0.0000    0.8756   -1.0520    3.0541    0.9795
[1] 3700.0000    1.0000    0.9624    0.1594    1.8620    0.8094
[1] 3800.0000    0.0000    0.9791    0.8790    1.0948    1.0179
[1] 3900.0000    0.0000    0.8349    0.2125    1.8206    1.1538
[1] 4000.0000    0.0000    0.9448   -0.6708    2.7187    1.0791
[1] 4100.0000    0.0000    0.8388   -0.8879    2.9121    0.8864
[1] 4200.0000    0.0000    0.9756   -0.8237    2.7637    0.9752
[1] 4300.0000    0.2954    0.8741   -1.1927    3.1672    1.1249
[1] 4400.0000    0.0000    0.9459    0.3089    1.6220    1.1887
[1] 4500.0000    0.2153    0.8404    0.9125    1.1461    1.1577
[1] 4600.0000    0.0000    0.9525    0.8312    1.2827    1.1110
[1] 4700.0000    0.0000    0.8528   -0.3173    2.3239    0.8411
[1] 4800.0000    0.0000    0.8660   -0.7032    2.7316    1.0939
[1] 4900.0000    0.0000    0.8114   -0.5379    2.5305    0.8255
[1] 5000.0000    0.0257    0.9988   -1.2935    3.1798    0.9542
[1] 5100.0000    0.0000    0.9679   -1.0231    3.0016    1.1951
[1] 5200.0000    0.0000    0.8051    0.9781    1.0100    0.8965
[1] 5300.0000    0.0000    0.8665    1.0000    1.0193    1.0916
[1] 5400.0000    0.0000    0.8536    0.7884    1.2455    0.9337
[1] 5500.0000    0.0000    0.8506    0.2346    1.6799    1.1979
[1] 5600.0000    0.0000    0.9929   -0.3653    2.3093    1.1085
[1] 5700.0000    0.0000    0.9445    0.5371    1.5481    1.0237
[1] 5800.0000    0.0000    0.8612   -0.6383    2.7622    1.0327
[1] 5900.0000    0.0000    0.8278    0.2814    1.8109    1.0767
[1] 6000.0000    0.0000    0.9870    0.3439    1.5969    1.0819
[1] 6100.0000    0.0000    0.8914    0.4928    1.5502    0.9242
[1] 6200.0000    0.0000    0.9400    0.7006    1.2346    0.8404
[1] 6300.0000    0.0000    0.9569    0.5853    1.5630    0.8080
[1] 6400.0000    0.0000    0.9924   -0.0208    1.9499    1.0322
[1] 6500.0000    0.0165    0.9084    0.2834    1.8137    1.0918
[1] 6600.0000    0.0000    0.8710    0.0632    1.8385    0.9001
[1] 6700.0000    0.0000    0.8253   -0.4785    2.6060    0.9280
[1] 6800.0000    0.2234    0.8642   -0.0666    2.1136    1.0905
[1] 6900.0000    0.0000    0.9290   -1.6019    3.6366    1.0476
[1] 7000.0000    0.0000    0.8521   -0.6415    2.5759    1.0680
[1] 7100.0000    0.0000    0.9857   -0.0071    2.1222    1.0571
[1] 7200.0000    0.0000    0.9439    0.2466    1.8615    1.1769
[1] 7300.0000    0.0000    0.9346    0.6583    1.3877    1.1740
[1] 7400.0000    0.0000    0.8045   -0.0814    2.0888    0.8734
[1] 7500.0000    0.0000    0.8475   -1.0315    3.0095    1.0597
[1] 7600.0000    0.0000    0.9493   -0.0018    2.0284    0.9281
[1] 7700.0000    0.0000    0.8552   -1.2454    3.1760    1.0850
[1] 7800.0000    0.0000    0.8350   -0.1176    2.1952    1.1361
[1] 7900.0000    0.0000    0.9654   -0.1439    2.0988    1.1831
[1] 8000.0000    0.0000    0.9309    0.4737    1.4465    1.0835
[1] 8100.0000    0.0000    0.8483   -0.1682    2.1149    0.8203
[1] 8200.0000    0.0000    0.9207   -0.3982    2.3777    1.1282
[1] 8300.0000    0.0000    0.8222   -0.1863    2.2166    0.8438
[1] 8400.0000    0.0000    0.9658   -0.2760    2.1882    0.9286
[1] 8500.0000    0.0000    0.8325   -0.3113    2.4030    1.0750
[1] 8600.0000    0.1005    0.9662   -0.7406    2.8603    0.9487
[1] 8700.0000    0.0000    0.8940   -0.2818    2.2706    1.0236
[1] 8800.0000    0.0000    0.9735   -0.4949    2.4165    1.0381
[1] 8900.0000    0.0000    0.8674    0.7980    1.2538    1.0474
[1] 9000.0000    0.0000    0.8301    0.5885    1.3410    1.1387
[1] 9100.0000    0.0000    0.9178   -0.1833    2.1387    0.8722
[1] 9200.0000    0.0000    0.8777   -0.3304    2.3710    1.1489
[1] 9300.0000    0.0000    0.8689   -0.3799    2.4952    0.9976
[1] 9400.0000    0.0000    0.8413    0.9756    0.9621    1.0761
[1] 9500.0000    0.0000    0.8817   -0.5432    2.5150    1.0875
[1] 9600.0000    0.0000    0.8149    0.5068    1.5151    0.9056
[1] 9700.0000    0.0000    0.9657    1.8024    0.1629    0.9166
[1] 9800.0000    0.0000    0.9462    0.9142    1.0673    1.1275
[1] 9900.0000    0.0000    0.9876    1.6694    0.3435    0.9739
[1] 10000.0000     0.5760     0.9984    -0.8681     2.8387     0.9987
[1] 10100.0000     0.0002     0.9832    -0.3748     2.3943     0.9199
[1] 10200.0000     0.0000     0.8458     0.2152     1.7457     1.1044
[1] 10300.0000     0.0786     0.9549     2.0386     0.0462     0.8021
[1] 10400.0000     0.0000     0.9109     0.4657     1.5185     0.9653
[1] 10500.0000     0.0000     0.9828     1.3786     0.6337     0.8036
[1] 10600.0000     0.0000     0.8442     0.5241     1.5627     0.9495
[1] 10700.0000     0.0000     0.8398     0.6417     1.4176     1.0590
[1] 10800.0000     1.0000     0.8056    -0.0362     2.1174     0.8503
[1] 10900.0000     0.0000     0.9839     0.5973     1.5297     1.0401
[1] 1.100e+04 1.791e-01 8.012e-01 6.792e-01 1.441e+00 9.407e-01
[1] 11100.0000     0.0000     0.9587    -0.3226     2.3171     0.9308
[1] 11200.0000     0.1397     0.9398    -0.7016     2.6986     0.9513
[1] 11300.0000     0.0000     0.8936    -0.7010     2.7190     1.0961
[1] 11400.0000     0.0003     0.9548     1.1468     0.9457     1.0047
[1] 1.150e+04 0.000e+00 8.034e-01 4.969e-01 1.499e+00 8.501e-01
[1] 11600.0000     0.0000     0.9643    -0.2049     2.1095     1.1694
[1] 11700.0000     0.2117     0.8613     0.5159     1.4012     1.0253
[1] 11800.0000     0.0000     0.8027    -0.6247     2.6841     0.8530
[1] 11900.0000     0.0000     0.9123    -0.3643     2.3986     1.0901
[1] 12000.0000     0.0000     0.8056     0.5282     1.5681     1.1142
[1] 12100.0000     0.0000     0.8666    -0.5836     2.6260     0.9630
[1] 12200.0000     0.0761     0.9853     0.4437     1.6153     1.1443
[1] 12300.0000     0.0000     0.8010     0.4599     1.5913     0.8810
[1] 12400.0000     0.0893     0.8019    -0.3898     2.4652     1.1971
[1] 12500.0000     0.0000     0.8870    -0.3855     2.3295     1.1524
[1] 12600.0000     0.0000     0.8126    -0.4837     2.5284     1.1805
[1] 12700.0000     0.0000     0.9614    -0.9171     2.7762     0.8958
[1] 12800.0000     0.0000     0.9902    -1.0693     3.0030     0.9345
[1] 12900.0000     0.0130     0.9204    -0.2303     2.2787     0.8219
[1] 13000.0000     0.0000     0.8069     0.4191     1.5951     1.0997
[1] 13100.0000     0.0000     0.9404     1.8328     0.2154     0.9822
[1] 13200.0000     0.0000     0.8843     0.7147     1.3524     0.9997
[1] 13300.0000     0.0000     0.8427    -0.7624     2.7072     1.0281
[1] 13400.0000     0.0000     0.8092    -0.7727     2.7633     1.1676
[1] 13500.0000     0.0000     0.8466    -0.1876     2.1994     0.8143
[1] 13600.0000     0.0000     0.8917     0.0041     1.9696     1.0301
[1] 13700.0000     0.0000     0.8561    -0.0168     2.0204     0.9281
[1] 13800.0000     0.0000     0.8787    -0.6659     2.7271     1.0611
[1] 13900.0000     0.0000     0.8495     0.3327     1.6022     1.0802
[1] 14000.0000     0.0000     0.9588     0.4900     1.4614     0.9662
[1] 14100.0000     0.0000     0.8729     0.4228     1.5011     1.1941
[1] 14200.0000     0.0000     0.8479     0.0946     1.8624     0.8739
[1] 14300.0000     0.0000     0.8548    -0.9039     2.9146     0.8231
[1] 14400.0000     0.0694     0.8623     0.0999     1.9248     0.8985
[1] 14500.0000     0.4506     0.9833     0.3636     1.5713     1.1771
[1] 14600.0000     0.0000     0.9670     1.0040     0.9779     1.1151
[1] 14700.0000     0.0000     0.8974    -0.2239     2.1275     1.0871
[1] 14800.0000     0.0000     0.9988     0.7234     1.2245     0.9067
[1] 14900.0000     0.0227     0.9582    -0.0609     2.0756     1.0321
[1] 15000.0000     0.0004     0.9447     0.1787     1.7781     0.8911
[1] 15100.0000     1.0000     0.8292     0.2548     1.7534     0.9249
[1] 15200.0000     0.0000     0.8734     0.7264     1.3226     0.8767
[1] 15300.0000     0.8123     0.9517     0.5458     1.5370     1.1636
[1] 15400.0000     0.0025     0.8072    -0.4017     2.4325     1.0717
[1] 15500.0000     0.0000     0.9734    -0.9325     3.0002     1.1714
[1] 15600.0000     0.0000     0.8520    -0.8024     2.8820     1.1912
[1] 15700.0000     0.0000     0.8475    -0.3560     2.3084     0.9690
[1] 15800.0000     0.0000     0.9108    -0.0995     2.0741     0.9068
[1] 15900.0000     0.0000     0.8876    -0.0137     1.9678     0.9067
[1] 16000.0000     0.0016     0.8124    -0.6010     2.6238     1.1160
[1] 16100.0000     0.0000     0.8125     0.6177     1.3747     0.8885
[1] 16200.0000     0.0000     0.9466     0.9160     1.0261     0.9477
[1] 16300.0000     0.0000     0.9158     0.2957     1.7406     0.9491
[1] 16400.0000     0.0000     0.9648     0.1388     1.8974     0.9493
[1] 16500.0000     0.5471     0.9646    -0.0999     2.0618     1.1820
[1] 16600.0000     0.0000     0.8294    -0.9722     3.0304     0.8835
[1] 16700.0000     0.0000     0.9635     0.7841     1.1434     0.8336
[1] 16800.0000     0.0000     0.9358     0.1551     1.8782     0.9778
[1] 16900.0000     0.0000     0.9190     0.8628     1.1072     0.9241
[1] 17000.0000     0.0000     0.9790    -0.1141     2.1475     0.8822
[1] 17100.0000     0.0000     0.9305     0.6963     1.4106     0.9283
[1] 17200.0000     0.0000     0.9497     0.2818     1.7516     0.8252
[1] 17300.0000     0.7891     0.8396    -0.2163     2.2056     1.0131
[1] 17400.0000     0.0000     0.8593    -0.0853     2.1282     1.1450
[1] 17500.0000     0.0000     0.9677    -0.4267     2.4562     1.1479
[1] 17600.0000     0.0000     0.8280     0.1457     1.8131     1.1486
[1] 17700.0000     0.0000     0.8794     0.6404     1.3394     0.9707
[1] 17800.0000     0.0000     0.9383    -0.5279     2.6820     1.0084
[1] 17900.0000     0.0000     0.9083     0.7608     1.2773     0.9495
[1] 1.800e+04 1.000e+00 9.109e-01 9.200e-02 1.955e+00 8.712e-01
[1] 18100.0000     0.0000     0.8667     0.3545     1.7933     1.1867
[1] 18200.0000     0.0001     0.9706     1.1255     0.8684     0.8923
[1] 18300.0000     0.0000     0.9012     0.3975     1.6209     1.0710
[1] 18400.0000     0.0000     0.9529    -0.0781     2.1216     0.8173
[1] 18500.0000     0.0000     0.9525     0.3182     1.7027     0.9333
[1] 18600.0000     0.0000     0.8656    -0.0351     2.0926     0.8624
[1] 18700.0000     0.0000     0.8080    -0.1814     2.2419     0.9308
[1] 18800.0000     0.0000     0.8635     0.3113     1.6712     1.1693
[1] 18900.0000     0.0000     0.9024     0.3076     1.6636     1.0613
[1] 19000.0000     0.0000     0.8366    -0.2012     2.1898     0.8015
[1] 19100.0000     0.0000     0.9728     0.2317     1.7162     0.8217
[1] 19200.0000     0.0000     0.8001     0.2265     1.7147     0.9641
[1] 19300.0000     0.0000     0.8035     0.1837     1.7840     1.0886
[1] 19400.0000     0.0000     0.9330     0.2267     1.7804     1.0363
[1] 19500.0000     0.0000     0.9654    -0.2164     2.1996     0.9669
[1] 19600.0000     0.5922     0.9162    -1.3642     3.4028     0.8038
[1] 19700.0000     0.0000     0.8982    -0.4111     2.3229     1.1826
[1] 19800.0000     0.0000     0.9408     0.2391     1.8157     0.9927
[1] 19900.0000     0.0000     0.9981    -0.2098     2.2429     1.0280
[1] 20000.0000     0.0000     0.8708     0.5121     1.4654     1.0213
[1] 20100.0000     0.0000     0.9080     0.6857     1.3893     1.0402
[1] 2.020e+04 1.000e+00 9.840e-01 5.730e-02 1.918e+00 1.138e+00
[1] 20300.0000     0.0000     0.8028     0.4276     1.6465     0.9708
[1] 20400.0000     0.0038     0.9072     0.4716     1.5209     0.9991
[1] 20500.0000     0.0000     0.8964     0.0994     1.9345     1.1285
[1] 20600.0000     0.2953     0.9169    -0.4008     2.5010     1.1057
[1] 20700.0000     1.0000     0.8107    -0.3457     2.2433     1.0874
[1] 20800.0000     0.0000     0.9606    -0.6419     2.6117     1.0886
[1] 20900.0000     0.0000     0.9109     0.3900     1.6997     0.9980
[1] 21000.0000     0.0000     0.9912     0.7731     1.2437     1.0875
[1] 21100.0000     0.0000     0.9732    -0.5657     2.5621     0.8253
[1] 21200.0000     0.0703     0.8263     0.4467     1.5800     1.1324
[1] 21300.0000     0.0000     0.9596    -0.3722     2.3222     1.0815
[1] 21400.0000     0.0000     0.9719     0.7015     1.2834     0.9071
[1] 21500.0000     0.0000     0.9375     0.2754     1.6854     1.0777
[1] 21600.0000     0.0000     0.8420    -0.1474     2.2191     0.8926
[1] 21700.0000     0.0000     0.8416    -0.8325     2.8843     1.0860
[1] 21800.0000     0.0000     0.8218    -0.2187     2.3412     1.1739
[1] 2.190e+04 0.000e+00 9.408e-01 1.049e+00 8.809e-01 9.421e-01
[1] 22000.0000     0.0000     0.8850     0.9940     1.0196     0.9555
[1] 22100.0000     0.0000     0.9825    -0.2035     2.2282     1.1195
[1] 22200.0000     0.0000     0.9349    -0.0764     2.0120     0.9881
[1] 22300.0000     0.0010     0.8584     0.1486     1.8564     0.9367
[1] 2.240e+04 0.000e+00 9.494e-01 3.300e-02 1.939e+00 9.207e-01
[1] 22500.0000     0.0003     0.9610     0.7123     1.2774     0.9963
[1] 22600.0000     0.0000     0.8858     1.0090     1.1222     0.9064
[1] 22700.0000     0.0000     0.8271     0.2702     1.6595     1.1968
[1] 22800.0000     0.0004     0.9028     0.2300     1.8734     1.1243
[1] 2.290e+04 0.000e+00 9.207e-01 9.844e-01 9.519e-01 8.362e-01
[1] 23000.0000     0.0000     0.9652     0.2460     1.7642     1.0264
[1] 23100.0000     0.0000     0.9231    -0.2092     2.1656     0.8179
[1] 23200.0000     0.0000     0.8288    -0.6649     2.7144     0.8616
[1] 23300.0000     0.0987     0.8966    -0.3025     2.2573     1.0199
[1] 23400.0000     0.0000     0.9418     0.4711     1.5249     0.8205
[1] 23500.0000     0.0000     0.8934    -0.4521     2.4638     1.1391
[1] 23600.0000     0.0000     0.8360     0.5533     1.4368     0.8406
[1] 23700.0000     0.0000     0.9977     1.0064     0.9925     0.9083
[1] 23800.0000     0.0000     0.9509     0.2387     1.6782     0.9516
[1] 23900.0000     0.0000     0.8157     0.7992     1.2222     0.8034
[1] 24000.0000     0.0000     0.9801     0.0876     1.8482     1.1551
[1] 24100.0000     0.0000     0.8747    -1.4575     3.3740     1.0767
[1] 24200.0000     0.0000     0.9232     0.3907     1.6191     1.0732
[1] 24300.0000     0.0000     0.8207    -0.1599     2.1836     1.1509
[1] 24400.0000     0.0148     0.9020     1.0339     1.1109     1.0534
[1] 24500.0000     0.0000     0.9407     1.6438     0.2823     1.0416
[1] 24600.0000     0.0000     0.9062     0.3551     1.6018     0.8877
[1] 24700.0000     0.0001     0.9025    -0.8163     2.8271     0.8040
[1] 24800.0000     0.0003     0.8109    -0.2240     2.2464     1.1899
[1] 24900.0000     0.0000     0.9495    -0.0148     1.9829     0.8626
[1] 25000.0000     0.0002     0.9628     0.4059     1.6147     0.9362
[1] 25100.0000     0.0000     0.9605     1.0458     0.9313     1.0743
[1] 25200.0000     0.0000     0.9435     0.5144     1.5202     1.0372
[1] 25300.0000     1.0000     0.8151     0.3056     1.6526     1.0748
[1] 25400.0000     1.0000     0.8988    -0.7020     2.7310     1.0888
[1] 25500.0000     0.0000     0.8147     0.2298     1.8007     1.1844
[1] 25600.0000     0.0000     0.8978    -0.2703     2.3179     1.1142
[1] 25700.0000     0.0000     0.8060     0.6681     1.3681     0.8422
[1] 25800.0000     0.0000     0.8043    -0.9265     2.8810     0.8730
[1] 25900.0000     1.0000     0.8632    -0.3238     2.3742     1.1254
[1] 26000.0000     1.0000     0.9492    -0.8387     2.9175     1.0058
[1] 26100.0000     0.0000     0.9196    -0.5757     2.4378     1.1722
[1] 26200.0000     0.0000     0.9529    -0.1461     2.0614     1.0017
[1] 26300.0000     0.0000     0.8530     0.3089     1.6744     1.0678
[1] 26400.0000     0.0000     0.8767     0.4555     1.4692     0.8041
[1] 26500.0000     0.0157     0.8885    -0.1679     2.2036     1.0349
[1] 26600.0000     0.0000     0.9293    -1.1582     3.3424     0.8497
[1] 26700.0000     0.0000     0.8184    -0.1395     2.1482     0.9177
[1] 26800.0000     0.0000     0.8448    -1.0648     3.0162     0.8652
[1] 26900.0000     0.0000     0.9184    -0.1013     2.0302     1.1619
[1] 27000.0000     0.0000     0.9892    -0.0937     2.1705     0.9138
[1] 27100.0000     0.6047     0.8553     0.0927     1.9248     1.0993
[1] 27200.0000     0.0000     0.9878     0.4842     1.5208     0.8174
[1] 27300.0000     0.0000     0.9185    -0.3304     2.2973     0.9822
[1] 2.740e+04 0.000e+00 8.182e-01 8.139e-01 1.239e+00 1.104e+00
[1] 27500.0000     0.0000     0.8463     1.2981     0.8094     0.8762
[1] 27600.0000     0.0000     0.8732     1.4443     0.6143     0.9172
[1] 27700.0000     0.0000     0.8317     0.3336     1.6274     1.1846
[1] 27800.0000     0.0000     0.8338     0.4178     1.5946     0.9440
[1] 27900.0000     1.0000     0.8904    -0.2498     2.2531     0.9276
[1] 28000.0000     0.0000     0.8025    -0.8844     2.8997     0.9240
[1] 28100.0000     0.0000     0.9262     0.4611     1.6102     1.0710
[1] 28200.0000     0.0000     0.9683    -0.0564     2.0662     0.8917
[1] 28300.0000     0.0000     0.9886    -0.5754     2.5715     1.1843
[1] 28400.0000     1.0000     0.9594    -1.1836     3.2194     0.8105
[1] 2.850e+04 0.000e+00 8.678e-01 4.402e-01 1.557e+00 8.688e-01
[1] 28600.0000     0.0000     0.9775    -0.2584     2.2277     0.9079
[1] 28700.0000     0.0000     0.9675    -0.5766     2.5925     1.1579
[1] 28800.0000     0.0000     0.8104     0.0330     2.0125     1.1940
[1] 28900.0000     0.0000     0.9040    -1.2076     3.0616     0.8375
[1] 29000.0000     0.0000     0.9692    -0.8625     2.7020     0.9910
[1] 29100.0000     0.0000     0.8240     0.0815     1.9722     1.0266
[1] 29200.0000     0.0228     0.9367     1.3072     0.6878     1.1465
[1] 29300.0000     0.0012     0.9749     1.0351     0.9303     0.9782
[1] 29400.0000     0.0000     0.9394     1.1686     0.7388     1.1754
[1] 29500.0000     0.0000     0.9697    -0.4549     2.4304     0.9614
[1] 29600.0000     0.0000     0.9320    -0.6903     2.7001     1.1204
[1] 29700.0000     0.0000     0.9991    -0.4917     2.4829     0.9357
[1] 29800.0000     0.0000     0.8030    -1.2900     3.3826     0.9421
[1] 29900.0000     0.6788     0.9798    -0.2506     2.3590     1.0014
[1] 30000.0000     0.0000     0.8841     0.9761     0.9752     1.0036
[1] 0.07439702
Time difference of 11.43758 hours
null device 
          1 
