[1] "El numero de nodos X particion es: 10"
[1] "Model = M2 / Data = sim_data/datasetSVIMatern16.Rdata"
[1] 100.0000   0.8043   0.9429   0.0350   1.9754   1.1970
[1] 200.0000   1.0000   0.9804  -0.0374   2.1667   1.0297
[1] 300.0000   0.7274   0.8776   0.0047   2.1137   1.0665
[1] 400.0000   0.2664   0.9217  -0.2874   2.3605   0.9692
[1] 500.0000   0.0031   0.8380  -0.0329   2.1776   0.8203
[1] 600.0000   0.8502   0.9748  -0.3030   2.3208   1.0386
[1] 700.0000   0.1902   0.9506   0.0714   1.9988   1.0413
[1] 800.0000   0.0128   0.9313  -0.2362   2.2740   1.0430
[1] 900.0000   0.0000   0.9344  -0.6852   2.6820   1.0036
[1] 1000.0000    0.0000    0.8209   -0.7613    2.8432    0.9374
[1] 1100.0000    0.0000    0.9319    0.8495    1.1936    0.8930
[1] 1200.0000    0.3533    0.8603    1.1181    1.0668    0.9164
[1] 1300.0000    0.3189    0.8617   -0.4090    2.3534    1.0550
[1] 1400.0000    0.0000    0.9303   -0.8768    2.8545    1.1894
[1] 1500.0000    0.0000    0.9584    0.2683    1.7928    1.0940
[1] 1600.0000    0.0000    0.9658   -0.8376    2.8606    1.0950
[1] 1700.0000    0.0000    0.9419   -0.2930    2.4507    1.0966
[1] 1800.0000    0.0000    0.8314   -0.3065    2.4205    0.9945
[1] 1900.0000    0.0000    0.9875   -0.4848    2.6310    0.8532
[1] 2000.0000    0.0000    0.9400   -1.2856    3.4204    1.1109
[1] 2100.0000    0.0000    0.9433   -1.1864    3.1186    1.0825
[1] 2200.0000    0.0000    0.8688    0.1969    2.0051    1.1477
[1] 2300.0000    0.0000    0.8228   -0.1434    2.1506    1.1776
[1] 2400.0000    0.0000    0.9355    0.2086    1.9637    1.1578
[1] 2500.0000    0.0151    0.8909    0.4417    1.5784    1.1217
[1] 2600.0000    0.0000    0.8617   -0.4528    2.4920    0.8044
[1] 2700.0000    0.0000    0.8492   -0.0888    2.2134    0.9140
[1] 2800.0000    0.0395    0.9382    0.3714    1.7752    1.1558
[1] 2900.0000    0.0002    0.9982   -0.3961    2.5262    0.9626
[1] 3000.0000    0.0000    0.9425   -0.3037    2.4250    1.0830
[1] 3100.0000    0.0000    0.9411    0.0301    1.9441    0.9915
[1] 3200.0000    0.0000    0.9190    0.3588    1.7449    0.9575
[1] 3300.0000    0.0000    0.9312    0.3704    1.7159    0.9302
[1] 3400.0000    1.0000    0.8983    0.1200    2.0166    1.1525
[1] 3500.0000    0.0000    0.8568    0.2619    1.7788    1.0820
[1] 3600.0000    0.0000    0.8846   -0.3742    2.4287    1.0977
[1] 3700.0000    1.0000    0.9624    0.8681    1.2332    0.8094
[1] 3800.0000    0.0000    0.9791    1.4372    0.5836    1.0179
[1] 3900.0000    0.0000    0.8349    0.7208    1.3636    1.1538
[1] 4000.0000    0.0000    0.9448   -0.4829    2.5579    1.0791
[1] 4100.0000    0.0000    0.8388   -0.4141    2.5046    0.8864
[1] 4200.0000    0.0000    0.9756   -0.3451    2.3466    0.9752
[1] 4300.0000    0.2978    0.8741   -1.2872    3.3247    1.1249
[1] 4400.0000    0.0000    0.9459    0.2886    1.7008    1.1887
[1] 4500.0000    0.1979    0.8404    0.9202    1.2022    1.1577
[1] 4600.0000    0.0000    0.9525    0.8355    1.3446    1.1110
[1] 4700.0000    0.0000    0.9806   -0.7956    2.9215    1.0866
[1] 4800.0000    0.0000    0.8444   -0.7169    2.7851    1.1184
[1] 4900.0000    0.0000    0.9924   -1.0039    3.1840    1.1836
[1] 5000.0000    0.0001    0.9762   -1.3302    3.3271    0.8665
[1] 5100.0000    0.0000    0.9679   -0.9607    2.9584    1.1951
[1] 5200.0000    0.0000    0.8051    0.0984    2.0171    0.8965
[1] 5300.0000    0.0000    0.9010   -0.0457    2.1146    1.0910
[1] 5400.0000    0.0000    0.8536    0.0807    1.9865    0.9337
[1] 5500.0000    0.0000    0.8506    0.4273    1.5417    1.1979
[1] 5600.0000    0.0000    0.9929   -0.1724    2.1736    1.1085
[1] 5700.0000    0.0000    0.9445    0.7279    1.4106    1.0237
[1] 5800.0000    0.0000    0.8612   -0.4549    2.6387    1.0327
[1] 5900.0000    0.0000    0.8278    0.4447    1.7036    1.0767
[1] 6000.0000    0.0000    0.9870    0.5063    1.4905    1.0819
[1] 6100.0000    0.0000    0.9100    0.3810    1.5973    1.1509
[1] 6200.0000    0.0000    0.8235    0.3051    1.7630    1.1329
[1] 6300.0000    0.0000    0.9569    0.1399    1.9895    0.8080
[1] 6400.0000    0.0000    0.9918    0.0577    2.1962    1.1860
[1] 6500.0000    0.0001    0.9084   -0.3486    2.4215    1.0918
[1] 6600.0000    0.0000    0.8401    0.0024    2.0309    1.0889
[1] 6700.0000    0.0000    0.8204   -1.0154    3.0269    0.9264
[1] 6800.0000    0.1887    0.8642   -0.0214    2.1305    1.0905
[1] 6900.0000    0.0000    0.9290   -1.0282    3.1568    1.0476
[1] 7000.0000    0.0000    0.8521    0.1934    1.8571    1.0680
[1] 7100.0000    0.0000    0.9857    0.9862    1.1341    1.0571
[1] 7200.0000    0.0000    0.9439    0.6409    1.4799    1.1769
[1] 7300.0000    0.0000    0.9346   -0.1471    2.2881    1.1740
[1] 7400.0000    0.0000    0.9512   -0.5624    2.6782    0.8676
[1] 7500.0000    0.0000    0.8918   -2.0418    4.0573    1.0101
[1] 7600.0000    0.0000    0.8332   -0.1260    2.2627    1.0877
[1] 7700.0000    0.0000    0.8552   -0.5418    2.5270    1.0850
[1] 7800.0000    0.0000    0.8350    0.6409    1.5026    1.1361
[1] 7900.0000    0.0000    0.9654   -0.4297    2.4336    1.1831
[1] 8000.0000    0.0000    0.9309   -0.1454    2.2274    1.0835
[1] 8100.0000    0.0000    0.8250    0.0971    1.9891    1.1136
[1] 8200.0000    0.0000    0.9207   -0.5170    2.5592    1.1282
[1] 8300.0000    0.0000    0.8222   -0.4483    2.5744    0.8438
[1] 8400.0000    0.0000    0.9658    0.1473    1.8761    0.9286
[1] 8500.0000    0.0000    0.8325   -0.0534    2.1608    1.0750
[1] 8600.0000    0.0012    0.9564   -0.9127    3.0460    0.9963
[1] 8700.0000    0.0000    0.8940   -0.0501    2.1220    1.0236
[1] 8800.0000    0.0000    0.9735   -0.2700    2.2724    1.0381
[1] 8900.0000    0.0000    0.8674    0.3838    1.6887    1.0474
[1] 9000.0000    0.0000    0.9268   -0.1600    2.2344    0.8237
[1] 9100.0000    0.0000    0.8755   -0.3317    2.3992    0.8812
[1] 9200.0000    0.0000    0.8777   -0.1078    2.2445    1.1489
[1] 9300.0000    0.0000    0.8689    0.3577    1.7975    0.9976
[1] 9400.0000    0.0000    0.9737    1.3972    0.5806    1.0570
[1] 9500.0000    0.0000    0.8817   -0.1696    2.1817    1.0875
[1] 9600.0000    0.0000    0.8993   -0.0682    2.2461    0.8299
[1] 9700.0000    0.0000    0.9657    0.4017    1.6908    0.9166
[1] 9800.0000    0.0000    0.9514   -1.0047    3.0166    1.0521
[1] 9900.0000    0.0000    0.9369    0.4727    1.6449    1.1404
[1] 10000.0000     0.0449     0.9984     0.0884     2.0281     0.9987
[1] 10100.0000     1.0000     0.9049    -0.0703     2.2296     1.0751
[1] 10200.0000     0.0001     0.8133     0.0399     2.0088     1.1117
[1] 10300.0000     0.2170     0.9549     1.2141     0.9233     0.8021
[1] 10400.0000     0.0000     0.9109    -0.2534     2.3181     0.9653
[1] 10500.0000     0.0000     0.9828     0.8240     1.3658     0.8036
[1] 10600.0000     0.0000     0.9506    -0.2300     2.2929     0.8638
[1] 10700.0000     0.0000     0.9346     0.3606     1.8257     1.0990
[1] 10800.0000     1.0000     0.8056     0.8869     1.2412     0.8503
[1] 10900.0000     0.0000     0.9660     0.6293     1.5954     1.1970
[1] 11000.0000     0.0031     0.8555     1.1440     1.0138     1.1761
[1] 11100.0000     0.0000     0.9587     0.2053     1.8341     0.9308
[1] 11200.0000     0.0889     0.9398    -0.1518     2.1931     0.9513
[1] 11300.0000     0.0000     0.8936    -0.1512     2.2120     1.0961
[1] 11400.0000     0.0009     0.9548     0.3794     1.7716     1.0047
[1] 11500.0000     0.0000     0.8061     0.0338     2.1056     1.1646
[1] 11600.0000     0.0000     0.9104    -0.1515     2.2299     0.8269
[1] 11700.0000     0.0016     0.9616     1.0334     1.0260     1.1733
[1] 11800.0000     0.0000     0.8027    -0.4464     2.5158     0.8530
[1] 11900.0000     0.0000     0.8934    -0.6501     2.6905     1.0759
[1] 12000.0000     0.0000     0.8056     0.1305     1.9946     1.1142
[1] 12100.0000     0.0000     0.8666     0.2348     1.8059     0.9630
[1] 12200.0000     0.0486     0.9853     0.3062     1.8209     1.1443
[1] 12300.0000     0.0000     0.9691     0.3487     1.7758     1.1077
[1] 12400.0000     0.0704     0.8019    -0.4409     2.5881     1.1971
[1] 12500.0000     0.0000     0.9939     0.0636     2.0776     0.9707
[1] 12600.0000     0.0000     0.9125    -0.6558     2.8372     1.1924
[1] 12700.0000     0.0000     0.9614    -0.0380     1.9887     0.8958
[1] 12800.0000     0.0000     0.9902    -0.9749     2.9611     0.9345
[1] 12900.0000     0.5750     0.9728     0.6970     1.4645     0.8641
[1] 13000.0000     0.0000     0.9313     0.2966     1.8010     1.1678
[1] 13100.0000     0.0000     0.9404     1.0310     1.0671     0.9822
[1] 1.320e+04 0.000e+00 8.843e-01 5.900e-03 2.110e+00 9.997e-01
[1] 13300.0000     0.0000     0.9271    -0.1832     2.2333     0.8364
[1] 13400.0000     0.0000     0.8092    -0.1932     2.2853     1.1676
[1] 13500.0000     0.0000     0.8358    -0.3530     2.4062     1.1234
[1] 13600.0000     0.0000     0.8917     0.3373     1.7428     1.0301
[1] 13700.0000     0.0000     0.8561     0.2897     1.7834     0.9281
[1] 13800.0000     0.0000     0.8787    -0.3054     2.4318     1.0611
[1] 13900.0000     0.0000     0.8495     0.6052     1.4046     1.0802
[1] 1.400e+04 0.000e+00 9.588e-01 7.345e-01 1.330e+00 9.662e-01
[1] 14100.0000     0.0000     0.8411     0.6534     1.3149     1.1804
[1] 14200.0000     0.0000     0.8479     0.3482     1.6512     0.8739
[1] 14300.0000     0.0000     0.9227    -1.2710     3.2870     1.0001
[1] 14400.0000     0.0473     0.8623    -0.1862     2.2489     0.8985
[1] 14500.0000     1.0000     0.9833     0.6623     1.4162     1.1771
[1] 14600.0000     0.0000     0.8721     0.7108     1.3846     0.9912
[1] 14700.0000     0.0000     0.8974    -0.5126     2.5099     1.0871
[1] 14800.0000     0.0000     0.9988     0.9752     1.1178     0.9067
[1] 14900.0000     0.0277     0.9582    -0.5001     2.5906     1.0321
[1] 15000.0000     0.0004     0.9447    -0.2745     2.3112     0.8911
[1] 15100.0000     1.0000     0.8292     0.5856     1.4592     0.9249
[1] 15200.0000     0.0000     0.9307     0.5670     1.5333     0.9934
[1] 15300.0000     1.0000     0.8282    -0.4734     2.5138     1.1177
[1] 15400.0000     0.0919     0.8005    -1.4252     3.5620     0.8812
[1] 15500.0000     0.0000     0.9734    -2.3223     4.5052     1.1714
[1] 15600.0000     0.0000     0.8520    -1.3311     3.4829     1.1912
[1] 15700.0000     0.0000     0.8475    -0.4785     2.4888     0.9690
[1] 15800.0000     0.0000     0.9108    -0.2237     2.2554     0.9068
[1] 15900.0000     0.0000     0.8876    -0.1384     2.1494     0.9067
[1] 16000.0000     0.0015     0.8124    -0.7215     2.8026     1.1160
[1] 16100.0000     0.0000     0.9566     0.7218     1.4548     1.0234
[1] 16200.0000     0.0000     0.9466     0.1110     1.9004     0.9477
[1] 16300.0000     0.0000     0.9158    -0.5458     2.6745     0.9491
[1] 16400.0000     0.0000     0.9648     0.1923     1.9098     0.9493
[1] 16500.0000     0.1354     0.9668     0.3575     1.7119     1.0926
[1] 16600.0000     0.0000     0.8294    -1.1076     3.2487     0.8835
[1] 16700.0000     0.0000     0.9287     0.5817     1.3778     0.9633
[1] 16800.0000     0.0000     0.9378    -0.1251     2.0775     1.0931
[1] 16900.0000     0.0000     0.8138    -0.6157     2.6442     1.1004
[1] 17000.0000     0.0000     0.9790    -0.4191     2.4433     0.8822
[1] 1.710e+04 0.000e+00 9.305e-01 4.256e-01 1.750e+00 9.283e-01
[1] 17200.0000     0.0000     0.9497     1.2272     0.7855     0.8252
[1] 17300.0000     0.8344     0.8396     0.2368     1.8332     1.0131
[1] 1.740e+04 0.000e+00 8.593e-01 3.655e-01 1.758e+00 1.145e+00
[1] 17500.0000     0.0000     0.9677    -0.5388     2.6450     1.1479
[1] 17600.0000     0.0000     0.8280     0.3454     1.6525     1.1486
[1] 17700.0000     0.0000     0.8794     0.6244     1.5167     0.9707
[1] 17800.0000     0.0000     0.9383    -0.4881     2.7162     1.0084
[1] 17900.0000     0.0000     0.9083     0.0526     2.0739     0.9495
[1] 18000.0000     1.0000     0.9109    -0.0566     2.1598     0.8712
[1] 18100.0000     0.0000     0.9981     0.0112     2.0863     1.0670
[1] 18200.0000     0.0002     0.9706     0.7028     1.3514     0.8923
[1] 18300.0000     0.0000     0.9928    -0.0297     2.1592     1.1096
[1] 18400.0000     0.0000     0.9529    -0.1260     2.2155     0.8173
[1] 18500.0000     0.0000     0.8451    -0.2702     2.4120     0.9054
[1] 18600.0000     0.0000     0.8420     0.5975     1.5259     0.8224
[1] 18700.0000     0.0000     0.8080    -0.3720     2.5475     0.9308
[1] 18800.0000     0.0000     0.8537     1.1742     0.9221     0.9005
[1] 18900.0000     0.0000     0.9024     0.7677     1.2407     1.0613
[1] 19000.0000     0.0000     0.8770    -0.3143     2.4675     1.0394
[1] 19100.0000     0.0000     0.9451    -0.5269     2.5086     1.0897
[1] 19200.0000     0.0000     0.8001    -0.1160     2.1493     0.9641
[1] 19300.0000     0.0000     0.9669    -0.3392     2.3837     1.0123
[1] 19400.0000     0.0000     0.8040    -0.5974     2.7848     1.1551
[1] 19500.0000     0.0000     0.9654     0.5563     1.5475     0.9669
[1] 19600.0000     1.0000     0.9648    -1.1307     3.2254     1.1447
[1] 19700.0000     0.0000     0.8982    -0.1737     2.1385     1.1826
[1] 19800.0000     0.0000     0.9408     0.4785     1.6284     0.9927
[1] 19900.0000     0.0000     0.9981    -0.0696     2.2070     1.0280
[1] 20000.0000     0.0000     0.8609     0.3832     1.6812     1.1764
[1] 20100.0000     0.0000     0.9080     0.6190     1.4734     1.0402
[1] 20200.0000     1.0000     0.9840    -0.0111     2.0854     1.1380
[1] 20300.0000     0.0000     0.8028     0.4463     1.7118     0.9708
[1] 20400.0000     0.0000     0.9845    -0.3412     2.2935     1.1049
[1] 20500.0000     0.0000     0.8964    -0.0732     2.1896     1.1285
[1] 20600.0000     1.0000     0.9169     0.2686     1.8821     1.1057
[1] 20700.0000     0.9074     0.8107     0.5966     1.4163     1.0874
[1] 20800.0000     0.0000     0.9606    -0.1298     2.1959     1.0886
[1] 20900.0000     0.0006     0.9109     0.0877     1.9894     0.9980
[1] 21000.0000     0.0000     0.9912     1.7463     0.3089     1.0875
[1] 21100.0000     0.0000     0.9732     0.3957     1.6419     0.8253
[1] 21200.0000     0.0028     0.9861     0.4298     1.6019     1.1830
[1] 21300.0000     0.0000     0.8089    -0.0071     1.9924     1.0955
[1] 21400.0000     0.0000     0.9719     0.2538     1.8094     0.9071
[1] 21500.0000     0.0000     0.9375    -0.1735     2.2135     1.0777
[1] 2.160e+04 0.000e+00 8.420e-01 1.125e-01 1.971e+00 8.926e-01
[1] 21700.0000     0.0000     0.8258    -0.3399     2.4503     1.1265
[1] 21800.0000     0.0000     0.8709    -0.2540     2.3691     1.0601
[1] 21900.0000     0.0000     0.9084    -0.5988     2.6165     1.1067
[1] 2.200e+04 0.000e+00 8.850e-01 8.919e-01 1.172e+00 9.555e-01
[1] 22100.0000     0.0000     0.8953     0.3722     1.6841     0.9321
[1] 22200.0000     0.0000     0.8403     0.1847     1.9236     1.1277
[1] 22300.0000     0.0002     0.8584     0.4894     1.6054     0.9367
[1] 22400.0000     0.0000     0.9494     0.3733     1.6885     0.9207
[1] 22500.0000     0.0021     0.9610     0.9354     1.1627     0.9963
[1] 22600.0000     0.0000     0.8858     1.1826     1.0017     0.9064
[1] 22700.0000     0.0000     0.9963     1.2489     0.8315     1.1178
[1] 22800.0000     0.0493     0.8972     0.0689     1.8064     1.0231
[1] 22900.0000     0.0000     0.9973     0.7234     1.3595     1.0539
[1] 23000.0000     0.0000     0.9652     0.4965     1.6100     1.0264
[1] 23100.0000     0.0000     0.9231    -0.1544     2.1821     0.8179
[1] 23200.0000     0.0000     0.9741    -0.9130     3.0599     1.1699
[1] 23300.0000     0.3932     0.8966    -0.7690     2.8194     1.0199
[1] 23400.0000     0.0000     0.9418     0.2734     1.8186     0.8205
[1] 23500.0000     0.0000     0.9561     0.0686     2.0592     1.0572
[1] 23600.0000     0.0000     0.8360     0.8642     1.2516     0.8406
[1] 23700.0000     0.0000     0.9977     0.7579     1.2937     0.9083
[1] 23800.0000     0.0000     0.9509    -0.0189     1.9890     0.9516
[1] 23900.0000     0.0000     0.9496     1.1662     0.8994     1.1869
[1] 24000.0000     0.0000     0.9653     0.7588     1.2797     0.9324
[1] 24100.0000     0.0000     0.8643    -0.8342     2.9297     0.9462
[1] 24200.0000     0.0000     0.8399     0.5799     1.3696     1.0287
[1] 24300.0000     0.0000     0.8805    -0.8326     2.9029     1.0014
[1] 24400.0000     0.0207     0.9020     0.8781     1.3266     1.0534
[1] 24500.0000     0.0000     0.9407     1.4972     0.4838     1.0416
[1] 24600.0000     0.0000     0.9062     0.1909     1.8244     0.8877
[1] 24700.0000     0.0085     0.9574    -0.8160     2.9637     1.0919
[1] 24800.0000     0.0009     0.8109     0.4237     1.6390     1.1899
[1] 24900.0000     0.0247     0.9126    -0.5129     2.6882     1.0268
[1] 25000.0000     0.1853     0.8801     0.2212     1.7236     0.8235
[1] 25100.0000     0.0000     0.9605     0.6285     1.3841     1.0743
[1] 25200.0000     0.0000     0.9435     0.0900     1.9827     1.0372
[1] 25300.0000     0.8357     0.8151    -0.3159     2.4048     1.0748
[1] 25400.0000     1.0000     0.8988    -0.4063     2.4406     1.0888
[1] 25500.0000     0.0000     0.8303     0.2350     1.8268     1.1248
[1] 25600.0000     0.0000     0.8978    -0.2695     2.3500     1.1142
[1] 25700.0000     0.0000     0.8662    -0.1970     2.2763     1.1677
[1] 25800.0000     0.0000     0.8043    -1.1308     3.1928     0.8730
[1] 25900.0000     1.0000     0.8632    -0.6315     2.7045     1.1254
[1] 26000.0000     0.2695     0.9492    -0.1471     2.3396     1.0058
[1] 26100.0000     0.0000     0.9196     0.0554     1.9077     1.1722
[1] 26200.0000     0.0000     0.9529    -0.1310     2.1941     1.0017
[1] 26300.0000     0.0000     0.8989    -0.3263     2.3740     0.9807
[1] 26400.0000     0.0000     0.8940     1.5076     0.4824     1.0686
[1] 26500.0000     0.0898     0.8169    -0.2200     2.2896     1.0070
[1] 26600.0000     0.0000     0.9293    -0.6728     2.8528     0.8497
[1] 26700.0000     0.0006     0.9890    -0.0403     2.0141     0.9390
[1] 26800.0000     0.0000     0.8544    -1.4522     3.5531     0.9528
[1] 26900.0000     0.0000     0.9241     0.7645     1.4014     1.0646
[1] 27000.0000     0.0000     0.9311     0.1281     2.0214     1.0381
[1] 27100.0000     0.8111     0.9280    -0.4136     2.5325     1.0348
[1] 27200.0000     0.0000     0.9878     0.3105     1.7351     0.8174
[1] 27300.0000     0.0000     0.9185    -0.1766     2.1868     0.9822
[1] 27400.0000     0.0000     0.9754     0.1296     1.9387     1.0598
[1] 2.750e+04 0.000e+00 8.463e-01 7.765e-01 1.377e+00 8.762e-01
[1] 27600.0000     0.0000     0.8732     0.3907     1.7595     0.9172
[1] 27700.0000     0.0000     0.8317     0.3583     1.7462     1.1846
[1] 27800.0000     0.0000     0.8338     0.2765     1.8385     0.9440
[1] 27900.0000     1.0000     0.8904    -0.0445     2.0813     0.9276
[1] 28000.0000     0.0000     0.9328    -0.4112     2.5574     0.9314
[1] 28100.0000     0.0000     0.9262     0.6912     1.4554     1.0710
[1] 28200.0000     0.0000     0.9683     0.1744     1.9125     0.8917
[1] 28300.0000     0.0000     0.9886    -0.6362     2.6891     1.1843
[1] 28400.0000     1.0000     0.9594    -1.2440     3.3390     0.8105
[1] 28500.0000     0.0000     0.8678     0.7032     1.3562     0.8688
[1] 28600.0000     0.0000     0.9856    -0.1441     2.1203     1.1641
[1] 28700.0000     0.0000     0.9675    -1.0759     3.2007     1.1579
[1] 28800.0000     0.0000     0.8104    -0.1397     2.1884     1.1940
[1] 28900.0000     0.0000     0.9137     1.2941     0.8268     0.8478
[1] 29000.0000     0.0000     0.9277     0.6526     1.4467     1.1735
[1] 29100.0000     0.0000     0.8434    -0.5896     2.5906     1.0969
[1] 29200.0000     0.0181     0.9367     1.2626     0.7914     1.1465
[1] 29300.0000     0.1763     0.9749     0.7593     1.3734     0.9782
[1] 29400.0000     0.0000     0.9394     1.3395     0.6085     1.1754
[1] 29500.0000     0.0000     0.9697    -0.2896     2.3109     0.9614
[1] 29600.0000     0.0000     0.8335     0.3762     1.6632     1.1940
[1] 29700.0000     0.0000     0.9991    -0.0487     2.0732     0.9357
[1] 29800.0000     0.0000     0.9203    -1.4511     3.5174     0.9519
[1] 29900.0000     1.0000     0.9798    -0.7099     2.8125     1.0014
[1] 30000.0000     0.0000     0.9561     0.9647     1.0653     1.0811
[1] 0.07683693
Time difference of 11.49752 hours
null device 
          1 
