[1] "El numero de nodos X particion es: 10"
[1] "Model = M2 / Data = sim_data/datasetSVCExponential14.Rdata"
[1] 100.0000   0.2224   0.9429   0.0151   1.9991   1.1970
[1] 200.0000   1.0000   0.9804  -0.0367   2.2184   1.0297
[1] 300.0000   0.3441   0.8776  -0.0244   2.3311   1.0665
[1] 400.0000   0.0287   0.9217  -0.0421   2.2228   0.9692
[1] 500.0000   0.3008   0.9906  -0.0128   2.3563   0.8160
[1] 600.0000   0.0684   0.9748   0.1711   2.1535   1.0386
[1] 700.0000   0.2313   0.8999   0.0288   2.2971   1.0702
[1] 800.0000   0.1054   0.9840   0.0230   2.2629   0.9131
[1] 900.0000   0.7380   0.9357  -0.0443   2.3227   1.0743
[1] 1000.0000    0.1939    0.9945   -0.0289    2.1749    0.8801
[1] 1100.0000    0.0567    0.9750   -0.0239    2.2199    0.9937
[1] 1200.0000    0.5951    0.8603    0.0829    2.3048    0.9164
[1] 1300.0000    0.7428    0.8617    0.0749    2.3038    1.0550
[1] 1400.0000    0.9438    0.8516    0.0266    2.1882    0.9483
[1] 1500.0000    0.0297    0.9672   -0.0266    2.2275    1.1986
[1] 1600.0000    0.0272    0.9998   -0.0421    2.2619    1.1214
[1] 1700.0000    0.0007    0.9937    0.0000    2.2532    0.8095
[1] 1800.0000    0.0032    0.9234    0.0086    2.3105    1.1307
[1] 1900.0000    0.2167    0.9875    0.0438    2.2388    0.8532
[1] 2000.0000    0.0314    0.9978    0.0474    2.2258    1.1535
[1] 2100.0000    0.0056    0.9390    0.0828    2.2081    0.8046
[1] 2200.0000    0.4695    0.8580    0.0017    2.3248    1.0161
[1] 2300.0000    0.1770    0.9479    0.0397    2.2540    0.9070
[1] 2400.0000    0.8206    0.9764    0.0945    2.2346    1.0594
[1] 2500.0000    0.1046    0.9668   -0.0364    2.2294    0.8475
[1] 2600.0000    0.3420    0.9658   -0.0627    2.2523    1.0023
[1] 2700.0000    0.0292    0.9335    0.0207    2.3176    0.9591
[1] 2800.0000    0.1575    0.8906   -0.0042    2.3247    0.8787
[1] 2900.0000    0.1451    0.8994   -0.0076    2.2334    1.0050
[1] 3000.0000    1.0000    0.9623   -0.0157    2.2956    1.1476
[1] 3100.0000    0.7267    0.9751    0.0826    2.2345    1.0618
[1] 3200.0000    1.0000    0.9676    0.0063    2.1866    1.1339
[1] 3300.0000    0.2627    0.9877    0.0591    2.1621    0.9428
[1] 3400.0000    0.0634    0.9515   -0.0053    2.1739    1.1198
[1] 3500.0000    1.0000    0.9338    0.0522    2.2102    0.8830
[1] 3600.0000    0.0924    0.9676    0.0150    2.2561    1.0085
[1] 3700.0000    0.3244    0.9950    0.0099    2.2566    1.0085
[1] 3800.0000    0.3959    0.9791   -0.0599    2.1596    1.0179
[1] 3900.0000    0.0168    0.9837    0.0512    2.2874    1.1370
[1] 4000.0000    1.0000    0.9388    0.0218    2.2060    0.8131
[1] 4100.0000    1.0000    0.9426    0.0500    2.1879    0.8764
[1] 4200.0000    0.1354    0.9756   -0.0268    2.3390    0.9752
[1] 4300.0000    0.0019    0.9986    0.0209    2.2990    0.9026
[1] 4400.0000    0.0494    0.9571    0.0939    2.2838    0.9932
[1] 4500.0000    0.1994    0.9366    0.0370    2.2988    1.0448
[1] 4600.0000    0.3675    0.9766   -0.0507    2.2361    1.0268
[1] 4700.0000    0.0004    0.9863    0.0934    2.2394    1.1102
[1] 4800.0000    0.1917    0.8536    0.0089    2.1763    1.1437
[1] 4900.0000    0.0812    0.9222    0.0784    2.3302    0.9837
[1] 5000.0000    0.6351    0.9273    0.0576    2.2737    1.0348
[1] 5100.0000    0.2471    0.9679    0.0468    2.1949    1.1951
[1] 5200.0000    0.0731    0.8350   -0.0111    2.3793    1.0935
[1] 5300.0000    0.8189    0.8379   -0.0471    2.2636    1.0434
[1] 5400.0000    0.1408    0.9974    0.0430    2.3020    1.1725
[1] 5500.0000    1.0000    0.9295    0.0701    2.2124    1.1335
[1] 5600.0000    0.0064    0.9989   -0.0958    2.3434    1.0046
[1] 5700.0000    1.0000    0.9639    0.0321    2.2247    1.0846
[1] 5800.0000    0.0993    0.9141    0.1132    2.2551    1.0035
[1] 5900.0000    0.2338    0.9682    0.0514    2.2237    0.9987
[1] 6000.0000    0.0085    0.9622   -0.0128    2.1988    0.8203
[1] 6100.0000    0.0097    0.9025    0.0965    2.3040    0.9119
[1] 6200.0000    0.2384    0.9787    0.0356    2.1145    1.1364
[1] 6300.0000    0.1482    0.9569    0.0522    2.2138    0.8080
[1] 6400.0000    0.0979    0.9885    0.0100    2.2484    0.8165
[1] 6500.0000    1.0000    0.9478    0.0303    2.1979    1.0656
[1] 6600.0000    0.4264    0.9801    0.0221    2.2528    1.0197
[1] 6700.0000    0.5093    0.8229    0.0224    2.1856    1.0410
[1] 6800.0000    0.0901    0.9947   -0.0068    2.2307    0.8549
[1] 6900.0000    0.0367    0.9783    0.0227    2.1904    1.0604
[1] 7000.0000    0.1107    0.9977   -0.0049    2.2755    1.0944
[1] 7100.0000    0.0936    0.8440    0.0517    2.2899    0.9302
[1] 7200.0000    0.1430    0.8343    0.0228    2.2466    0.9512
[1] 7300.0000    0.5798    0.9616   -0.0011    2.2970    0.8824
[1] 7400.0000    0.1226    0.9257    0.0039    2.2584    1.0951
[1] 7500.0000    0.1215    0.9538    0.0594    2.2582    1.0728
[1] 7600.0000    0.0368    0.9974   -0.0362    2.2416    1.0017
[1] 7700.0000    0.0787    0.9975   -0.0256    2.1941    1.1871
[1] 7800.0000    0.9022    0.8968    0.0454    2.1959    1.0840
[1] 7900.0000    0.2505    0.9605    0.0279    2.2546    0.8727
[1] 8000.0000    0.0072    0.9888   -0.0571    2.1856    0.8620
[1] 8100.0000    0.5612    0.8687    0.0294    2.2482    1.0506
[1] 8200.0000    0.1594    0.9636    0.0041    2.3357    1.1811
[1] 8300.0000    0.2972    0.8896    0.0469    2.3271    1.1748
[1] 8400.0000    0.0432    0.9589   -0.0198    2.3337    1.0527
[1] 8500.0000    0.0004    0.9939    0.0248    2.1485    1.0648
[1] 8600.0000    0.1881    0.9835   -0.0421    2.2908    0.9563
[1] 8700.0000    0.4738    0.8293   -0.0349    2.2142    0.8767
[1] 8800.0000    0.8723    0.9324    0.0841    2.1723    0.8066
[1] 8900.0000    0.3494    0.9431    0.0361    2.3556    1.1381
[1] 9000.0000    0.5518    0.9025    0.0425    2.2618    0.9096
[1] 9100.0000    0.1144    0.9978    0.0415    2.2553    0.9039
[1] 9200.0000    0.1428    0.9676   -0.0987    2.2327    0.9842
[1] 9300.0000    0.0133    0.9915    0.0541    2.2144    0.9316
[1] 9400.0000    0.0317    0.9943    0.0956    2.2780    1.0986
[1] 9500.0000    0.1368    0.9329   -0.0258    2.2134    0.8817
[1] 9600.0000    0.8286    0.9566    0.0647    2.2098    1.1182
[1] 9700.0000    0.1094    0.9939    0.0623    2.1800    0.9010
[1] 9800.0000    0.0290    0.9462    0.0429    2.3053    1.1275
[1] 9900.0000    0.0002    0.9529    0.0938    2.1665    0.9335
[1] 10000.0000     0.4514     0.9167    -0.0365     2.1885     1.1877
[1] 10100.0000     0.9474     0.9049    -0.0012     2.2437     1.0751
[1] 10200.0000     1.0000     0.9808    -0.0336     2.2401     0.8342
[1] 10300.0000     1.0000     0.9112     0.1267     2.1766     1.0320
[1] 10400.0000     0.0119     0.9870     0.0857     2.2467     0.8317
[1] 10500.0000     0.1700     0.8159     0.0543     2.2967     1.1284
[1] 10600.0000     0.0567     0.9579     0.0323     2.3156     1.1829
[1] 10700.0000     0.0064     0.8531     0.1279     2.2716     0.8181
[1] 10800.0000     0.0683     0.9785     0.0112     2.2656     1.1554
[1] 10900.0000     0.0021     0.9660    -0.0358     2.2729     1.1970
[1] 11000.0000     0.0310     0.9998    -0.0037     2.3598     0.9957
[1] 11100.0000     0.0150     0.9602     0.0611     2.3709     0.8572
[1] 11200.0000     1.0000     0.9412     0.0220     2.2373     0.8257
[1] 11300.0000     1.0000     0.9738    -0.0147     2.2399     1.1215
[1] 11400.0000     0.5098     0.9830     0.0622     2.1845     1.0526
[1] 11500.0000     0.0049     0.9311    -0.0658     2.1878     0.8792
[1] 11600.0000     0.4061     0.9382    -0.0471     2.1164     0.8033
[1] 11700.0000     0.2423     0.9810    -0.1079     2.1754     0.9386
[1] 11800.0000     0.0098     0.8440     0.0759     2.2266     0.8198
[1] 1.190e+04 1.836e-01 9.675e-01 1.600e-02 2.303e+00 9.621e-01
[1] 12000.0000     0.9784     0.9595     0.0646     2.2881     1.1960
[1] 12100.0000     0.4231     0.9452    -0.0533     2.2891     0.8400
[1] 12200.0000     0.1576     0.9853     0.0069     2.2900     1.1443
[1] 12300.0000     0.1060     0.9623     0.1291     2.1746     1.1420
[1] 12400.0000     0.1180     0.9803    -0.0135     2.3072     1.0988
[1] 12500.0000     0.0490     0.9749     0.1299     2.3373     0.8736
[1] 12600.0000     0.3276     0.9564    -0.0064     2.1756     1.1675
[1] 12700.0000     0.0001     0.9614    -0.0414     2.3880     0.8958
[1] 12800.0000     0.1352     0.9902    -0.0106     2.3035     0.9345
[1] 12900.0000     0.2569     0.9045    -0.0541     2.1538     0.9333
[1] 13000.0000     0.0992     0.9696     0.0086     2.1672     0.9346
[1] 13100.0000     0.0478     0.9404    -0.0633     2.3030     0.9822
[1] 13200.0000     0.0825     0.9801     0.0515     2.0992     0.8746
[1] 13300.0000     0.7272     0.9324     0.1588     2.2822     1.1427
[1] 13400.0000     0.1700     0.9485     0.0248     2.2606     1.0271
[1] 13500.0000     0.0071     0.9671     0.0173     2.2644     0.9422
[1] 13600.0000     0.0429     0.8917    -0.0373     2.2379     1.0301
[1] 13700.0000     0.3124     0.9962     0.1390     2.2875     0.9736
[1] 13800.0000     0.2000     0.9685    -0.0091     2.3708     0.9435
[1] 13900.0000     0.0809     0.9575     0.0286     2.2231     1.0672
[1] 14000.0000     1.0000     0.9598     0.0355     2.2325     0.8043
[1] 14100.0000     0.0408     0.9803     0.0734     2.2285     1.0983
[1] 14200.0000     1.0000     0.9100     0.0001     2.2578     1.1948
[1] 14300.0000     0.8222     0.9874    -0.0199     2.3015     0.9095
[1] 14400.0000     0.2321     0.9825    -0.0161     2.3028     0.9794
[1] 14500.0000     1.0000     0.9833    -0.0337     2.1444     1.1771
[1] 14600.0000     0.0115     0.9646    -0.0397     2.1482     1.1720
[1] 14700.0000     0.7727     0.8840     0.0379     2.2108     1.0394
[1] 14800.0000     1.0000     0.8823    -0.0711     2.2819     0.8703
[1] 14900.0000     0.3391     0.9850     0.0169     2.3419     1.1438
[1] 15000.0000     0.0001     0.9447    -0.0225     2.2649     0.8911
[1] 15100.0000     0.0803     0.9112     0.0574     2.2510     1.0503
[1] 15200.0000     0.0612     0.9934     0.0640     2.2106     1.0834
[1] 15300.0000     0.6369     0.8856     0.0880     2.2555     0.9730
[1] 15400.0000     1.0000     0.9829     0.0219     2.2554     1.0368
[1] 15500.0000     0.3996     0.9013     0.0726     2.2333     1.0728
[1] 15600.0000     0.4199     0.9912    -0.0591     2.2130     1.0551
[1] 15700.0000     0.5334     0.9225     0.1075     2.2236     0.9294
[1] 15800.0000     0.4222     0.9774     0.0794     2.1815     1.1822
[1] 15900.0000     0.0017     0.9524     0.0062     2.3417     1.0855
[1] 16000.0000     0.9005     0.9761    -0.0146     2.2899     1.0600
[1] 16100.0000     1.0000     0.9477    -0.0539     2.1439     0.9420
[1] 16200.0000     0.3240     0.9466    -0.0596     2.2735     0.9477
[1] 16300.0000     1.0000     0.9029     0.0193     2.2998     1.0365
[1] 16400.0000     0.0337     0.9797     0.0290     2.2092     1.0271
[1] 16500.0000     0.6478     0.9407     0.0699     2.3156     0.9877
[1] 16600.0000     0.7323     0.9294    -0.0643     2.2284     0.8662
[1] 16700.0000     1.0000     0.9070     0.0140     2.2741     1.1930
[1] 16800.0000     1.0000     0.9593    -0.0237     2.1834     0.8375
[1] 16900.0000     0.2223     0.9993     0.0158     2.2852     1.1521
[1] 17000.0000     0.0267     0.9815     0.0009     2.3548     0.9010
[1] 17100.0000     0.0603     0.9483     0.1402     2.2785     0.9775
[1] 1.720e+04 3.560e-02 9.497e-01 8.240e-02 2.179e+00 8.252e-01
[1] 17300.0000     0.1186     0.9564    -0.0116     2.2106     0.9524
[1] 17400.0000     0.5948     0.9623     0.0489     2.3381     1.1696
[1] 17500.0000     0.5950     0.9983     0.0207     2.2288     0.9809
[1] 17600.0000     0.3264     0.9193    -0.0501     2.1976     0.8193
[1] 17700.0000     0.0002     0.9944     0.0496     2.0736     0.9167
[1] 17800.0000     1.0000     0.9968    -0.0501     2.1987     0.8268
[1] 17900.0000     0.0974     0.9291    -0.0950     2.2849     0.9192
[1] 18000.0000     0.7097     0.9109     0.0737     2.2535     0.8712
[1] 18100.0000     1.0000     0.8499     0.0037     2.2434     1.0097
[1] 18200.0000     1.0000     0.8073     0.0551     2.3165     0.9256
[1] 18300.0000     0.3190     0.9706     0.0377     2.2569     1.1685
[1] 18400.0000     0.0001     0.9243    -0.0578     2.2673     1.1066
[1] 18500.0000     1.0000     0.8751     0.0540     2.3094     0.8892
[1] 18600.0000     0.2342     0.8932     0.0676     2.3307     0.8460
[1] 18700.0000     0.7402     0.9071     0.1052     2.3257     1.1143
[1] 18800.0000     1.0000     0.9422    -0.0098     2.3280     0.8265
[1] 18900.0000     0.0033     0.9734     0.0633     2.2854     1.0104
[1] 19000.0000     0.3620     0.8087     0.0291     2.3645     1.1060
[1] 19100.0000     0.0931     0.9272     0.0180     2.3767     0.8583
[1] 19200.0000     0.0848     0.9838     0.0735     2.2019     1.0840
[1] 19300.0000     0.0062     0.9851     0.0918     2.2905     0.8583
[1] 19400.0000     1.0000     0.8507     0.0874     2.2697     0.9744
[1] 19500.0000     0.0010     0.9633     0.1180     2.2479     1.1823
[1] 19600.0000     0.2934     0.9711    -0.1028     2.2774     1.0171
[1] 19700.0000     1.0000     0.8293     0.0151     2.1590     1.0022
[1] 19800.0000     0.1830     0.9869     0.0388     2.2731     0.9076
[1] 19900.0000     1.0000     0.9655     0.0163     2.3908     0.8660
[1] 20000.0000     1.0000     0.9605    -0.0486     2.2832     0.8244
[1] 2.010e+04 5.660e-02 8.622e-01 4.450e-02 2.244e+00 8.640e-01
[1] 20200.0000     1.0000     0.9840    -0.0483     2.2693     1.1380
[1] 20300.0000     1.0000     0.9019    -0.0954     2.2173     1.0263
[1] 20400.0000     0.1481     0.9596     0.0258     2.3127     1.0259
[1] 20500.0000     0.0612     0.9905     0.0713     2.2679     1.0353
[1] 20600.0000     0.1596     0.9981    -0.0224     2.2848     1.1462
[1] 20700.0000     0.0601     0.9923     0.0758     2.2225     1.0695
[1] 20800.0000     1.0000     0.9981     0.0397     2.3802     1.0246
[1] 20900.0000     1.0000     0.9455    -0.0115     2.3165     1.1141
[1] 21000.0000     0.1012     0.9912     0.1495     2.2237     1.0875
[1] 21100.0000     0.0063     0.9440    -0.0419     2.2250     1.0640
[1] 21200.0000     0.7122     0.9611     0.0442     2.3338     0.8029
[1] 21300.0000     1.0000     0.9067     0.0766     2.2436     0.8492
[1] 21400.0000     0.1347     0.8276     0.0498     2.2382     0.8233
[1] 21500.0000     0.1627     0.8291     0.1244     2.2220     1.0581
[1] 21600.0000     0.4348     0.9719    -0.0723     2.2649     0.8354
[1] 21700.0000     0.2469     0.9973     0.0205     2.2265     0.9605
[1] 21800.0000     0.2273     0.9447     0.1115     2.2840     1.0321
[1] 21900.0000     0.3717     0.9598     0.1614     2.2934     0.8497
[1] 22000.0000     0.3770     0.8850     0.0386     2.2253     0.9555
[1] 22100.0000     0.2235     0.9862     0.0774     2.2561     0.9706
[1] 22200.0000     0.0684     0.9960    -0.0103     2.2503     0.9858
[1] 22300.0000     0.6212     0.9726     0.0219     2.3186     0.8521
[1] 22400.0000     0.9245     0.9971    -0.0716     2.1619     0.9354
[1] 22500.0000     1.0000     0.9879     0.1516     2.2521     0.8971
[1] 22600.0000     0.1387     0.9923     0.0370     2.2523     1.0394
[1] 22700.0000     0.2145     0.8271     0.0212     2.2629     1.1968
[1] 22800.0000     0.2339     0.8972     0.0195     2.1772     1.0231
[1] 22900.0000     1.0000     0.8956    -0.0214     2.1250     1.1446
[1] 23000.0000     0.0189     0.8997     0.0396     2.2054     0.9381
[1] 23100.0000     0.0939     0.8119     0.0797     2.3054     1.0551
[1] 23200.0000     0.0224     0.9832     0.0097     2.3339     0.9881
[1] 23300.0000     0.1256     0.9904     0.0834     2.3025     1.1810
[1] 23400.0000     0.2742     0.8888    -0.0298     2.1814     1.0444
[1] 23500.0000     1.0000     0.9916     0.0062     2.2213     1.1297
[1] 23600.0000     0.3933     0.8573    -0.0167     2.3118     0.9429
[1] 23700.0000     0.4624     0.9328     0.0598     2.2138     1.0180
[1] 23800.0000     0.2791     0.9299    -0.0250     2.1939     1.0580
[1] 23900.0000     0.1677     0.9920     0.0638     2.1931     1.0485
[1] 24000.0000     0.0295     0.9851     0.0457     2.2629     1.0873
[1] 24100.0000     0.3604     0.8747    -0.0370     2.2627     1.0767
[1] 24200.0000     0.5908     0.9331    -0.0841     2.2754     1.1419
[1] 24300.0000     0.0230     0.9595    -0.0341     2.3132     0.9607
[1] 24400.0000     1.0000     0.9947     0.0633     2.2015     0.9697
[1] 24500.0000     0.0407     0.9726     0.0623     2.3090     1.0605
[1] 24600.0000     0.0907     0.9866    -0.0217     2.2053     1.1519
[1] 24700.0000     0.4410     0.9195     0.0393     2.2499     0.8781
[1] 2.480e+04 3.075e-01 9.785e-01 1.990e-02 2.252e+00 9.465e-01
[1] 24900.0000     0.0481     0.9802    -0.0485     2.3110     0.9496
[1] 25000.0000     0.3407     0.8801     0.0941     2.3005     0.8235
[1] 25100.0000     0.1902     0.9249     0.0233     2.2753     1.0516
[1] 25200.0000     0.3393     0.9507     0.0183     2.2203     0.9719
[1] 25300.0000     0.0136     0.9779    -0.0631     2.2202     0.8977
[1] 25400.0000     0.0511     0.9909     0.1327     2.2547     1.1761
[1] 25500.0000     0.6541     0.8159     0.0438     2.1887     1.0385
[1] 25600.0000     0.0039     0.9926     0.0817     2.3041     0.9855
[1] 25700.0000     0.1634     0.8976    -0.0354     2.1852     0.9408
[1] 25800.0000     0.1884     0.9689     0.0267     2.2290     1.1962
[1] 25900.0000     0.0186     0.9827     0.0083     2.1358     0.8279
[1] 26000.0000     0.4560     0.9492     0.0453     2.1761     1.0058
[1] 26100.0000     0.0382     0.9935    -0.0650     2.3032     1.0009
[1] 26200.0000     1.0000     0.8601     0.0629     2.2391     0.9041
[1] 26300.0000     0.1623     0.9342     0.0032     2.1961     1.1434
[1] 26400.0000     0.6752     0.8855     0.1051     2.2359     1.0131
[1] 26500.0000     0.5321     0.9678     0.0135     2.1471     0.9418
[1] 26600.0000     0.0269     0.9993     0.0236     2.1517     1.0988
[1] 26700.0000     0.2308     0.8892     0.0569     2.3153     0.9428
[1] 26800.0000     1.0000     0.9542    -0.0846     2.2097     1.1594
[1] 26900.0000     1.0000     0.9436     0.0602     2.3287     0.8266
[1] 27000.0000     1.0000     0.8977    -0.0131     2.3093     0.8661
[1] 27100.0000     0.1669     0.9897     0.0455     2.2575     0.9084
[1] 27200.0000     0.0220     0.9713    -0.0567     2.2805     1.0324
[1] 27300.0000     0.0194     0.9608    -0.1116     2.2416     0.8492
[1] 27400.0000     0.0357     0.9728    -0.0034     2.2141     1.1655
[1] 27500.0000     0.0646     0.9635     0.0315     2.2586     1.1809
[1] 27600.0000     0.0578     0.9952     0.0076     2.2859     1.1217
[1] 27700.0000     0.0101     0.9235     0.1271     2.2181     0.9561
[1] 27800.0000     0.6792     0.9539    -0.0418     2.3739     1.0619
[1] 27900.0000     0.2479     0.9774     0.0209     2.2369     0.8741
[1] 28000.0000     0.0000     0.9430     0.0971     2.2265     0.9743
[1] 28100.0000     0.0009     0.9857    -0.0013     2.3626     0.9345
[1] 28200.0000     0.3051     0.9920     0.0412     2.2534     1.1206
[1] 2.830e+04 7.490e-02 8.968e-01 5.510e-02 2.269e+00 8.209e-01
[1] 28400.0000     1.0000     0.9594     0.0049     2.2056     0.8105
[1] 28500.0000     1.0000     0.8206     0.0381     2.2751     1.0447
[1] 28600.0000     0.6951     0.9775     0.0326     2.1813     0.9079
[1] 28700.0000     1.0000     0.9143    -0.0738     2.2050     0.8158
[1] 28800.0000     0.5849     0.9743    -0.0352     2.2251     0.8723
[1] 28900.0000     1.0000     0.9689    -0.0999     2.3155     1.0738
[1] 29000.0000     0.0359     0.9692     0.0514     2.2461     0.9910
[1] 29100.0000     0.1870     0.9836     0.0110     2.2835     1.0211
[1] 29200.0000     0.0940     0.9889    -0.0417     2.2155     1.0979
[1] 29300.0000     0.3471     0.9749     0.0517     2.2344     0.9782
[1] 29400.0000     0.1039     0.9512     0.0834     2.2152     1.1262
[1] 29500.0000     0.1645     0.9853     0.0880     2.2178     0.8054
[1] 29600.0000     0.2120     0.9770     0.0902     2.3737     1.1651
[1] 29700.0000     0.0389     0.9571     0.0491     2.2041     0.9736
[1] 29800.0000     0.5435     0.8701     0.0225     2.2653     0.8024
[1] 29900.0000     1.0000     0.9798     0.0032     2.2476     1.0014
[1] 30000.0000     0.7930     0.9214     0.0744     2.2709     0.9341
[1] 0.3819847
Time difference of 10.95107 hours
null device 
          1 
