[1] "El numero de nodos X particion es: 10"
[1] "Model = M1 / Data = sim_data/datasetSVCMatern8.Rdata"
[1] 100.0000   1.0000   0.8291   0.0256   2.1199   0.9331
[1] 200.0000   0.2630   0.8487   0.0055   2.1201   0.8384
[1] 300.0000   1.0000   0.8776  -0.1907   1.9573   1.0665
[1] 400.0000   0.8278   0.8233  -0.0901   2.0900   1.0774
[1] 500.0000   0.7280   0.8902  -0.2393   1.8765   0.8863
[1] 600.0000   0.0008   0.8693  -0.1275   1.8993   1.0610
[1] 700.0000   1.0000   0.8087  -0.2250   1.8811   1.0605
[1] 800.0000   0.3738   0.8830  -0.0509   2.0720   0.9772
[1] 900.0000   1.0000   0.9357  -0.2188   1.9069   1.0743
[1] 1000.0000    0.1274    0.8568   -0.1163    1.9920    0.8983
[1] 1100.0000    0.0986    0.8326   -0.2339    1.8670    1.0285
[1] 1200.0000    1.0000    0.8603   -0.0302    2.1400    0.9164
[1] 1300.0000    0.1217    0.9151   -0.1803    2.0299    0.9862
[1] 1400.0000    0.0000    0.8624   -0.2998    1.8027    0.9686
[1] 1500.0000    0.0002    0.9672    0.0503    2.1755    1.1986
[1] 1600.0000    0.0658    0.8673    0.0078    2.1454    0.9237
[1] 1700.0000    0.0003    0.8745   -0.1025    2.0127    0.9148
[1] 1800.0000    0.0000    0.9410   -0.1961    1.9693    0.8062
[1] 1900.0000    0.1099    0.8021   -0.0270    2.1149    1.0084
[1] 2000.0000    0.4085    0.8432   -0.0697    2.0391    1.0611
[1] 2100.0000    1.0000    0.8081    0.0328    2.1017    0.9300
[1] 2200.0000    0.5686    0.8580    0.0245    2.0606    1.0161
[1] 2300.0000    0.0048    0.8377   -0.0191    2.1380    0.8487
[1] 2400.0000    0.1104    0.9764    0.0508    2.0235    1.0594
[1] 2500.0000    0.0075    0.9668   -0.0796    2.0457    0.8475
[1] 2600.0000    0.0005    0.8146   -0.1232    1.9151    0.8232
[1] 2700.0000    0.1526    0.8044   -0.1269    2.0182    1.0835
[1] 2800.0000    0.0795    0.9204   -0.0783    2.0226    1.0405
[1] 2900.0000    0.0007    0.8994   -0.2397    1.8695    1.0050
[1] 3000.0000    0.0012    0.9425   -0.1159    2.0168    1.0830
[1] 3100.0000    0.1623    0.8265   -0.0049    2.0847    1.1652
[1] 3200.0000    0.0011    0.8228    0.0517    2.0313    0.8243
[1] 3300.0000    0.0001    0.9877    0.0118    2.0416    0.9428
[1] 3400.0000    0.0524    0.8189   -0.3075    1.8383    0.9632
[1] 3500.0000    0.9629    0.9338    0.0072    2.2115    0.8830
[1] 3600.0000    0.0176    0.8387   -0.1758    1.9173    1.0128
[1] 3700.0000    0.0154    0.8385   -0.1314    1.9939    0.8150
[1] 3800.0000    0.0000    0.8306   -0.0841    2.0168    0.8349
[1] 3900.0000    0.0153    0.9030   -0.2332    1.9046    0.9530
[1] 4000.0000    0.5478    0.9388   -0.0650    1.9465    0.8131
[1] 4100.0000    1.0000    0.9426    0.0696    2.0960    0.8764
[1] 4200.0000    1.0000    0.8436   -0.1774    1.9818    0.9733
[1] 4300.0000    0.0000    0.8004   -0.1182    1.9989    0.9442
[1] 4400.0000    0.2167    0.9571    0.0677    2.1373    0.9932
[1] 4500.0000    1.0000    0.8410   -0.0458    2.0312    1.1520
[1] 4600.0000    0.1005    0.8009   -0.1795    1.9144    0.9214
[1] 4700.0000    0.0001    0.9516    0.0609    2.1655    1.1937
[1] 4800.0000    0.1139    0.8985   -0.0764    2.0275    0.9827
[1] 4900.0000    1.0000    0.8201    0.0510    2.1633    1.1747
[1] 5000.0000    0.2896    0.8079   -0.0380    1.9728    0.9328
[1] 5100.0000    0.4341    0.8192   -0.2610    1.8345    0.8134
[1] 5200.0000    0.0038    0.8350   -0.0058    2.2451    1.0935
[1] 5300.0000    1.0000    0.8379   -0.1668    1.8970    1.0434
[1] 5400.0000    0.3353    0.8333   -0.0621    2.0689    0.9811
[1] 5500.0000    0.0003    0.8506   -0.1355    1.8715    1.1979
[1] 5600.0000    0.1290    0.8407   -0.3834    1.8758    1.1085
[1] 5700.0000    0.5731    0.8052   -0.2527    1.8959    1.1157
[1] 5800.0000    0.5956    0.8520    0.0099    2.1462    1.0482
[1] 5900.0000    0.2644    0.8709   -0.1702    1.9016    0.9216
[1] 6000.0000    0.1655    0.8273    0.0095    2.0757    0.8750
[1] 6100.0000    0.0840    0.9025    0.1568    2.1957    0.9119
[1] 6200.0000    1.0000    0.8336   -0.3475    1.7324    0.9759
[1] 6300.0000    0.0606    0.8959   -0.2031    1.9957    1.1826
[1] 6400.0000    0.4555    0.9022    0.0232    1.9976    0.8332
[1] 6500.0000    0.0046    0.8697   -0.0849    2.0279    0.9040
[1] 6600.0000    0.0247    0.8918   -0.0735    2.0803    1.0184
[1] 6700.0000    0.0005    0.8420   -0.1923    1.9424    0.8199
[1] 6800.0000    1.0000    0.8496   -0.0687    2.0044    0.9728
[1] 6900.0000    0.3004    0.9401   -0.1069    1.8985    0.9220
[1] 7000.0000    0.0009    0.8011   -0.1355    1.9368    1.0228
[1] 7100.0000    0.8539    0.8440   -0.1140    1.9193    0.9302
[1] 7200.0000    0.0092    0.8749   -0.1095    1.9884    1.0509
[1] 7300.0000    0.0113    0.8821   -0.0539    2.0428    0.9361
[1] 7400.0000    0.0000    0.8164   -0.1185    1.9032    0.8600
[1] 7500.0000    1.0000    0.8741    0.0252    2.1565    1.0979
[1] 7600.0000    0.1718    0.8511   -0.0830    2.0540    1.0027
[1] 7700.0000    0.0001    0.8552   -0.1576    1.9795    1.0850
[1] 7800.0000    0.0011    0.8139   -0.1383    2.0062    0.8702
[1] 7900.0000    0.3064    0.8037   -0.0956    2.0491    1.1632
[1] 8000.0000    0.4393    0.9186   -0.2777    1.7467    1.0026
[1] 8100.0000    0.6031    0.8687   -0.1225    2.0429    1.0506
[1] 8200.0000    0.0000    0.8098    0.0104    2.0816    0.9449
[1] 8300.0000    0.0006    0.8896    0.2060    2.2793    1.1748
[1] 8400.0000    0.6707    0.8563   -0.1104    1.9961    1.0967
[1] 8500.0000    0.0069    0.8716   -0.2443    1.8900    1.1821
[1] 8600.0000    0.5248    0.9214   -0.0006    2.1618    1.0135
[1] 8700.0000    1.0000    0.8293   -0.1283    1.8812    0.8767
[1] 8800.0000    1.0000    0.9324   -0.1156    1.9977    0.8066
[1] 8900.0000    0.1019    0.8636   -0.2431    1.9340    0.9722
[1] 9000.0000    0.3390    0.9025    0.0009    2.0367    0.9096
[1] 9100.0000    0.3574    0.8799   -0.0142    2.0320    0.8591
[1] 9200.0000    0.1023    0.8777   -0.0532    2.0076    1.1489
[1] 9300.0000    0.0019    0.9856    0.0077    2.0725    1.1370
[1] 9400.0000    0.3722    0.8458   -0.0120    1.9929    1.0091
[1] 9500.0000    0.0000    0.9329   -0.1344    1.9927    0.8817
[1] 9600.0000    0.1775    0.8862   -0.1954    1.8963    0.8406
[1] 9700.0000    0.0106    0.8614   -0.1064    1.9094    0.9692
[1] 9800.0000    0.2611    0.8196   -0.0909    1.9657    0.9680
[1] 9900.0000    0.0000    0.8466    0.1245    2.2602    0.8248
[1] 10000.0000     1.0000     0.8618    -0.3022     1.7107     0.8032
[1] 10100.0000     1.0000     0.9049    -0.0088     2.1397     1.0751
[1] 10200.0000     0.0054     0.9084     0.0023     2.0179     0.8386
[1] 10300.0000     0.0067     0.8120     0.1459     2.1527     0.8804
[1] 10400.0000     0.0008     0.8213    -0.1054     2.0443     1.0055
[1] 10500.0000     1.0000     0.8159     0.0770     2.1375     1.1284
[1] 10600.0000     0.0139     0.8330     0.1954     2.3293     0.9483
[1] 10700.0000     0.0000     0.8531     0.1078     2.1402     0.8181
[1] 10800.0000     0.9697     0.8056    -0.1137     2.0107     0.8503
[1] 10900.0000     0.0000     0.8264    -0.0579     2.1429     1.1140
[1] 11000.0000     0.8057     0.8012    -0.1562     2.0532     0.9407
[1] 11100.0000     0.0001     0.9709     0.2611     2.4212     0.9321
[1] 11200.0000     1.0000     0.9412    -0.1683     1.9717     0.8257
[1] 11300.0000     0.2837     0.9738    -0.0403     2.0359     1.1215
[1] 11400.0000     0.6728     0.9055    -0.0847     2.0305     0.9856
[1] 11500.0000     0.0000     0.9311    -0.1503     1.9850     0.8792
[1] 11600.0000     1.0000     0.9382    -0.3780     1.7067     0.8033
[1] 11700.0000     0.7853     0.9810    -0.3697     1.8701     0.9386
[1] 11800.0000     0.0381     0.8440    -0.1980     1.8203     0.8198
[1] 11900.0000     0.2668     0.8272    -0.0858     1.9750     0.8962
[1] 12000.0000     0.0014     0.8543    -0.2171     1.9131     1.1591
[1] 12100.0000     0.0618     0.9452    -0.1607     1.9779     0.8400
[1] 12200.0000     0.5767     0.8496    -0.0506     1.9502     0.8460
[1] 12300.0000     0.0058     0.8229     0.0943     2.0878     0.9137
[1] 12400.0000     1.0000     0.8046    -0.2960     1.7473     0.8797
[1] 12500.0000     0.0270     0.8027     0.2646     2.3689     1.0313
[1] 12600.0000     0.0978     0.8707    -0.0624     2.1343     0.8821
[1] 12700.0000     0.0009     0.9486     0.1178     2.1599     0.8166
[1] 12800.0000     0.0400     0.9108    -0.1077     1.9991     1.0765
[1] 12900.0000     0.0032     0.8554    -0.4605     1.7348     0.9712
[1] 13000.0000     0.0408     0.8069    -0.0473     2.0539     1.0997
[1] 13100.0000     0.0014     0.9404    -0.1093     1.9874     0.9822
[1] 13200.0000     0.0261     0.9589    -0.1822     1.9077     1.1555
[1] 13300.0000     0.0229     0.9324     0.1721     2.2753     1.1427
[1] 13400.0000     0.0000     0.9485    -0.0782     1.9265     1.0271
[1] 13500.0000     0.0001     0.8240    -0.1336     2.0224     1.0099
[1] 13600.0000     0.0193     0.8917    -0.1861     1.8419     1.0301
[1] 13700.0000     1.0000     0.8314    -0.1251     1.9389     0.8589
[1] 13800.0000     0.0000     0.8418    -0.1397     1.9261     1.1127
[1] 13900.0000     0.6847     0.8125    -0.1077     2.0007     1.1546
[1] 14000.0000     1.0000     0.9598    -0.1556     1.9200     0.8043
[1] 14100.0000     0.0000     0.9236     0.0202     2.1636     0.9106
[1] 14200.0000     0.0424     0.9171     0.0579     2.0947     0.8964
[1] 14300.0000     0.0310     0.8359     0.0888     2.2230     1.0907
[1] 14400.0000     0.7978     0.8984    -0.0285     2.0331     1.1866
[1] 14500.0000     0.0000     0.8302     0.0621     2.1578     1.1813
[1] 14600.0000     0.0000     0.8329    -0.1641     1.9583     0.9630
[1] 14700.0000     1.0000     0.8840    -0.1143     1.9716     1.0394
[1] 14800.0000     0.0000     0.8106    -0.2951     1.8656     1.0978
[1] 14900.0000     0.0932     0.8382    -0.0547     2.0773     0.9296
[1] 15000.0000     0.0000     0.9486    -0.1183     1.9647     0.9418
[1] 15100.0000     0.0482     0.9112    -0.1039     2.0173     1.0503
[1] 15200.0000     0.0877     0.8360    -0.1353     1.9939     1.1579
[1] 15300.0000     0.0902     0.8296     0.1661     2.3249     1.1944
[1] 15400.0000     0.3563     0.8005     0.0196     2.0698     0.8812
[1] 15500.0000     0.7985     0.8761    -0.2327     1.8591     0.9901
[1] 15600.0000     0.2720     0.8162    -0.0771     2.0257     1.1982
[1] 15700.0000     0.0000     0.8668     0.0729     2.1188     1.0399
[1] 15800.0000     0.0326     0.9670    -0.1635     1.9468     1.0411
[1] 15900.0000     0.0000     0.8006    -0.0752     2.0121     1.0522
[1] 16000.0000     0.1037     0.8243    -0.0852     1.9942     0.8996
[1] 16100.0000     1.0000     0.9477    -0.0730     2.1044     0.9420
[1] 16200.0000     1.0000     0.8455    -0.1708     1.9164     1.0509
[1] 16300.0000     0.1326     0.9320    -0.1280     2.0197     1.0407
[1] 16400.0000     0.1343     0.8090    -0.0676     2.0466     0.8978
[1] 16500.0000     0.2459     0.8273     0.0987     2.1542     0.8232
[1] 16600.0000     0.6815     0.8568    -0.2231     1.8307     1.0645
[1] 16700.0000     0.0243     0.9287     0.0537     2.2582     0.9633
[1] 16800.0000     0.1068     0.8165    -0.1974     1.8734     1.0376
[1] 16900.0000     0.0133     0.9014    -0.2596     1.8586     0.8459
[1] 17000.0000     1.0000     0.8355     0.0091     2.0193     0.9526
[1] 17100.0000     0.0247     0.9262     0.0902     2.1275     0.9696
[1] 17200.0000     0.3133     0.9497    -0.1086     1.9562     0.8252
[1] 17300.0000     0.0790     0.9116    -0.2919     1.8130     0.8190
[1] 17400.0000     0.2653     0.8470    -0.0308     2.1852     1.1018
[1] 17500.0000     0.5329     0.8174    -0.1705     1.8978     0.9835
[1] 17600.0000     0.0045     0.8018     0.0229     2.0848     1.0705
[1] 17700.0000     0.1074     0.8382    -0.2303     1.7668     1.1091
[1] 17800.0000     0.7410     0.9707    -0.0474     2.0892     0.8105
[1] 17900.0000     0.0005     0.8644    -0.0559     2.0816     1.0507
[1] 18000.0000     0.7472     0.9109    -0.0529     1.9912     0.8712
[1] 18100.0000     0.0018     0.9137    -0.0687     2.0925     0.9014
[1] 18200.0000     1.0000     0.8073     0.0557     2.1353     0.9256
[1] 18300.0000     0.0133     0.8092    -0.0210     2.1058     1.0361
[1] 18400.0000     0.0016     0.9243    -0.3796     1.8541     1.1066
[1] 18500.0000     0.0154     0.8611    -0.1656     2.0472     0.9812
[1] 18600.0000     0.0131     0.8932    -0.1300     2.0529     0.8460
[1] 18700.0000     0.2312     0.9071     0.0490     2.1592     1.1143
[1] 18800.0000     0.0277     0.9415    -0.0679     2.0706     0.8205
[1] 18900.0000     0.0000     0.8297    -0.2114     1.9330     0.8354
[1] 19000.0000     1.0000     0.8087     0.0539     2.1661     1.1060
[1] 19100.0000     0.0728     0.9272    -0.1833     2.0711     0.8583
[1] 19200.0000     1.0000     0.8319    -0.1021     1.9266     1.0132
[1] 19300.0000     0.0918     0.8035    -0.1143     1.9915     1.0886
[1] 19400.0000     0.0490     0.8040    -0.1071     1.9629     1.1551
[1] 19500.0000     0.0002     0.9718     0.1601     2.1945     0.8258
[1] 19600.0000     0.0269     0.8529    -0.0951     2.0493     0.8752
[1] 19700.0000     0.0152     0.8143     0.0763     2.1611     0.8081
[1] 19800.0000     0.0842     0.8357     0.2209     2.2853     1.1647
[1] 19900.0000     1.0000     0.9655    -0.0283     2.1717     0.8660
[1] 20000.0000     0.2430     0.8545    -0.3105     1.8363     0.8923
[1] 20100.0000     0.0003     0.8622     0.0700     2.0903     0.8640
[1] 20200.0000     0.1203     0.9282     0.0448     2.1061     0.9678
[1] 20300.0000     0.0002     0.8028    -0.2924     1.9415     0.9708
[1] 20400.0000     1.0000     0.8446    -0.2343     1.8587     1.0333
[1] 20500.0000     0.0018     0.8964    -0.1427     2.0327     1.1285
[1] 20600.0000     0.2387     0.9219    -0.0897     2.0234     1.0848
[1] 20700.0000     0.4142     0.8340     0.0552     2.0309     0.8428
[1] 20800.0000     0.5574     0.9981    -0.2033     1.9407     1.0246
[1] 20900.0000     0.0000     0.8547     0.0085     2.1136     0.9562
[1] 21000.0000     0.5853     0.8323    -0.0517     2.0979     0.9143
[1] 21100.0000     0.7288     0.8682    -0.2396     1.8952     1.1577
[1] 21200.0000     1.0000     0.9611     0.1302     2.2482     0.8029
[1] 21300.0000     0.0001     0.8214    -0.0163     1.9415     1.0391
[1] 21400.0000     1.0000     0.8276    -0.0404     2.0207     0.8233
[1] 21500.0000     0.0009     0.8906    -0.0879     2.0069     0.8206
[1] 21600.0000     0.5032     0.8069    -0.1201     1.9211     0.8555
[1] 21700.0000     0.0237     0.9180    -0.2279     1.8410     0.9753
[1] 21800.0000     0.3745     0.8778     0.1494     2.3550     1.0685
[1] 21900.0000     0.9827     0.9598    -0.0811     2.0652     0.8497
[1] 22000.0000     0.1636     0.8850     0.0349     2.0631     0.9555
[1] 22100.0000     0.0092     0.8953     0.0514     2.2408     0.9321
[1] 22200.0000     0.4246     0.8579    -0.2410     1.9025     0.8534
[1] 22300.0000     0.0033     0.8289    -0.2300     1.9637     0.9998
[1] 22400.0000     0.3721     0.8145     0.0059     2.0985     0.8604
[1] 22500.0000     0.0007     0.8239     0.0197     2.1877     1.1368
[1] 22600.0000     0.0083     0.8006     0.0540     2.1032     0.8902
[1] 22700.0000     0.0000     0.8271    -0.1195     2.0514     1.1968
[1] 22800.0000     0.1466     0.8972    -0.1418     1.8372     1.0231
[1] 22900.0000     0.0716     0.8804    -0.2048     1.9213     0.9211
[1] 23000.0000     0.0000     0.8188    -0.0758     1.9646     1.0070
[1] 23100.0000     0.1811     0.8119     0.1417     2.1390     1.0551
[1] 23200.0000     0.0076     0.8437    -0.0158     2.1921     0.8877
[1] 23300.0000     0.0000     0.8508     0.1167     2.1585     0.8720
[1] 23400.0000     0.4139     0.8888     0.0198     1.9964     1.0444
[1] 23500.0000     0.6567     0.8797    -0.0192     2.1815     0.8266
[1] 23600.0000     0.0916     0.8176     0.0231     2.0776     0.8266
[1] 23700.0000     0.1267     0.9328    -0.2558     1.8901     1.0180
[1] 23800.0000     0.3807     0.9299    -0.1764     1.8298     1.0580
[1] 23900.0000     0.6679     0.8688     0.0635     2.1068     0.8855
[1] 24000.0000     1.0000     0.9239     0.0487     2.1784     0.9362
[1] 24100.0000     1.0000     0.9214     0.0103     2.2139     0.8541
[1] 24200.0000     0.1336     0.8467    -0.1413     1.9310     0.8230
[1] 24300.0000     1.0000     0.8163    -0.0001     2.1265     1.0906
[1] 24400.0000     0.0451     0.8950    -0.1307     1.9632     0.9027
[1] 2.450e+04 7.480e-02 8.969e-01 2.460e-02 2.163e+00 1.048e+00
[1] 24600.0000     0.0007     0.8781    -0.0324     2.0347     0.8812
[1] 24700.0000     0.0843     0.8354    -0.2556     1.8273     1.0113
[1] 24800.0000     0.0002     0.8460    -0.0951     2.0398     0.9489
[1] 24900.0000     1.0000     0.8569    -0.2976     1.7898     1.1414
[1] 25000.0000     1.0000     0.8801     0.0089     2.0737     0.8235
[1] 25100.0000     0.6114     0.8419    -0.0691     2.1170     0.8544
[1] 25200.0000     0.2012     0.8480    -0.0181     2.0741     0.8149
[1] 25300.0000     0.0015     0.9779    -0.1514     1.9820     0.8977
[1] 25400.0000     0.0061     0.8633    -0.2733     1.7925     1.0600
[1] 25500.0000     1.0000     0.8159    -0.2184     1.7994     1.0385
[1] 25600.0000     0.3123     0.9325    -0.0241     2.0319     0.8613
[1] 25700.0000     0.8151     0.8976    -0.2386     1.8989     0.9408
[1] 25800.0000     0.0891     0.8606    -0.2234     1.8820     0.8978
[1] 25900.0000     0.0000     0.8683     0.1045     2.0757     0.8098
[1] 26000.0000     0.2744     0.9492    -0.1518     1.8327     1.0058
[1] 26100.0000     0.1944     0.8951    -0.1884     1.9651     0.8249
[1] 26200.0000     0.3751     0.8601    -0.1509     2.0534     0.9041
[1] 26300.0000     0.4758     0.8448    -0.4145     1.8067     0.9973
[1] 26400.0000     0.0756     0.8855     0.0446     2.0188     1.0131
[1] 26500.0000     0.0075     0.8034    -0.3095     1.7831     1.1338
[1] 26600.0000     0.2331     0.8720    -0.2189     1.8865     0.9170
[1] 26700.0000     1.0000     0.8892    -0.1763     1.9818     0.9428
[1] 26800.0000     0.0247     0.8173    -0.2201     1.9307     0.9752
[1] 26900.0000     0.0046     0.9241     0.0470     2.1626     1.0646
[1] 27000.0000     0.5114     0.9266    -0.0701     2.0685     0.8932
[1] 27100.0000     0.0000     0.8095    -0.1350     1.9686     1.0497
[1] 27200.0000     0.0241     0.8304    -0.2185     1.9012     0.8580
[1] 27300.0000     0.0006     0.9608    -0.1932     1.9006     0.8492
[1] 27400.0000     0.2937     0.8806    -0.2658     1.7782     1.0468
[1] 27500.0000     0.1386     0.8463    -0.1651     1.8811     0.8762
[1] 27600.0000     0.0013     0.8069    -0.0193     2.0631     0.9996
[1] 27700.0000     0.0031     0.8768     0.1520     2.2598     1.0202
[1] 27800.0000     0.0000     0.8358     0.0106     2.0682     1.1051
[1] 27900.0000     0.4142     0.8913     0.1082     2.1739     0.8389
[1] 28000.0000     0.0006     0.9430    -0.1790     1.9734     0.9743
[1] 28100.0000     0.0000     0.9262    -0.0982     2.0389     1.0710
[1] 28200.0000     1.0000     0.9271     0.0961     2.1598     0.9591
[1] 28300.0000     0.2332     0.8510    -0.1151     1.9030     0.8048
[1] 2.840e+04 1.000e+00 9.594e-01 1.450e-02 2.103e+00 8.105e-01
[1] 28500.0000     1.0000     0.8206     0.0345     2.1921     1.0447
[1] 28600.0000     0.1677     0.9775    -0.0433     1.9778     0.9079
[1] 28700.0000     0.0930     0.8497    -0.0110     1.9846     1.1155
[1] 28800.0000     0.0624     0.8366    -0.0574     2.0639     0.8214
[1] 28900.0000     0.4687     0.8662    -0.1660     1.8892     0.8550
[1] 29000.0000     1.0000     0.8095    -0.0529     2.0447     1.0816
[1] 2.910e+04 7.000e-04 8.648e-01 2.470e-02 2.154e+00 8.680e-01
[1] 29200.0000     0.0001     0.8505    -0.2683     1.8646     0.9156
[1] 29300.0000     0.0029     0.9373    -0.1247     1.9518     0.8252
[1] 29400.0000     0.0598     0.9512    -0.0072     1.9862     1.1262
[1] 29500.0000     0.0274     0.8346     0.1177     2.1889     0.9665
[1] 29600.0000     0.0005     0.8267     0.0001     2.1389     1.0464
[1] 29700.0000     0.0682     0.8203    -0.1441     1.9415     1.1249
[1] 29800.0000     0.7482     0.8701    -0.0513     2.1505     0.8024
[1] 29900.0000     0.7587     0.9798    -0.0533     2.0532     1.0014
[1] 30000.0000     0.1654     0.9394    -0.1750     1.9308     0.8777
[1] 0.3153874
Time difference of 4.620214 hours
null device 
          1 
