[1] "El numero de nodos X particion es: 10"
[1] "Model = M2 / Data = sim_data/datasetSVIMatern14.Rdata"
[1] 100.0000   0.9637   0.8291   0.0886   1.9472   0.9331
[1] 200.0000   0.1052   0.8487   0.1571   1.8309   0.8384
[1] 300.0000   0.3390   0.8776  -0.0657   2.0868   1.0665
[1] 400.0000   0.0006   0.8477  -0.1456   2.2150   0.9308
[1] 500.0000   0.0000   0.8380   0.1968   1.8200   0.8203
[1] 600.0000   0.2613   0.9748   0.2887   1.6260   1.0386
[1] 700.0000   0.0867   0.9506   0.8435   1.0800   1.0413
[1] 800.0000   0.0000   0.8849   0.4342   1.4815   0.8867
[1] 900.0000   0.0000   0.8673  -0.0445   1.9721   0.8963
[1] 1000.0000    0.0000    0.8209   -0.3627    2.3456    0.9374
[1] 1100.0000    0.0000    0.8924    0.3635    1.5313    0.9545
[1] 1200.0000    0.2102    0.8603    0.0605    2.0196    0.9164
[1] 1300.0000    0.6187    0.8617   -0.2036    2.0764    1.0550
[1] 1400.0000    0.0000    0.8657   -0.1287    2.0964    0.8590
[1] 1500.0000    0.0000    0.8024    0.5807    1.4105    1.1019
[1] 1600.0000    0.0000    0.8026   -1.0591    3.0420    1.1341
[1] 1700.0000    0.0000    0.8745    0.4956    1.4162    0.9148
[1] 1800.0000    0.0000    0.9376    0.5476    1.4141    0.8302
[1] 1900.0000    0.0000    0.8411   -0.7130    2.6713    1.0047
[1] 2000.0000    0.0000    0.8003   -0.1971    2.1587    1.0681
[1] 2100.0000    0.0000    0.8192   -0.7112    2.6228    0.9875
[1] 2200.0000    0.0000    0.8668   -0.6023    2.6028    1.0989
[1] 2300.0000    0.0000    0.8951    0.2587    1.6149    0.9529
[1] 2400.0000    0.0000    0.9355   -0.1941    2.1597    1.1578
[1] 2500.0000    0.0215    0.8909   -0.5784    2.4495    1.1217
[1] 2600.0000    0.0000    0.8617   -0.5357    2.4236    0.8044
[1] 2700.0000    0.0000    0.8492   -0.7134    2.7785    0.9140
[1] 2800.0000    0.0631    0.8113   -0.1268    2.1423    0.9151
[1] 2900.0000    0.0000    0.9057   -0.6115    2.5566    0.9581
[1] 3000.0000    0.0000    0.8454   -0.4910    2.4481    0.9669
[1] 3100.0000    0.0000    0.9514   -0.2970    2.1578    0.9478
[1] 3200.0000    0.0000    0.8205    1.3891    0.5568    0.8873
[1] 3300.0000    0.0000    0.9797    0.2959    1.6230    1.0744
[1] 3400.0000    0.2029    0.8983    0.5651    1.4661    1.1525
[1] 3500.0000    0.0000    0.8208   -0.4329    2.4226    0.8172
[1] 3600.0000    0.0000    0.8756   -0.8303    2.7686    0.9795
[1] 3700.0000    0.1298    0.8186   -0.6136    2.5270    0.8199
[1] 3800.0000    0.0000    0.9791    0.1672    1.7640    1.0179
[1] 3900.0000    0.0000    0.8319    0.3944    1.6387    0.8180
[1] 4000.0000    0.0000    0.9448   -0.1558    2.1254    1.0791
[1] 4100.0000    0.0000    0.8388   -0.4001    2.4245    0.8864
[1] 4200.0000    0.0000    0.9756   -0.3192    2.2588    0.9752
[1] 4300.0000    0.2036    0.8028    0.2307    1.7174    0.9927
[1] 4400.0000    0.0000    0.8970    1.2985    0.6701    0.8215
[1] 4500.0000    0.2507    0.8410    0.6250    1.4409    1.1520
[1] 4600.0000    0.0000    0.9581    1.6005    0.4563    0.8180
[1] 4700.0000    0.0000    0.8944    0.8117    1.1566    0.8319
[1] 4800.0000    0.0000    0.8977    0.2168    1.6915    0.9517
[1] 4900.0000    0.0000    0.8114   -0.2917    2.1889    0.8255
[1] 5000.0000    0.0001    0.9762   -0.8141    2.6901    0.8665
[1] 5100.0000    0.0000    0.8192   -0.5299    2.4961    0.8134
[1] 5200.0000    0.0000    0.8051    0.7549    1.3272    0.8965
[1] 5300.0000    0.0000    0.8845    0.5897    1.3931    1.0022
[1] 5400.0000    0.0000    0.8536    0.7690    1.0609    0.9337
[1] 5500.0000    0.0000    0.9108    0.8869    1.1002    0.8670
[1] 5600.0000    0.0000    0.9557    0.2304    1.6517    0.9529
[1] 5700.0000    0.0000    0.9445    0.4255    1.5783    1.0237
[1] 5800.0000    0.0000    0.8551   -0.1620    2.1910    0.9056
[1] 5900.0000    0.0000    0.9311   -0.0181    1.9760    0.8983
[1] 6000.0000    0.0000    0.8887    0.7448    1.1515    0.8335
[1] 6100.0000    0.0000    0.9572   -0.6372    2.5269    0.9060
[1] 6200.0000    0.0000    0.8741   -0.4410    2.3668    0.8043
[1] 6300.0000    0.0000    0.9569    0.0191    1.9001    0.8080
[1] 6400.0000    0.0000    0.9599    0.0291    1.9708    0.9947
[1] 6500.0000    0.0000    0.9145   -0.9823    2.7830    0.8046
[1] 6600.0000    0.0000    0.8710    0.1749    1.6792    0.9001
[1] 6700.0000    0.0000    0.8253   -0.0349    2.1013    0.9280
[1] 6800.0000    0.0921    0.8794    0.7466    1.2187    0.9381
[1] 6900.0000    0.0000    0.8857   -0.0073    2.0183    0.9847
[1] 7000.0000    0.0000    0.8521    0.7852    1.1764    1.0680
[1] 7100.0000    0.0000    0.8247    0.1317    1.8848    1.0835
[1] 7200.0000    0.0000    0.8247    0.2346    1.8139    0.8913
[1] 7300.0000    0.0000    0.8356    0.9056    0.9405    1.1395
[1] 7400.0000    0.0000    0.9512    0.0243    1.9143    0.8676
[1] 7500.0000    0.0000    0.8918   -0.9306    2.8592    1.0101
[1] 7600.0000    0.0000    0.9493   -0.3034    2.3702    0.9281
[1] 7700.0000    0.0000    0.8552   -2.5054    4.4288    1.0850
[1] 7800.0000    0.0000    0.8367    0.0616    1.8760    0.9006
[1] 7900.0000    0.0000    0.8303   -0.1472    2.0895    0.8084
[1] 8000.0000    0.0000    0.8394    0.7485    1.1707    1.1306
[1] 8100.0000    0.0000    0.8483   -0.1429    2.0556    0.8203
[1] 8200.0000    0.0000    0.9207   -0.6371    2.6014    1.1282
[1] 8300.0000    0.0000    0.8222   -0.5437    2.5560    0.8438
[1] 8400.0000    0.0000    0.9658    0.4034    1.4721    0.9286
[1] 8500.0000    0.0000    0.8565    0.8541    1.1675    0.8054
[1] 8600.0000    0.0029    0.9564   -1.1690    3.1990    0.9963
[1] 8700.0000    0.0000    0.8213   -0.9428    2.9266    0.8293
[1] 8800.0000    0.0000    0.8656    0.0298    1.8399    0.8866
[1] 8900.0000    0.0000    0.8248    0.6367    1.3560    1.0728
[1] 9000.0000    0.0000    0.8079   -0.5841    2.5371    0.8502
[1] 9100.0000    0.0000    0.8755   -0.5802    2.5366    0.8812
[1] 9200.0000    0.0000    0.8755   -0.5802    2.5366    0.8812
[1] 9300.0000    0.0000    0.9734    0.6951    1.1831    1.1056
[1] 9400.0000    0.0000    0.8413    1.4352    0.4811    1.0761
[1] 9500.0000    0.0000    0.8817   -0.0357    1.9224    1.0875
[1] 9600.0000    0.0000    0.8149   -0.3168    2.2932    0.9056
[1] 9700.0000    0.0000    0.9657    0.6686    1.2843    0.9166
[1] 9800.0000    0.0000    0.8457    0.0902    1.8377    0.8235
[1] 9900.0000    0.0000    0.9876    1.7205    0.2134    0.9739
[1] 10000.0000     0.2467     0.9226    -0.7864     2.7520     0.8029
[1] 10100.0000     0.7032     0.9049    -0.1085     2.1884     1.0751
[1] 10200.0000     0.0001     0.8133     0.4417     1.4949     1.1117
[1] 10300.0000     0.1040     0.9549     0.9388     1.0423     0.8021
[1] 10400.0000     0.0000     0.9021    -0.1489     2.1015     1.1578
[1] 10500.0000     0.0000     0.9828     0.5823     1.3409     0.8036
[1] 10600.0000     0.0000     0.8442     0.2304     1.8051     0.9495
[1] 10700.0000     0.0000     0.8330     0.7203     1.3303     0.9190
[1] 10800.0000     0.0110     0.8310     1.2796     0.6874     0.9940
[1] 10900.0000     0.0000     0.8191     0.2550     1.7153     0.8008
[1] 11000.0000     0.0358     0.8191     0.2550     1.7153     0.8008
[1] 11100.0000     0.0000     0.8821     0.0669     1.8627     0.8464
[1] 11200.0000     0.1785     0.8258    -0.2853     2.2157     1.0628
[1] 11300.0000     0.0000     0.9202    -0.5212     2.5585     0.8464
[1] 11400.0000     0.0000     0.9548     0.8328     1.1549     1.0047
[1] 11500.0000     0.0000     0.8034    -0.2328     2.2122     0.8501
[1] 11600.0000     0.0015     0.9104    -0.4422     2.4712     0.8269
[1] 11700.0000     0.0001     0.8224     0.0353     1.9449     0.8539
[1] 11800.0000     0.0000     0.8027    -0.2967     2.3123     0.8530
[1] 11900.0000     0.0000     0.8460    -0.4028     2.3051     0.8150
[1] 12000.0000     0.0000     0.8014    -0.5837     2.5628     1.0595
[1] 12100.0000     0.0000     0.8005    -1.3174     3.2064     0.8375
[1] 12200.0000     0.1723     0.8359     0.2150     1.7892     0.9745
[1] 12300.0000     0.0000     0.8010    -0.0592     1.9597     0.8810
[1] 12400.0000     1.0000     0.8046     0.3034     1.6739     0.8797
[1] 12500.0000     0.0000     0.8059     0.7529     1.2198     1.1427
[1] 12600.0000     0.0000     0.8126     0.5389     1.4932     1.1805
[1] 12700.0000     0.0000     0.8779    -0.1355     1.9879     0.8170
[1] 12800.0000     0.0000     0.8257     0.0268     1.9379     0.8904
[1] 12900.0000     0.0021     0.8257     0.0268     1.9379     0.8904
[1] 13000.0000     0.0000     0.8069    -0.2565     2.2053     1.0997
[1] 13100.0000     0.0000     0.9404     1.1042     0.8837     0.9822
[1] 13200.0000     0.0000     0.8843     0.1626     1.8468     0.9997
[1] 13300.0000     0.0000     0.9057    -0.6470     2.5809     0.9177
[1] 13400.0000     0.0000     0.9659     1.0699     0.8708     0.9589
[1] 13500.0000     0.0000     0.8466    -0.0781     2.0086     0.8143
[1] 13600.0000     0.0000     0.8917     0.4010     1.5338     1.0301
[1] 13700.0000     0.0000     0.8421     0.9455     1.0495     0.9544
[1] 13800.0000     0.0000     0.8787    -0.8054     2.7108     1.0611
[1] 13900.0000     0.0000     0.8573    -0.5826     2.5144     0.8372
[1] 14000.0000     0.0000     0.9588    -0.1502     2.1175     0.9662
[1] 14100.0000     0.0000     0.8844     0.8827     0.9704     1.1867
[1] 14200.0000     0.0000     0.8479     0.1864     1.7063     0.8739
[1] 14300.0000     0.0000     0.8548    -0.7182     2.6689     0.8231
[1] 14400.0000     0.0139     0.8623     0.6560     1.3118     0.8985
[1] 14500.0000     0.0599     0.8647    -0.1065     2.0367     1.0877
[1] 14600.0000     0.0000     0.8117     0.0532     1.7883     0.8957
[1] 14700.0000     0.0000     0.8327    -0.2377     2.1755     0.8645
[1] 14800.0000     0.0000     0.9433     1.2309     0.6158     0.9182
[1] 14900.0000     0.0003     0.8051     0.9765     1.0565     1.0614
[1] 15000.0000     0.0221     0.8279     0.3867     1.5835     1.0826
[1] 15100.0000     1.0000     0.8292     0.3799     1.5957     0.9249
[1] 15200.0000     0.0000     0.8734     1.1032     0.8952     0.8767
[1] 15300.0000     0.3690     0.8059     0.9320     1.0919     0.9091
[1] 15400.0000     0.0601     0.8005     0.0541     2.0007     0.8812
[1] 15500.0000     0.0000     0.9734    -0.3160     2.2686     1.1714
[1] 15600.0000     0.0000     0.8878    -0.3790     2.3368     0.8550
[1] 15700.0000     0.0000     0.8475    -0.4052     2.2826     0.9690
[1] 15800.0000     0.0000     0.9108    -0.1556     2.0560     0.9068
[1] 15900.0000     0.0000     0.8841     0.2231     1.7007     0.8192
[1] 16000.0000     0.0002     0.8124    -0.2906     2.2325     1.1160
[1] 1.610e+04 0.000e+00 8.125e-01 6.953e-01 1.228e+00 8.885e-01
[1] 16200.0000     0.0000     0.8331     0.1295     1.8139     0.9847
[1] 16300.0000     0.0000     0.8331     0.1295     1.8139     0.9847
[1] 16400.0000     0.0000     0.8807     0.1472     1.8389     0.8691
[1] 16500.0000     0.0439     0.9646    -0.3161     2.3401     1.1820
[1] 16600.0000     0.0000     0.8294    -0.7993     2.7695     0.8835
[1] 16700.0000     0.0000     0.9635    -0.7953     2.6691     0.8336
[1] 16800.0000     0.0000     0.9378    -1.1616     3.0340     1.0931
[1] 16900.0000     0.0000     0.8583     0.2637     1.6811     0.9158
[1] 17000.0000     0.0000     0.9790     0.2709     1.7163     0.8822
[1] 17100.0000     0.0000     0.9305     1.3583     0.6652     0.9283
[1] 17200.0000     0.0000     0.9497     0.7946     1.1898     0.8252
[1] 17300.0000     1.0000     0.8396     0.4178     1.5880     1.0131
[1] 17400.0000     0.0000     0.8593    -0.3302     2.3154     1.1450
[1] 17500.0000     0.0000     0.8131    -0.1617     2.1816     0.9127
[1] 17600.0000     0.0000     0.9193    -0.0040     1.8969     0.8193
[1] 17700.0000     0.0000     0.8467     0.7933     1.2004     1.0210
[1] 17800.0000     0.0000     0.8771    -0.5654     2.6287     0.9481
[1] 17900.0000     0.0000     0.9083     0.0230     1.9263     0.9495
[1] 18000.0000     1.0000     0.9109    -0.3522     2.3327     0.8712
[1] 18100.0000     0.0000     0.8078    -0.9072     2.8547     0.9064
[1] 18200.0000     0.0000     0.8142     0.7534     1.3346     0.8298
[1] 18300.0000     0.0000     0.8120    -0.3492     2.2956     1.0717
[1] 18400.0000     0.0000     0.9529    -0.8940     2.9106     0.8173
[1] 18500.0000     0.0000     0.9525    -0.7739     2.7229     0.9333
[1] 18600.0000     0.0000     0.8656    -0.3999     2.4218     0.8624
[1] 18700.0000     0.0000     0.8080    -0.2076     2.2153     0.9308
[1] 18800.0000     0.0000     0.8537     1.2634     0.7303     0.9005
[1] 18900.0000     0.0000     0.9024     0.6573     1.2978     1.0613
[1] 1.900e+04 0.000e+00 8.366e-01 9.597e-01 9.666e-01 8.015e-01
[1] 19100.0000     0.0000     0.9728     1.0427     0.8367     0.8217
[1] 19200.0000     0.0000     0.8001     1.4922     0.3952     0.9641
[1] 1.930e+04 0.000e+00 8.411e-01 6.647e-01 1.284e+00 9.272e-01
[1] 1.940e+04 0.000e+00 8.500e-01 2.688e-01 1.702e+00 9.313e-01
[1] 19500.0000     0.0000     0.9654     0.6269     1.3182     0.9669
[1] 19600.0000     0.0630     0.9162    -1.2403     3.2323     0.8038
[1] 19700.0000     0.0000     0.8982    -0.2736     2.1462     1.1826
[1] 19800.0000     0.0000     0.8275     1.1850     0.7769     1.0965
[1] 19900.0000     0.0000     0.9981     0.1033     1.8909     1.0280
[1] 20000.0000     0.0000     0.8275    -0.0733     2.0187     0.8700
[1] 20100.0000     0.0000     0.9080     0.5576     1.4783     1.0402
[1] 20200.0000     0.1285     0.8367     0.4173     1.5521     0.9269
[1] 20300.0000     0.0000     0.8367     0.4173     1.5521     0.9269
[1] 20400.0000     0.0017     0.8854     0.6413     1.2968     0.8024
[1] 20500.0000     0.0000     0.8964     0.3994     1.5025     1.1285
[1] 20600.0000     0.1506     0.8137     0.5083     1.4429     0.9497
[1] 20700.0000     1.0000     0.8107     0.6829     1.2297     1.0874
[1] 20800.0000     0.0000     0.8263    -0.4739     2.5153     0.9595
[1] 20900.0000     0.0001     0.8088     1.1578     0.8423     0.9600
[1] 2.100e+04 0.000e+00 8.265e-01 1.752e-01 1.771e+00 8.524e-01
[1] 21100.0000     0.0000     0.9732    -0.6348     2.5320     0.8253
[1] 21200.0000     1.0000     0.9611    -0.1942     2.0274     0.8029
[1] 21300.0000     0.0000     0.8782    -1.1868     3.1936     1.0748
[1] 21400.0000     0.0009     0.9523    -0.4097     2.3728     0.9510
[1] 21500.0000     0.0000     0.8732    -0.3777     2.2582     1.0565
[1] 21600.0000     0.0000     0.8420     0.5602     1.4546     0.8926
[1] 21700.0000     0.0000     0.9164    -0.4825     2.4563     0.8431
[1] 21800.0000     0.0000     0.8218    -1.0270     3.0756     1.1739
[1] 21900.0000     0.0000     0.9408     0.8239     1.0455     0.9421
[1] 22000.0000     0.0000     0.8850     0.1794     1.7854     0.9555
[1] 22100.0000     0.0000     0.8897     0.2577     1.6763     0.8293
[1] 22200.0000     0.0000     0.9882    -0.3131     2.1962     0.9514
[1] 22300.0000     0.0000     0.8584     0.9856     1.0665     0.9367
[1] 22400.0000     0.0000     0.9494     1.2281     0.7491     0.9207
[1] 22500.0000     0.0002     0.9610     1.3837     0.5588     0.9963
[1] 22600.0000     0.0000     0.8858     1.2219     0.7229     0.9064
[1] 22700.0000     0.0000     0.8271     0.3106     1.5686     1.1968
[1] 22800.0000     0.0002     0.8616    -0.6987     2.7324     1.1425
[1] 22900.0000     0.0000     0.9207     1.3354     0.5294     0.8362
[1] 23000.0000     0.0000     0.9491     1.0982     0.8899     0.8538
[1] 23100.0000     0.0000     0.8430    -0.0642     2.0030     0.8574
[1] 23200.0000     0.0000     0.8288    -0.2402     2.2345     0.8616
[1] 23300.0000     0.2721     0.8966     0.0322     1.9207     1.0199
[1] 23400.0000     0.0000     0.9418    -0.0196     2.0215     0.8205
[1] 23500.0000     0.0000     0.8934     0.1745     1.7940     1.1391
[1] 23600.0000     0.0000     0.8176     0.5289     1.3881     0.8266
[1] 23700.0000     0.0000     0.8580     0.2121     1.7375     0.8494
[1] 23800.0000     0.0000     0.9509     0.1208     1.7241     0.9516
[1] 23900.0000     0.0000     0.8157     0.2728     1.6729     0.8034
[1] 24000.0000     0.0000     0.8968    -0.9198     2.8187     0.8401
[1] 24100.0000     0.0000     0.8792    -1.5048     3.4261     1.0068
[1] 24200.0000     0.0000     0.8399    -0.5142     2.3527     1.0287
[1] 24300.0000     0.0000     0.8805    -0.5410     2.4983     1.0014
[1] 24400.0000     0.0133     0.9020     0.6909     1.3913     1.0534
[1] 2.450e+04 0.000e+00 9.064e-01 7.324e-01 1.169e+00 8.345e-01
[1] 2.460e+04 0.000e+00 9.062e-01 7.790e-01 1.177e+00 8.877e-01
[1] 24700.0000     0.0000     0.9574     0.1345     1.7178     1.0919
[1] 24800.0000     0.0000     0.8109     0.8310     1.1327     1.1899
[1] 24900.0000     0.0000     0.9495    -0.0381     1.9396     0.8626
[1] 25000.0000     0.0003     0.9628    -0.2543     2.2150     0.9362
[1] 25100.0000     0.0000     0.9605     1.2225     0.7065     1.0743
[1] 25200.0000     0.0000     0.8184     0.7963     1.1576     0.8574
[1] 25300.0000     0.6695     0.8151     0.2322     1.6917     1.0748
[1] 25400.0000     0.2705     0.8112    -0.6352     2.5751     0.8063
[1] 25500.0000     0.0000     0.8305     0.3910     1.5021     0.8143
[1] 25600.0000     0.0000     0.8112     0.0165     1.9773     0.8916
[1] 25700.0000     0.0000     0.8060     0.3603     1.6561     0.8422
[1] 25800.0000     0.0000     0.8043     0.3277     1.5723     0.8730
[1] 25900.0000     0.4418     0.8632     0.3543     1.6318     1.1254
[1] 26000.0000     0.0202     0.8358    -0.0983     2.0673     1.1365
[1] 26100.0000     0.0000     0.9196     0.1691     1.5799     1.1722
[1] 26200.0000     0.0000     0.9529    -0.3272     2.2966     1.0017
[1] 26300.0000     0.0000     0.8530    -0.0778     2.0168     1.0678
[1] 2.640e+04 0.000e+00 8.767e-01 4.955e-01 1.358e+00 8.041e-01
[1] 26500.0000     0.0026     0.8556     0.3551     1.6203     0.8038
[1] 26600.0000     0.0000     0.9293    -0.0856     2.2102     0.8497
[1] 26700.0000     0.0001     0.9890    -0.4550     2.3355     0.9390
[1] 26800.0000     0.0000     0.8544    -1.7260     3.7194     0.9528
[1] 26900.0000     0.0000     0.9184    -0.0644     1.9536     1.1619
[1] 27000.0000     0.0000     0.8377    -0.1063     2.0752     0.8045
[1] 27100.0000     0.0875     0.8377    -0.1063     2.0752     0.8045
[1] 27200.0000     0.0000     0.8628     0.6907     1.2525     1.0265
[1] 27300.0000     0.0000     0.9185    -0.1854     2.1127     0.9822
[1] 27400.0000     0.0000     0.9185    -0.1854     2.1127     0.9822
[1] 27500.0000     0.0000     0.8463     0.7197     1.3498     0.8762
[1] 27600.0000     0.0000     0.8732     1.1229     0.9418     0.9172
[1] 27700.0000     0.0000     0.8317     0.3261     1.6932     1.1846
[1] 27800.0000     0.0000     0.8219    -0.4748     2.4492     0.9326
[1] 27900.0000     0.4358     0.9296     0.7021     1.2922     0.8843
[1] 28000.0000     0.0000     0.8651    -0.5776     2.5972     0.8498
[1] 2.810e+04 0.000e+00 8.313e-01 1.008e-01 1.929e+00 8.089e-01
[1] 28200.0000     0.0000     0.9683    -0.4180     2.3859     0.8917
[1] 28300.0000     0.0000     0.8845     0.4428     1.5023     0.9758
[1] 28400.0000     0.3110     0.9594     0.2062     1.8287     0.8105
[1] 28500.0000     0.0000     0.8824     0.8717     1.0495     0.8003
[1] 28600.0000     0.0000     0.8043    -0.6324     2.5685     0.9928
[1] 28700.0000     0.0000     0.8081    -1.2330     3.1967     0.9112
[1] 2.880e+04 0.000e+00 8.104e-01 1.802e-01 1.793e+00 1.194e+00
[1] 28900.0000     0.0000     0.9137     0.6012     1.4668     0.8478
[1] 29000.0000     0.0000     0.8071    -0.4977     2.5402     0.8504
[1] 29100.0000     0.0000     0.8445    -0.7312     2.7328     0.8871
[1] 29200.0000     0.0958     0.9367     1.0630     0.8976     1.1465
[1] 29300.0000     0.0023     0.8726     1.2692     0.6698     0.8176
[1] 29400.0000     0.0000     0.8948     0.7357     1.2948     0.8239
[1] 29500.0000     0.0000     0.8094     0.4634     1.4591     0.8253
[1] 29600.0000     0.0000     0.8335     0.5925     1.3038     1.1940
[1] 29700.0000     0.0000     0.9991    -0.0505     2.0405     0.9357
[1] 29800.0000     0.0000     0.8030    -0.4120     2.4063     0.9421
[1] 29900.0000     0.4482     0.9798    -0.2734     2.2324     1.0014
[1] 30000.0000     0.0000     0.9250     1.0934     0.7898     1.0393
[1] 0.05963761
Time difference of 11.50821 hours
null device 
          1 
