[1] "El numero de nodos X particion es: 10"
[1] "Model = M3 / Data = sim_data/datasetSVCExponential1.Rdata"
[1] 100.0000   0.0000   0.8732   0.0001   2.3256   0.9660
[1] 200.0000   0.0002   0.9592   0.0014   2.3287   1.1736
[1] 300.0000   0.2242   0.8776   0.0280   2.3399   1.0665
[1] 400.0000   0.0050   0.9217   0.1988   2.2919   0.9692
[1] 500.0000   0.0019   0.8922   0.1735   2.3366   1.0611
[1] 600.0000   0.0001   0.8693   0.1944   2.3191   1.0610
[1] 700.0000   0.0126   0.8009   0.1814   2.3121   0.8720
[1] 800.0000   0.0093   0.8391   0.1685   2.3099   0.8955
[1] 900.0000   1.0000   0.9357   0.1379   2.3438   1.0743
[1] 1000.0000    0.0000    0.8568    0.1368    2.3026    0.8983
[1] 1100.0000    0.0006    0.9031    0.1213    2.3039    1.0781
[1] 1200.0000    0.0906    0.8467    0.1559    2.2905    1.0747
[1] 1300.0000    1.0000    0.8617    0.1449    2.3091    1.0550
[1] 1400.0000    0.0000    0.8624    0.1379    2.2755    0.9686
[1] 1500.0000    0.0715    0.9672    0.1124    2.3191    1.1986
[1] 1600.0000    0.0005    0.8099    0.1570    2.3302    1.0178
[1] 1700.0000    0.0301    0.9419    0.1560    2.3301    1.0966
[1] 1800.0000    0.0197    0.8314    0.1709    2.2891    0.9945
[1] 1900.0000    0.0015    0.9957    0.1617    2.3368    1.1822
[1] 2000.0000    0.6191    0.8107    0.1830    2.2907    0.8113
[1] 2100.0000    0.0033    0.9401    0.1519    2.2728    1.0501
[1] 2200.0000    0.1210    0.8580    0.1591    2.3189    1.0161
[1] 2300.0000    0.0965    0.8377    0.1336    2.3070    0.8487
[1] 2400.0000    0.0162    0.9355    0.1762    2.3302    1.1578
[1] 2500.0000    0.8662    0.9002    0.1867    2.2909    1.1531
[1] 2600.0000    0.0337    0.8617    0.1389    2.3087    0.8044
[1] 2700.0000    0.2209    0.8445    0.1244    2.3136    1.0218
[1] 2800.0000    1.0000    0.8906    0.1355    2.3167    0.8787
[1] 2900.0000    0.0123    0.8994    0.1617    2.3055    1.0050
[1] 3000.0000    0.0443    0.9485    0.1675    2.3071    1.1645
[1] 3100.0000    0.0820    0.8476    0.1560    2.2967    1.1528
[1] 3200.0000    0.2337    0.9371    0.1974    2.3157    1.1278
[1] 3300.0000    0.0058    0.9877    0.1696    2.2908    0.9428
[1] 3400.0000    0.0023    0.9515    0.1564    2.2364    1.1198
[1] 3500.0000    1.0000    0.9338    0.1349    2.3485    0.8830
[1] 3600.0000    0.1588    0.9027    0.1369    2.3242    1.1569
[1] 3700.0000    0.0224    0.9950    0.1898    2.3135    1.0085
[1] 3800.0000    0.0004    0.8653    0.1520    2.2795    0.9884
[1] 3900.0000    0.0323    0.9030    0.1425    2.3129    0.9530
[1] 4000.0000    1.0000    0.9388    0.1703    2.2827    0.8131
[1] 4100.0000    0.1710    0.9193    0.1810    2.3038    1.0337
[1] 4200.0000    0.1469    0.9756    0.1364    2.3294    0.9752
[1] 4300.0000    0.0008    0.9986    0.1523    2.2949    0.9026
[1] 4400.0000    0.0121    0.9571    0.2005    2.3247    0.9932
[1] 4500.0000    0.5240    0.8410    0.1485    2.3583    1.1520
[1] 4600.0000    0.1390    0.8039    0.1615    2.2753    1.1669
[1] 4700.0000    0.0010    0.9516    0.1482    2.2969    1.1937
[1] 4800.0000    0.0000    0.8985    0.1361    2.3194    0.9827
[1] 4900.0000    0.0981    0.9222    0.1754    2.3383    0.9837
[1] 5000.0000    0.5946    0.9273    0.1931    2.2875    1.0348
[1] 5100.0000    0.1739    0.9679    0.1521    2.3109    1.1951
[1] 5200.0000    0.0064    0.8350    0.1512    2.3599    1.0935
[1] 5300.0000    1.0000    0.8379    0.1350    2.2723    1.0434
[1] 5400.0000    0.8356    0.9974    0.1613    2.2818    1.1725
[1] 5500.0000    0.0007    0.8506    0.1880    2.2944    1.1979
[1] 5600.0000    0.0004    0.9095    0.1112    2.3220    0.9324
[1] 5700.0000    0.2156    0.9403    0.1654    2.3005    0.9236
[1] 5800.0000    1.0000    0.8520    0.1412    2.3064    1.0482
[1] 5900.0000    0.6407    0.8759    0.1310    2.2796    1.0113
[1] 6000.0000    0.4910    0.8325    0.1184    2.2658    0.8825
[1] 6100.0000    0.0080    0.9025    0.1741    2.3106    0.9119
[1] 6200.0000    0.4770    0.8336    0.2208    2.2626    0.9759
[1] 6300.0000    0.0465    0.9569    0.1548    2.3276    0.8080
[1] 6400.0000    0.2001    0.9022    0.1525    2.2580    0.8332
[1] 6500.0000    1.0000    0.9478    0.1537    2.2971    1.0656
[1] 6600.0000    0.0057    0.8918    0.1223    2.3202    1.0184
[1] 6700.0000    0.0273    0.8229    0.1825    2.3006    1.0410
[1] 6800.0000    0.6954    0.9525    0.1254    2.2901    0.9997
[1] 6900.0000    0.1555    0.9401    0.1319    2.2630    0.9220
[1] 7000.0000    0.1542    0.8011    0.1738    2.2939    1.0228
[1] 7100.0000    0.2737    0.8440    0.1805    2.3500    0.9302
[1] 7200.0000    0.4751    0.9061    0.1231    2.3003    0.9318
[1] 7300.0000    0.6268    0.9616    0.1423    2.3277    0.8824
[1] 7400.0000    0.0096    0.8164    0.1202    2.2878    0.8600
[1] 7500.0000    0.3934    0.8682    0.1463    2.3067    0.9160
[1] 7600.0000    0.6417    0.8898    0.1560    2.2775    1.1032
[1] 7700.0000    0.7900    0.8556    0.1498    2.3315    0.8158
[1] 7800.0000    0.0604    0.9829    0.1635    2.3064    1.0003
[1] 7900.0000    0.0319    0.8037    0.1432    2.2854    1.1632
[1] 8000.0000    0.0622    0.9309    0.1609    2.2852    1.0835
[1] 8100.0000    1.0000    0.9280    0.1640    2.3523    1.0020
[1] 8200.0000    0.0033    0.9273    0.1741    2.3259    0.9041
[1] 8300.0000    0.0458    0.8896    0.1835    2.3420    1.1748
[1] 8400.0000    0.8463    0.8563    0.1216    2.3004    1.0967
[1] 8500.0000    0.0528    0.9438    0.1545    2.2985    1.0608
[1] 8600.0000    0.3906    0.9214    0.1203    2.3191    1.0135
[1] 8700.0000    1.0000    0.8293    0.1587    2.2963    0.8767
[1] 8800.0000    1.0000    0.9324    0.1427    2.2931    0.8066
[1] 8900.0000    1.0000    0.9431    0.1737    2.3056    1.1381
[1] 9000.0000    0.1202    0.9025    0.1818    2.3115    0.9096
[1] 9100.0000    0.1968    0.8799    0.1869    2.2923    0.8591
[1] 9200.0000    1.0000    0.9069    0.1430    2.2978    1.1995
[1] 9300.0000    0.0042    0.8689    0.1711    2.3176    0.9976
[1] 9400.0000    0.3207    0.8458    0.1886    2.2518    1.0091
[1] 9500.0000    0.0051    0.8817    0.1560    2.3134    1.0875
[1] 9600.0000    0.5855    0.9566    0.1296    2.2987    1.1182
[1] 9700.0000    0.0297    0.8614    0.1801    2.2987    0.9692
[1] 9800.0000    0.1970    0.8323    0.1616    2.2842    0.8368
[1] 9900.0000    0.0000    0.9529    0.1803    2.2739    0.9335
[1] 10000.0000     1.0000     0.8618     0.1166     2.2601     0.8032
[1] 10100.0000     1.0000     0.9049     0.1681     2.3337     1.0751
[1] 10200.0000     0.7460     0.9808     0.1132     2.2992     0.8342
[1] 10300.0000     0.1732     0.8120     0.1842     2.2888     0.8804
[1] 10400.0000     0.0004     0.8213     0.1639     2.2967     1.0055
[1] 10500.0000     1.0000     0.8159     0.1777     2.3048     1.1284
[1] 10600.0000     1.0000     0.8189     0.1767     2.2992     1.1530
[1] 10700.0000     0.0001     0.8531     0.2060     2.3139     0.8181
[1] 10800.0000     0.7588     0.9785     0.1746     2.3195     1.1554
[1] 10900.0000     0.0395     0.8264     0.1623     2.3327     1.1140
[1] 11000.0000     0.7327     0.8012     0.1260     2.3174     0.9407
[1] 11100.0000     0.1484     0.8902     0.1593     2.3132     0.9114
[1] 11200.0000     0.8694     0.9412     0.1280     2.2983     0.8257
[1] 11300.0000     0.5405     0.9738     0.1266     2.2964     1.1215
[1] 11400.0000     0.5588     0.8271     0.1665     2.2863     1.1322
[1] 11500.0000     0.0000     0.9311     0.1391     2.2625     0.8792
[1] 11600.0000     0.3931     0.9382     0.1094     2.2664     0.8033
[1] 11700.0000     1.0000     0.8766     0.1533     2.3037     0.9110
[1] 11800.0000     0.0018     0.8440     0.1614     2.3045     0.8198
[1] 11900.0000     0.3083     0.8272     0.1630     2.2984     0.8962
[1] 12000.0000     1.0000     0.9595     0.1376     2.2928     1.1960
[1] 12100.0000     0.7323     0.9452     0.1267     2.2979     0.8400
[1] 12200.0000     0.5958     0.8496     0.1565     2.2651     0.8460
[1] 12300.0000     0.1660     0.8229     0.1940     2.2807     0.9137
[1] 1.240e+04 1.000e+00 8.046e-01 1.308e-01 2.307e+00 8.797e-01
[1] 12500.0000     0.1011     0.9120     0.1804     2.3119     1.1259
[1] 12600.0000     1.0000     0.9564     0.1541     2.3044     1.1675
[1] 12700.0000     0.0001     0.9614     0.1364     2.3709     0.8958
[1] 12800.0000     0.0039     0.9108     0.1633     2.2912     1.0765
[1] 12900.0000     0.2977     0.8554     0.1268     2.2804     0.9712
[1] 13000.0000     0.0949     0.8069     0.1747     2.2832     1.0997
[1] 13100.0000     0.0612     0.9404     0.1395     2.3143     0.9822
[1] 13200.0000     0.4151     0.8843     0.1446     2.2922     0.9997
[1] 13300.0000     0.6130     0.9324     0.1869     2.3061     1.1427
[1] 13400.0000     0.0026     0.9485     0.1765     2.2525     1.0271
[1] 13500.0000     0.0006     0.8240     0.1368     2.3413     1.0099
[1] 13600.0000     0.0129     0.8917     0.1273     2.2844     1.0301
[1] 1.370e+04 1.000e+00 8.314e-01 1.440e-01 2.311e+00 8.589e-01
[1] 13800.0000     0.0864     0.9394     0.1418     2.3166     0.9910
[1] 13900.0000     0.3445     0.8125     0.1373     2.2610     1.1546
[1] 14000.0000     1.0000     0.9598     0.1723     2.2978     0.8043
[1] 14100.0000     0.0006     0.9236     0.1949     2.3435     0.9106
[1] 14200.0000     1.0000     0.9100     0.1645     2.3197     1.1948
[1] 14300.0000     0.1307     0.9874     0.1075     2.3323     0.9095
[1] 14400.0000     0.7409     0.8984     0.1299     2.2926     1.1866
[1] 14500.0000     0.4535     0.9833     0.1910     2.2950     1.1771
