[1] "El numero de nodos X particion es: 10"
[1] "Model = M1 / Data = sim_data/datasetSVIExponential19.Rdata"
[1] 100.0000   0.6190   0.9429   0.1542   1.8064   1.1970
[1] 200.0000   0.0000   0.9645   0.7464   1.2521   1.1745
[1] 300.0000   1.0000   0.8776  -0.1769   2.1659   1.0665
[1] 400.0000   0.0000   0.9472  -1.0857   3.0994   1.0679
[1] 500.0000   0.0000   0.8673   0.5903   1.4378   1.1452
[1] 600.0000   0.3102   0.9748  -0.0281   1.8131   1.0386
[1] 700.0000   0.0000   0.8871   0.1946   1.7198   1.1955
[1] 800.0000   0.0000   0.9999   0.2580   1.7299   1.0968
[1] 900.0000   0.0000   0.9606  -0.1428   2.0857   1.0158
[1] 1000.0000    0.0000    0.8209   -0.2838    2.2070    0.9374
[1] 1100.0000    0.0000    0.9319    0.9095    1.0534    0.8930
[1] 1200.0000    0.3753    0.8603    0.5829    1.4745    0.9164
[1] 1300.0000    0.0000    0.9498   -0.1545    2.0230    1.1653
[1] 1400.0000    0.0000    0.9303   -0.9730    2.8465    1.1894
[1] 1500.0000    0.0000    0.9584    0.1862    1.8000    1.0940
[1] 1600.0000    0.0000    0.9658   -0.4697    2.4014    1.0950
[1] 1700.0000    0.0000    0.9419   -0.1910    2.2303    1.0966
[1] 1800.0000    0.0000    0.9376    0.3729    1.6332    0.8302
[1] 1900.0000    0.0000    0.9005   -1.0939    3.0744    0.9368
[1] 2000.0000    0.0000    0.9400   -0.2771    2.2521    1.1109
[1] 2100.0000    0.0000    0.8246   -0.2207    2.0955    1.1071
[1] 2200.0000    0.0000    0.8668    0.0505    1.9698    1.0989
[1] 2300.0000    0.0000    0.9142    0.0369    1.8774    0.8527
[1] 2400.0000    0.0000    0.9355    0.1959    1.7290    1.1578
[1] 2500.0000    0.0514    0.8909    0.3802    1.5520    1.1217
[1] 2600.0000    0.0000    0.9100   -0.1928    2.1971    1.1442
[1] 2700.0000    0.0000    0.9527   -1.5145    3.4788    0.9546
[1] 2800.0000    0.0145    0.9382   -0.2242    2.2472    1.1558
[1] 2900.0000    0.0000    0.9057   -0.8546    2.7991    0.9581
[1] 3000.0000    0.0000    0.8454   -0.3061    2.3247    0.9669
[1] 3100.0000    0.0000    0.9787    0.1192    1.8652    0.9283
[1] 3200.0000    0.0000    0.9190    0.3550    1.6150    0.9575
[1] 3300.0000    0.0000    0.9312    0.1226    1.8799    0.9302
[1] 3400.0000    0.2991    0.8983    1.1617    0.8530    1.1525
[1] 3500.0000    0.0000    0.9035    0.4936    1.4749    0.9507
[1] 3600.0000    0.0000    0.9027    0.1722    1.7878    1.1569
[1] 3700.0000    0.3235    0.9950    0.7249    1.2683    1.0085
[1] 3800.0000    0.0000    0.9791    1.5245    0.4177    1.0179
[1] 3900.0000    0.0000    0.8319   -0.2840    2.3571    0.8180
[1] 4000.0000    0.0000    0.9782   -1.1011    3.1077    1.1817
[1] 4100.0000    0.0000    0.8388   -0.7731    2.7476    0.8864
[1] 4200.0000    0.0000    0.9756   -1.3776    3.2992    0.9752
[1] 4300.0000    0.0417    0.9209   -0.6559    2.6035    1.0519
[1] 4400.0000    0.0000    0.9348    1.4677    0.4598    0.8408
[1] 4500.0000    0.3406    0.8410    0.4870    1.5576    1.1520
[1] 4600.0000    0.0000    0.9525    0.8185    1.2250    1.1110
[1] 4700.0000    0.0000    0.9806   -0.0028    2.0421    1.0866
[1] 4800.0000    0.0000    0.9576   -0.7326    2.7138    1.0847
[1] 4900.0000    0.0000    0.8114   -1.3277    3.2801    0.8255
[1] 5000.0000    0.0000    0.9762   -1.3098    3.1696    0.8665
[1] 5100.0000    0.0000    0.9679   -1.3618    3.2214    1.1951
[1] 5200.0000    0.0000    0.8051   -0.2978    2.2456    0.8965
[1] 5300.0000    0.0000    0.8845    0.4400    1.4997    1.0022
[1] 5400.0000    0.0000    0.8536    1.4126    0.5825    0.9337
[1] 5500.0000    0.0000    0.8913    0.0985    1.7807    1.1131
[1] 5600.0000    0.0000    0.9929   -0.4917    2.3725    1.1085
[1] 5700.0000    0.0000    0.9445   -0.0818    2.1308    1.0237
[1] 5800.0000    0.0000    0.8612   -0.7637    2.8196    1.0327
[1] 5900.0000    0.0000    0.9433    0.1358    1.7385    0.8670
[1] 6000.0000    0.0000    0.9870    0.7715    1.1554    1.0819
[1] 6100.0000    0.0000    0.9284    0.1472    1.8637    0.9188
[1] 6200.0000    0.0000    0.8741    0.2383    1.7157    0.8043
[1] 6300.0000    0.0000    0.9569   -0.7436    2.6822    0.8080
[1] 6400.0000    0.0000    0.9918   -0.2992    2.4366    1.1860
[1] 6500.0000    0.0107    0.9084   -0.3809    2.4434    1.0918
[1] 6600.0000    0.0000    0.8710    0.1838    1.7049    0.9001
[1] 6700.0000    0.0000    0.9599   -1.6046    3.5025    0.9404
[1] 6800.0000    0.0993    0.8642   -0.0740    2.0640    1.0905
[1] 6900.0000    0.0000    0.9607   -0.8872    2.9171    0.8534
[1] 7000.0000    0.0000    0.8521   -0.2249    2.2133    1.0680
[1] 7100.0000    0.0000    0.9857    0.1684    1.7907    1.0571
[1] 7200.0000    0.0000    0.8247   -0.3107    2.3584    0.8913
[1] 7300.0000    0.0000    0.9346    0.1550    1.8229    1.1740
[1] 7400.0000    0.0000    0.8045   -0.6690    2.6049    0.8734
[1] 7500.0000    0.0000    0.8475   -1.7363    3.6413    1.0597
[1] 7600.0000    0.0000    0.9493   -0.5566    2.5160    0.9281
[1] 7700.0000    0.0000    0.8440   -2.0484    4.0707    0.8976
[1] 7800.0000    0.0000    0.8367    0.5125    1.4186    0.9006
[1] 7900.0000    0.0000    0.8303    0.2004    1.7675    0.8084
[1] 8000.0000    0.0000    0.9309    0.0868    1.8166    1.0835
[1] 8100.0000    0.0000    0.8046    0.1127    1.8628    1.1128
[1] 8200.0000    0.0000    0.9207   -0.3635    2.3164    1.1282
[1] 8300.0000    0.0000    0.8222   -0.3865    2.3456    0.8438
[1] 8400.0000    0.0000    0.9658   -0.5044    2.3735    0.9286
[1] 8500.0000    0.0000    0.8325   -0.6302    2.6589    1.0750
[1] 8600.0000    0.0000    0.8576   -1.1177    3.0531    1.0835
[1] 8700.0000    0.0000    0.8940   -1.0303    2.9952    1.0236
[1] 8800.0000    0.0000    0.9735   -0.9188    2.8003    1.0381
[1] 8900.0000    0.0000    0.8248    0.2685    1.6706    1.0728
[1] 9000.0000    0.0000    0.8301   -0.1551    2.0769    1.1387
[1] 9100.0000    0.0000    0.8755   -0.7601    2.7512    0.8812
[1] 9200.0000    0.0000    0.8755   -0.7601    2.7512    0.8812
[1] 9300.0000    0.0000    0.9270   -0.7658    2.7602    1.1117
[1] 9400.0000    0.0000    0.8413    0.4608    1.4387    1.0761
[1] 9500.0000    0.0000    0.8817   -0.6627    2.5035    1.0875
[1] 9600.0000    0.0000    0.8149    0.0930    1.8649    0.9056
[1] 9700.0000    0.0000    0.8918    1.0473    0.8590    0.8845
[1] 9800.0000    0.0000    0.8667    0.4762    1.4530    0.9410
[1] 9900.0000    0.0000    0.9876    1.2853    0.6785    0.9739
[1] 10000.0000     0.3539     0.9984    -0.5077     2.4515     0.9987
[1] 10100.0000     0.0001     0.9390    -0.2148     2.1687     1.0815
[1] 10200.0000     0.0000     0.8133    -0.3705     2.2817     1.1117
[1] 10300.0000     0.0645     0.9549     1.5486     0.4956     0.8021
[1] 10400.0000     0.0000     0.9109    -0.0908     2.0159     0.9653
[1] 10500.0000     0.0000     0.9828     0.8544     1.1012     0.8036
[1] 10600.0000     0.0000     0.9506     0.3143     1.6102     0.8638
[1] 10700.0000     0.0000     0.8398     0.6163     1.3593     1.0590
[1] 10800.0000     1.0000     0.8056     0.1276     1.9127     0.8503
[1] 10900.0000     0.0000     0.9660     0.3054     1.7572     1.1970
[1] 1.100e+04 3.305e-01 8.012e-01 3.897e-01 1.666e+00 9.407e-01
[1] 11100.0000     0.0000     0.9587    -0.6399     2.5653     0.9308
[1] 11200.0000     0.0047     0.9645    -0.2929     2.1329     0.8187
[1] 11300.0000     0.0000     0.9481    -0.4269     2.3105     1.1448
[1] 11400.0000     0.0000     0.9548     0.7459     1.2373     1.0047
[1] 11500.0000     0.0000     0.8034    -0.3609     2.3096     0.8501
[1] 11600.0000     0.0000     0.9104    -0.1385     2.1323     0.8269
[1] 11700.0000     0.0001     0.9616     0.3911     1.5788     1.1733
[1] 11800.0000     0.0000     0.8027    -0.6714     2.6220     0.8530
[1] 11900.0000     0.0000     0.8460    -1.0804     3.0281     0.8150
[1] 12000.0000     0.0000     0.8014    -0.4297     2.3759     1.0595
[1] 12100.0000     0.0000     0.8005    -0.5600     2.4783     0.8375
[1] 12200.0000     0.0922     0.9853     0.1284     1.8793     1.1443
[1] 12300.0000     0.0000     0.8010     0.1450     1.8548     0.8810
[1] 12400.0000     0.1588     0.8019    -0.9915     3.0044     1.1971
[1] 12500.0000     0.0000     0.8059    -0.0066     1.9893     1.1427
[1] 12600.0000     0.0000     0.8126    -0.1483     2.2376     1.1805
[1] 12700.0000     0.0000     0.9614    -0.6083     2.4180     0.8958
[1] 12800.0000     0.0000     0.8257    -0.7460     2.7408     0.8904
[1] 12900.0000     0.0109     0.8545    -0.5727     2.5760     1.0312
[1] 13000.0000     0.0000     0.8069     0.3300     1.5911     1.0997
[1] 13100.0000     0.0000     0.9404     1.0941     0.8735     0.9822
[1] 13200.0000     0.0000     0.8843    -0.0332     2.0180     0.9997
[1] 13300.0000     0.0000     0.8427    -0.2720     2.1931     1.0281
[1] 13400.0000     0.0000     0.9882     0.0037     1.9346     1.1072
[1] 13500.0000     0.0000     0.8466    -0.6310     2.6172     0.8143
[1] 13600.0000     0.0000     0.8917     0.3916     1.6058     1.0301
[1] 13700.0000     0.0000     0.8561    -0.0217     1.9865     0.9281
[1] 13800.0000     0.0000     0.8787    -0.8313     2.7798     1.0611
[1] 13900.0000     0.0000     0.8573    -0.6000     2.5749     0.8372
[1] 14000.0000     0.0000     0.9588     0.1145     1.7686     0.9662
[1] 14100.0000     0.0000     0.8411     0.3747     1.4755     1.1804
[1] 14200.0000     0.0000     0.8479     0.5377     1.3801     0.8739
[1] 14300.0000     0.0000     0.8548    -0.4761     2.3738     0.8231
[1] 14400.0000     0.0407     0.8623     0.8800     1.0914     0.8985
[1] 14500.0000     1.0000     0.9833     0.4748     1.4794     1.1771
[1] 14600.0000     0.0000     0.8570    -0.0088     1.8965     1.1138
[1] 14700.0000     0.0000     0.8974    -0.2507     2.1330     1.0871
[1] 14800.0000     0.0000     0.9988     1.1198     0.8891     0.9067
[1] 14900.0000     0.0165     0.8051    -0.0550     2.0121     1.0614
[1] 15000.0000     0.0003     0.9447     0.1838     1.7156     0.8911
[1] 15100.0000     0.7589     0.8384     0.1970     1.7057     0.8510
[1] 15200.0000     0.0000     0.8242    -0.0436     1.9801     1.0800
[1] 15300.0000     0.3971     0.8059    -0.2852     2.3085     0.9091
[1] 15400.0000     0.0003     0.8072    -1.2324     3.2034     1.0717
[1] 15500.0000     0.0000     0.8701    -1.2651     3.2674     1.0212
[1] 15600.0000     0.0000     0.8520    -0.6555     2.7071     1.1912
[1] 15700.0000     0.0000     0.8475    -0.2054     2.1286     0.9690
[1] 15800.0000     0.0000     0.9108    -0.0775     2.0249     0.9068
[1] 15900.0000     0.0000     0.8876    -0.0521     1.9707     0.9067
[1] 16000.0000     0.0001     0.8124    -0.5841     2.5245     1.1160
[1] 16100.0000     0.0000     0.9566     1.0041     1.0212     1.0234
[1] 16200.0000     0.0000     0.9466     0.1215     1.7952     0.9477
[1] 16300.0000     0.0000     0.9158    -0.5048     2.5160     0.9491
[1] 16400.0000     0.0000     0.9401    -0.2813     2.2047     0.9237
[1] 16500.0000     0.3827     0.9646     0.2190     1.7035     1.1820
[1] 16600.0000     0.0000     0.8294    -0.6626     2.6815     0.8835
[1] 16700.0000     0.0000     0.9287     0.3265     1.5128     0.9633
[1] 16800.0000     0.0000     0.8621     0.0850     1.8340     1.1596
[1] 16900.0000     0.0000     0.8583     0.7038     1.2367     0.9158
[1] 17000.0000     0.0000     0.9790    -0.5167     2.4888     0.8822
[1] 17100.0000     0.0000     0.9305     0.5990     1.4032     0.9283
[1] 17200.0000     0.0000     0.9497     1.0065     0.8862     0.8252
[1] 17300.0000     1.0000     0.8396     0.0105     1.9377     1.0131
[1] 1.740e+04 0.000e+00 8.593e-01 1.413e-01 1.861e+00 1.145e+00
[1] 17500.0000     0.0000     0.9677    -0.0646     2.0296     1.1479
[1] 17600.0000     0.0000     0.8280     0.1609     1.7765     1.1486
[1] 17700.0000     0.0000     0.8794     0.5529     1.3902     0.9707
[1] 17800.0000     0.0000     0.9383    -0.6549     2.7613     1.0084
[1] 17900.0000     0.0000     0.9083    -0.2637     2.2737     0.9495
[1] 18000.0000     0.8697     0.9109     0.4898     1.5255     0.8712
[1] 18100.0000     0.0000     0.9461     0.4326     1.4215     0.9222
[1] 18200.0000     0.0003     0.8514     0.7828     1.1488     1.1386
[1] 18300.0000     0.0000     0.9012     0.4137     1.5766     1.0710
[1] 18400.0000     0.0000     0.9529     0.5431     1.4412     0.8173
[1] 18500.0000     0.0000     0.8451     0.3987     1.6374     0.9054
[1] 18600.0000     0.0000     0.8656    -0.0905     2.1177     0.8624
[1] 18700.0000     0.0000     0.8080    -0.5995     2.6075     0.9308
[1] 18800.0000     0.0000     0.8537     0.5877     1.3785     0.9005
[1] 18900.0000     0.0000     0.9024    -0.9429     2.8690     1.0613
[1] 19000.0000     0.0000     0.8770    -0.2910     2.3120     1.0394
[1] 19100.0000     0.0000     0.8142     0.0569     1.7794     1.0716
[1] 19200.0000     0.0000     0.8001     0.5728     1.3651     0.9641
[1] 19300.0000     0.0000     0.8035     0.3532     1.5882     1.0886
[1] 19400.0000     0.0000     0.8040     0.0082     2.0673     1.1551
[1] 19500.0000     0.0000     0.9654     0.1500     1.7797     0.9669
[1] 19600.0000     0.6143     0.9162    -1.0096     2.9944     0.8038
[1] 19700.0000     0.0000     0.8982    -0.0535     1.9115     1.1826
[1] 19800.0000     0.0000     0.9408     0.5981     1.4033     0.9927
[1] 19900.0000     0.0000     0.9981    -0.1572     2.1367     1.0280
[1] 20000.0000     0.0000     0.8609    -0.7339     2.6957     1.1764
[1] 20100.0000     0.0000     0.9080     0.6183     1.3882     1.0402
[1] 20200.0000     0.8547     0.9840    -0.3369     2.3050     1.1380
[1] 20300.0000     0.0000     0.8028    -0.1709     2.1988     0.9708
[1] 20400.0000     0.0034     0.9072    -0.1267     2.0732     0.9991
[1] 20500.0000     0.0000     0.9083    -1.1651     3.1768     0.8030
[1] 20600.0000     0.7966     0.9169    -0.5507     2.5472     1.1057
[1] 20700.0000     1.0000     0.8107     0.1246     1.7605     1.0874
[1] 20800.0000     0.0000     0.9606    -0.7187     2.7311     1.0886
[1] 20900.0000     0.0000     0.9109     0.1613     1.8232     0.9980
[1] 21000.0000     0.0000     0.9912     0.7268     1.2251     1.0875
[1] 21100.0000     0.0000     0.9732    -0.6195     2.5507     0.8253
[1] 21200.0000     0.0288     0.8263     0.3982     1.5637     1.1324
[1] 21300.0000     0.0000     0.8399    -0.3887     2.2498     1.0171
[1] 21400.0000     0.0001     0.9719     0.3660     1.5784     0.9071
[1] 21500.0000     0.0000     0.9375    -0.0707     1.9215     1.0777
[1] 21600.0000     0.0000     0.8010    -0.4071     2.3280     1.1966
[1] 21700.0000     0.0000     0.8416    -1.0046     3.0076     1.0860
[1] 21800.0000     0.0000     0.8218    -0.3871     2.4616     1.1739
[1] 2.190e+04 0.000e+00 9.408e-01 5.026e-01 1.403e+00 9.421e-01
[1] 22000.0000     0.0000     0.8850     1.0763     0.9459     0.9555
[1] 22100.0000     0.0000     0.9825    -0.5409     2.5139     1.1195
[1] 22200.0000     0.0000     0.9349    -0.4129     2.2964     0.9881
[1] 22300.0000     0.0003     0.8584    -0.1868     2.1400     0.9367
[1] 22400.0000     0.0000     0.9494    -0.0787     2.0391     0.9207
[1] 22500.0000     0.0009     0.9610     1.0435     0.9325     0.9963
[1] 22600.0000     0.0000     0.8858    -0.3099     2.3816     0.9064
[1] 22700.0000     0.0000     0.8271     0.1465     1.7207     1.1968
[1] 22800.0000     0.0000     0.9630    -0.1510     2.1864     0.9437
[1] 22900.0000     0.0000     0.9207     0.6089     1.2589     0.8362
[1] 23000.0000     0.0000     0.8448     0.1425     1.7771     1.1964
[1] 23100.0000     0.0000     0.9231    -0.1257     2.1038     0.8179
[1] 23200.0000     0.0000     0.8288    -0.5626     2.5658     0.8616
[1] 23300.0000     0.0753     0.8966    -0.2001     2.1082     1.0199
[1] 23400.0000     0.0000     0.9418     0.5726     1.3764     0.8205
[1] 23500.0000     0.0000     0.8934    -0.3507     2.3159     1.1391
[1] 23600.0000     0.0000     0.8360     0.6543     1.2887     0.8406
[1] 23700.0000     0.0000     0.8580     0.7161     1.2928     0.8494
[1] 2.380e+04 0.000e+00 9.509e-01 9.176e-01 9.350e-01 9.516e-01
[1] 23900.0000     0.0000     0.8157     0.3855     1.5515     0.8034
[1] 24000.0000     0.0000     0.9653    -0.0187     1.9285     0.9324
[1] 24100.0000     0.0000     0.8643    -1.7448     3.6983     0.9462
[1] 24200.0000     0.0000     0.8399     0.0238     1.8303     1.0287
[1] 24300.0000     0.0000     0.8805    -0.9263     2.8765     1.0014
[1] 24400.0000     0.0106     0.9020     0.7756     1.3108     1.0534
[1] 24500.0000     0.0000     0.9064     0.8154     1.0935     0.8345
[1] 24600.0000     0.0000     0.9062     0.3141     1.5971     0.8877
[1] 24700.0000     0.0000     0.9025    -0.5677     2.5334     0.8040
[1] 24800.0000     0.0000     0.8109     0.0289     1.9481     1.1899
[1] 24900.0000     0.0000     0.9495    -0.2451     2.1263     0.8626
[1] 25000.0000     0.0000     0.9628     0.3562     1.5876     0.9362
[1] 25100.0000     0.0000     0.9605     0.7708     1.1264     1.0743
[1] 25200.0000     0.0000     0.8184    -0.2336     2.2079     0.8574
[1] 25300.0000     0.7631     0.8151     0.0964     1.7599     1.0748
[1] 25400.0000     1.0000     0.8988    -0.9207     2.8491     1.0888
[1] 25500.0000     0.0000     0.8147     0.4906     1.4593     1.1844
[1] 25600.0000     0.0000     0.8978    -0.0149     1.9823     1.1142
[1] 25700.0000     0.0000     0.8060     0.9494     1.0287     0.8422
[1] 25800.0000     0.0000     0.8043    -0.2096     2.2217     0.8730
[1] 25900.0000     0.8383     0.8632    -0.2794     2.1626     1.1254
[1] 26000.0000     0.4079     0.9492    -0.9522     3.0131     1.0058
[1] 26100.0000     0.0000     0.9196    -0.4073     2.2571     1.1722
[1] 26200.0000     0.0000     0.9768    -0.4918     2.3864     0.9801
[1] 26300.0000     0.0000     0.8530    -0.4270     2.4199     1.0678
[1] 26400.0000     0.0000     0.8767     0.4281     1.5571     0.8041
[1] 26500.0000     0.0248     0.8611    -0.0870     2.0442     1.1675
[1] 26600.0000     0.0000     0.9293    -1.0806     3.1865     0.8497
[1] 26700.0000     0.0002     0.9890     0.3225     1.5477     0.9390
[1] 26800.0000     0.0000     0.8180    -0.8617     2.8398     0.8719
[1] 26900.0000     0.0000     0.8586    -0.7477     2.6496     1.0581
[1] 27000.0000     0.0000     0.8102    -0.0615     2.0250     1.1325
[1] 27100.0000     0.6061     0.8553     0.2747     1.7092     1.0993
[1] 27200.0000     0.0000     0.8628    -0.5610     2.5402     1.0265
[1] 27300.0000     0.0000     0.9326     0.1602     1.7926     0.8298
[1] 27400.0000     0.0000     0.8182    -0.5367     2.4249     1.1040
[1] 27500.0000     0.0000     0.8463     0.2016     1.8673     0.8762
[1] 27600.0000     0.0000     0.8732     1.0289     0.9630     0.9172
[1] 27700.0000     0.0000     0.8768    -0.1333     2.1691     1.0202
[1] 27800.0000     0.0000     0.8338    -0.1129     2.0504     0.9440
[1] 2.790e+04 1.000e+00 8.904e-01 2.270e-01 1.717e+00 9.276e-01
[1] 28000.0000     0.0000     0.8025    -0.3993     2.3549     0.9240
[1] 28100.0000     0.0000     0.9262     0.9258     1.0855     1.0710
[1] 28200.0000     0.0000     0.9683     0.4150     1.5356     0.8917
[1] 28300.0000     0.0000     0.9886    -0.8912     2.7895     1.1843
[1] 28400.0000     1.0000     0.9594    -0.6122     2.5656     0.8105
[1] 2.850e+04 0.000e+00 8.678e-01 2.912e-01 1.645e+00 8.688e-01
[1] 28600.0000     0.0000     0.9775    -0.2564     2.1449     0.9079
[1] 28700.0000     0.0000     0.8546     0.0664     1.7925     0.9787
[1] 2.880e+04 0.000e+00 8.104e-01 2.521e-01 1.671e+00 1.194e+00
[1] 28900.0000     0.0000     0.9040     0.0351     1.7637     0.8375
[1] 29000.0000     0.0000     0.9277    -0.1202     2.0965     1.1735
[1] 29100.0000     0.0000     0.8445    -0.4794     2.4924     0.8871
[1] 29200.0000     0.0214     0.9367     1.1023     0.8246     1.1465
[1] 29300.0000     0.0003     0.9749     0.7594     1.1436     0.9782
[1] 29400.0000     0.0000     0.9394     0.8982     0.9607     1.1754
[1] 29500.0000     0.0000     0.8294     0.1813     1.8766     1.1769
[1] 29600.0000     0.0000     0.8335     0.1945     1.7416     1.1940
[1] 29700.0000     0.0000     0.9991    -0.2178     2.1383     0.9357
[1] 29800.0000     0.0000     0.8030    -0.6743     2.7019     0.9421
[1] 29900.0000     1.0000     0.9798    -0.8154     2.7492     1.0014
[1] 30000.0000     0.0000     0.9250     1.9441    -0.0530     1.0393
[1] 0.0699172
Time difference of 3.94547 hours
null device 
          1 
