[1] "El numero de nodos X particion es: 10"
[1] "Model = M2 / Data = sim_data/datasetSVCExponential25.Rdata"
[1] 100.0000   0.0042   0.9429  -0.0128   1.5595   1.1970
[1] 200.0000   0.8342   0.9804  -0.2538   1.4745   1.0297
[1] 300.0000   0.7461   0.8776  -0.2935   1.6208   1.0665
[1] 400.0000   0.0047   0.8651  -0.1486   1.6744   1.0074
[1] 500.0000   1.0000   0.8902  -0.2911   1.4848   0.8863
[1] 600.0000   0.0025   0.8693  -0.1676   1.5123   1.0610
[1] 700.0000   1.0000   0.8087  -0.1690   1.6575   1.0605
[1] 800.0000   0.4004   0.8830  -0.2295   1.5638   0.9772
[1] 900.0000   1.0000   0.9357  -0.2538   1.5488   1.0743
[1] 1000.0000    1.0000    0.9692   -0.1644    1.5948    0.9576
[1] 1100.0000    0.0234    0.8326   -0.2691    1.5038    1.0285
[1] 1200.0000    1.0000    0.8603   -0.2137    1.6254    0.9164
[1] 1300.0000    0.9581    0.8617   -0.2710    1.6372    1.0550
[1] 1400.0000    0.1642    0.8624   -0.3176    1.5348    0.9686
[1] 1500.0000    0.1009    0.9672   -0.2214    1.5890    1.1986
[1] 1600.0000    0.1503    0.8099   -0.2152    1.6312    1.0178
[1] 1700.0000    0.0139    0.9259   -0.3055    1.5051    1.0764
[1] 1800.0000    0.0030    0.9234   -0.2505    1.6241    1.1307
[1] 1900.0000    0.0954    0.9957   -0.1851    1.6215    1.1822
[1] 2000.0000    1.0000    0.8107   -0.2052    1.5769    0.8113
[1] 2100.0000    1.0000    0.8081   -0.1872    1.6329    0.9300
[1] 2200.0000    0.1654    0.8580   -0.1740    1.6304    1.0161
[1] 2300.0000    0.4755    0.9707   -0.1787    1.5077    1.1994
[1] 2400.0000    0.5097    0.9764   -0.1725    1.6068    1.0594
[1] 2500.0000    0.9856    0.9002   -0.1966    1.5213    1.1531
[1] 2600.0000    0.1763    0.8617   -0.2344    1.4983    0.8044
[1] 2700.0000    1.0000    0.8052   -0.1744    1.5548    0.8603
[1] 2800.0000    0.1741    0.8906   -0.3047    1.6194    0.8787
[1] 2900.0000    0.2094    0.8994   -0.2785    1.5381    1.0050
[1] 3000.0000    0.0941    0.8033   -0.1840    1.6924    1.0418
[1] 3100.0000    0.4652    0.8265   -0.2052    1.5430    1.1652
[1] 3200.0000    1.0000    0.9676   -0.1799    1.5827    1.1339
[1] 3300.0000    0.1223    0.9877   -0.1881    1.5516    0.9428
[1] 3400.0000    0.0759    0.9515   -0.2592    1.4056    1.1198
[1] 3500.0000    0.9865    0.9338   -0.1820    1.5419    0.8830
[1] 3600.0000    1.0000    0.8553   -0.1901    1.5898    1.1349
[1] 3700.0000    0.1139    0.8898   -0.1975    1.5526    1.0833
[1] 3800.0000    0.5091    0.9791   -0.2903    1.4913    1.0179
[1] 3900.0000    1.0000    0.8173   -0.2127    1.5295    1.1134
[1] 4000.0000    0.3535    0.9388   -0.1513    1.4498    0.8131
[1] 4100.0000    0.2640    0.8388   -0.1878    1.5752    0.8864
[1] 4200.0000    0.2533    0.9756   -0.2888    1.5212    0.9752
[1] 4300.0000    0.0578    0.9986   -0.2376    1.5555    0.9026
[1] 4400.0000    0.4633    0.8372   -0.0964    1.6197    1.0492
[1] 4500.0000    1.0000    0.8410   -0.1619    1.6263    1.1520
[1] 4600.0000    0.2044    0.8039   -0.1934    1.5365    1.1669
[1] 4700.0000    0.0035    0.8767   -0.2835    1.4888    1.1619
[1] 4800.0000    0.1666    0.8536   -0.3429    1.4942    1.1437
[1] 4900.0000    0.1213    0.8138   -0.1015    1.6204    1.0924
[1] 5000.0000    0.2360    0.8079   -0.1221    1.5352    0.9328
[1] 5100.0000    1.0000    0.8496   -0.2237    1.6245    0.8317
[1] 5200.0000    0.0092    0.8350   -0.2087    1.7426    1.0935
[1] 5300.0000    1.0000    0.8379   -0.2097    1.5908    1.0434
[1] 5400.0000    0.9518    0.8515   -0.2380    1.5605    1.1120
[1] 5500.0000    0.1644    0.8506   -0.2311    1.5732    1.1979
[1] 5600.0000    0.0052    0.9095   -0.3471    1.5423    0.9324
[1] 5700.0000    0.3247    0.9403   -0.1900    1.5068    0.9236
[1] 5800.0000    0.2233    0.8612   -0.2273    1.6221    1.0327
[1] 5900.0000    0.8668    0.8759   -0.2618    1.4203    1.0113
[1] 6000.0000    0.6506    0.8325   -0.2942    1.5110    0.8825
[1] 6100.0000    0.1080    0.9025   -0.2144    1.6141    0.9119
[1] 6200.0000    1.0000    0.8336   -0.1414    1.4718    0.9759
[1] 6300.0000    0.1994    0.8421   -0.2011    1.7020    0.8693
[1] 6400.0000    0.8896    0.9022   -0.2809    1.4953    0.8332
[1] 6500.0000    1.0000    0.9478   -0.2052    1.5601    1.0656
[1] 6600.0000    0.2828    0.8918   -0.2239    1.5959    1.0184
[1] 6700.0000    0.0322    0.8229   -0.1586    1.5645    1.0410
[1] 6800.0000    1.0000    0.8496   -0.2833    1.4866    0.9728
[1] 6900.0000    0.3660    0.9401   -0.2557    1.4982    0.9220
[1] 7000.0000    0.4447    0.9910   -0.2763    1.5559    1.0078
[1] 7100.0000    0.5884    0.8440   -0.1941    1.6192    0.9302
[1] 7200.0000    0.4334    0.8343   -0.2590    1.5111    0.9512
[1] 7300.0000    0.7549    0.9616   -0.2343    1.5908    0.8824
[1] 7400.0000    0.0071    0.8164   -0.3324    1.4810    0.8600
[1] 7500.0000    0.3589    0.8682   -0.2297    1.5872    0.9160
[1] 7600.0000    0.3821    0.8898   -0.2576    1.4853    1.1032
[1] 7700.0000    0.0535    0.8552   -0.2497    1.6061    1.0850
[1] 7800.0000    0.1660    0.8812   -0.1950    1.5812    1.0536
[1] 7900.0000    0.0938    0.8037   -0.2284    1.4943    1.1632
[1] 8000.0000    0.2856    0.9186   -0.2553    1.4310    1.0026
[1] 8100.0000    0.0234    0.8269   -0.2086    1.6806    0.9544
[1] 8200.0000    1.0000    0.8333   -0.1418    1.6088    1.0261
[1] 8300.0000    1.0000    0.8444   -0.1435    1.6347    1.1155
[1] 8400.0000    0.7998    0.8563   -0.2946    1.5356    1.0967
[1] 8500.0000    0.0132    0.8507   -0.3230    1.4563    1.0895
[1] 8600.0000    0.3134    0.8918   -0.2965    1.6287    1.0114
[1] 8700.0000    0.1157    0.8293   -0.3433    1.4686    0.8767
[1] 8800.0000    1.0000    0.9324   -0.2406    1.4962    0.8066
[1] 8900.0000    0.5079    0.9431   -0.1291    1.6524    1.1381
[1] 9000.0000    0.0060    0.9025   -0.2952    1.5893    0.9096
[1] 9100.0000    0.5982    0.9156   -0.1600    1.5642    1.0916
[1] 9200.0000    1.0000    0.9069   -0.2759    1.5345    1.1995
[1] 9300.0000    0.0640    0.8689   -0.1863    1.6680    0.9976
[1] 9400.0000    0.3992    0.8458   -0.1421    1.4643    1.0091
[1] 9500.0000    0.0052    0.8817   -0.2538    1.5940    1.0875
[1] 9600.0000    0.2560    0.8149   -0.2750    1.5523    0.9056
[1] 9700.0000    0.1181    0.8614   -0.1786    1.5053    0.9692
[1] 9800.0000    1.0000    0.8213   -0.1767    1.5375    0.8104
[1] 9900.0000    0.0015    0.9529   -0.1596    1.5823    0.9335
[1] 10000.0000     0.9676     0.8618    -0.2675     1.4677     0.8032
[1] 10100.0000     0.7790     0.9049    -0.2002     1.6569     1.0751
[1] 10200.0000     0.8826     0.9808    -0.3079     1.5391     0.8342
[1] 10300.0000     0.1155     0.8120    -0.0780     1.5940     0.8804
[1] 10400.0000     0.0166     0.8213    -0.2029     1.5180     1.0055
[1] 10500.0000     1.0000     0.8159    -0.2946     1.6252     1.1284
[1] 10600.0000     1.0000     0.8189    -0.1446     1.5589     1.1530
[1] 10700.0000     0.6321     0.8531    -0.2729     1.5742     0.8181
[1] 10800.0000     1.0000     0.8056    -0.1933     1.6289     0.8503
[1] 10900.0000     0.0217     0.8264    -0.2777     1.5978     1.1140
[1] 11000.0000     0.8245     0.8012    -0.2238     1.6465     0.9407
[1] 11100.0000     0.1198     0.8902    -0.1957     1.6100     0.9114
[1] 11200.0000     0.4220     0.8055    -0.3112     1.5273     0.9767
[1] 11300.0000     0.3817     0.9738    -0.2722     1.5706     1.1215
[1] 11400.0000     0.3379     0.8940    -0.2478     1.5154     0.9892
[1] 11500.0000     0.0081     0.9311    -0.2903     1.4902     0.8792
[1] 11600.0000     0.9473     0.9382    -0.3281     1.4446     0.8033
[1] 11700.0000     1.0000     0.8766    -0.2294     1.5424     0.9110
[1] 11800.0000     0.1491     0.8440    -0.2274     1.5158     0.8198
[1] 11900.0000     0.1232     0.8272    -0.1648     1.5580     0.8962
[1] 12000.0000     1.0000     0.9595    -0.2623     1.4753     1.1960
[1] 12100.0000     0.5868     0.9452    -0.2822     1.5500     0.8400
[1] 12200.0000     0.3076     0.8496    -0.2084     1.4336     0.8460
[1] 12300.0000     0.5937     0.9337    -0.1027     1.6025     1.0573
[1] 12400.0000     0.4550     0.8046    -0.2313     1.4327     0.8797
[1] 12500.0000     0.0540     0.9120    -0.0667     1.6132     1.1259
[1] 12600.0000     1.0000     0.9564    -0.2317     1.5843     1.1675
[1] 12700.0000     0.0017     0.9614    -0.2378     1.7334     0.8958
[1] 12800.0000     0.0019     0.8033    -0.3400     1.5430     0.8910
[1] 12900.0000     0.2282     0.8554    -0.3474     1.5132     0.9712
[1] 13000.0000     0.2903     0.8069    -0.2077     1.5654     1.0997
[1] 13100.0000     0.0887     0.9404    -0.3296     1.5564     0.9822
[1] 13200.0000     1.0000     0.9955    -0.2486     1.4922     0.8578
[1] 13300.0000     0.1345     0.8522    -0.1695     1.6103     1.0074
[1] 13400.0000     0.0102     0.9485    -0.1686     1.4213     1.0271
[1] 13500.0000     0.0020     0.8240    -0.2691     1.6521     1.0099
[1] 13600.0000     0.0624     0.8917    -0.2986     1.5175     1.0301
[1] 13700.0000     0.3395     0.8295    -0.2840     1.5545     1.1457
[1] 13800.0000     0.8737     0.8254    -0.1928     1.4564     0.9444
[1] 13900.0000     0.6575     0.8125    -0.2497     1.5025     1.1546
[1] 14000.0000     1.0000     0.9598    -0.2375     1.5472     0.8043
[1] 14100.0000     0.0017     0.9236    -0.1500     1.6881     0.9106
[1] 14200.0000     1.0000     0.9100    -0.1553     1.5708     1.1948
[1] 14300.0000     0.1248     0.9874    -0.3060     1.6440     0.9095
[1] 14400.0000     0.7763     0.8984    -0.2259     1.5668     1.1866
[1] 14500.0000     0.3598     0.8302    -0.3042     1.5546     1.1813
[1] 14600.0000     0.0793     0.8329    -0.2137     1.5540     0.9630
[1] 14700.0000     1.0000     0.8840    -0.0922     1.5198     1.0394
[1] 14800.0000     0.0028     0.8106    -0.2787     1.5518     1.0978
[1] 14900.0000     0.7058     0.9485    -0.2466     1.5560     1.1960
[1] 15000.0000     0.0004     0.8802    -0.2901     1.5082     0.9805
[1] 15100.0000     0.1930     0.9112    -0.1347     1.5700     1.0503
[1] 15200.0000     0.0892     0.8360    -0.2478     1.5428     1.1579
[1] 15300.0000     0.9977     0.8282    -0.2730     1.5799     1.1177
[1] 15400.0000     0.2599     0.8005    -0.2500     1.5840     0.8812
[1] 15500.0000     0.1893     0.9013    -0.2424     1.4900     1.0728
[1] 15600.0000     0.2643     0.8379    -0.2006     1.5285     0.9455
[1] 15700.0000     0.3909     0.9225    -0.1527     1.5143     0.9294
[1] 15800.0000     0.5511     0.9774    -0.1356     1.6306     1.1822
[1] 15900.0000     0.0554     0.8646    -0.2174     1.5782     1.1215
[1] 16000.0000     0.4386     0.9761    -0.2128     1.5971     1.0600
[1] 16100.0000     0.3642     0.9477    -0.2864     1.4387     0.9420
[1] 16200.0000     1.0000     0.8455    -0.2553     1.5663     1.0509
[1] 16300.0000     0.5819     0.9029    -0.1574     1.5936     1.0365
[1] 16400.0000     1.0000     0.8844    -0.1840     1.5334     1.1913
[1] 16500.0000     0.2252     0.8273    -0.1713     1.6374     0.8232
[1] 16600.0000     0.3577     0.8568    -0.3187     1.5516     1.0645
[1] 16700.0000     0.7556     0.9070    -0.2933     1.5275     1.1930
[1] 16800.0000     0.2877     0.8165    -0.2380     1.4802     1.0376
[1] 16900.0000     0.0287     0.8221    -0.2298     1.5373     1.1575
[1] 17000.0000     0.3482     0.8119    -0.1695     1.5541     0.9369
[1] 17100.0000     0.1084     0.9262    -0.0600     1.5396     0.9696
[1] 17200.0000     1.0000     0.8059    -0.2260     1.5012     1.0244
[1] 17300.0000     1.0000     0.8396    -0.3405     1.4492     1.0131
[1] 17400.0000     0.2319     0.8470    -0.2456     1.6995     1.1018
[1] 17500.0000     0.7108     0.8406    -0.2675     1.5103     0.9718
[1] 17600.0000     1.0000     0.9918    -0.2590     1.5185     0.8969
[1] 17700.0000     0.0173     0.8794    -0.2758     1.4291     0.9707
[1] 17800.0000     0.9078     0.9968    -0.2430     1.5584     0.8268
[1] 17900.0000     0.0478     0.9291    -0.3012     1.5878     0.9192
[1] 18000.0000     0.4109     0.9109    -0.1448     1.6475     0.8712
[1] 18100.0000     1.0000     0.8499    -0.2421     1.5289     1.0097
[1] 18200.0000     0.3366     0.8127    -0.1277     1.6574     0.8547
[1] 18300.0000     0.6383     0.9706    -0.2293     1.5875     1.1685
[1] 18400.0000     0.0018     0.9243    -0.2799     1.5280     1.1066
[1] 18500.0000     1.0000     0.8751    -0.2157     1.5813     0.8892
[1] 18600.0000     0.1980     0.8121    -0.2223     1.6137     0.9608
[1] 18700.0000     0.0132     0.8306    -0.1563     1.5453     0.9156
[1] 18800.0000     0.3616     0.8360    -0.2030     1.6165     0.8264
[1] 18900.0000     0.3406     0.8387    -0.3254     1.5190     0.8037
[1] 19000.0000     1.0000     0.8087    -0.2241     1.6020     1.1060
[1] 19100.0000     0.1292     0.9272    -0.2782     1.6660     0.8583
[1] 19200.0000     0.5016     0.8319    -0.2946     1.3977     1.0132
[1] 19300.0000     0.1182     0.9020    -0.2915     1.5865     1.0537
[1] 19400.0000     1.0000     0.8507    -0.2791     1.5753     0.9744
[1] 19500.0000     0.0039     0.8243    -0.1564     1.5318     0.8751
[1] 19600.0000     0.5501     0.8948    -0.2123     1.5703     1.0740
[1] 19700.0000     0.4348     0.8293    -0.1717     1.4880     1.0022
[1] 19800.0000     0.1715     0.9869    -0.1822     1.6677     0.9076
[1] 19900.0000     1.0000     0.9655    -0.1759     1.6815     0.8660
[1] 20000.0000     1.0000     0.9605    -0.2336     1.5701     0.8244
[1] 20100.0000     0.0002     0.8373    -0.1919     1.6495     0.9737
[1] 20200.0000     0.1584     0.9282    -0.3008     1.5938     0.9678
[1] 20300.0000     1.0000     0.9019    -0.2058     1.4910     1.0263
[1] 20400.0000     1.0000     0.8446    -0.2554     1.5907     1.0333
[1] 20500.0000     1.0000     0.8702    -0.2571     1.5960     0.9048
[1] 20600.0000     0.3120     0.9169    -0.2683     1.6532     1.1057
[1] 20700.0000     1.0000     0.8107    -0.0978     1.6127     1.0874
[1] 20800.0000     1.0000     0.9981    -0.2764     1.6535     1.0246
[1] 20900.0000     0.8109     0.9455    -0.2517     1.6349     1.1141
[1] 21000.0000     0.1565     0.8708    -0.1854     1.5194     1.1617
[1] 21100.0000     0.4452     0.8682    -0.3011     1.5127     1.1577
[1] 21200.0000     0.3552     0.8666    -0.2655     1.5324     0.8704
[1] 21300.0000     0.3589     0.8214    -0.2506     1.5077     1.0391
[1] 21400.0000     1.0000     0.8276    -0.1583     1.5349     0.8233
[1] 21500.0000     0.5576     0.8291    -0.2382     1.4785     1.0581
[1] 21600.0000     0.2228     0.8069    -0.2548     1.5742     0.8555
[1] 21700.0000     0.3646     0.9180    -0.2754     1.5426     0.9753
[1] 21800.0000     0.5687     0.8443    -0.1806     1.6101     0.9811
[1] 21900.0000     0.9398     0.9598    -0.2049     1.5873     0.8497
[1] 22000.0000     1.0000     0.8874    -0.1650     1.5412     1.0182
[1] 22100.0000     1.0000     0.8517    -0.2663     1.5457     0.9777
[1] 22200.0000     0.7729     0.8579    -0.2767     1.4979     0.8534
[1] 22300.0000     0.2008     0.9726    -0.3913     1.5642     0.8521
[1] 22400.0000     0.2194     0.8145    -0.2734     1.5358     0.8604
[1] 22500.0000     0.0351     0.8239    -0.2072     1.5682     1.1368
[1] 22600.0000     0.1400     0.8433    -0.1857     1.7069     1.1055
[1] 22700.0000     0.1092     0.8271    -0.2167     1.6521     1.1968
[1] 22800.0000     0.1827     0.8972    -0.1828     1.4604     1.0231
[1] 22900.0000     1.0000     0.8956    -0.2522     1.4200     1.1446
[1] 23000.0000     0.0181     0.8188    -0.2063     1.5121     1.0070
[1] 23100.0000     1.0000     0.8119    -0.2247     1.5542     1.0551
[1] 23200.0000     0.2064     0.8154    -0.1700     1.6411     0.9644
[1] 23300.0000     0.2545     0.9727    -0.1834     1.6207     0.9482
[1] 23400.0000     0.9812     0.8888    -0.2247     1.5785     1.0444
[1] 23500.0000     0.3675     0.8797    -0.1734     1.5950     0.8266
[1] 23600.0000     1.0000     0.8573    -0.2312     1.6219     0.9429
[1] 23700.0000     0.0740     0.8580    -0.2638     1.5377     0.8494
[1] 23800.0000     0.3526     0.9299    -0.2241     1.4490     1.0580
[1] 23900.0000     1.0000     0.8722    -0.1692     1.5256     0.8735
[1] 24000.0000     0.2225     0.8060    -0.2059     1.5121     1.1215
[1] 24100.0000     1.0000     0.9214    -0.3378     1.6379     0.8541
[1] 24200.0000     0.2180     0.9331    -0.3151     1.5148     1.1419
[1] 24300.0000     0.6028     0.8950    -0.1940     1.5802     0.9587
[1] 24400.0000     0.5406     0.9947    -0.1972     1.5802     0.9697
[1] 24500.0000     0.1764     0.8969    -0.1727     1.5898     1.0480
[1] 24600.0000     0.2375     0.9062    -0.2045     1.5620     0.8877
[1] 24700.0000     1.0000     0.9195    -0.1659     1.6530     0.8781
[1] 24800.0000     0.1351     0.8109    -0.2248     1.6061     1.1899
[1] 24900.0000     0.3856     0.9126    -0.3134     1.5953     1.0268
[1] 25000.0000     1.0000     0.8801    -0.1660     1.6180     0.8235
[1] 25100.0000     1.0000     0.8419    -0.2561     1.6539     0.8544
[1] 25200.0000     0.1317     0.8495    -0.2082     1.6195     1.1739
[1] 25300.0000     1.0000     0.8151    -0.3522     1.5063     1.0748
[1] 25400.0000     0.4234     0.8988    -0.1621     1.5077     1.0888
[1] 25500.0000     0.3465     0.8417    -0.1533     1.5547     0.8432
[1] 25600.0000     0.0097     0.9041    -0.2328     1.6721     1.0021
[1] 25700.0000     0.0850     0.8702    -0.2541     1.6060     1.0667
[1] 25800.0000     0.0836     0.8606    -0.1903     1.5818     0.8978
[1] 25900.0000     0.0782     0.8683    -0.1554     1.4866     0.8098
[1] 26000.0000     0.8267     0.9492    -0.1900     1.5394     1.0058
[1] 26100.0000     0.3545     0.8603    -0.1956     1.6654     0.9559
[1] 26200.0000     1.0000     0.8601    -0.1448     1.5818     0.9041
[1] 26300.0000     0.4875     0.8448    -0.2948     1.5205     0.9973
[1] 26400.0000     0.1127     0.8855    -0.1152     1.4600     1.0131
[1] 26500.0000     0.3458     0.8034    -0.2604     1.5728     1.1338
[1] 26600.0000     1.0000     0.8531    -0.2663     1.4874     1.1347
[1] 26700.0000     1.0000     0.8892    -0.2164     1.5499     0.9428
[1] 26800.0000     1.0000     0.9542    -0.2559     1.5817     1.1594
[1] 26900.0000     0.0132     0.9241    -0.2632     1.6066     1.0646
[1] 27000.0000     1.0000     0.8977    -0.2093     1.6498     0.8661
[1] 27100.0000     0.3096     0.8095    -0.1805     1.5567     1.0497
[1] 27200.0000     0.0539     0.8135    -0.3560     1.6187     0.8529
[1] 27300.0000     0.1432     0.9608    -0.2403     1.5789     0.8492
[1] 27400.0000     0.2634     0.8806    -0.2113     1.4294     1.0468
[1] 27500.0000     1.0000     0.8366    -0.2152     1.5293     1.0805
[1] 27600.0000     0.0210     0.9357    -0.1656     1.5900     0.9330
[1] 27700.0000     0.0189     0.8620    -0.0383     1.6698     1.0941
[1] 27800.0000     0.0735     0.8828    -0.1855     1.6198     1.1030
[1] 27900.0000     0.8495     0.8904    -0.1819     1.5847     0.9276
[1] 28000.0000     0.0090     0.9430    -0.2348     1.6227     0.9743
[1] 28100.0000     0.0469     0.9857    -0.2623     1.5773     0.9345
[1] 28200.0000     0.6270     0.9920    -0.1451     1.6305     1.1206
[1] 28300.0000     0.8015     0.8124    -0.2256     1.6312     0.9290
[1] 28400.0000     0.6458     0.9594    -0.2254     1.5080     0.8105
[1] 28500.0000     1.0000     0.8206    -0.1367     1.5971     1.0447
[1] 28600.0000     0.1180     0.8240    -0.2131     1.5766     0.9940
[1] 28700.0000     1.0000     0.9143    -0.2420     1.5683     0.8158
[1] 28800.0000     0.5639     0.9743    -0.2648     1.4996     0.8723
[1] 28900.0000     0.4666     0.9432    -0.3402     1.6077     0.8112
[1] 29000.0000     1.0000     0.8095    -0.2272     1.5883     1.0816
[1] 29100.0000     0.1605     0.9156    -0.1903     1.5877     0.8172
[1] 29200.0000     0.3370     0.8572    -0.2932     1.5437     1.0103
[1] 29300.0000     1.0000     0.9064    -0.2569     1.5490     1.0368
[1] 29400.0000     0.3521     0.9512    -0.1283     1.5267     1.1262
[1] 29500.0000     1.0000     0.8146    -0.1752     1.6545     0.8093
[1] 29600.0000     0.0430     0.8135    -0.1373     1.6559     0.8030
[1] 29700.0000     0.1464     0.8203    -0.2452     1.4813     1.1249
[1] 29800.0000     1.0000     0.8701    -0.2702     1.5777     0.8024
[1] 29900.0000     0.6070     0.9798    -0.2382     1.6288     1.0014
[1] 30000.0000     0.1593     0.8307    -0.2104     1.4903     1.0904
[1] 0.4957802
Time difference of 10.29859 hours
null device 
          1 
