[1] "El numero de nodos X particion es: 10"
[1] "Model = M2 / Data = sim_data/datasetSVIMatern7.Rdata"
[1] 100.0000   1.0000   0.8291   0.0700   1.9907   0.9331
[1] 200.0000   0.2660   0.8487   0.2965   1.7609   0.8384
[1] 300.0000   0.7399   0.8776   0.2356   1.8279   1.0665
[1] 400.0000   0.0087   0.9217  -0.1267   2.1205   0.9692
[1] 500.0000   0.0000   0.8350   0.8100   1.2065   0.9084
[1] 600.0000   0.1334   0.9748   0.1804   1.7118   1.0386
[1] 700.0000   0.0004   0.8999   0.4663   1.5991   1.0702
[1] 800.0000   0.0000   0.9999   0.5262   1.4865   1.0968
[1] 900.0000   0.0000   0.9606  -0.0241   2.0178   1.0158
[1] 1000.0000    0.0000    0.8209   -0.4536    2.4810    0.9374
[1] 1100.0000    0.0000    0.8924    0.9069    1.0136    0.9545
[1] 1200.0000    0.0809    0.8544    0.9684    1.1058    0.9984
[1] 1300.0000    0.0200    0.9805   -0.2263    2.2819    0.8049
[1] 1400.0000    0.0000    0.9303   -0.7860    2.6921    1.1894
[1] 1500.0000    0.0000    0.9584   -0.1212    2.1712    1.0940
[1] 1600.0000    0.0000    0.9658   -0.5058    2.4911    1.0950
[1] 1700.0000    0.0000    0.9419   -0.2541    2.3336    1.0966
[1] 1800.0000    0.0000    0.9376    0.2665    1.7693    0.8302
[1] 1900.0000    0.0000    0.8411   -0.9264    2.9518    1.0047
[1] 2000.0000    0.0000    0.9400   -0.0545    2.1082    1.1109
[1] 2100.0000    0.0000    0.8123   -1.0623    3.0302    1.1618
[1] 2200.0000    0.0000    0.8668    0.0340    2.0513    1.0989
[1] 2300.0000    0.0000    0.9142    0.6070    1.3739    0.8527
[1] 2400.0000    0.0000    0.9355    0.2714    1.7569    1.1578
[1] 2500.0000    0.0377    0.8909    0.5469    1.4229    1.1217
[1] 2600.0000    0.0000    0.8617   -0.4682    2.4077    0.8044
[1] 2700.0000    0.0000    0.8492   -0.9552    3.0756    0.9140
[1] 2800.0000    0.0827    0.9386    0.5043    1.5779    0.8695
[1] 2900.0000    0.0000    0.9057   -0.9595    2.9579    0.9581
[1] 3000.0000    0.0000    0.8454   -0.3638    2.4008    0.9669
[1] 3100.0000    0.0000    0.9411   -0.0242    1.9305    0.9915
[1] 3200.0000    0.0000    0.9190    0.3047    1.7318    0.9575
[1] 3300.0000    0.0000    0.9312    0.0981    1.9656    0.9302
[1] 3400.0000    0.2562    0.8983    1.0876    0.9922    1.1525
[1] 3500.0000    0.0000    0.8568    0.1775    1.7892    1.0820
[1] 3600.0000    0.0000    0.8846   -0.2173    2.1895    1.0977
[1] 3700.0000    0.4033    0.8237    0.4676    1.5731    0.8398
[1] 3800.0000    0.0000    0.9791    1.2079    0.7881    1.0179
[1] 3900.0000    0.0000    0.8319   -0.4532    2.5637    0.8180
[1] 4000.0000    0.0000    0.9448    0.0395    2.0094    1.0791
[1] 4100.0000    0.0000    0.8388   -0.2972    2.3661    0.8864
[1] 4200.0000    0.0000    0.9756   -0.2255    2.1970    0.9752
[1] 4300.0000    0.3291    0.8741   -1.1545    3.1556    1.1249
[1] 4400.0000    0.0000    0.9342    0.4933    1.5223    0.8818
[1] 4500.0000    0.3782    0.8410    0.2813    1.8156    1.1520
[1] 4600.0000    0.0000    0.9581    0.4717    1.6432    0.8180
[1] 4700.0000    0.0000    0.8536   -0.0363    2.0740    0.9410
[1] 4800.0000    0.0000    0.8977   -0.9737    2.9709    0.9517
[1] 4900.0000    0.0000    0.8114   -1.2582    3.2141    0.8255
[1] 5000.0000    0.0067    0.8074   -0.6922    2.5839    1.0307
[1] 5100.0000    0.0000    0.9679   -0.8113    2.7965    1.1951
[1] 5200.0000    0.0000    0.8051   -0.2032    2.3569    0.8965
[1] 5300.0000    0.0000    0.8845   -0.0339    2.0335    1.0022
[1] 5400.0000    0.0000    0.8536    0.2734    1.7643    0.9337
[1] 5500.0000    0.0000    0.8506    0.8547    1.1058    1.1979
[1] 5600.0000    0.0000    0.9929   -0.2132    2.1515    1.1085
[1] 5700.0000    0.0000    0.9445    0.3600    1.7190    1.0237
[1] 5800.0000    0.0000    0.8612   -0.7249    2.7861    1.0327
[1] 5900.0000    0.0000    0.8072   -1.0478    3.0638    1.1666
[1] 6000.0000    0.0000    0.9870   -0.1252    2.0915    1.0819
[1] 6100.0000    0.0000    0.8793    0.1410    1.8127    0.8792
[1] 6200.0000    0.0000    0.8741    0.0689    1.9141    0.8043
[1] 6300.0000    0.0000    0.9569    0.3702    1.7756    0.8080
[1] 6400.0000    0.0000    0.9924   -0.1820    2.1255    1.0322
[1] 6500.0000    0.0000    0.9145    0.1061    1.7867    0.8046
[1] 6600.0000    0.0000    0.8710   -0.0237    1.9542    0.9001
[1] 6700.0000    0.0000    0.8204   -0.9384    2.9143    0.9264
[1] 6800.0000    0.1560    0.8794    0.3576    1.6714    0.9381
[1] 6900.0000    0.0000    0.8857   -0.5686    2.6259    0.9847
[1] 7000.0000    0.0000    0.8521   -0.0267    2.0537    1.0680
[1] 7100.0000    0.0000    0.9857    0.2297    1.8350    1.0571
[1] 7200.0000    0.0000    0.8247    0.3684    1.7623    0.8913
[1] 7300.0000    0.0000    0.9946    1.0450    0.9387    1.1299
[1] 7400.0000    0.0000    0.8045   -0.1855    2.1870    0.8734
[1] 7500.0000    0.0000    0.8475   -1.0729    3.0418    1.0597
[1] 7600.0000    0.0000    0.9493   -0.4631    2.4918    0.9281
[1] 7700.0000    0.0000    0.8552   -1.1634    3.0887    1.0850
[1] 7800.0000    0.0000    0.8350   -0.1087    2.1781    1.1361
[1] 7900.0000    0.0000    0.9654   -0.0818    2.0290    1.1831
[1] 8000.0000    0.0000    0.9309   -0.0762    2.0948    1.0835
[1] 8100.0000    0.0000    0.8250   -0.4654    2.4047    1.1136
[1] 8200.0000    0.0000    0.9110   -0.1665    2.1803    0.9989
[1] 8300.0000    0.0000    0.8222   -1.0775    3.0794    0.8438
[1] 8400.0000    0.0000    0.9658   -0.2756    2.2076    0.9286
[1] 8500.0000    0.0000    0.8325   -0.0062    2.0890    1.0750
[1] 8600.0000    0.0001    0.9564   -1.2967    3.2993    0.9963
[1] 8700.0000    0.0000    0.8940    0.0575    1.9397    1.0236
[1] 8800.0000    0.0000    0.9735   -0.1422    2.0755    1.0381
[1] 8900.0000    0.0000    0.8674    0.3138    1.7310    1.0474
[1] 9000.0000    0.0000    0.8301    1.1676    0.8342    1.1387
[1] 9100.0000    0.0000    0.8755    0.0945    1.9314    0.8812
[1] 9200.0000    0.0000    0.8129   -0.4113    2.4511    1.1264
[1] 9300.0000    0.0000    0.8689   -0.3238    2.4075    0.9976
[1] 9400.0000    0.0000    0.8413    0.9475    0.9822    1.0761
[1] 9500.0000    0.0000    0.8817   -0.4774    2.4274    1.0875
[1] 9600.0000    0.0000    0.8149   -0.2032    2.2578    0.9056
[1] 9700.0000    0.0000    0.9657    1.0303    1.0022    0.9166
[1] 9800.0000    0.0000    0.8646   -0.3005    2.2326    0.8456
[1] 9900.0000    0.0000    0.9876    1.1909    0.8964    0.9739
[1] 10000.0000     1.0000     0.8618    -0.6923     2.7476     0.8032
[1] 10100.0000     0.3193     0.9049    -0.6607     2.8074     1.0751
[1] 10200.0000     0.0003     0.8458     0.3511     1.6287     1.1044
[1] 10300.0000     0.2046     0.9549     1.8404     0.1686     0.8021
[1] 10400.0000     0.0000     0.9434     0.8958     1.0555     1.1753
[1] 10500.0000     0.0000     0.9828     1.2307     0.7352     0.8036
[1] 1.060e+04 0.000e+00 8.442e-01 2.001e-01 1.861e+00 9.495e-01
[1] 10700.0000     0.0000     0.8398    -0.1734     2.2308     1.0590
[1] 10800.0000     0.0104     0.9785     0.3623     1.6797     1.1554
[1] 10900.0000     0.0000     0.8191     0.4022     1.6323     0.8008
[1] 11000.0000     0.4296     0.8012     0.8352     1.2734     0.9407
[1] 11100.0000     0.0000     0.8902     0.3530     1.6703     0.9114
[1] 11200.0000     0.2717     0.8258    -0.7072     2.7090     1.0628
[1] 11300.0000     0.0000     0.8936    -0.7065     2.7272     1.0961
[1] 11400.0000     0.0000     0.9548     0.7160     1.3028     1.0047
[1] 11500.0000     0.0000     0.9619     0.1048     1.8851     0.9110
[1] 11600.0000     0.0000     0.9104    -0.5872     2.5819     0.8269
[1] 11700.0000     0.0003     0.8224    -0.1026     2.1383     0.8539
[1] 11800.0000     0.0000     0.8027    -0.2026     2.2886     0.8530
[1] 11900.0000     0.0000     0.8460    -0.0479     2.1613     0.8150
[1] 12000.0000     0.0000     0.8056    -0.2899     2.3639     1.1142
[1] 12100.0000     0.0000     0.8005    -0.6786     2.6435     0.8375
[1] 12200.0000     1.0000     0.8496     0.9867     1.0507     0.8460
[1] 12300.0000     0.0000     0.8010    -0.1212     2.1550     0.8810
[1] 12400.0000     0.5358     0.8046    -0.4977     2.6091     0.8797
[1] 12500.0000     0.0000     0.9939    -0.1367     2.2244     0.9707
[1] 12600.0000     0.0000     0.8126    -0.5228     2.5896     1.1805
[1] 12700.0000     0.0001     0.9614    -0.8332     2.6897     0.8958
[1] 12800.0000     0.0000     0.8257    -0.8161     2.8055     0.8904
[1] 1.290e+04 6.440e-02 9.204e-01 2.970e-01 1.762e+00 8.219e-01
[1] 13000.0000     0.0000     0.8069    -0.0217     2.0317     1.0997
[1] 13100.0000     0.0000     0.9404     1.2528     0.7915     0.9822
[1] 13200.0000     0.0000     0.8843    -1.0948     3.1659     0.9997
[1] 13300.0000     0.0000     0.9222    -0.6422     2.7333     0.8801
[1] 13400.0000     0.0000     0.8092    -0.2788     2.2848     1.1676
[1] 13500.0000     0.0000     0.8466    -0.4574     2.4663     0.8143
[1] 13600.0000     0.0000     0.8917     0.2178     1.7985     1.0301
[1] 13700.0000     0.0000     0.8951    -0.0034     1.9912     1.0363
[1] 13800.0000     0.0000     0.8787    -0.8470     2.8946     1.0611
[1] 13900.0000     0.0000     0.8573    -0.1575     2.2238     0.8372
[1] 14000.0000     0.0000     0.9588     0.2456     1.7655     0.9662
[1] 14100.0000     0.0000     0.8411     0.6435     1.2745     1.1804
[1] 14200.0000     0.0000     0.8479     0.3453     1.6025     0.8739
[1] 14300.0000     0.0000     0.9227    -1.2447     3.2472     1.0001
[1] 14400.0000     0.0188     0.8623    -0.1258     2.1186     0.8985
[1] 14500.0000     0.5500     0.9833     0.7035     1.3063     1.1771
[1] 14600.0000     0.0000     0.8721     0.7509     1.2754     0.9912
[1] 14700.0000     0.0000     0.9923    -0.2109     2.1445     1.0723
[1] 14800.0000     0.0000     0.9988     1.2587     0.7769     0.9067
[1] 14900.0000     0.0010     0.8051    -0.0132     2.1112     1.0614
[1] 15000.0000     0.0141     0.8279    -0.1225     2.1615     1.0826
[1] 15100.0000     1.0000     0.8292     0.0247     1.9923     0.9249
[1] 15200.0000     0.0000     0.8242     0.8389     1.1983     1.0800
[1] 15300.0000     1.0000     0.8282    -0.1878     2.1642     1.1177
[1] 15400.0000     0.2359     0.9636    -0.6276     2.7277     0.9462
[1] 15500.0000     0.0000     0.9734    -0.9746     2.9801     1.1714
[1] 15600.0000     0.0000     0.8520    -1.4859     3.5151     1.1912
[1] 15700.0000     0.0000     0.8475    -0.5888     2.5564     0.9690
[1] 15800.0000     0.0000     0.9108    -0.4705     2.4607     0.9068
[1] 15900.0000     0.0000     0.8841    -0.1075     2.1191     0.8192
[1] 16000.0000     0.0012     0.8124    -0.6985     2.7090     1.1160
[1] 16100.0000     0.0000     0.8125     0.4372     1.5482     0.8885
[1] 16200.0000     0.0000     0.9466     0.7148     1.2245     0.9477
[1] 16300.0000     0.0000     0.9158     0.0971     1.9485     0.9491
[1] 16400.0000     0.0000     0.9401    -0.2131     2.1963     0.9237
[1] 16500.0000     0.9465     0.9407    -0.2915     2.3728     0.9877
[1] 16600.0000     0.0000     0.8294    -0.5059     2.5816     0.8835
[1] 16700.0000     0.0000     0.8462     0.2416     1.7414     0.9538
[1] 16800.0000     0.0000     0.8621     0.3680     1.5851     1.1596
[1] 16900.0000     0.0000     0.9254     0.8352     1.1737     0.9648
[1] 17000.0000     0.0000     0.9790    -0.2304     2.2853     0.8822
[1] 17100.0000     0.0000     0.9305     0.8023     1.2831     0.9283
[1] 17200.0000     0.0000     0.9497     0.7875     1.1877     0.8252
[1] 17300.0000     1.0000     0.8396     1.7182     0.2911     1.0131
[1] 17400.0000     0.0000     0.8593     0.7071     1.4862     1.1450
[1] 17500.0000     0.0000     0.8131     0.6025     1.4606     0.9127
[1] 17600.0000     0.0000     0.8698    -0.0509     2.0928     0.8781
[1] 17700.0000     0.0000     0.8794     0.1874     1.8682     0.9707
[1] 17800.0000     0.0134     0.9571    -0.1933     2.2025     0.9258
[1] 17900.0000     0.0000     0.9083     0.3960     1.6804     0.9495
[1] 18000.0000     1.0000     0.9109    -0.3665     2.3918     0.8712
[1] 18100.0000     0.0000     0.8802    -0.5169     2.5554     0.9893
[1] 1.820e+04 8.600e-03 8.582e-01 9.766e-01 9.792e-01 9.652e-01
[1] 18300.0000     0.0000     0.9012    -0.1309     2.1424     1.0710
[1] 1.840e+04 0.000e+00 9.529e-01 5.443e-01 1.506e+00 8.173e-01
[1] 18500.0000     0.0000     0.9671     0.5757     1.4118     0.9710
[1] 18600.0000     0.0000     0.8420     0.6145     1.4462     0.8224
[1] 18700.0000     0.0000     0.8080    -0.4069     2.4488     0.9308
[1] 1.880e+04 0.000e+00 8.537e-01 1.419e-01 1.885e+00 9.005e-01
[1] 18900.0000     0.0000     0.9024    -0.4881     2.4677     1.0613
[1] 19000.0000     0.0000     0.8366    -0.9662     2.9607     0.8015
[1] 19100.0000     0.0000     0.8878     0.0776     1.8061     1.0323
[1] 19200.0000     0.0000     0.8001     0.2494     1.6957     0.9641
[1] 19300.0000     0.0000     0.8035     0.2087     1.7613     1.0886
[1] 19400.0000     0.0000     0.8040     0.4001     1.7819     1.1551
[1] 19500.0000     0.0000     0.9654     0.5861     1.4422     0.9669
[1] 19600.0000     0.3841     0.9162    -0.4768     2.4975     0.8038
[1] 19700.0000     0.0000     0.8982     0.0346     1.8921     1.1826
[1] 19800.0000     0.0000     0.9408     0.6477     1.4152     0.9927
[1] 19900.0000     0.0000     0.9981    -0.0633     2.1035     1.0280
[1] 20000.0000     0.0000     0.8708    -0.1195     2.0682     1.0213
[1] 20100.0000     0.0000     0.9080     1.0626     1.0178     1.0402
[1] 20200.0000     0.6653     0.9840     0.1530     1.8539     1.1380
[1] 2.030e+04 0.000e+00 8.028e-01 1.181e-01 1.978e+00 9.708e-01
[1] 20400.0000     0.0000     0.9845    -0.7208     2.6160     1.1049
[1] 20500.0000     0.0000     0.8964    -0.5765     2.5488     1.1285
[1] 20600.0000     0.1587     0.8137     0.0469     2.0032     0.9497
[1] 20700.0000     1.0000     0.8107    -0.2263     2.1904     1.0874
[1] 20800.0000     0.0000     0.9606    -0.9573     2.9415     1.0886
[1] 20900.0000     0.0004     0.9109     0.3312     1.7037     0.9980
[1] 21000.0000     0.0000     0.9912     1.1520     0.8606     1.0875
[1] 21100.0000     0.0000     0.9732    -0.1198     2.1081     0.8253
[1] 21200.0000     0.0525     0.8263     0.5398     1.4698     1.1324
[1] 21300.0000     0.0000     0.8399    -0.2054     2.1171     1.0171
[1] 21400.0000     0.0000     0.9719     0.4281     1.5492     0.9071
[1] 21500.0000     0.0000     0.9375     0.0187     1.9161     1.0777
[1] 21600.0000     0.0000     0.8010    -0.3007     2.3007     1.1966
[1] 21700.0000     0.0000     0.8258    -0.7305     2.7535     1.1265
[1] 21800.0000     0.0000     0.8709    -0.2516     2.2992     1.0601
[1] 21900.0000     0.0000     0.9408     0.4917     1.4535     0.9421
[1] 22000.0000     0.0000     0.8850     1.4204     0.5916     0.9555
[1] 22100.0000     0.0000     0.8953    -0.5940     2.5398     0.9321
[1] 22200.0000     0.0000     0.9882    -0.4538     2.3783     0.9514
[1] 22300.0000     0.0000     0.8584     0.2728     1.8209     0.9367
[1] 22400.0000     0.0000     0.9494     0.3132     1.6625     0.9207
[1] 2.250e+04 6.000e-04 9.610e-01 7.969e-01 1.189e+00 9.963e-01
[1] 22600.0000     0.0000     0.8858     1.1111     1.0122     0.9064
[1] 22700.0000     0.0000     0.8271     0.1500     1.8030     1.1968
[1] 22800.0000     0.0002     0.9028    -0.3534     2.4294     1.1243
[1] 22900.0000     0.0000     0.9207     0.8354     1.0945     0.8362
[1] 23000.0000     0.0000     0.9652     0.5377     1.4126     1.0264
[1] 23100.0000     0.0000     0.8781    -0.9416     2.8326     0.9051
[1] 23200.0000     0.0000     0.8449     0.1729     1.9004     0.9864
[1] 23300.0000     0.1027     0.8966     0.3073     1.6760     1.0199
[1] 23400.0000     0.0000     0.9418     0.2898     1.7747     0.8205
[1] 23500.0000     0.0000     0.9561     0.1828     1.8514     1.0572
[1] 23600.0000     0.0000     0.8360     0.7740     1.2316     0.8406
[1] 23700.0000     0.0000     0.8580     0.8328     1.2356     0.8494
[1] 23800.0000     0.0000     0.9509     0.1991     1.6966     0.9516
[1] 23900.0000     0.0000     0.8157    -0.0547     2.0908     0.8034
[1] 24000.0000     0.0000     0.9304    -0.1385     2.1271     0.8086
[1] 24100.0000     0.0000     0.8643    -1.6319     3.6653     0.9462
[1] 24200.0000     0.0000     0.8399     0.2920     1.7057     1.0287
[1] 24300.0000     0.0000     0.8805    -0.7266     2.7284     1.0014
[1] 24400.0000     0.0192     0.9020     0.8873     1.2496     1.0534
[1] 24500.0000     0.0000     0.9064     0.9247     1.0446     0.8345
[1] 24600.0000     0.0000     0.9062    -0.0256     2.0380     0.8877
[1] 24700.0000     0.0000     0.9025    -0.5503     2.5440     0.8040
[1] 24800.0000     0.0006     0.8109     0.0163     1.9904     1.1899
[1] 24900.0000     0.0881     0.9126    -0.8038     2.9226     1.0268
[1] 25000.0000     0.0000     0.9628     0.7425     1.2375     0.9362
[1] 25100.0000     0.0000     0.8415     1.1079     0.8663     1.0265
[1] 25200.0000     0.0000     0.8184     0.1500     1.8938     0.8574
[1] 25300.0000     0.3895     0.9788     0.3188     1.6049     0.8873
[1] 25400.0000     1.0000     0.8988    -0.6500     2.6387     1.0888
[1] 25500.0000     0.0000     0.8147     0.6913     1.3224     1.1844
[1] 25600.0000     0.0000     0.8978     0.2109     1.8178     1.1142
[1] 25700.0000     0.0000     0.8060     0.7912     1.2489     0.8422
[1] 25800.0000     0.0000     0.8043    -0.3102     2.3787     0.8730
[1] 25900.0000     0.9909     0.8632     0.2918     1.7295     1.1254
[1] 26000.0000     0.1646     0.9492     0.0707     2.0581     1.0058
[1] 26100.0000     0.0000     0.9196     0.2613     1.6539     1.1722
[1] 26200.0000     0.0000     0.9768    -0.3353     2.2785     0.9801
[1] 26300.0000     0.0000     0.8530    -0.2740     2.3101     1.0678
[1] 2.640e+04 0.000e+00 8.767e-01 5.335e-01 1.498e+00 8.041e-01
[1] 26500.0000     0.3433     0.8136     0.0239     1.9349     0.8843
[1] 26600.0000     0.0000     0.9293    -0.3079     2.4124     0.8497
[1] 26700.0000     0.0000     0.8184     0.4813     1.5199     0.9177
[1] 26800.0000     0.0000     0.8448    -1.3400     3.2831     0.8652
[1] 26900.0000     0.0000     0.9586     0.1224     2.0003     1.0279
[1] 27000.0000     0.0000     0.9892     0.2908     1.7607     0.9138
[1] 27100.0000     0.6436     0.8553     0.1901     1.8351     1.0993
[1] 27200.0000     0.0000     0.8628    -0.1166     2.1510     1.0265
[1] 27300.0000     0.0000     0.8270     0.9755     1.0710     1.1347
[1] 27400.0000     0.0000     0.9754     0.2440     1.7403     1.0598
[1] 27500.0000     0.0000     0.8301     0.4592     1.5243     0.9239
[1] 2.760e+04 0.000e+00 8.732e-01 1.157e+00 9.198e-01 9.172e-01
[1] 27700.0000     0.0000     0.8317     0.6194     1.3792     1.1846
[1] 27800.0000     0.0000     0.8396     0.7774     1.1694     0.8414
[1] 27900.0000     1.0000     0.8904     0.6422     1.3536     0.9276
[1] 28000.0000     0.0000     0.8025    -0.4404     2.5452     0.9240
[1] 28100.0000     0.0000     0.9592     0.3612     1.6871     1.0928
[1] 28200.0000     0.0000     0.9683    -0.0173     2.0937     0.8917
[1] 28300.0000     0.0000     0.9886    -0.5769     2.5578     1.1843
[1] 28400.0000     1.0000     0.9594    -1.1366     3.1515     0.8105
[1] 28500.0000     0.0000     0.8678     0.3960     1.5875     0.8688
[1] 28600.0000     0.0000     0.9775    -0.2633     2.2185     0.9079
[1] 28700.0000     0.0000     0.8546     0.0460     1.8819     0.9787
[1] 28800.0000     0.0000     0.8104     0.4626     1.5212     1.1940
[1] 28900.0000     0.0000     0.9040     0.2536     1.6106     0.8375
[1] 29000.0000     0.0000     0.9277     0.0975     1.9290     1.1735
[1] 29100.0000     0.0000     0.8445    -0.2473     2.3080     0.8871
[1] 29200.0000     0.0854     0.9367     0.8908     1.1115     1.1465
[1] 29300.0000     0.0921     0.8726     0.9502     1.0969     0.8176
[1] 29400.0000     0.0000     0.8948     0.8352     1.2052     0.8239
[1] 29500.0000     0.0000     0.8094    -0.6055     2.5794     0.8253
[1] 29600.0000     0.0000     0.8335     0.4313     1.5574     1.1940
[1] 2.970e+04 0.000e+00 9.991e-01 3.440e-02 1.938e+00 9.357e-01
[1] 29800.0000     0.0000     0.8030    -1.4847     3.5661     0.9421
[1] 29900.0000     1.0000     0.9798    -0.2523     2.2335     1.0014
[1] 30000.0000     0.0000     0.9561     0.9663     0.9884     1.0811
[1] 0.07819687
Time difference of 11.54565 hours
null device 
          1 
