[1] "El numero de nodos X particion es: 10"
[1] "Model = M2 / Data = sim_data/datasetSVCMatern23.Rdata"
[1] 100.0000   0.2527   0.8755   0.0098   1.6223   1.0603
[1] 200.0000   0.0000   0.8554   0.0312   1.5937   0.8030
[1] 300.0000   0.0278   0.8739  -0.0624   1.5623   0.8565
[1] 400.0000   0.0006   0.8593  -0.1640   1.6061   0.9203
[1] 500.0000   0.4916   0.8902  -0.1407   1.4667   0.8863
[1] 600.0000   0.0000   0.8693  -0.1488   1.4829   1.0610
[1] 700.0000   0.0921   0.8370  -0.1204   1.4278   0.8602
[1] 800.0000   0.0002   0.8094  -0.0924   1.6002   0.9285
[1] 900.0000   0.0002   0.8086  -0.0806   1.5234   0.9130
[1] 1000.0000    0.0000    0.8287   -0.0303    1.5602    0.8229
[1] 1100.0000    0.0006    0.8075   -0.0688    1.6223    0.9202
[1] 1200.0000    0.0410    0.8174   -0.1839    1.5377    0.8562
[1] 1300.0000    0.1114    0.8438   -0.0034    1.5749    0.8351
[1] 1400.0000    0.0116    0.8480   -0.1093    1.6050    0.9574
[1] 1500.0000    0.0013    0.8126   -0.0243    1.5654    0.9026
[1] 1600.0000    0.0007    0.8099   -0.1358    1.6465    1.0178
[1] 1700.0000    0.0042    0.8468   -0.0265    1.6430    0.8001
[1] 1800.0000    0.0003    0.9410   -0.1504    1.5160    0.8062
[1] 1900.0000    0.0000    0.8223   -0.0652    1.6132    0.9297
[1] 2000.0000    1.0000    0.8107   -0.1111    1.5160    0.8113
[1] 2100.0000    0.0001    0.8052   -0.1233    1.6437    0.9512
[1] 2200.0000    0.0065    0.8135   -0.0922    1.5783    0.8463
[1] 2300.0000    0.0000    0.8377   -0.0021    1.5277    0.8487
[1] 2400.0000    0.0001    0.8202   -0.1254    1.5531    0.9209
[1] 2500.0000    0.0001    0.8529   -0.2397    1.4298    0.9541
[1] 2600.0000    0.1506    0.8617   -0.1090    1.5949    0.8044
[1] 2700.0000    1.0000    0.8052   -0.0957    1.5751    0.8603
[1] 2800.0000    0.1408    0.8906   -0.1570    1.6274    0.8787
[1] 2900.0000    0.0005    0.8470   -0.1109    1.5141    0.8434
[1] 3000.0000    0.0000    0.8338   -0.1732    1.6475    0.8696
[1] 3100.0000    0.0968    0.8139   -0.1484    1.6042    1.0416
[1] 3200.0000    0.0000    0.8228   -0.0491    1.5757    0.8243
[1] 3300.0000    0.0019    0.8057   -0.0882    1.5878    1.1802
[1] 3400.0000    0.0012    0.9079   -0.2000    1.4986    0.8348
[1] 3500.0000    0.0405    0.8208   -0.1125    1.6167    0.8172
[1] 3600.0000    0.0108    0.8412   -0.1531    1.5764    0.8625
[1] 3700.0000    0.0131    0.8385   -0.0945    1.5734    0.8150
[1] 3800.0000    0.1970    0.8701   -0.2353    1.5806    0.8357
[1] 3900.0000    0.0575    0.8319   -0.1956    1.5370    0.8180
[1] 4000.0000    0.0906    0.9388   -0.0934    1.5441    0.8131
[1] 4100.0000    0.0505    0.8388   -0.0817    1.6073    0.8864
[1] 4200.0000    1.0000    0.8436   -0.1765    1.4077    0.9733
[1] 4300.0000    0.0003    0.8260   -0.0921    1.5713    0.8160
[1] 4400.0000    0.0323    0.8180   -0.0970    1.6795    0.8842
[1] 4500.0000    0.1838    0.9071   -0.1018    1.5800    0.8908
[1] 4600.0000    1.0000    0.8859   -0.0666    1.5024    0.9442
[1] 4700.0000    0.0030    0.8180   -0.0737    1.5760    1.0916
[1] 4800.0000    0.0002    0.8150   -0.1286    1.5697    0.8017
[1] 4900.0000    0.0112    0.8150   -0.1286    1.5697    0.8017
[1] 5000.0000    0.0042    0.8079   -0.1363    1.5574    0.9328
[1] 5100.0000    0.2080    0.8192   -0.2198    1.5622    0.8134
[1] 5200.0000    0.1792    0.8350   -0.1319    1.6398    1.0935
[1] 5300.0000    0.0042    0.8069   -0.1445    1.5287    0.9017
[1] 5400.0000    0.0957    0.8333   -0.1109    1.5859    0.9811
[1] 5500.0000    0.0001    0.8219   -0.1188    1.5476    0.8388
[1] 5600.0000    0.0994    0.9095   -0.2065    1.5782    0.9324
[1] 5700.0000    0.0004    0.9310   -0.1002    1.5400    0.8071
[1] 5800.0000    0.6486    0.8520   -0.0050    1.5878    1.0482
[1] 5900.0000    0.0656    0.8022   -0.0292    1.6020    0.8011
[1] 6000.0000    0.0899    0.8164   -0.1419    1.6120    0.8358
[1] 6100.0000    0.0043    0.9025   -0.0783    1.6715    0.9119
[1] 6200.0000    0.1884    0.8186   -0.1576    1.5171    0.8051
[1] 6300.0000    0.3083    0.8421   -0.0910    1.6879    0.8693
[1] 6400.0000    0.0893    0.8651   -0.1414    1.5015    0.9031
[1] 6500.0000    0.0004    0.8697   -0.1893    1.5201    0.9040
[1] 6600.0000    0.0000    0.8016   -0.1934    1.5998    0.9134
[1] 6700.0000    0.0000    0.8204   -0.1559    1.5769    0.9264
[1] 6800.0000    0.1047    0.8157   -0.0999    1.5867    0.8152
[1] 6900.0000    0.0003    0.8152   -0.1532    1.4886    0.8493
[1] 7000.0000    0.0000    0.8011   -0.2352    1.5503    1.0228
[1] 7100.0000    0.1444    0.8440   -0.0644    1.6255    0.9302
[1] 7200.0000    0.1897    0.8247   -0.1086    1.5372    0.8913
[1] 7300.0000    0.0171    0.8821   -0.2226    1.5925    0.9361
[1] 7400.0000    0.0000    0.8164   -0.1547    1.4699    0.8600
[1] 7500.0000    0.0068    0.8057   -0.1571    1.5477    0.8798
[1] 7600.0000    0.0003    0.8039   -0.1646    1.5384    0.8347
[1] 7700.0000    0.0174    0.8008   -0.1348    1.6181    0.8546
[1] 7800.0000    0.0009    0.8139   -0.2144    1.5434    0.8702
[1] 7900.0000    0.0003    0.8304   -0.2674    1.5891    0.9653
[1] 8000.0000    0.0057    0.8265   -0.1063    1.5984    0.8379
[1] 8100.0000    0.0033    0.8483   -0.1727    1.5984    0.8203
[1] 8200.0000    0.0734    0.8642   -0.1513    1.5891    0.8389
[1] 8300.0000    0.0029    0.8222   -0.0484    1.6151    0.8438
[1] 8400.0000    0.0236    0.8421   -0.2131    1.6578    0.8322
[1] 8500.0000    0.0151    0.8507   -0.1584    1.5475    1.0895
[1] 8600.0000    0.2691    0.8918   -0.1323    1.4914    1.0114
[1] 8700.0000    1.0000    0.8293   -0.1313    1.5868    0.8767
[1] 8800.0000    0.1609    0.9324   -0.0744    1.5736    0.8066
[1] 8900.0000    0.0001    0.8279   -0.1141    1.5807    0.8018
[1] 9000.0000    0.0003    0.8297   -0.0739    1.5861    0.9006
[1] 9100.0000    0.0007    0.8060   -0.1941    1.5586    0.8104
[1] 9200.0000    0.0000    0.8060   -0.1941    1.5586    0.8104
[1] 9300.0000    0.0009    0.8134   -0.0375    1.5841    0.8471
[1] 9400.0000    1.0000    0.8662   -0.0449    1.5399    0.8284
[1] 9500.0000    0.0001    0.8005   -0.1557    1.5105    0.8089
[1] 9600.0000    0.0000    0.8108   -0.1105    1.5194    0.8137
[1] 9700.0000    0.0024    0.8038   -0.2220    1.4140    0.8209
[1] 9800.0000    0.3520    0.8286   -0.1432    1.6014    0.8022
[1] 9900.0000    0.0000    0.8466   -0.0969    1.5315    0.8248
[1] 10000.0000     1.0000     0.8618    -0.1259     1.4889     0.8032
[1] 10100.0000     0.1546     0.8321    -0.1631     1.6134     1.1295
[1] 10200.0000     0.0006     0.8142    -0.1606     1.5798     0.8101
[1] 10300.0000     0.0079     0.8120    -0.1207     1.6192     0.8804
[1] 10400.0000     0.0096     0.8213    -0.0848     1.5373     1.0055
[1] 10500.0000     0.1235     0.8159    -0.1349     1.6343     1.1284
[1] 10600.0000     0.0006     0.8330    -0.0711     1.5353     0.9092
[1] 10700.0000     0.0016     0.8531    -0.0635     1.6122     0.8181
[1] 10800.0000     0.7843     0.8012    -0.0667     1.6187     0.8684
[1] 10900.0000     1.0000     0.8113    -0.1923     1.5750     0.8573
[1] 11000.0000     0.2983     0.8012    -0.0588     1.7170     0.9407
[1] 11100.0000     0.0001     0.8267    -0.0528     1.6821     0.9961
[1] 11200.0000     0.0568     0.8127    -0.1408     1.5833     0.8276
[1] 11300.0000     0.0000     0.8219    -0.1520     1.5708     0.9690
[1] 11400.0000     0.0120     0.8455    -0.1148     1.5452     0.8832
[1] 11500.0000     0.0349     0.9311    -0.1144     1.5616     0.8792
[1] 11600.0000     0.1086     0.9382    -0.1528     1.4900     0.8033
[1] 11700.0000     0.3419     0.8490    -0.2471     1.4851     0.8396
[1] 11800.0000     0.4747     0.8440    -0.1768     1.5458     0.8198
[1] 11900.0000     0.0003     0.8272    -0.0632     1.5418     0.8962
[1] 12000.0000     0.0000     0.8197    -0.1484     1.5484     0.8759
[1] 12100.0000     0.0015     0.8048    -0.1580     1.5768     0.8558
[1] 12200.0000     0.3569     0.8496    -0.1006     1.5083     0.8460
[1] 12300.0000     0.0020     0.8229    -0.1193     1.5878     0.9137
[1] 12400.0000     1.0000     0.8046    -0.1099     1.4615     0.8797
[1] 12500.0000     0.0045     0.8011    -0.1091     1.6286     0.8469
[1] 12600.0000     0.0000     0.8463    -0.0928     1.5950     0.8325
[1] 12700.0000     0.0063     0.8181    -0.1939     1.6612     0.9702
[1] 12800.0000     0.0007     0.8032    -0.1755     1.5789     0.9473
[1] 12900.0000     0.0507     0.8176    -0.1480     1.4970     0.8160
[1] 13000.0000     0.0050     0.8268    -0.1621     1.5803     0.8156
[1] 13100.0000     0.0002     0.8050    -0.1876     1.5813     1.0217
[1] 13200.0000     0.0094     0.8181    -0.2231     1.5263     0.8451
[1] 13300.0000     0.0002     0.8522    -0.0658     1.6045     1.0074
[1] 13400.0000     0.0001     0.8423    -0.1165     1.4974     0.9189
[1] 13500.0000     0.0006     0.8466    -0.0735     1.6237     0.8143
[1] 13600.0000     0.5384     0.8630    -0.2339     1.4535     0.9698
[1] 13700.0000     1.0000     0.8314    -0.1266     1.5632     0.8589
[1] 13800.0000     0.0416     0.8363    -0.1005     1.6583     0.8169
[1] 13900.0000     0.8706     0.8104    -0.1374     1.5720     0.8994
[1] 14000.0000     0.2464     0.9598    -0.1514     1.5466     0.8043
[1] 14100.0000     0.0007     0.9236    -0.0682     1.6565     0.9106
[1] 14200.0000     0.0000     0.8479    -0.1363     1.6546     0.8739
[1] 14300.0000     0.0008     0.8548    -0.2017     1.6462     0.8231
[1] 14400.0000     0.0036     0.8510    -0.2173     1.5448     1.0105
[1] 14500.0000     0.0000     0.8302    -0.1245     1.5956     1.1813
[1] 14600.0000     0.4132     0.8084    -0.0480     1.5594     0.8928
[1] 14700.0000     0.0775     0.8068    -0.0744     1.5973     1.0010
[1] 14800.0000     0.0344     0.8106    -0.1588     1.5484     1.0978
[1] 14900.0000     0.0000     0.8246    -0.2146     1.5258     0.8054
[1] 15000.0000     0.0769     0.8216    -0.1466     1.3992     0.8802
[1] 15100.0000     0.0398     0.8384    -0.0367     1.5261     0.8510
[1] 15200.0000     0.0000     0.8445    -0.1126     1.5895     0.8027
[1] 15300.0000     0.0643     0.8059    -0.0849     1.5628     0.9091
[1] 15400.0000     0.0001     0.8005    -0.2015     1.6414     0.8812
[1] 15500.0000     0.0078     0.8105    -0.1437     1.4959     0.9162
[1] 15600.0000     0.0011     0.8379    -0.0316     1.6538     0.9455
[1] 15700.0000     0.6708     0.9225    -0.1240     1.5585     0.9294
[1] 15800.0000     0.0000     0.8362    -0.2260     1.5160     0.9547
[1] 15900.0000     0.6004     0.8714    -0.0798     1.5618     0.8267
[1] 16000.0000     0.0018     0.8844     0.0026     1.5592     0.8610
[1] 16100.0000     0.0358     0.8439    -0.0440     1.6405     0.8370
[1] 16200.0000     0.0431     0.8074    -0.1775     1.5172     0.8047
[1] 16300.0000     0.0307     0.8497    -0.2392     1.5182     0.8064
[1] 16400.0000     0.0001     0.8236    -0.2251     1.5734     0.8029
[1] 16500.0000     0.0017     0.8273    -0.1791     1.5757     0.8232
[1] 16600.0000     0.0008     0.8153    -0.1991     1.6630     0.9176
[1] 16700.0000     0.0003     0.8005    -0.0753     1.5447     0.8654
[1] 16800.0000     0.0213     0.8465    -0.1748     1.5317     0.8708
[1] 16900.0000     0.0000     0.8642    -0.1531     1.4925     0.9072
[1] 17000.0000     0.4828     0.8119    -0.1231     1.5172     0.9369
[1] 17100.0000     0.2452     0.8070    -0.0927     1.6304     0.8556
[1] 17200.0000     0.1178     0.8137    -0.1340     1.5242     0.8460
[1] 17300.0000     0.8967     0.8396    -0.2231     1.5249     1.0131
[1] 17400.0000     0.0000     0.8171    -0.2064     1.5969     0.8097
[1] 17500.0000     0.0030     0.8129    -0.1383     1.5282     0.9634
[1] 17600.0000     0.0006     0.8242    -0.1967     1.5012     0.9225
[1] 17700.0000     0.0260     0.8794    -0.1492     1.4968     0.9707
[1] 17800.0000     0.2189     0.9707    -0.1273     1.5094     0.8105
[1] 17900.0000     0.0001     0.9291    -0.1735     1.5828     0.9192
[1] 18000.0000     0.6301     0.9109    -0.0462     1.5681     0.8712
[1] 18100.0000     0.0084     0.8347    -0.1579     1.5635     0.8620
[1] 18200.0000     0.1328     0.8127    -0.0562     1.5627     0.8547
[1] 18300.0000     0.0392     0.8092    -0.1087     1.6123     1.0361
[1] 18400.0000     0.0176     0.8044    -0.1066     1.5385     0.8893
[1] 18500.0000     0.6904     0.8751    -0.1444     1.5401     0.8892
[1] 18600.0000     0.0214     0.8121    -0.1453     1.6464     0.9608
[1] 18700.0000     0.0000     0.8306    -0.0938     1.6097     0.9156
[1] 18800.0000     0.0833     0.8360    -0.0931     1.6016     0.8264
[1] 18900.0000     0.2205     0.8616    -0.2463     1.5094     0.8878
[1] 19000.0000     0.1378     0.8087    -0.0910     1.5285     1.1060
[1] 19100.0000     0.2870     0.9272    -0.1568     1.6451     0.8583
[1] 19200.0000     0.1455     0.8001    -0.1258     1.5053     0.9641
[1] 19300.0000     0.0000     0.8184    -0.1219     1.5749     0.8281
[1] 19400.0000     1.0000     0.8507    -0.2263     1.5689     0.9744
[1] 19500.0000     0.0000     0.8153    -0.1460     1.5769     0.8278
[1] 19600.0000     0.0000     0.8237    -0.1816     1.5530     0.8717
[1] 19700.0000     0.0249     0.8143    -0.0830     1.5308     0.8081
[1] 19800.0000     0.0000     0.8193    -0.0660     1.6084     0.8589
[1] 19900.0000     0.1684     0.8077    -0.0387     1.6213     0.9949
[1] 20000.0000     0.0578     0.8545    -0.1418     1.5217     0.8923
[1] 20100.0000     0.0000     0.8251    -0.0810     1.5601     0.9101
[1] 20200.0000     0.0000     0.8367    -0.1932     1.6258     0.9269
[1] 20300.0000     0.0014     0.8271    -0.2199     1.5964     0.8006
[1] 20400.0000     0.2094     0.8226    -0.0831     1.6169     0.9425
[1] 20500.0000     1.0000     0.8702    -0.0419     1.6321     0.9048
[1] 20600.0000     0.0004     0.8167    -0.1697     1.6203     0.8112
[1] 20700.0000     0.1178     0.8112     0.0157     1.6746     0.8666
[1] 20800.0000     0.0006     0.8470    -0.1695     1.5852     1.0049
[1] 20900.0000     0.0010     0.9072    -0.1815     1.5369     1.0199
[1] 21000.0000     0.0008     0.8629    -0.1627     1.5601     0.8221
[1] 21100.0000     0.0058     0.8631    -0.0687     1.5340     0.8449
[1] 21200.0000     0.0983     0.8541    -0.1153     1.5146     0.8134
[1] 21300.0000     0.0238     0.8260    -0.0346     1.5095     0.9202
[1] 21400.0000     1.0000     0.8276    -0.1327     1.5113     0.8233
[1] 21500.0000     0.0619     0.8085    -0.1963     1.5886     0.8256
[1] 21600.0000     0.0006     0.8069    -0.2898     1.6670     0.8555
[1] 21700.0000     0.0008     0.8634    -0.1214     1.6407     0.8122
[1] 21800.0000     0.0011     0.8385    -0.0734     1.6602     0.8059
[1] 21900.0000     0.3273     0.9598    -0.1205     1.6233     0.8497
[1] 22000.0000     0.0122     0.8604    -0.1257     1.5268     0.8555
[1] 22100.0000     0.0040     0.8263    -0.2541     1.5901     0.8135
[1] 22200.0000     0.2209     0.8082    -0.1216     1.4807     0.8508
[1] 22300.0000     0.0200     0.9726    -0.1956     1.5864     0.8521
[1] 22400.0000     0.0006     0.8145    -0.2325     1.5922     0.8604
[1] 22500.0000     0.0138     0.8520    -0.1174     1.6639     0.8606
[1] 22600.0000     0.0008     0.8006    -0.0744     1.6353     0.8902
[1] 22700.0000     0.0524     0.8670    -0.1030     1.5190     0.8448
[1] 22800.0000     0.0025     0.8242    -0.1115     1.4912     0.8597
[1] 22900.0000     0.0096     0.8804    -0.1228     1.4247     0.9211
[1] 23000.0000     0.0010     0.8266    -0.1172     1.6044     0.8187
[1] 23100.0000     0.2154     0.8119    -0.0316     1.5983     1.0551
[1] 23200.0000     0.1991     0.8437    -0.0914     1.6424     0.8877
[1] 23300.0000     0.0069     0.8508    -0.0436     1.6216     0.8720
[1] 23400.0000     0.0020     0.8015    -0.1743     1.4612     0.8904
[1] 23500.0000     0.0000     0.8797    -0.0197     1.6096     0.8266
[1] 23600.0000     0.0512     0.8176    -0.0790     1.5325     0.8266
[1] 23700.0000     0.0042     0.8076    -0.1157     1.5903     0.8544
[1] 23800.0000     0.0026     0.8226    -0.0349     1.5462     0.8748
[1] 23900.0000     1.0000     0.8722    -0.1360     1.5741     0.8735
[1] 24000.0000     0.0439     0.8021    -0.2202     1.5042     0.8609
[1] 24100.0000     1.0000     0.9214    -0.1112     1.5869     0.8541
[1] 24200.0000     0.0002     0.8467    -0.1160     1.4563     0.8230
[1] 24300.0000     0.2515     0.8060    -0.2172     1.4884     0.8894
[1] 24400.0000     0.0017     0.8041    -0.1857     1.6080     0.9519
[1] 24500.0000     0.9725     0.8539    -0.1183     1.5796     0.8359
[1] 24600.0000     0.4720     0.8715    -0.1747     1.5230     0.8549
[1] 24700.0000     0.1726     0.9025    -0.1771     1.5511     0.8040
[1] 24800.0000     0.0000     0.8375    -0.1464     1.5724     0.8028
[1] 24900.0000     0.0419     0.8023    -0.0991     1.4690     1.0260
[1] 25000.0000     1.0000     0.8801    -0.1718     1.6241     0.8235
[1] 25100.0000     0.5960     0.8419    -0.1164     1.5763     0.8544
[1] 25200.0000     0.0242     0.8480    -0.0568     1.5096     0.8149
[1] 25300.0000     0.1348     0.8043    -0.0476     1.5411     0.8067
[1] 25400.0000     0.0003     0.8105    -0.1406     1.4836     0.8003
[1] 25500.0000     0.0933     0.8305    -0.1322     1.4662     0.8143
[1] 25600.0000     0.0036     0.8372    -0.0632     1.5900     0.8099
[1] 25700.0000     0.0688     0.8198    -0.0626     1.5854     0.9204
[1] 25800.0000     0.0093     0.8043    -0.1865     1.5046     0.8730
[1] 25900.0000     0.0039     0.8290    -0.0294     1.5831     0.9077
[1] 26000.0000     0.0006     0.8422    -0.0998     1.4530     0.8188
[1] 26100.0000     0.1082     0.8324    -0.2009     1.5504     0.8113
[1] 26200.0000     0.3978     0.8601    -0.2260     1.6623     0.9041
[1] 26300.0000     0.0944     0.8448    -0.2871     1.6144     0.9973
[1] 26400.0000     0.0233     0.8767    -0.1553     1.4612     0.8041
[1] 26500.0000     0.0084     0.8163    -0.1486     1.6220     0.9212
[1] 26600.0000     0.0239     0.8720    -0.1244     1.4781     0.9170
[1] 26700.0000     0.0597     0.8285    -0.1644     1.5236     0.8378
[1] 26800.0000     0.0001     0.8173    -0.1745     1.6414     0.9752
[1] 26900.0000     0.0018     0.8189    -0.1042     1.5625     0.8701
[1] 27000.0000     0.2120     0.8244    -0.0931     1.5828     0.8622
[1] 27100.0000     0.0002     0.8024    -0.1544     1.5706     0.8285
[1] 27200.0000     0.1762     0.8135    -0.1286     1.7011     0.8529
[1] 27300.0000     0.0000     0.9608    -0.0807     1.5136     0.8492
[1] 27400.0000     0.0023     0.8173    -0.1242     1.5334     0.8023
[1] 27500.0000     0.0101     0.8463    -0.0353     1.5544     0.8762
[1] 27600.0000     0.0001     0.8069    -0.0932     1.6388     0.9996
[1] 27700.0000     0.0000     0.8219     0.0303     1.6887     0.8500
[1] 27800.0000     0.0000     0.8085    -0.1995     1.6828     0.8672
[1] 27900.0000     0.1135     0.8255    -0.1261     1.5809     0.8855
[1] 28000.0000     0.0357     0.8699    -0.1728     1.5168     0.8155
[1] 28100.0000     0.0013     0.8210    -0.0813     1.5510     0.8466
[1] 28200.0000     0.0377     0.8346    -0.1896     1.4874     0.8840
[1] 28300.0000     1.0000     0.8124    -0.1591     1.4961     0.9290
[1] 28400.0000     0.0923     0.9594    -0.1213     1.4818     0.8105
[1] 28500.0000     0.0567     0.8257    -0.1780     1.5383     0.8766
[1] 28600.0000     0.0066     0.8240    -0.1692     1.6004     0.9940
[1] 28700.0000     1.0000     0.9143    -0.2516     1.6484     0.8158
[1] 28800.0000     0.0144     0.8366    -0.0878     1.5442     0.8214
[1] 28900.0000     0.0010     0.8662    -0.2316     1.4912     0.8550
[1] 29000.0000     0.1399     0.8251    -0.1294     1.4975     0.9007
[1] 29100.0000     0.0000     0.8648    -0.0510     1.6251     0.8680
[1] 29200.0000     0.0007     0.8470    -0.2063     1.5059     0.8568
[1] 29300.0000     0.0084     0.8261    -0.0810     1.5351     0.8279
[1] 29400.0000     0.1362     0.8482    -0.0485     1.6017     0.9202
[1] 29500.0000     1.0000     0.8146    -0.1853     1.5204     0.8093
[1] 29600.0000     0.0000     0.8135    -0.1662     1.5882     0.8030
[1] 29700.0000     0.4966     0.8087    -0.1662     1.5813     0.9004
[1] 29800.0000     1.0000     0.8701    -0.1100     1.5281     0.8024
[1] 29900.0000     0.0008     0.8400    -0.1708     1.5630     0.8660
[1] 30000.0000     0.1004     0.8020    -0.1878     1.6161     0.9764
[1] 0.1545538
Time difference of 11.71866 hours
null device 
          1 
