[1] "El numero de nodos X particion es: 10"
[1] "Model = M1 / Data = sim_data/datasetSVIExponential16.Rdata"
[1] 100.0000   0.7195   0.9429   0.0926   1.9530   1.1970
[1] 200.0000   0.1112   0.9645   0.0237   2.0167   1.1745
[1] 300.0000   0.2237   0.8776  -0.1171   2.3325   1.0665
[1] 400.0000   0.0168   0.9217   0.1916   1.9361   0.9692
[1] 500.0000   0.0000   0.8380   0.3555   1.7896   0.8203
[1] 600.0000   1.0000   0.9748   0.1509   1.8961   1.0386
[1] 700.0000   0.2775   0.9506  -0.0733   2.1173   1.0413
[1] 800.0000   0.0149   0.9313  -0.1159   2.1213   1.0430
[1] 900.0000   0.0000   0.9606  -0.0734   2.0956   1.0158
[1] 1000.0000    0.0000    0.8209   -0.2424    2.3289    0.9374
[1] 1100.0000    0.0000    0.9319    0.8508    1.1983    0.8930
[1] 1200.0000    0.7304    0.8603    0.5770    1.5571    0.9164
[1] 1300.0000    0.0551    0.9805   -0.5330    2.6291    0.8049
[1] 1400.0000    0.0000    0.9303   -1.0267    2.9884    1.1894
[1] 1500.0000    0.0000    0.9584    0.1861    1.8949    1.0940
[1] 1600.0000    0.0000    0.9894   -0.6391    2.7375    1.0856
[1] 1700.0000    0.0000    0.9419   -0.2082    2.3447    1.0966
[1] 1800.0000    0.0000    0.8314    0.0230    2.0867    0.9945
[1] 1900.0000    0.0000    0.9875   -0.4780    2.6079    0.8532
[1] 2000.0000    0.0000    0.9400   -0.0430    2.1492    1.1109
[1] 2100.0000    0.0000    0.9401   -0.4458    2.4190    1.0501
[1] 2200.0000    0.0000    0.8668    0.3896    1.7239    1.0989
[1] 2300.0000    0.0009    0.8951    0.4917    1.5625    0.9529
[1] 2400.0000    0.0000    0.9355    0.5880    1.4696    1.1578
[1] 2500.0000    0.0435    0.8909    0.7317    1.2893    1.1217
[1] 2600.0000    0.0000    0.8617   -0.1332    2.1321    0.8044
[1] 2700.0000    0.0000    0.9893   -0.4917    2.5358    0.9085
[1] 2800.0000    0.0002    0.9382    0.2949    1.7111    1.1558
[1] 2900.0000    0.0001    0.9982   -0.6822    2.7522    0.9626
[1] 3000.0000    0.0000    0.8318   -0.4331    2.5014    1.1464
[1] 3100.0000    0.0000    0.9751    0.5104    1.5712    1.0618
[1] 3200.0000    0.0000    0.9190    0.0043    2.0942    0.9575
[1] 3300.0000    0.0000    0.9312    0.1358    1.9224    0.9302
[1] 3400.0000    0.7214    0.8983    0.3585    1.7652    1.1525
[1] 3500.0000    0.0000    0.8208    0.0976    1.9437    0.8172
[1] 3600.0000    0.0000    0.9625    0.3076    1.7789    0.8525
[1] 3700.0000    1.0000    0.9624    1.2104    0.8849    0.8094
[1] 3800.0000    0.0000    0.9791    1.8547    0.2027    1.0179
[1] 3900.0000    0.0000    0.9030   -0.2598    2.2974    0.9530
[1] 4000.0000    0.0000    0.9448   -0.5208    2.6113    1.0791
[1] 4100.0000    0.0000    0.8388   -0.6307    2.7214    0.8864
[1] 4200.0000    0.0000    0.9756   -0.5695    2.5806    0.9752
[1] 4300.0000    0.2098    0.8028   -0.5929    2.6860    0.9927
[1] 4400.0000    0.0000    0.9983    0.8869    1.1981    1.0333
[1] 4500.0000    0.2845    0.8410    0.5031    1.6646    1.1520
[1] 4600.0000    0.0000    0.9525    0.1218    2.0251    1.1110
[1] 4700.0000    0.0000    0.8528   -0.9152    2.9686    0.8411
[1] 4800.0000    0.0000    0.8660   -1.2743    3.3493    1.0939
[1] 4900.0000    0.0000    0.9924   -0.5788    2.6899    1.1836
[1] 5000.0000    0.0099    0.9988   -1.6395    3.5930    0.9542
[1] 5100.0000    0.0000    0.9679   -1.0688    3.0402    1.1951
[1] 5200.0000    0.0000    0.8051   -0.0696    2.1511    0.8965
[1] 5300.0000    0.0000    0.8845   -0.1933    2.2609    1.0022
[1] 5400.0000    0.0000    0.8536   -0.0715    2.1372    0.9337
[1] 5500.0000    0.0000    0.8913    0.2357    1.7678    1.1131
[1] 5600.0000    0.0000    0.9929   -0.4539    2.4392    1.1085
[1] 5700.0000    0.0000    0.9445    0.3479    1.7778    1.0237
[1] 5800.0000    0.0000    0.8612   -0.7696    2.9449    1.0327
[1] 5900.0000    0.0000    0.9311   -0.7257    2.8169    0.8983
[1] 6000.0000    0.0000    0.9870    0.1847    1.8478    1.0819
[1] 6100.0000    0.0000    0.9284   -0.3066    2.4068    0.9188
[1] 6200.0000    0.0000    0.9400    0.8492    1.1579    0.8404
[1] 6300.0000    0.0000    0.9569    0.7381    1.4679    0.8080
[1] 6400.0000    0.0000    0.9924   -0.4365    2.4751    1.0322
[1] 6500.0000    0.0109    0.9084    0.6248    1.5277    1.0918
[1] 6600.0000    0.0000    0.8401   -0.1235    2.1229    1.0889
[1] 6700.0000    0.0000    0.9231   -0.6882    2.8704    1.1521
[1] 6800.0000    0.1625    0.8642    0.5132    1.5827    1.0905
[1] 6900.0000    0.0000    0.8857   -0.4496    2.5834    0.9847
[1] 7000.0000    0.0000    0.8521    0.5534    1.5303    1.0680
[1] 7100.0000    0.0000    0.9857    0.7030    1.4540    1.0571
[1] 7200.0000    0.0000    0.8247    0.2965    1.9008    0.8913
[1] 7300.0000    0.0000    0.9346   -0.1015    2.2341    1.1740
[1] 7400.0000    0.0000    0.8045   -0.5863    2.5886    0.8734
[1] 7500.0000    0.0000    0.8918   -2.3404    4.3293    1.0101
[1] 7600.0000    0.0000    0.8332   -0.3637    2.4961    1.0877
[1] 7700.0000    0.0000    0.9690   -0.8479    2.9878    0.9355
[1] 7800.0000    0.0000    0.9477   -0.0023    2.0215    0.8206
[1] 7900.0000    0.0000    0.8304    0.5389    1.4092    0.9653
[1] 8000.0000    0.0000    0.9309    0.7706    1.2333    1.0835
[1] 8100.0000    0.0000    0.8483   -0.6413    2.6272    0.8203
[1] 8200.0000    0.0000    0.9110   -0.2996    2.3698    0.9989
[1] 8300.0000    0.0000    0.8222   -0.1817    2.3023    0.8438
[1] 8400.0000    0.0000    0.9658    0.4292    1.6133    0.9286
[1] 8500.0000    0.0000    0.8325   -0.1185    2.2755    1.0750
[1] 8600.0000    0.0546    0.9662   -0.5706    2.7553    0.9487
[1] 8700.0000    0.0000    0.8940   -0.9431    3.0115    1.0236
[1] 8800.0000    0.0000    0.9735   -0.8403    2.8323    1.0381
[1] 8900.0000    0.0000    0.8674   -0.0615    2.1737    1.0474
[1] 9000.0000    0.0000    0.8301    0.9050    1.1547    1.1387
[1] 9100.0000    0.0000    0.8755    0.6791    1.4168    0.8812
[1] 9200.0000    0.0000    0.8777    0.4666    1.6181    1.1489
[1] 9300.0000    0.0000    0.8689    0.5744    1.5921    0.9976
[1] 9400.0000    0.0000    0.9737    1.6569    0.3286    1.0570
[1] 9500.0000    0.0000    0.8817    0.0155    2.0008    1.0875
[1] 9600.0000    0.0000    0.8149    0.3585    1.7257    0.9056
[1] 9700.0000    0.0000    0.8918    1.2858    0.7494    0.8845
[1] 9800.0000    0.0000    0.8667    0.3343    1.7151    0.9410
[1] 9900.0000    0.0000    0.9369    1.8998    0.2656    1.1404
[1] 10000.0000     0.4004     0.9984     0.1238     1.9161     0.9987
[1] 10100.0000     0.0000     0.9390     0.2605     1.8181     1.0815
[1] 10200.0000     0.0000     0.8133     0.1073     1.9292     1.1117
[1] 10300.0000     0.1938     0.9549     1.8408     0.2235     0.8021
[1] 10400.0000     0.0000     0.9434     0.7314     1.2559     1.1753
[1] 10500.0000     0.0000     0.9828     1.1147     0.8885     0.8036
[1] 10600.0000     0.0000     0.8442     0.9735     1.1569     0.9495
[1] 10700.0000     0.0000     0.8398     0.4581     1.6644     1.0590
[1] 10800.0000     1.0000     0.8056    -0.2393     2.3837     0.8503
[1] 10900.0000     0.0000     0.9660     0.6144     1.5267     1.1970
[1] 11000.0000     0.0026     0.8555     1.1151     1.0288     1.1761
[1] 11100.0000     0.0000     0.9587    -0.2907     2.3511     0.9308
[1] 11200.0000     0.1465     0.9398    -0.6798     2.7419     0.9513
[1] 11300.0000     0.0000     0.8936    -0.6791     2.7627     1.0961
[1] 11400.0000     0.0000     0.9548     0.2292     1.8624     1.0047
[1] 11500.0000     0.0000     0.8034    -0.3057     2.4084     0.8501
[1] 11600.0000     0.0000     0.9104    -0.1643     2.1943     0.8269
[1] 11700.0000     0.0000     0.9616     0.4134     1.6907     1.1733
[1] 11800.0000     0.0000     0.8027     0.2980     1.8633     0.8530
[1] 11900.0000     0.0000     0.9123    -0.6860     2.7631     1.0901
[1] 12000.0000     0.0000     0.8056     0.7278     1.4181     1.1142
[1] 12100.0000     0.0000     0.8666    -0.5703     2.6036     0.9630
[1] 12200.0000     0.0547     0.9853     0.1175     2.0052     1.1443
[1] 12300.0000     0.0000     0.8010     0.1341     1.9806     0.8810
[1] 12400.0000     0.8030     0.8046    -0.8940     3.0253     0.8797
[1] 12500.0000     0.0000     0.8059     0.0983     2.0030     1.1427
[1] 12600.0000     0.0000     0.8126    -0.0445     2.2529     1.1805
[1] 12700.0000     0.0000     0.8779    -1.1311     3.1333     0.8170
[1] 12800.0000     0.0000     0.8257    -0.7468     2.8834     0.8904
[1] 12900.0000     0.0078     0.9204    -0.0084     2.1198     0.8219
[1] 13000.0000     0.0000     0.8069    -0.0276     2.1101     1.0997
[1] 13100.0000     0.0000     0.9404     1.4275     0.6917     0.9822
[1] 13200.0000     0.0000     0.8843     0.6871     1.4317     0.9997
[1] 13300.0000     0.0000     0.9057    -0.1906     2.2313     0.9177
[1] 13400.0000     0.0000     0.8092    -0.2017     2.2895     1.1676
[1] 13500.0000     0.0000     0.8466    -0.4398     2.5627     0.8143
[1] 13600.0000     0.0000     0.8917     0.2930     1.7488     1.0301
[1] 13700.0000     0.0000     0.8951    -0.5751     2.5934     1.0363
[1] 13800.0000     0.0000     0.8787    -0.7567     2.8038     1.0611
[1] 13900.0000     0.0000     0.8573    -0.5198     2.5939     0.8372
[1] 14000.0000     0.0000     0.9588     0.4802     1.5768     0.9662
[1] 14100.0000     0.0000     0.8844     0.0519     1.9070     1.1867
[1] 14200.0000     0.0000     0.8479     0.2190     1.8093     0.8739
[1] 14300.0000     0.0000     0.9227    -0.3224     2.3174     1.0001
[1] 14400.0000     0.0060     0.8623     0.8629     1.1854     0.8985
[1] 14500.0000     0.2792     0.9963    -0.0947     2.1568     1.0788
[1] 14600.0000     0.0000     0.9850     0.6570     1.5043     0.9950
[1] 14700.0000     0.0000     0.9923     0.3226     1.6714     1.0723
[1] 14800.0000     0.0000     0.9988     1.2692     0.7641     0.9067
[1] 14900.0000     0.0033     0.9582     0.4613     1.6391     1.0321
[1] 15000.0000     0.0000     0.9447     0.0480     1.9582     0.8911
[1] 1.510e+04 1.000e+00 8.292e-01 3.689e-01 1.713e+00 9.249e-01
[1] 15200.0000     0.0000     0.9307     0.3629     1.7459     0.9934
[1] 15300.0000     0.1031     0.9517    -0.2500     2.3701     1.1636
[1] 15400.0000     0.0226     0.8005    -1.1249     3.2640     0.8812
[1] 15500.0000     0.0000     0.8727    -1.7557     3.8603     1.1104
[1] 15600.0000     0.0000     0.8878    -0.5787     2.6508     0.8550
[1] 15700.0000     0.0000     0.8475     0.1146     1.9209     0.9690
[1] 15800.0000     0.0000     0.9108    -0.2805     2.2992     0.9068
[1] 15900.0000     0.0000     0.8841     0.1912     1.8591     0.8192
[1] 16000.0000     0.0000     0.8124    -0.4754     2.5260     1.1160
[1] 16100.0000     0.0000     0.8125     0.0668     2.0163     0.8885
[1] 16200.0000     0.0000     0.9466     0.3794     1.6506     0.9477
[1] 16300.0000     0.0000     0.9703     0.1860     1.8891     1.1691
[1] 16400.0000     0.0000     0.8807     0.3655     1.6967     0.8691
[1] 16500.0000     1.0000     0.9407    -0.1651     2.2808     0.9877
[1] 16600.0000     0.0000     0.8294    -0.4882     2.5525     0.8835
[1] 16700.0000     0.0000     0.9287     0.4125     1.5261     0.9633
[1] 16800.0000     0.0000     0.9378     0.3363     1.6273     1.0931
[1] 16900.0000     0.0000     0.8138    -0.1759     2.2176     1.1004
[1] 17000.0000     0.0000     0.9790    -0.4885     2.5480     0.8822
[1] 17100.0000     0.0000     0.9305     1.0859     1.0818     0.9283
[1] 17200.0000     0.0000     0.9497     0.7671     1.2554     0.8252
[1] 17300.0000     0.8206     0.8396    -0.2539     2.3319     1.0131
[1] 17400.0000     0.0000     0.8593     0.2206     1.8772     1.1450
[1] 17500.0000     0.0000     0.9677    -0.1700     2.3232     1.1479
[1] 17600.0000     0.0000     0.9193     0.9747     1.0541     0.8193
[1] 17700.0000     0.0000     0.8794     0.8658     1.2994     0.9707
[1] 17800.0000     0.0001     0.9383    -1.0044     3.1410     1.0084
[1] 17900.0000     0.0000     0.9083     0.1230     1.9889     0.9495
[1] 18000.0000     1.0000     0.9109     0.6819     1.4468     0.8712
[1] 18100.0000     0.0000     0.9461     0.8567     1.0862     0.9222
[1] 18200.0000     0.0002     0.8582     1.4633     0.5740     0.9652
[1] 18300.0000     0.0000     0.9928    -0.4392     2.5894     1.1096
[1] 18400.0000     0.0000     0.9529     0.0237     2.0927     0.8173
[1] 18500.0000     0.0000     0.9525     0.1823     1.8743     0.9333
[1] 18600.0000     0.0000     0.8420     0.3846     1.7608     0.8224
[1] 18700.0000     0.0000     0.8080    -0.1409     2.2660     0.9308
[1] 18800.0000     0.0000     0.8635     0.3684     1.6768     1.1693
[1] 18900.0000     0.0000     0.9024     0.1040     1.9325     1.0613
[1] 19000.0000     0.0000     0.8366    -0.4213     2.4752     0.8015
[1] 19100.0000     0.0000     0.9728     0.1166     1.8765     0.8217
[1] 19200.0000     0.0000     0.8001    -0.1674     2.2359     0.9641
[1] 19300.0000     0.0000     0.9669    -0.0321     2.0489     1.0123
[1] 19400.0000     0.0000     0.9330     0.0126     2.0450     1.0363
[1] 19500.0000     0.0000     0.9654     0.4236     1.6353     0.9669
[1] 19600.0000     0.9250     0.9648    -1.0195     3.1076     1.1447
[1] 19700.0000     0.0000     0.8982    -0.0426     2.0019     1.1826
[1] 19800.0000     0.0000     0.9408     0.6232     1.4829     0.9927
[1] 19900.0000     0.0000     0.9981     0.0635     2.0717     1.0280
[1] 20000.0000     0.0000     0.9962     0.2080     1.8418     1.1288
[1] 20100.0000     0.0000     0.9080     0.5256     1.6151     1.0402
[1] 2.020e+04 1.000e+00 9.840e-01 1.732e-01 1.922e+00 1.138e+00
[1] 20300.0000     0.0000     0.9921    -0.1227     2.2326     1.1096
[1] 20400.0000     0.0025     0.9072     0.0681     1.9932     0.9991
[1] 20500.0000     0.0000     0.9083    -1.1535     3.2737     0.8030
[1] 20600.0000     0.7402     0.9169    -0.0573     2.1931     1.1057
[1] 20700.0000     0.8136     0.8107     0.2182     1.8633     1.0874
[1] 20800.0000     0.0000     0.9606    -0.1290     2.1451     1.0886
[1] 20900.0000     0.0000     0.9109    -0.7802     2.8583     0.9980
[1] 21000.0000     0.0000     0.9912     0.4077     1.6323     1.0875
[1] 21100.0000     0.0000     0.9732    -0.4718     2.5014     0.8253
[1] 21200.0000     0.2181     0.9704     0.5885     1.5281     1.1667
[1] 21300.0000     0.0000     0.8089     0.2498     1.7353     1.0955
[1] 21400.0000     0.0000     0.9719     0.0623     1.9788     0.9071
[1] 21500.0000     0.0000     0.9375     0.2488     1.7711     1.0777
[1] 21600.0000     0.0000     0.8420    -0.1815     2.3137     0.8926
[1] 21700.0000     0.0000     0.8416    -0.8792     2.9905     1.0860
[1] 21800.0000     0.0000     0.8218    -0.2539     2.4377     1.1739
[1] 21900.0000     0.0000     0.9408     0.2565     1.7464     0.9421
[1] 22000.0000     0.0000     0.8850     1.2501     0.8211     0.9555
[1] 22100.0000     0.0000     0.8953    -0.1526     2.2209     0.9321
[1] 22200.0000     0.0000     0.9882    -0.6653     2.6376     0.9514
[1] 22300.0000     0.0009     0.8584    -0.0192     2.0734     0.9367
[1] 22400.0000     0.0000     0.9494     0.5245     1.5601     0.9207
[1] 22500.0000     0.0011     0.9610     0.4820     1.5932     0.9963
[1] 22600.0000     0.0000     0.8858     1.1207     1.0568     0.9064
[1] 22700.0000     0.0000     0.8271     1.2187     0.7504     1.1968
[1] 22800.0000     0.0039     0.8616     0.1694     2.0250     1.1425
[1] 22900.0000     0.0000     0.9207     0.6381     1.4044     0.8362
[1] 23000.0000     0.0000     0.9652     0.5815     1.4608     1.0264
[1] 23100.0000     0.0000     0.9231     0.1163     1.8713     0.8179
[1] 23200.0000     0.0000     0.9741    -0.7896     2.8687     1.1699
[1] 23300.0000     0.1057     0.8966    -0.2281     2.2511     1.0199
[1] 23400.0000     0.0000     0.9418     0.5030     1.5677     0.8205
[1] 23500.0000     0.0000     0.8934    -0.4399     2.5275     1.1391
[1] 23600.0000     0.0000     0.8360     0.5869     1.4776     0.8406
[1] 23700.0000     0.0000     0.8580     1.0527     1.0154     0.8494
[1] 23800.0000     0.0000     0.9509     0.4139     1.5591     0.9516
[1] 23900.0000     0.0000     0.8157     0.9888     1.0908     0.8034
[1] 24000.0000     0.0000     0.9653     0.5754     1.4762     0.9324
[1] 24100.0000     0.0000     0.8643    -1.0367     3.1437     0.9462
[1] 24200.0000     0.0000     0.8399    -0.4292     2.3984     1.0287
[1] 24300.0000     0.0000     0.9415    -0.5363     2.5735     0.9258
[1] 24400.0000     0.4313     0.9591    -0.2077     2.2819     0.9218
[1] 24500.0000     0.0000     0.9064     0.4289     1.6794     0.8345
[1] 24600.0000     0.0000     0.9062     0.0398     2.0423     0.8877
[1] 24700.0000     0.0000     0.9025    -0.8224     2.8878     0.8040
[1] 24800.0000     0.0002     0.8109    -0.2181     2.2948     1.1899
[1] 24900.0000     0.0000     0.9495    -0.4949     2.4746     0.8626
[1] 2.500e+04 1.000e-04 9.399e-01 3.216e-01 1.748e+00 8.472e-01
[1] 25100.0000     0.0000     0.9605     0.7414     1.2811     1.0743
[1] 25200.0000     0.0000     0.9435     0.2000     1.8818     1.0372
[1] 25300.0000     1.0000     0.8151     0.5206     1.5084     1.0748
[1] 25400.0000     1.0000     0.8988     0.0728     1.9765     1.0888
[1] 25500.0000     0.0000     0.9954     0.6576     1.3693     0.9606
[1] 25600.0000     0.0000     0.9746     0.2913     1.8641     1.1488
[1] 25700.0000     0.0000     0.8060     0.4387     1.6641     0.8422
[1] 25800.0000     0.0000     0.8043    -1.1788     3.1995     0.8730
[1] 25900.0000     1.0000     0.8632    -0.5852     2.6929     1.1254
[1] 26000.0000     0.0250     0.8358    -1.0332     3.1248     1.1365
[1] 26100.0000     0.0000     0.9196    -0.4920     2.4949     1.1722
[1] 26200.0000     0.0000     0.9529    -0.1135     2.0728     1.0017
[1] 26300.0000     0.0000     0.8989    -0.4393     2.4710     0.9807
[1] 26400.0000     0.0000     0.8767     1.5662     0.5158     0.8041
[1] 26500.0000     0.0015     0.8885     0.7112     1.4072     1.0349
[1] 26600.0000     0.0000     0.9293    -0.4278     2.6428     0.8497
[1] 2.670e+04 0.000e+00 8.184e-01 5.592e-01 1.545e+00 9.177e-01
[1] 26800.0000     0.0000     0.8180    -1.1012     3.1880     0.8719
[1] 26900.0000     0.0000     0.9182    -0.4721     2.5319     0.9860
[1] 27000.0000     0.0000     0.8280    -0.4731     2.4804     0.9596
[1] 27100.0000     0.3282     0.8095    -0.0675     2.2062     1.0497
[1] 27200.0000     0.0000     0.8628     0.5385     1.5116     1.0265
[1] 27300.0000     0.0000     0.9185    -0.0159     2.0581     0.9822
[1] 27400.0000     0.0000     0.9269     0.7073     1.4211     1.0000
[1] 27500.0000     0.0000     0.8677     1.1446     0.9370     0.9516
[1] 27600.0000     0.0000     0.8732     1.4796     0.6587     0.9172
[1] 27700.0000     0.0000     0.8317     0.8976     1.1578     1.1846
[1] 27800.0000     0.0000     0.9929     0.4355     1.6247     0.9664
[1] 27900.0000     1.0000     0.8904     0.4860     1.5717     0.9276
[1] 28000.0000     0.0000     0.8025    -0.7445     2.8336     0.9240
[1] 28100.0000     0.0000     0.9262     0.6283     1.5176     1.0710
[1] 28200.0000     0.0000     0.9683     0.1001     1.9831     0.8917
[1] 28300.0000     0.0000     0.9886    -0.7279     2.7735     1.1843
[1] 28400.0000     1.0000     0.9594    -1.3492     3.4353     0.8105
[1] 28500.0000     0.0000     0.8678     0.3114     1.7352     0.8688
[1] 28600.0000     0.0000     0.9856    -0.1236     2.1426     1.1641
[1] 28700.0000     0.0000     0.9675    -0.4490     2.5155     1.1579
[1] 28800.0000     0.0000     0.8104    -0.0859     2.1899     1.1940
[1] 28900.0000     0.0000     0.9137     1.2824     0.8958     0.8478
[1] 29000.0000     0.0000     0.9277     0.3868     1.7097     1.1735
[1] 29100.0000     0.0000     0.8445     0.0120     2.1229     0.8871
[1] 29200.0000     0.0117     0.9367     0.3408     1.6316     1.1465
[1] 29300.0000     0.0007     0.9749     0.8873     1.1548     0.9782
[1] 29400.0000     0.0000     0.9394     1.0231     0.9600     1.1754
[1] 29500.0000     0.0000     0.9697    -0.6280     2.6805     0.9614
[1] 29600.0000     0.0000     0.8335     0.4963     1.5684     1.1940
[1] 29700.0000     0.0000     0.9991     0.0659     1.9826     0.9357
[1] 29800.0000     0.0000     0.8030    -0.6519     2.7827     0.9421
[1] 29900.0000     0.9128     0.9798     0.0997     2.0103     1.0014
[1] 30000.0000     0.0000     0.9561     1.1868     0.8282     1.0811
[1] 0.06815727
Time difference of 3.964852 hours
null device 
          1 
