[1] "El numero de nodos X particion es: 10"
[1] "Model = M2 / Data = sim_data/datasetSVCExponential8.Rdata"
[1] 100.0000   1.0000   0.8291   0.0219   2.0220   0.9331
[1] 200.0000   0.6595   0.9804  -0.0610   2.0090   1.0297
[1] 300.0000   0.8892   0.8776  -0.1597   2.0631   1.0665
[1] 400.0000   0.5028   0.8233  -0.0820   2.0877   1.0774
[1] 500.0000   0.4686   0.8902  -0.1977   1.9355   0.8863
[1] 600.0000   0.0737   0.9748   0.0202   1.9285   1.0386
[1] 700.0000   1.0000   0.8087  -0.1564   1.9935   1.0605
[1] 800.0000   1.0000   0.8954  -0.1469   1.9759   1.1490
[1] 900.0000   1.0000   0.9357  -0.0953   1.9299   1.0743
[1] 1000.0000    1.0000    0.9692   -0.1351    1.9921    0.9576
[1] 1100.0000    0.0521    0.8326   -0.1351    1.9061    1.0285
[1] 1200.0000    1.0000    0.8603   -0.0609    1.9956    0.9164
[1] 1300.0000    1.0000    0.8617   -0.1586    1.9365    1.0550
[1] 1400.0000    1.0000    0.8516   -0.0108    2.0034    0.9483
[1] 1500.0000    0.0150    0.9694   -0.0447    1.9599    1.1238
[1] 1600.0000    0.0697    0.8099   -0.1338    2.0324    1.0178
[1] 1700.0000    0.1329    0.8185   -0.1417    1.8348    1.1630
[1] 1800.0000    0.0447    0.9234   -0.1325    2.0213    1.1307
[1] 1900.0000    0.1253    0.9957   -0.0303    2.0514    1.1822
[1] 2000.0000    1.0000    0.8107   -0.1334    2.0081    0.8113
[1] 2100.0000    0.1522    0.8081    0.0474    2.0580    0.9300
[1] 2200.0000    0.3528    0.8580   -0.0794    2.0482    1.0161
[1] 2300.0000    0.3955    0.9707   -0.0435    1.9496    1.1994
[1] 2400.0000    0.3322    0.9764   -0.0217    2.0308    1.0594
[1] 2500.0000    0.5644    0.9002   -0.0936    1.8878    1.1531
[1] 2600.0000    1.0000    0.8357   -0.0519    1.9604    0.8701
[1] 2700.0000    1.0000    0.8052   -0.0774    1.9914    0.8603
[1] 2800.0000    0.8915    0.8906   -0.1384    1.9833    0.8787
[1] 2900.0000    0.1996    0.8994   -0.1511    1.9488    1.0050
[1] 3000.0000    0.0973    0.8033   -0.0907    2.0901    1.0418
[1] 3100.0000    0.7752    0.8265   -0.0688    1.9745    1.1652
[1] 3200.0000    0.5468    0.9676   -0.0426    1.8996    1.1339
[1] 3300.0000    1.0000    0.8733   -0.0609    2.0307    0.9733
[1] 3400.0000    0.2456    0.8983   -0.1250    1.7858    1.1525
[1] 3500.0000    0.7024    0.9338   -0.1066    1.9678    0.8830
[1] 3600.0000    1.0000    0.8553   -0.0923    1.9779    1.1349
[1] 3700.0000    0.3616    0.9950   -0.0420    2.0260    1.0085
[1] 3800.0000    0.1089    0.9791   -0.1208    1.8963    1.0179
[1] 3900.0000    1.0000    0.8173   -0.0692    1.9572    1.1134
[1] 4000.0000    0.4491    0.9388   -0.0863    1.9232    0.8131
[1] 4100.0000    0.2796    0.8739   -0.0515    1.9810    0.8968
[1] 4200.0000    0.2929    0.9756   -0.1766    1.9400    0.9752
[1] 4300.0000    0.5068    0.8741   -0.2347    2.0051    1.1249
[1] 4400.0000    0.8630    0.8372   -0.0319    2.0352    1.0492
[1] 4500.0000    1.0000    0.8410   -0.0783    2.0355    1.1520
[1] 4600.0000    0.1848    0.8039   -0.0397    1.9781    1.1669
[1] 4700.0000    0.1815    0.8102   -0.0590    1.8750    1.1923
[1] 4800.0000    0.1156    0.8985   -0.1171    2.0296    0.9827
[1] 4900.0000    0.1592    0.8138    0.0073    2.0493    1.0924
[1] 5000.0000    0.3422    0.8079    0.0130    1.9483    0.9328
[1] 5100.0000    1.0000    0.8496   -0.1527    1.9766    0.8317
[1] 5200.0000    0.0617    0.8440   -0.1496    2.1132    1.1937
[1] 5300.0000    1.0000    0.8379   -0.0844    1.9786    1.0434
[1] 5400.0000    1.0000    0.8515   -0.0975    1.9949    1.1120
[1] 5500.0000    0.1644    0.8506   -0.1092    1.9225    1.1979
[1] 5600.0000    0.0046    0.9095   -0.2651    1.9667    0.9324
[1] 5700.0000    0.3686    0.8052   -0.1247    1.9282    1.1157
[1] 5800.0000    0.2106    0.9141   -0.0314    2.0447    1.0035
[1] 5900.0000    0.6953    0.8759   -0.1557    1.8996    1.0113
[1] 6000.0000    0.9775    0.8325   -0.1595    1.9561    0.8825
[1] 6100.0000    0.0370    0.9025   -0.0127    2.0378    0.9119
[1] 6200.0000    1.0000    0.8336   -0.0772    1.8491    0.9759
[1] 6300.0000    0.2322    0.8421   -0.0751    2.1182    0.8693
[1] 6400.0000    0.8892    0.9022   -0.1440    1.9178    0.8332
[1] 6500.0000    0.5240    0.8697   -0.1556    1.9922    0.9040
[1] 6600.0000    0.3192    0.8918   -0.0901    2.0089    1.0184
[1] 6700.0000    0.0550    0.8204   -0.1402    1.9560    0.9264
[1] 6800.0000    1.0000    0.8496   -0.1573    1.9747    0.9728
[1] 6900.0000    0.2878    0.9401   -0.1725    1.9063    0.9220
[1] 7000.0000    0.0419    0.8011   -0.1152    1.9784    1.0228
[1] 7100.0000    1.0000    0.8440   -0.1657    1.9856    0.9302
[1] 7200.0000    0.0700    0.8749   -0.0832    1.9959    1.0509
[1] 7300.0000    1.0000    0.9616   -0.1122    1.9755    0.8824
[1] 7400.0000    0.1883    0.8164   -0.2122    1.9910    0.8600
[1] 7500.0000    0.6046    0.9538   -0.0371    2.0024    1.0728
[1] 7600.0000    0.8116    0.8898   -0.1337    1.9481    1.1032
[1] 7700.0000    0.2566    0.9975   -0.1385    2.0113    1.1871
[1] 7800.0000    0.0900    0.8812   -0.0823    1.9758    1.0536
[1] 7900.0000    0.0869    0.8037   -0.1236    1.9208    1.1632
[1] 8000.0000    0.3981    0.9186   -0.1259    1.8734    1.0026
[1] 8100.0000    0.0417    0.8269   -0.0831    2.1147    0.9544
[1] 8200.0000    1.0000    0.8333   -0.0281    1.9997    1.0261
[1] 8300.0000    0.3475    0.8896   -0.0297    2.1271    1.1748
[1] 8400.0000    0.6127    0.8563   -0.1588    1.9768    1.0967
[1] 8500.0000    0.0119    0.8507   -0.1604    1.8744    1.0895
[1] 8600.0000    0.4251    0.9214   -0.1575    1.9787    1.0135
[1] 8700.0000    0.3820    0.8293   -0.1832    1.9339    0.8767
[1] 8800.0000    1.0000    0.9324   -0.1295    1.9278    0.8066
[1] 8900.0000    0.6317    0.9431   -0.0570    2.0127    1.1381
[1] 9000.0000    0.0067    0.9025   -0.1649    2.0167    0.9096
[1] 9100.0000    0.4491    0.9156   -0.0395    2.0417    1.0916
[1] 9200.0000    1.0000    0.9069   -0.1215    1.9299    1.1995
[1] 9300.0000    0.1026    0.8689   -0.0834    2.0013    0.9976
[1] 9400.0000    0.4245    0.8458   -0.0401    1.9200    1.0091
[1] 9500.0000    0.0434    0.9329   -0.1475    1.9701    0.8817
[1] 9600.0000    0.2703    0.8149   -0.1402    1.9539    0.9056
[1] 9700.0000    0.1703    0.8614   -0.0671    1.9183    0.9692
[1] 9800.0000    0.8289    0.8213   -0.0471    1.9637    0.8104
[1] 9900.0000    0.0022    0.9529   -0.0489    2.0003    0.9335
[1] 10000.0000     1.0000     0.8618    -0.1428     1.8802     0.8032
[1] 10100.0000     1.0000     0.9049    -0.2021     2.0754     1.0751
[1] 10200.0000     0.6564     0.9808    -0.1600     2.0039     0.8342
[1] 10300.0000     0.2548     0.8120    -0.0108     2.0130     0.8804
[1] 10400.0000     0.0526     0.9274    -0.0955     1.9922     0.8733
[1] 10500.0000     1.0000     0.8159    -0.1568     2.0846     1.1284
[1] 10600.0000     1.0000     0.8189    -0.0200     1.9830     1.1530
[1] 10700.0000     0.0536     0.8531    -0.0753     2.0110     0.8181
[1] 10800.0000     1.0000     0.8056    -0.0495     2.0212     0.8503
[1] 10900.0000     0.0356     0.8264    -0.1461     2.0116     1.1140
[1] 11000.0000     0.6744     0.8012    -0.1593     2.0693     0.9407
[1] 11100.0000     0.0313     0.8902    -0.0887     2.1039     0.9114
[1] 11200.0000     0.5614     0.9412    -0.1462     2.0340     0.8257
[1] 11300.0000     0.2766     0.9738    -0.1714     1.9749     1.1215
[1] 11400.0000     0.2084     0.8271    -0.0976     1.9353     1.1322
[1] 11500.0000     0.0047     0.9311    -0.1246     1.9756     0.8792
[1] 11600.0000     0.3114     0.9382    -0.1898     1.9194     0.8033
[1] 11700.0000     1.0000     0.8766    -0.1520     1.9776     0.9110
[1] 11800.0000     0.0806     0.8440    -0.1001     1.9656     0.8198
[1] 11900.0000     0.2821     0.8272    -0.0680     1.9700     0.8962
[1] 12000.0000     1.0000     0.9595    -0.1452     1.9691     1.1960
[1] 12100.0000     0.5929     0.9452    -0.1700     1.9801     0.8400
[1] 12200.0000     0.3805     0.8496    -0.0865     1.8831     0.8460
[1] 12300.0000     0.7325     0.9337    -0.0053     2.0151     1.0573
[1] 12400.0000     1.0000     0.8046    -0.2036     1.9316     0.8797
[1] 12500.0000     0.0513     0.9120     0.0575     2.0483     1.1259
[1] 12600.0000     1.0000     0.9564    -0.1124     2.0188     1.1675
[1] 12700.0000     0.0065     0.9486    -0.0468     2.1524     0.8166
[1] 12800.0000     0.0121     0.9108    -0.1345     1.9754     1.0765
[1] 12900.0000     0.2468     0.8554    -0.2122     1.9491     0.9712
[1] 13000.0000     0.3843     0.8840    -0.0787     1.9918     1.1100
[1] 13100.0000     0.1552     0.9404    -0.1327     2.0001     0.9822
[1] 13200.0000     0.4372     0.9589    -0.1315     1.9662     1.1555
[1] 13300.0000     0.2526     0.8522    -0.0332     2.0307     1.0074
[1] 13400.0000     0.0646     0.9485    -0.0870     1.9195     1.0271
[1] 13500.0000     0.0020     0.8240    -0.1693     2.0935     1.0099
[1] 13600.0000     0.5146     0.8630    -0.1839     1.9309     0.9698
[1] 13700.0000     1.0000     0.8314    -0.0931     1.9902     0.8589
[1] 13800.0000     1.0000     0.8254    -0.0693     1.9270     0.9444
[1] 13900.0000     0.6680     0.8125    -0.1309     1.9358     1.1546
[1] 14000.0000     1.0000     0.9598    -0.1204     1.9511     0.8043
[1] 14100.0000     0.0052     0.9236    -0.0759     2.0866     0.9106
[1] 14200.0000     1.0000     0.9100    -0.0905     2.0260     1.1948
[1] 14300.0000     0.1766     0.9874    -0.1733     2.0343     0.9095
[1] 14400.0000     0.8963     0.8984    -0.0969     1.9390     1.1866
[1] 14500.0000     0.9673     0.9833    -0.1176     1.9526     1.1771
[1] 14600.0000     0.3832     0.8329    -0.0663     1.9618     0.9630
[1] 14700.0000     1.0000     0.8840     0.0087     1.9209     1.0394
[1] 14800.0000     0.0006     0.8106    -0.1793     2.0064     1.0978
[1] 14900.0000     0.3867     0.8246    -0.1617     2.0112     0.8054
[1] 15000.0000     0.0003     0.9486    -0.1644     1.9609     0.9418
[1] 15100.0000     0.3798     0.9112    -0.0869     1.9724     1.0503
[1] 15200.0000     0.6234     0.9896    -0.0669     2.0130     1.1186
[1] 15300.0000     0.6684     0.8296    -0.1056     2.0169     1.1944
