[1] "El numero de nodos X particion es: 10"
[1] "Model = M1 / Data = sim_data/datasetSVCMatern28.Rdata"
[1] 100.0000   1.0000   0.8291   0.0036   2.1152   0.9331
[1] 200.0000   0.5925   0.8487  -0.0878   2.0222   0.8384
[1] 300.0000   0.9522   0.8776  -0.1951   1.9474   1.0665
[1] 400.0000   0.3951   0.9217  -0.0972   1.9685   0.9692
[1] 500.0000   1.0000   0.8902  -0.2352   1.9192   0.8863
[1] 600.0000   0.0003   0.8693  -0.2148   1.8153   1.0610
[1] 700.0000   0.6014   0.8087  -0.3056   1.7267   1.0605
[1] 800.0000   0.3357   0.8830  -0.1195   2.0157   0.9772
[1] 900.0000   0.2420   0.9357  -0.3772   1.8920   1.0743
[1] 1000.0000    0.1830    0.8568   -0.2360    1.8791    0.8983
[1] 1100.0000    0.1348    0.9031   -0.3271    1.7733    1.0781
[1] 1200.0000    1.0000    0.8603   -0.2558    1.9410    0.9164
[1] 1300.0000    0.7708    0.8617   -0.3342    1.8195    1.0550
[1] 1400.0000    0.0000    0.9303   -0.2436    1.9348    1.1894
[1] 1500.0000    0.0002    0.9672   -0.1080    2.0362    1.1986
[1] 1600.0000    1.0000    0.9427   -0.1221    2.0909    1.0957
[1] 1700.0000    0.0000    0.9259   -0.2401    1.8411    1.0764
[1] 1800.0000    0.0000    0.9234   -0.2202    1.9875    1.1307
[1] 1900.0000    0.4141    0.9957   -0.0935    2.0306    1.1822
[1] 2000.0000    1.0000    0.8107   -0.2199    1.8497    0.8113
[1] 2100.0000    0.8679    0.8081   -0.1122    2.0356    0.9300
[1] 2200.0000    1.0000    0.8897   -0.1881    1.9066    1.0133
[1] 2300.0000    0.2683    0.8377   -0.1593    2.0512    0.8487
[1] 2400.0000    0.0251    0.9355   -0.1633    1.8722    1.1578
[1] 2500.0000    0.2243    0.8529   -0.1423    2.0470    0.9541
[1] 2600.0000    0.1972    0.9658   -0.2849    1.8784    1.0023
[1] 2700.0000    0.1084    0.8044   -0.2260    1.9333    1.0835
[1] 2800.0000    0.2477    0.8906   -0.2591    1.9668    0.8787
[1] 2900.0000    0.0041    0.8994   -0.3043    1.8457    1.0050
[1] 3000.0000    0.0105    0.9297   -0.0862    2.0324    1.1984
[1] 3100.0000    0.2181    0.8265   -0.1527    1.9368    1.1652
[1] 3200.0000    0.2715    0.9371   -0.0971    2.0144    1.1278
[1] 3300.0000    0.0000    0.9877   -0.1634    1.9342    0.9428
[1] 3400.0000    0.1417    0.8189   -0.3949    1.7733    0.9632
[1] 3500.0000    0.9159    0.9338   -0.1882    2.0068    0.8830
[1] 3600.0000    0.1502    0.9027   -0.1847    1.9691    1.1569
[1] 3700.0000    0.0154    0.8505   -0.1782    1.9402    1.1374
[1] 3800.0000    0.0003    0.8653   -0.3070    1.8097    0.9884
[1] 3900.0000    0.0083    0.9030   -0.2690    1.8741    0.9530
[1] 4000.0000    0.7464    0.9388   -0.1429    1.8904    0.8131
[1] 4100.0000    0.4028    0.8388   -0.0453    2.0150    0.8864
[1] 4200.0000    1.0000    0.8436   -0.2868    1.8652    0.9733
[1] 4300.0000    0.0000    0.9986   -0.2769    1.8157    0.9026
[1] 4400.0000    0.2296    0.9571   -0.1174    1.9640    0.9932
[1] 4500.0000    1.0000    0.8410   -0.0499    2.0351    1.1520
[1] 4600.0000    0.0156    0.8039   -0.1966    1.8364    1.1669
[1] 4700.0000    0.0379    0.9516   -0.1500    2.0396    1.1937
[1] 4800.0000    0.1574    0.8985   -0.1791    1.9356    0.9827
[1] 4900.0000    0.6405    0.8201    0.0153    2.1027    1.1747
[1] 5000.0000    1.0000    0.9273   -0.2312    1.8702    1.0348
[1] 5100.0000    0.5152    0.8496   -0.3543    1.8891    0.8317
[1] 5200.0000    0.0061    0.8350   -0.1152    2.1138    1.0935
[1] 5300.0000    0.8261    0.8379   -0.3010    1.8085    1.0434
[1] 5400.0000    0.5164    0.8333   -0.1368    2.0024    0.9811
[1] 5500.0000    0.4210    0.8940   -0.3185    1.8536    1.1671
[1] 5600.0000    0.0955    0.8407   -0.4803    1.8052    1.1085
[1] 5700.0000    0.4650    0.8052   -0.2931    1.8379    1.1157
[1] 5800.0000    0.0995    0.8612   -0.2050    2.0056    1.0327
[1] 5900.0000    0.4685    0.8759   -0.3122    1.8740    1.0113
[1] 6000.0000    0.3508    0.8273   -0.2322    1.8002    0.8750
[1] 6100.0000    0.1737    0.9517   -0.0507    2.0019    0.9216
[1] 6200.0000    1.0000    0.8336   -0.4571    1.6379    0.9759
[1] 6300.0000    0.0487    0.8959   -0.3409    1.8663    1.1826
[1] 6400.0000    0.5441    0.9022   -0.0941    1.9097    0.8332
[1] 6500.0000    1.0000    0.9478   -0.2740    1.7752    1.0656
[1] 6600.0000    0.0060    0.8860   -0.3858    1.8180    1.0301
[1] 6700.0000    0.0000    0.9290   -0.3480    1.7137    1.1408
[1] 6800.0000    1.0000    0.8496   -0.3318    1.8197    0.9728
[1] 6900.0000    0.2440    0.9401   -0.2631    1.7691    0.9220
[1] 7000.0000    0.0036    0.8011   -0.1701    1.9188    1.0228
[1] 7100.0000    0.9118    0.8440   -0.1260    1.9739    0.9302
[1] 7200.0000    0.0028    0.8749   -0.1713    1.9312    1.0509
[1] 7300.0000    0.0009    0.8821   -0.1948    1.9749    0.9361
[1] 7400.0000    0.0000    0.8164   -0.3173    1.7240    0.8600
[1] 7500.0000    0.1633    0.8682   -0.1939    1.9473    0.9160
[1] 7600.0000    0.0182    0.8332   -0.2461    1.8440    1.0877
[1] 7700.0000    0.0152    0.8552   -0.3176    1.7647    1.0850
[1] 7800.0000    0.0016    0.8139   -0.2391    1.9070    0.8702
[1] 7900.0000    0.2758    0.8037   -0.2680    1.8846    1.1632
[1] 8000.0000    1.0000    0.9186   -0.2752    1.7844    1.0026
[1] 8100.0000    0.5805    0.8687   -0.2519    1.9047    1.0506
[1] 8200.0000    0.0000    0.8098   -0.0825    1.9949    0.9449
[1] 8300.0000    0.0007    0.8896    0.0367    2.1098    1.1748
[1] 8400.0000    1.0000    0.9278   -0.1258    1.9696    0.8107
[1] 8500.0000    0.0014    0.8716   -0.3865    1.7440    1.1821
[1] 8600.0000    0.2351    0.8834   -0.1940    1.9559    0.9153
[1] 8700.0000    0.7506    0.8293   -0.1733    1.8213    0.8767
[1] 8800.0000    1.0000    0.9324   -0.3120    1.7933    0.8066
[1] 8900.0000    0.4986    0.9431   -0.3639    1.8335    1.1381
[1] 9000.0000    0.5953    0.9025   -0.1044    1.9504    0.9096
[1] 9100.0000    0.3470    0.8799   -0.1352    1.9500    0.8591
[1] 9200.0000    0.0945    0.8777   -0.1735    1.9121    1.1489
[1] 9300.0000    0.0045    0.9856   -0.2032    1.8810    1.1370
[1] 9400.0000    0.3978    0.8458   -0.1561    1.8664    1.0091
[1] 9500.0000    0.0000    0.9329   -0.2715    1.9289    0.8817
[1] 9600.0000    0.4225    0.8862   -0.2361    1.8840    0.8406
[1] 9700.0000    0.1273    0.8614   -0.2505    1.8459    0.9692
[1] 9800.0000    0.1765    0.8323   -0.1711    1.8988    0.8368
[1] 9900.0000    0.0000    0.8466   -0.0413    2.0192    0.8248
[1] 10000.0000     0.7544     0.8618    -0.5409     1.6691     0.8032
[1] 10100.0000     1.0000     0.9049    -0.1407     1.9550     1.0751
[1] 10200.0000     0.0002     0.9084    -0.2768     1.8146     0.8386
[1] 10300.0000     0.0180     0.8120    -0.0714     1.9521     0.8804
[1] 10400.0000     0.2298     0.9337    -0.1115     1.9556     1.0990
[1] 10500.0000     1.0000     0.8159     0.0256     2.0485     1.1284
[1] 10600.0000     0.6737     0.8330    -0.0955     2.1079     0.9483
[1] 10700.0000     0.0001     0.8531    -0.0389     2.0706     0.8181
[1] 10800.0000     1.0000     0.8056    -0.2470     1.9618     0.8503
[1] 10900.0000     0.0000     0.8264    -0.2125     2.0443     1.1140
[1] 11000.0000     0.6494     0.8012    -0.2672     1.9288     0.9407
[1] 11100.0000     0.0025     0.8902    -0.1225     2.0003     0.9114
[1] 11200.0000     1.0000     0.9412    -0.2236     1.9634     0.8257
[1] 11300.0000     1.0000     0.9738    -0.1752     1.8458     1.1215
[1] 11400.0000     1.0000     0.9866    -0.1318     1.9560     0.8664
[1] 11500.0000     0.0000     0.9311    -0.2664     1.9079     0.8792
[1] 11600.0000     1.0000     0.9382    -0.4500     1.6559     0.8033
[1] 11700.0000     1.0000     0.8766    -0.3528     1.8313     0.9110
[1] 11800.0000     0.0408     0.8440    -0.2662     1.7852     0.8198
[1] 11900.0000     0.3886     0.8272    -0.1270     1.9236     0.8962
[1] 12000.0000     0.0070     0.8543    -0.3167     1.8196     1.1591
[1] 12100.0000     0.0950     0.9452    -0.1526     1.9768     0.8400
[1] 12200.0000     0.0044     0.8279    -0.1918     1.8133     0.8199
[1] 12300.0000     0.0098     0.9623    -0.1496     1.8379     1.1420
[1] 12400.0000     1.0000     0.8046    -0.3371     1.7909     0.8797
[1] 12500.0000     0.2164     0.9120    -0.0215     2.1109     1.1259
[1] 12600.0000     0.2164     0.9564    -0.0768     1.8942     1.1675
[1] 12700.0000     0.0002     0.9486    -0.0810     2.0024     0.8166
[1] 12800.0000     0.0410     0.9108    -0.2180     1.9035     1.0765
[1] 12900.0000     0.0132     0.8554    -0.4648     1.7263     0.9712
[1] 13000.0000     0.0960     0.8069    -0.2114     1.9025     1.0997
[1] 13100.0000     0.0046     0.9404    -0.2364     1.8705     0.9822
[1] 13200.0000     0.0211     0.9589    -0.3206     1.7801     1.1555
[1] 13300.0000     0.1864     0.8522    -0.0698     1.9937     1.0074
[1] 13400.0000     0.0000     0.9485    -0.2426     1.7594     1.0271
[1] 13500.0000     0.0001     0.8240    -0.2764     1.9081     1.0099
[1] 13600.0000     0.0119     0.8917    -0.2412     1.7741     1.0301
[1] 13700.0000     1.0000     0.8314    -0.1746     1.8995     0.8589
[1] 13800.0000     0.0001     0.8418    -0.3283     1.8309     1.1127
[1] 13900.0000     1.0000     0.8104    -0.2176     1.9072     0.8994
[1] 14000.0000     1.0000     0.9598    -0.1497     1.9015     0.8043
[1] 14100.0000     0.0000     0.9236    -0.1060     2.0362     0.9106
[1] 14200.0000     0.0580     0.9171    -0.1866     1.8847     0.8964
[1] 14300.0000     0.0187     0.8359    -0.3647     1.7902     1.0907
[1] 14400.0000     0.5218     0.8570    -0.1937     1.9413     0.9360
[1] 14500.0000     0.0015     0.8302    -0.1289     2.0124     1.1813
[1] 14600.0000     0.0000     0.8329    -0.3019     1.9125     0.9630
[1] 14700.0000     1.0000     0.8840    -0.1960     1.9594     1.0394
[1] 14800.0000     0.0000     0.9533    -0.2110     1.8272     0.8106
[1] 14900.0000     0.4879     0.8873    -0.2179     1.8974     1.1324
[1] 15000.0000     0.0000     0.9486    -0.2450     1.8710     0.9418
[1] 15100.0000     0.0877     0.9112    -0.2742     1.8708     1.0503
[1] 15200.0000     0.3098     0.9896    -0.0596     1.9983     1.1186
[1] 15300.0000     0.1034     0.8296    -0.0128     2.1431     1.1944
[1] 15400.0000     0.4017     0.8005    -0.0629     2.0952     0.8812
[1] 15500.0000     0.9552     0.8761    -0.1267     1.8658     0.9901
[1] 15600.0000     0.4116     0.9912    -0.2946     1.8412     1.0551
[1] 15700.0000     0.0002     0.8668    -0.0612     2.0126     1.0399
[1] 15800.0000     0.4875     0.9774    -0.2812     1.7516     1.1822
[1] 15900.0000     0.0000     0.9524    -0.2103     1.9667     1.0855
[1] 16000.0000     0.2598     0.9761    -0.3129     1.8774     1.0600
[1] 16100.0000     1.0000     0.9477    -0.1934     1.9959     0.9420
[1] 16200.0000     1.0000     0.8455    -0.2529     1.8796     1.0509
[1] 16300.0000     1.0000     0.9029    -0.0859     1.9697     1.0365
[1] 16400.0000     0.3284     0.8090    -0.2111     1.9241     0.8978
[1] 16500.0000     0.1354     0.9894    -0.1368     1.9844     0.9222
[1] 16600.0000     0.2496     0.8568    -0.3007     1.8240     1.0645
[1] 16700.0000     0.4413     0.9070    -0.2878     1.8954     1.1930
[1] 16800.0000     0.2429     0.8165    -0.2060     1.8828     1.0376
[1] 16900.0000     0.0361     0.8221    -0.2798     1.7854     1.1575
[1] 17000.0000     0.6514     0.8355    -0.0792     2.0016     0.9526
[1] 17100.0000     0.0410     0.9483     0.0523     2.1226     0.9775
[1] 17200.0000     0.4165     0.9497    -0.4431     1.6897     0.8252
[1] 17300.0000     0.2507     0.8396    -0.3803     1.8378     1.0131
[1] 17400.0000     0.4300     0.9623    -0.0467     2.1572     1.1696
[1] 17500.0000     1.0000     0.9645    -0.2626     1.8226     0.9956
[1] 17600.0000     0.0069     0.8018    -0.2008     1.8817     1.0705
[1] 17700.0000     0.0788     0.8382    -0.3048     1.7043     1.1091
[1] 17800.0000     1.0000     0.9968    -0.2044     1.8963     0.8268
[1] 17900.0000     0.0628     0.8644    -0.1395     1.9325     1.0507
[1] 18000.0000     0.8826     0.9109    -0.1275     1.9416     0.8712
[1] 18100.0000     0.0103     0.9137    -0.1249     2.0326     0.9014
[1] 18200.0000     1.0000     0.8073    -0.0424     2.0518     0.9256
[1] 18300.0000     0.0952     0.9706    -0.2476     1.8668     1.1685
[1] 18400.0000     0.0004     0.9243    -0.4999     1.7350     1.1066
[1] 18500.0000     0.3199     0.8064    -0.1377     1.9898     1.1050
[1] 18600.0000     0.1192     0.8932    -0.1898     1.9402     0.8460
[1] 18700.0000     0.0818     0.8306    -0.0894     1.9551     0.9156
[1] 18800.0000     0.0093     0.9415    -0.2698     1.9181     0.8205
[1] 18900.0000     0.0002     0.8297    -0.1515     1.9731     0.8354
[1] 19000.0000     1.0000     0.8087    -0.0134     2.0633     1.1060
[1] 19100.0000     0.7218     0.9272    -0.2724     1.9353     0.8583
[1] 19200.0000     1.0000     0.8319    -0.2201     1.8179     1.0132
[1] 19300.0000     0.1380     0.8940    -0.0496     1.9674     1.1248
[1] 19400.0000     0.5120     0.8040    -0.2029     1.8425     1.1551
[1] 19500.0000     0.0011     0.9718     0.0274     2.1118     0.8258
[1] 19600.0000     0.0838     0.8948    -0.1477     2.0133     1.0740
[1] 19700.0000     0.0119     0.8143    -0.0254     2.0362     0.8081
[1] 19800.0000     0.6956     0.9324    -0.0557     2.0403     1.1958
[1] 19900.0000     0.4480     0.9981     0.0375     2.1907     1.0280
[1] 20000.0000     0.3338     0.8545    -0.2610     1.9146     0.8923
[1] 20100.0000     0.0000     0.8373    -0.0474     2.0712     0.9737
[1] 20200.0000     0.0987     0.9282    -0.1037     1.9978     0.9678
[1] 20300.0000     0.0013     0.8028    -0.4132     1.8185     0.9708
[1] 20400.0000     1.0000     0.8446    -0.2093     1.8952     1.0333
[1] 20500.0000     0.0126     0.9905    -0.2366     1.9171     1.0353
[1] 20600.0000     0.0730     0.9963    -0.2338     1.9474     0.8156
[1] 20700.0000     0.6764     0.8107    -0.0143     1.9985     1.0874
[1] 20800.0000     0.9256     0.9981    -0.2940     1.8997     1.0246
[1] 20900.0000     0.0000     0.8547    -0.2326     1.8626     0.9562
[1] 21000.0000     0.6177     0.8369    -0.1789     1.9606     1.0355
[1] 21100.0000     0.1757     0.9291    -0.2169     1.8734     1.1428
[1] 21200.0000     0.3062     0.8263    -0.1880     1.9165     1.1324
[1] 21300.0000     0.0004     0.8214    -0.1614     1.8151     1.0391
[1] 21400.0000     1.0000     0.8276    -0.1569     1.9712     0.8233
[1] 21500.0000     0.0890     0.8291    -0.1304     1.8385     1.0581
[1] 21600.0000     0.3287     0.8069    -0.2100     1.8922     0.8555
[1] 21700.0000     0.4566     0.9973    -0.3134     1.8441     0.9605
[1] 21800.0000     0.4723     0.8380    -0.0142     2.1622     1.0649
[1] 21900.0000     0.5479     0.9598    -0.1355     2.0194     0.8497
[1] 22000.0000     0.1826     0.8213    -0.1102     1.9299     1.0483
[1] 22100.0000     0.0014     0.8953    -0.2811     1.9514     0.9321
[1] 22200.0000     0.6075     0.8579    -0.3019     1.8845     0.8534
[1] 22300.0000     0.0308     0.9726    -0.4041     1.8877     0.8521
[1] 22400.0000     0.5006     0.8145    -0.3196     1.8746     0.8604
[1] 22500.0000     0.0042     0.8239    -0.1974     1.9801     1.1368
[1] 22600.0000     0.0003     0.8207    -0.2207     1.9146     0.8039
[1] 22700.0000     0.0077     0.8271    -0.1981     1.8809     1.1968
[1] 22800.0000     0.2615     0.8972    -0.1183     1.8954     1.0231
[1] 22900.0000     0.1255     0.8804    -0.3752     1.7672     0.9211
[1] 23000.0000     0.0000     0.8997    -0.1248     1.8530     0.9381
[1] 23100.0000     0.3829     0.8119    -0.0286     2.0293     1.0551
[1] 23200.0000     0.0172     0.8437    -0.1100     2.0822     0.8877
[1] 23300.0000     0.0018     0.9727    -0.1080     2.0464     0.9482
[1] 23400.0000     0.4497     0.8888    -0.1132     1.8935     1.0444
[1] 23500.0000     1.0000     0.9916    -0.1128     1.9737     1.1297
[1] 23600.0000     0.0611     0.9324    -0.2355     1.8920     0.8634
[1] 23700.0000     0.1243     0.9328    -0.3538     1.8093     1.0180
[1] 23800.0000     0.3926     0.9299    -0.3460     1.7073     1.0580
[1] 23900.0000     1.0000     0.8722    -0.1041     1.9494     0.8735
[1] 24000.0000     1.0000     0.9239    -0.0892     2.0294     0.9362
[1] 24100.0000     1.0000     0.9214    -0.2825     1.9378     0.8541
[1] 24200.0000     0.2072     0.8467    -0.3833     1.7221     0.8230
[1] 24300.0000     0.4077     0.9595    -0.2863     1.8405     0.9607
[1] 24400.0000     1.0000     0.9947    -0.2141     1.8581     0.9697
[1] 24500.0000     0.0246     0.8969    -0.1676     1.9373     1.0480
[1] 24600.0000     0.0002     0.9237    -0.1758     1.9404     1.0127
[1] 24700.0000     0.1218     0.8340    -0.1943     1.8894     1.1974
[1] 24800.0000     0.0007     0.8460    -0.1743     1.9557     0.9489
[1] 24900.0000     0.0097     0.9126    -0.4460     1.8188     1.0268
[1] 25000.0000     1.0000     0.8801    -0.1020     2.0251     0.8235
[1] 25100.0000     0.8378     0.8419    -0.2223     1.9515     0.8544
[1] 25200.0000     0.0581     0.9507    -0.0917     2.0934     0.9719
[1] 25300.0000     0.0149     0.9779    -0.2676     1.8458     0.8977
[1] 25400.0000     0.1679     0.9621    -0.3727     1.7736     0.9516
[1] 25500.0000     0.3435     0.8147    -0.2722     1.8215     1.1844
[1] 25600.0000     0.0372     0.9926     0.0597     2.0983     0.9855
[1] 25700.0000     0.2772     0.8976    -0.3690     1.8787     0.9408
[1] 25800.0000     0.0382     0.9689    -0.2650     1.9012     1.1962
[1] 25900.0000     0.0018     0.8683    -0.1457     1.8978     0.8098
[1] 26000.0000     0.5550     0.9492    -0.2584     1.7950     1.0058
[1] 26100.0000     0.0833     0.8951    -0.2360     1.9507     0.8249
[1] 26200.0000     1.0000     0.8601    -0.1827     1.9658     0.9041
[1] 26300.0000     0.9012     0.8623    -0.3328     1.8667     1.0835
[1] 26400.0000     0.0295     0.8446    -0.1243     1.9797     0.9223
[1] 26500.0000     0.1539     0.8034    -0.4973     1.6630     1.1338
[1] 26600.0000     0.2033     0.8720    -0.4087     1.7024     0.9170
[1] 26700.0000     0.0678     0.9721    -0.2439     1.8969     0.8075
[1] 26800.0000     1.0000     0.9542    -0.2070     1.8733     1.1594
[1] 26900.0000     0.0046     0.9241    -0.0873     2.0332     1.0646
[1] 27000.0000     1.0000     0.8977    -0.1455     1.9725     0.8661
[1] 27100.0000     0.0015     0.8095    -0.2175     1.8653     1.0497
[1] 27200.0000     0.0027     0.9713    -0.3415     1.8835     1.0324
[1] 27300.0000     0.0024     0.9608    -0.2656     1.8395     0.8492
[1] 27400.0000     0.2633     0.8806    -0.3568     1.7133     1.0468
[1] 27500.0000     1.0000     0.8366    -0.1900     1.8703     1.0805
[1] 27600.0000     0.0001     0.8069     0.0344     2.0623     0.9996
[1] 27700.0000     0.0279     0.8620     0.0721     2.2231     1.0941
[1] 27800.0000     0.0000     0.8358    -0.2716     1.8539     1.1051
[1] 27900.0000     0.6051     0.8774    -0.1291     1.9519     1.0564
[1] 28000.0000     0.0012     0.9003    -0.2481     1.9271     0.9918
[1] 28100.0000     0.0000     0.8536    -0.2751     1.8891     0.8286
[1] 28200.0000     0.6470     0.9920    -0.0238     2.0203     1.1206
[1] 28300.0000     0.0119     0.8510    -0.3211     1.7880     0.8048
[1] 28400.0000     1.0000     0.9594    -0.1731     1.9152     0.8105
[1] 28500.0000     0.6956     0.8206    -0.0953     2.0738     1.0447
[1] 28600.0000     0.0037     0.9775    -0.2219     1.8944     0.9079
[1] 28700.0000     0.0647     0.8497    -0.1863     1.8247     1.1155
[1] 28800.0000     1.0000     0.9743    -0.3708     1.7831     0.8723
[1] 28900.0000     1.0000     0.9689    -0.3734     1.8095     1.0738
[1] 29000.0000     0.4294     0.8251    -0.2343     1.8902     0.9007
[1] 29100.0000     0.0013     0.9156    -0.0506     2.0984     0.8172
[1] 29200.0000     0.0006     0.8505    -0.4021     1.7545     0.9156
[1] 29300.0000     0.3004     0.9373    -0.1345     1.8939     0.8252
[1] 29400.0000     0.0171     0.9512    -0.1114     1.8588     1.1262
[1] 29500.0000     0.0044     0.8346    -0.2617     1.8322     0.9665
[1] 29600.0000     0.0093     0.8135    -0.2309     1.8958     0.8030
[1] 29700.0000     0.0197     0.8203    -0.2642     1.8003     1.1249
[1] 29800.0000     1.0000     0.8701    -0.2546     1.9430     0.8024
[1] 29900.0000     0.7694     0.9798    -0.2220     1.8568     1.0014
[1] 30000.0000     0.0270     0.8020    -0.1310     1.9115     0.9764
[1] 0.3594656
Time difference of 4.466838 hours
null device 
          1 
