[1] "El numero de nodos X particion es: 10"
[1] "Model = M1 / Data = sim_data/datasetSVIExponential21.Rdata"
[1] 100.0000   0.7255   0.9429   0.1237   1.9214   1.1970
[1] 200.0000   0.0002   0.8487   0.1728   1.8291   0.8384
[1] 300.0000   0.4683   0.8776   0.0944   2.0116   1.0665
[1] 400.0000   0.0180   0.9217  -0.2632   2.2981   0.9692
[1] 500.0000   0.0000   0.8380   0.1699   1.9073   0.8203
[1] 600.0000   1.0000   0.9748  -0.1132   2.0771   1.0386
[1] 700.0000   0.0938   0.9506   0.1002   1.9136   1.0413
[1] 800.0000   0.0001   0.8728   0.2167   1.7799   0.9084
[1] 900.0000   0.0000   0.9606  -0.1773   2.1581   1.0158
[1] 1000.0000    0.0000    0.8209    0.0258    2.0122    0.9374
[1] 1100.0000    0.0000    0.9319    0.4527    1.5516    0.8930
[1] 1200.0000    1.0000    0.8603    0.4356    1.6513    0.9164
[1] 1300.0000    0.5159    0.8617   -0.4258    2.3886    1.0550
[1] 1400.0000    0.0000    0.9303   -0.2947    2.3142    1.1894
[1] 1500.0000    0.0161    0.9694    0.5698    1.4112    1.1238
[1] 1600.0000    0.0000    0.8718   -0.9146    2.9107    1.0625
[1] 1700.0000    0.0000    0.8745   -0.0272    2.1023    0.9148
[1] 1800.0000    0.0000    0.9376    0.0434    2.0034    0.8302
[1] 1900.0000    0.0000    0.9875   -0.1526    2.2240    0.8532
[1] 2000.0000    0.0000    0.9400    0.1384    1.9239    1.1109
[1] 2100.0000    0.0000    0.9372    0.1287    1.8932    0.8634
[1] 2200.0000    0.0000    0.8668    0.3613    1.7270    1.0989
[1] 2300.0000    0.0035    0.8951    0.1165    1.8832    0.9529
[1] 2400.0000    0.0000    0.9355   -0.0429    2.0945    1.1578
[1] 2500.0000    0.0622    0.9668    0.0746    1.8688    0.8029
[1] 2600.0000    0.0000    0.8617   -0.4820    2.4719    0.8044
[1] 2700.0000    0.0000    0.8492    0.1514    1.9256    0.9140
[1] 2800.0000    0.0048    0.9386    0.2801    1.6665    0.8695
[1] 2900.0000    0.0014    0.9341   -0.5104    2.4790    0.9034
[1] 3000.0000    0.0000    0.8318   -0.2144    2.2515    1.1464
[1] 3100.0000    0.0000    0.9751    0.1871    1.7827    1.0618
[1] 3200.0000    0.0000    0.8205    0.6431    1.3798    0.8873
[1] 3300.0000    0.0000    0.9797    0.0104    1.8502    1.0744
[1] 3400.0000    0.3964    0.8983    0.5986    1.4591    1.1525
[1] 3500.0000    0.0000    0.9256    0.2644    1.7112    1.1684
[1] 3600.0000    0.0000    0.9027    0.0238    2.0159    1.1569
[1] 3700.0000    0.5118    0.8385    0.4816    1.6054    0.8150
[1] 3800.0000    0.0000    0.9791    0.4574    1.5712    1.0179
[1] 3900.0000    0.0000    0.9030   -0.1359    2.1830    0.9530
[1] 4000.0000    0.0009    0.9448    0.0688    2.0171    1.0791
[1] 4100.0000    0.0000    0.8388   -0.0220    2.0679    0.8864
[1] 4200.0000    0.0000    0.9756   -0.1887    2.1488    0.9752
[1] 4300.0000    0.1671    0.9117   -0.0692    2.0508    0.8380
[1] 4400.0000    0.0000    0.9459    0.4423    1.5941    1.1887
[1] 4500.0000    1.0000    0.8410   -0.0869    2.1298    1.1520
[1] 4600.0000    0.0008    0.9525    0.4900    1.5915    1.1110
[1] 4700.0000    0.0000    0.9516   -0.4842    2.4404    1.1937
[1] 4800.0000    0.0000    0.8616   -0.3639    2.3841    0.9384
[1] 4900.0000    0.0000    0.9924   -0.1159    2.1905    1.1836
[1] 5000.0000    0.2205    0.8074    0.1203    1.8441    1.0307
[1] 5100.0000    0.0000    0.9679   -0.1480    2.1791    1.1951
[1] 5200.0000    0.0000    0.8051    0.2459    1.8041    0.8965
[1] 5300.0000    0.0000    0.8821    0.1076    1.8421    1.0013
[1] 5400.0000    0.0001    0.9713    0.1130    1.8310    1.1011
[1] 5500.0000    0.0000    0.8913    0.3140    1.6879    1.1131
[1] 5600.0000    0.0000    0.8117   -0.1159    2.1314    0.9121
[1] 5700.0000    0.0000    0.9545   -0.0627    2.0880    0.8805
[1] 5800.0000    0.0000    0.8612   -0.3622    2.4191    1.0327
[1] 5900.0000    0.0000    0.8278    0.4095    1.6285    1.0767
[1] 6000.0000    0.0000    0.8790    0.6339    1.4838    1.0590
[1] 6100.0000    0.0000    0.8198   -0.3778    2.3806    1.1772
[1] 6200.0000    0.0000    0.8235    0.4688    1.5107    1.1329
[1] 6300.0000    0.0000    0.9569   -0.0668    2.1296    0.8080
[1] 6400.0000    0.0000    0.9918   -0.2243    2.3454    1.1860
[1] 6500.0000    0.0592    0.9084   -0.0434    2.0877    1.0918
[1] 6600.0000    0.0000    0.8710    0.0735    1.9639    0.9001
[1] 6700.0000    0.0000    0.8204   -0.1754    2.1838    0.9264
[1] 6800.0000    0.0771    0.8794    0.2343    1.7237    0.9381
[1] 6900.0000    0.0000    0.9267   -0.2023    2.3003    1.0380
[1] 7000.0000    0.0000    0.9736    0.5580    1.5121    1.0588
[1] 7100.0000    0.0000    0.9857   -0.0474    2.0745    1.0571
[1] 7200.0000    0.0000    0.8247   -0.1440    2.2427    0.8913
[1] 7300.0000    0.0000    0.8356    0.7639    1.2654    1.1395
[1] 7400.0000    0.0000    0.9295   -0.2767    2.3783    0.8214
[1] 7500.0000    0.0001    0.9989   -0.6312    2.5064    1.1081
[1] 7600.0000    0.0000    0.9493   -0.0419    2.1138    0.9281
[1] 7700.0000    0.0000    0.8552   -0.3197    2.3272    1.0850
[1] 7800.0000    0.0437    0.8694    0.0907    2.0350    1.1175
[1] 7900.0000    0.0000    0.9654   -0.3041    2.2746    1.1831
[1] 8000.0000    0.0000    0.9309   -0.1655    2.1598    1.0835
[1] 8100.0000    0.0000    0.8250   -0.0017    1.9948    1.1136
[1] 8200.0000    0.0000    0.9207   -0.0086    2.1271    1.1282
[1] 8300.0000    0.0000    0.8896   -0.3299    2.4606    1.1748
[1] 8400.0000    0.0000    0.8421   -0.2126    2.1769    0.8322
[1] 8500.0000    0.0000    0.8325    0.0090    2.0285    1.0750
[1] 8600.0000    1.0000    0.9214   -0.5388    2.5224    1.0135
[1] 8700.0000    0.0000    0.8940    0.2328    1.7948    1.0236
[1] 8800.0000    0.0000    0.8601    0.0959    1.9161    0.8170
[1] 8900.0000    0.0002    0.8674    0.6269    1.4363    1.0474
[1] 9000.0000    0.0000    0.8638    0.3768    1.5903    1.1683
[1] 9100.0000    0.0000    0.8060    0.2784    1.6919    0.8104
[1] 9200.0000    0.0000    0.8777    0.2745    1.7914    1.1489
[1] 9300.0000    0.0000    0.8689    0.0615    1.9947    0.9976
[1] 9400.0000    0.0000    0.8413    0.4024    1.5973    1.0761
[1] 9500.0000    0.0000    0.8817   -0.5505    2.5771    1.0875
[1] 9600.0000    0.7022    0.9566   -0.0169    1.9286    1.1182
[1] 9700.0000    0.0000    0.9657    0.6763    1.3376    0.9166
[1] 9800.0000    0.0000    0.9462   -0.1082    2.1321    1.1275
[1] 9900.0000    0.0000    0.8192    0.3920    1.5718    0.8099
[1] 10000.0000     1.0000     0.8618    -0.2106     2.2575     0.8032
[1] 10100.0000     0.4910     0.9049    -0.3127     2.4346     1.0751
[1] 10200.0000     0.1617     0.9808    -0.4763     2.4226     0.8342
[1] 10300.0000     0.2749     0.9549     0.7029     1.3686     0.8021
[1] 10400.0000     0.0000     0.9434     0.1489     1.8707     1.1753
[1] 10500.0000     0.0301     0.8159     0.1008     1.7741     1.1284
[1] 10600.0000     0.0000     0.8442     0.0950     1.9712     0.9495
[1] 1.070e+04 0.000e+00 9.346e-01 4.256e-01 1.667e+00 1.099e+00
[1] 10800.0000     0.1082     0.9785     0.0611     2.0056     1.1554
[1] 10900.0000     0.0000     0.9660     0.5192     1.5844     1.1970
[1] 11000.0000     0.2100     0.8012     0.4135     1.7353     0.9407
[1] 11100.0000     0.0000     0.8902    -0.1241     2.1810     0.9114
[1] 11200.0000     0.2134     0.8258    -0.0164     1.9676     1.0628
[1] 11300.0000     0.0000     0.9481    -0.0797     2.0516     1.1448
[1] 11400.0000     0.0021     0.9548     0.4159     1.5766     1.0047
[1] 11500.0000     0.0000     0.8061     0.0201     2.0114     1.1646
[1] 11600.0000     0.1018     0.9382    -0.0775     1.9870     0.8033
[1] 11700.0000     1.0000     0.8766     0.0861     1.9993     0.9110
[1] 11800.0000     0.0000     0.8027     0.3691     1.6043     0.8530
[1] 11900.0000     0.0000     0.8460    -0.4162     2.4522     0.8150
[1] 12000.0000     0.0000     0.8056     0.3660     1.6517     1.1142
[1] 12100.0000     0.0000     0.8930     0.2253     1.8061     0.8604
[1] 12200.0000     0.4442     0.8496     0.5143     1.5602     0.8460
[1] 1.230e+04 1.990e-02 8.010e-01 3.517e-01 1.710e+00 8.810e-01
[1] 12400.0000     0.2421     0.8019     0.2875     1.8043     1.1971
[1] 12500.0000     0.0000     0.9939    -0.2026     2.2798     0.9707
[1] 12600.0000     0.0000     0.9125    -0.3847     2.4989     1.1924
[1] 12700.0000     0.0000     0.9614    -0.2750     2.3798     0.8958
[1] 12800.0000     0.0000     0.9108    -0.5177     2.6303     1.0765
[1] 12900.0000     0.7535     0.9728     0.3800     1.6862     0.8641
[1] 13000.0000     0.0000     0.8069     0.1803     1.8460     1.0997
[1] 13100.0000     0.0000     0.9339     0.7545     1.2578     1.1193
[1] 13200.0000     0.0042     0.8843    -0.5949     2.6659     0.9997
[1] 13300.0000     0.0001     0.8590    -0.2100     2.2049     1.0479
[1] 13400.0000     0.0000     0.9676     0.2711     1.7812     1.1418
[1] 13500.0000     0.0000     0.8466    -0.6237     2.6436     0.8143
[1] 13600.0000     0.0000     0.8917     0.0512     2.0689     1.0301
[1] 13700.0000     0.0000     0.8951    -0.6632     2.6878     1.0363
[1] 13800.0000     0.0000     0.9432    -0.0863     2.0906     1.1717
[1] 13900.0000     0.0000     0.8495     0.1631     1.8350     1.0802
[1] 14000.0000     0.0000     0.9588    -0.0117     2.0788     0.9662
[1] 14100.0000     0.0000     0.8844     0.0480     1.8826     1.1867
[1] 14200.0000     0.0002     0.8479     0.6423     1.3328     0.8739
[1] 14300.0000     0.0001     0.8548    -0.8276     2.8583     0.8231
[1] 14400.0000     0.3843     0.8623    -0.3999     2.4425     0.8985
[1] 14500.0000     1.0000     0.9833     0.0970     1.9770     1.1771
[1] 14600.0000     0.0001     0.8912    -0.1795     2.1944     0.8958
[1] 14700.0000     0.0000     0.8974    -0.3586     2.3043     1.0871
[1] 14800.0000     0.0000     0.8093     0.6629     1.3076     1.1283
[1] 14900.0000     0.0462     0.9582    -0.1321     2.2377     1.0321
[1] 1.500e+04 4.530e-02 9.447e-01 1.393e-01 1.881e+00 8.911e-01
[1] 15100.0000     0.7917     0.9271     0.2036     1.7713     0.9692
[1] 15200.0000     0.0000     0.8734     0.5159     1.5646     0.8767
[1] 15300.0000     0.6966     0.9517     0.0106     2.0530     1.1636
[1] 15400.0000     0.9245     0.9829    -0.2941     2.2677     1.0368
[1] 15500.0000     0.0000     0.9734    -0.9330     3.0092     1.1714
[1] 15600.0000     0.0000     0.9955    -0.5142     2.6024     0.8299
[1] 15700.0000     0.0000     0.8668    -0.0157     2.1211     1.0399
[1] 15800.0000     0.0378     0.8834    -0.1974     2.1997     0.9061
[1] 15900.0000     0.0000     0.9431     0.0329     1.9527     0.8611
[1] 16000.0000     0.0868     0.8124    -0.1102     2.1431     1.1160
[1] 16100.0000     0.0000     0.8906     0.1660     1.8415     0.9023
[1] 16200.0000     0.0000     0.9466     0.1270     1.9005     0.9477
[1] 16300.0000     0.0000     0.9327    -0.2578     2.2574     0.9714
[1] 16400.0000     0.0000     0.8699    -0.0525     2.0402     0.9170
[1] 16500.0000     1.0000     0.9407     0.6054     1.4336     0.9877
[1] 16600.0000     0.0216     0.8568     0.1556     1.9034     1.0645
[1] 16700.0000     0.0002     0.9635    -0.1304     2.1554     0.8336
[1] 16800.0000     0.0000     0.8165    -0.1368     2.2243     1.0376
[1] 16900.0000     0.0000     0.8138     0.0904     1.9136     1.1004
[1] 17000.0000     0.0000     0.9790    -0.1216     2.0956     0.8822
[1] 17100.0000     0.0005     0.9262     0.5751     1.5008     0.9696
[1] 17200.0000     0.1686     0.9497     0.1558     1.9247     0.8252
[1] 17300.0000     1.0000     0.8396     0.0465     2.0393     1.0131
[1] 17400.0000     0.0000     0.8593     0.0494     2.0458     1.1450
[1] 17500.0000     0.0000     0.9983     0.6444     1.5427     0.9809
[1] 17600.0000     0.0000     0.9839    -0.0092     2.0481     1.0238
[1] 17700.0000     0.0000     0.8794     0.3475     1.7345     0.9707
[1] 17800.0000     0.2688     0.9571    -0.5090     2.5452     0.9258
[1] 17900.0000     0.0000     0.9083     0.3354     1.6788     0.9495
[1] 18000.0000     0.4057     0.9109    -0.1852     2.2986     0.8712
[1] 18100.0000     0.0000     0.9461    -0.1398     2.1536     0.9222
[1] 18200.0000     0.0098     0.8728     0.7097     1.3376     0.9452
[1] 18300.0000     0.0000     0.9928     0.2046     1.8708     1.1096
[1] 18400.0000     0.0000     0.9121     0.1747     1.8878     0.9764
[1] 18500.0000     0.0000     0.8451     0.1034     1.9372     0.9054
[1] 18600.0000     0.0001     0.8121    -0.0506     2.0855     0.9608
[1] 18700.0000     0.0000     0.8690    -0.0365     1.9903     0.9055
[1] 18800.0000     0.0000     0.8537     0.0052     2.0458     0.9005
[1] 18900.0000     0.0000     0.9024    -0.2390     2.2409     1.0613
[1] 19000.0000     0.0011     0.8366    -0.1623     2.2191     0.8015
[1] 19100.0000     0.0000     0.8142     0.1826     1.7905     1.0716
[1] 19200.0000     0.0000     0.8001     0.4399     1.5965     0.9641
[1] 19300.0000     0.0000     0.8411     0.2588     1.7469     0.9272
[1] 19400.0000     0.0000     0.8040    -0.1263     2.2112     1.1551
[1] 19500.0000     0.0000     0.9654    -0.0117     2.0675     0.9669
[1] 19600.0000     0.4477     0.9162    -0.3229     2.2561     0.8038
[1] 19700.0000     0.0000     0.8143     0.4577     1.5634     0.8081
[1] 19800.0000     0.0000     0.9426     0.4599     1.5758     0.9432
[1] 1.990e+04 0.000e+00 9.981e-01 1.089e-01 1.892e+00 1.028e+00
[1] 20000.0000     0.0000     0.9250    -0.1308     2.2282     0.8216
[1] 20100.0000     0.0000     0.9794     0.2559     1.7566     1.1721
[1] 20200.0000     0.7102     0.9840    -0.2794     2.2844     1.1380
[1] 20300.0000     0.0000     0.8028    -0.0469     2.0506     0.9708
[1] 20400.0000     0.0380     0.9845    -0.2855     2.2657     1.1049
[1] 20500.0000     0.0000     0.8964     0.3811     1.6414     1.1285
[1] 20600.0000     0.5579     0.9169     0.0571     2.0482     1.1057
[1] 20700.0000     0.9295     0.8107     0.0445     2.0556     1.0874
[1] 20800.0000     0.0000     0.9606    -0.3334     2.3498     1.0886
[1] 20900.0000     0.2220     0.9109    -0.1437     2.1119     0.9980
[1] 21000.0000     0.0000     0.9912     0.4791     1.5126     1.0875
[1] 21100.0000     0.0000     0.9732    -0.4859     2.5359     0.8253
[1] 21200.0000     0.2710     0.8263    -0.1345     2.1683     1.1324
[1] 21300.0000     0.7133     0.8260    -0.2154     2.1042     0.9202
[1] 21400.0000     0.0073     0.9719    -0.2501     2.2198     0.9071
[1] 21500.0000     0.0016     0.9322    -0.3421     2.4356     1.1668
[1] 21600.0000     0.0014     0.8762    -0.4881     2.5660     1.1580
[1] 21700.0000     0.0000     0.8449    -0.7901     2.7912     0.9351
[1] 21800.0000     0.0016     0.8218    -0.2440     2.3304     1.1739
[1] 21900.0000     0.0000     0.9408     0.4241     1.5882     0.9421
[1] 22000.0000     0.0000     0.8850     0.2139     1.7541     0.9555
[1] 22100.0000     0.0000     0.9357    -0.3229     2.3230     1.0831
[1] 22200.0000     0.0000     0.9349     0.0601     1.9798     0.9881
[1] 22300.0000     0.1681     0.9726     0.1510     1.9974     0.8521
[1] 22400.0000     0.0006     0.8145    -0.0682     2.0930     0.8604
[1] 22500.0000     0.1798     0.8623     0.3563     1.7297     0.8008
[1] 22600.0000     0.0000     0.8858    -0.2804     2.2996     0.9064
[1] 22700.0000     0.0000     0.8271     0.1948     1.8263     1.1968
[1] 22800.0000     0.1238     0.8972    -0.0158     1.9210     1.0231
[1] 22900.0000     0.0000     0.9207     0.3286     1.6292     0.8362
[1] 23000.0000     0.0000     0.9652     0.1070     1.9421     1.0264
[1] 23100.0000     0.0000     0.9231    -0.4711     2.4768     0.8179
[1] 23200.0000     0.0027     0.9483    -0.1445     2.0881     1.0848
[1] 23300.0000     0.4932     0.9904     0.1970     1.8969     1.1810
[1] 23400.0000     0.0000     0.8015     0.1688     1.8608     0.8904
[1] 23500.0000     0.0000     0.8934    -0.8461     2.7989     1.1391
[1] 23600.0000     0.0000     0.8360     0.0207     2.0166     0.8406
[1] 23700.0000     0.0000     0.8580     0.3262     1.6801     0.8494
[1] 23800.0000     0.0000     0.8154     0.0322     1.9467     1.1666
[1] 2.390e+04 6.900e-03 8.157e-01 2.213e-01 1.824e+00 8.034e-01
[1] 24000.0000     0.0000     0.9801    -0.0945     2.0732     1.1551
[1] 24100.0000     0.0000     0.8747    -0.6901     2.6312     1.0767
[1] 24200.0000     0.0000     0.8562     0.0809     1.8745     0.9310
[1] 24300.0000     0.0000     0.8894    -0.6267     2.6343     0.9198
[1] 24400.0000     0.1816     0.9020     0.4761     1.6150     1.0534
[1] 24500.0000     0.0000     0.9407     0.4348     1.5095     1.0416
[1] 24600.0000     0.0000     0.9062     0.0062     2.0071     0.8877
[1] 24700.0000     0.0039     0.9574    -0.0748     2.0488     1.0919
[1] 24800.0000     0.3623     0.8109     0.0977     1.8767     1.1899
[1] 24900.0000     0.1206     0.9495     0.1304     1.9297     0.8626
[1] 25000.0000     0.7696     0.8801     0.0179     1.9452     0.8235
[1] 25100.0000     0.0083     0.9102     0.7597     1.2933     0.9221
[1] 25200.0000     0.0000     0.9920    -0.1451     2.2125     0.8420
[1] 25300.0000     1.0000     0.8151    -0.0198     2.0240     1.0748
[1] 25400.0000     1.0000     0.8988     0.0642     1.9584     1.0888
[1] 25500.0000     0.0000     0.8303     0.1968     1.8357     1.1248
[1] 25600.0000     0.0000     0.8978    -0.0956     2.1348     1.1142
[1] 25700.0000     0.0000     0.8060     0.4030     1.6317     0.8422
[1] 25800.0000     0.0000     0.8043    -0.0003     2.0280     0.8730
[1] 25900.0000     1.0000     0.8632     0.2054     1.8425     1.1254
[1] 26000.0000     1.0000     0.9492     0.0798     1.9834     1.0058
[1] 26100.0000     0.0000     0.9097    -0.2570     2.2379     1.1652
[1] 26200.0000     0.0005     0.9529    -0.0941     2.0830     1.0017
[1] 26300.0000     0.0000     0.9342     0.2728     1.7090     1.1434
[1] 26400.0000     0.0000     0.8767    -0.0937     2.0927     0.8041
[1] 26500.0000     0.0830     0.8136     0.2253     1.8433     0.8843
[1] 26600.0000     0.0000     0.8376    -0.1895     2.1400     1.1467
[1] 2.670e+04 4.793e-01 8.892e-01 1.549e-01 1.984e+00 9.428e-01
[1] 26800.0000     0.0000     0.8745    -0.7046     2.8509     0.8287
[1] 26900.0000     0.0000     0.9586    -0.0451     2.1305     1.0279
[1] 27000.0000     0.0000     0.9862    -0.0116     2.1144     0.8958
[1] 27100.0000     0.5264     0.8095     0.1311     1.9787     1.0497
[1] 27200.0000     0.0057     0.8628     0.1430     1.8987     1.0265
[1] 27300.0000     0.0000     0.9754    -0.1195     2.1667     0.9688
[1] 27400.0000     0.0000     0.9269     0.2598     1.8052     1.0000
[1] 27500.0000     0.0000     0.8463     0.1693     1.8702     0.8762
[1] 27600.0000     0.0000     0.8732     0.1441     1.9416     0.9172
[1] 27700.0000     0.0000     0.8219     0.2115     1.8802     0.8500
[1] 27800.0000     0.0000     0.8358     0.6531     1.4499     1.1051
[1] 27900.0000     1.0000     0.8904    -0.1356     2.1699     0.9276
[1] 28000.0000     0.0000     0.8025    -0.1220     2.1602     0.9240
[1] 28100.0000     0.0000     0.9262    -0.5541     2.5470     1.0710
[1] 28200.0000     0.0000     0.9693    -0.1611     2.2114     0.8876
[1] 28300.0000     0.0000     0.9886    -0.5233     2.5263     1.1843
[1] 28400.0000     0.5118     0.9594    -0.0812     2.2078     0.8105
[1] 28500.0000     0.0000     0.8469     0.3538     1.5911     0.8971
[1] 28600.0000     0.0008     0.9856     0.2336     1.6537     1.1641
[1] 28700.0000     0.0000     0.8546    -0.4079     2.4610     0.9787
[1] 28800.0000     0.0004     0.8104     0.3430     1.6754     1.1940
[1] 28900.0000     0.0000     0.9040    -0.0747     2.0083     0.8375
[1] 29000.0000     0.0000     0.9692    -0.1631     2.0959     0.9910
[1] 29100.0000     0.0000     0.9089    -0.4600     2.4770     0.8717
[1] 29200.0000     0.1232     0.9371     0.4435     1.6050     1.1436
[1] 29300.0000     1.0000     0.9064     0.1850     1.7783     1.0368
[1] 29400.0000     0.0001     0.9394     0.6263     1.4251     1.1754
[1] 29500.0000     0.0000     0.8510    -0.3881     2.4803     0.8942
[1] 29600.0000     0.0005     0.8335     0.2520     1.7405     1.1940
[1] 29700.0000     0.0000     0.9798    -0.0306     1.9897     0.9838
[1] 29800.0000     0.0000     0.8503     0.3365     1.6984     0.9822
[1] 29900.0000     0.9436     0.9798     0.0276     2.0311     1.0014
[1] 30000.0000     0.0001     0.8442     0.2107     1.6795     0.8821
[1] 0.1340746
Time difference of 3.812574 hours
null device 
          1 
