[1] "El numero de nodos X particion es: 10"
[1] "Model = M1 / Data = sim_data/datasetSVCExponential20.Rdata"
[1] 100.0000   1.0000   0.8291   0.0902   2.0056   0.9331
[1] 200.0000   1.0000   0.9804   0.0357   1.9720   1.0297
[1] 300.0000   0.5881   0.8776  -0.0850   1.9327   1.0665
[1] 400.0000   0.0549   0.9217  -0.0915   1.8569   0.9692
[1] 500.0000   0.5684   0.8902  -0.1417   1.7857   0.8863
[1] 600.0000   0.0000   0.8693   0.0128   1.8344   1.0610
[1] 700.0000   0.7414   0.8087  -0.1732   1.7047   1.0605
[1] 800.0000   1.0000   0.8954  -0.0149   1.9279   1.1490
[1] 900.0000   0.4231   0.9357  -0.2242   1.8521   1.0743
[1] 1000.0000    1.0000    0.9692    0.0118    1.9637    0.9576
[1] 1100.0000    0.1778    0.9031   -0.1734    1.7625    1.0781
[1] 1200.0000    0.3299    0.8603    0.0003    2.0385    0.9164
[1] 1300.0000    0.6714    0.8617   -0.1396    1.8507    1.0550
[1] 1400.0000    0.0000    0.9303   -0.1069    1.9087    1.1894
[1] 1500.0000    0.0000    0.9672    0.0493    1.9829    1.1986
[1] 1600.0000    0.3460    0.8673    0.0511    2.0133    0.9237
[1] 1700.0000    0.0000    0.9259   -0.1129    1.8093    1.0764
[1] 1800.0000    0.0000    0.9234   -0.1066    1.9453    1.1307
[1] 1900.0000    0.1999    0.9957    0.0895    2.0292    1.1822
[1] 2000.0000    0.0832    0.9978   -0.0354    1.8712    1.1535
[1] 2100.0000    0.0312    0.8081    0.2772    2.2235    0.9300
[1] 2200.0000    0.7453    0.8580   -0.0101    1.9195    1.0161
[1] 2300.0000    0.0066    0.8377   -0.0546    1.9172    0.8487
[1] 2400.0000    0.0274    0.9355   -0.0076    1.8552    1.1578
[1] 2500.0000    0.0774    0.9103   -0.0201    1.9745    0.8545
[1] 2600.0000    0.1273    0.9658   -0.1405    1.8450    1.0023
[1] 2700.0000    0.1033    0.8044   -0.0024    1.9751    1.0835
[1] 2800.0000    0.0041    0.9204   -0.0757    1.9344    1.0405
[1] 2900.0000    0.0003    0.8994   -0.2225    1.7256    1.0050
[1] 3000.0000    0.0181    0.9297    0.0453    1.9910    1.1984
[1] 3100.0000    0.2999    0.8708   -0.1027    1.8060    0.9667
[1] 3200.0000    0.3444    0.9371    0.0935    2.0265    1.1278
[1] 3300.0000    0.0000    0.9877   -0.1283    1.7972    0.9428
[1] 3400.0000    0.0004    0.9515   -0.2350    1.6438    1.1198
[1] 3500.0000    0.5562    0.9338   -0.1558    1.9431    0.8830
[1] 3600.0000    0.0343    0.9538   -0.2004    1.7292    1.1717
[1] 3700.0000    0.0006    0.9950    0.1128    1.9907    1.0085
[1] 3800.0000    0.0000    0.8653   -0.1336    1.7483    0.9884
[1] 3900.0000    0.0012    0.8514   -0.1314    1.8065    1.1876
[1] 4000.0000    0.5953    0.9388   -0.0283    1.8263    0.8131
[1] 4100.0000    0.3050    0.8388    0.0199    1.9391    0.8864
[1] 4200.0000    0.9159    0.8436   -0.0844    1.8449    0.9733
[1] 4300.0000    0.0000    0.9986   -0.1109    1.8463    0.9026
[1] 4400.0000    0.1640    0.9571    0.0513    1.9608    0.9932
[1] 4500.0000    1.0000    0.8410   -0.0274    1.8811    1.1520
[1] 4600.0000    0.0394    0.8039   -0.0850    1.7997    1.1669
[1] 4700.0000    0.0000    0.9516   -0.0147    1.9308    1.1937
[1] 4800.0000    0.0162    0.8985   -0.1681    1.8001    0.9827
[1] 4900.0000    0.6304    0.8201    0.1287    2.0511    1.1747
[1] 5000.0000    0.8440    0.9273   -0.0253    1.8014    1.0348
[1] 5100.0000    0.2881    0.9679   -0.1639    1.7957    1.1951
[1] 5200.0000    0.0042    0.8350    0.0025    2.0845    1.0935
[1] 5300.0000    1.0000    0.8379   -0.0295    1.8883    1.0434
[1] 5400.0000    1.0000    0.8515   -0.0495    1.9070    1.1120
[1] 5500.0000    0.0048    0.8506   -0.0992    1.7927    1.1979
[1] 5600.0000    0.0193    0.9095   -0.3975    1.6956    0.9324
[1] 5700.0000    0.1925    0.9403   -0.0955    1.7972    0.9236
[1] 5800.0000    0.0892    0.8612   -0.0612    1.9847    1.0327
[1] 5900.0000    1.0000    0.8759   -0.1114    1.8706    1.0113
[1] 6000.0000    0.2199    0.8924   -0.0557    1.8362    1.0716
[1] 6100.0000    0.0908    0.9517    0.1404    2.0281    0.9216
[1] 6200.0000    1.0000    0.8336   -0.2942    1.6336    0.9759
[1] 6300.0000    0.0209    0.8959   -0.1074    1.9263    1.1826
[1] 6400.0000    0.3887    0.9022    0.0256    1.8693    0.8332
[1] 6500.0000    0.6013    0.8697   -0.0491    1.9688    0.9040
[1] 6600.0000    0.0362    0.8918   -0.2064    1.7742    1.0184
[1] 6700.0000    0.0000    0.8229   -0.1268    1.7553    1.0410
[1] 6800.0000    0.9813    0.8496   -0.0229    1.9614    0.9728
[1] 6900.0000    0.0839    0.8556   -0.1499    1.8073    1.1638
[1] 7000.0000    0.0027    0.9977   -0.0455    1.8950    1.0944
[1] 7100.0000    1.0000    0.8440   -0.0747    1.8838    0.9302
[1] 7200.0000    0.0090    0.9645   -0.0193    1.9314    0.9109
[1] 7300.0000    0.0020    0.8821    0.0145    1.9989    0.9361
[1] 7400.0000    0.0000    0.8164   -0.2068    1.7409    0.8600
[1] 7500.0000    0.5314    0.9538    0.1568    2.0194    1.0728
[1] 7600.0000    0.2468    0.8898   -0.0244    1.8195    1.1032
[1] 7700.0000    0.0066    0.8552   -0.1081    1.8194    1.0850
[1] 7800.0000    0.0008    0.8139   -0.0890    1.8700    0.8702
[1] 7900.0000    0.4375    0.8037   -0.0987    1.8617    1.1632
[1] 8000.0000    0.9477    0.9186   -0.1312    1.7818    1.0026
[1] 8100.0000    0.0518    0.9084    0.0343    1.9554    1.0684
[1] 8200.0000    0.0000    0.9636    0.0001    1.9184    1.1811
[1] 8300.0000    0.0019    0.8222    0.1233    2.0413    0.8438
[1] 8400.0000    0.8056    0.8563   -0.0799    1.8219    1.0967
[1] 8500.0000    0.0239    0.9939   -0.1400    1.8517    1.0648
[1] 8600.0000    0.2462    0.9835   -0.0725    1.9149    0.9563
[1] 8700.0000    0.2578    0.8293   -0.1401    1.7183    0.8767
[1] 8800.0000    1.0000    0.9324   -0.0847    1.8683    0.8066
[1] 8900.0000    0.5189    0.9431   -0.1362    1.8966    1.1381
[1] 9000.0000    0.2334    0.9025   -0.0574    1.8250    0.9096
[1] 9100.0000    0.3693    0.8799    0.0251    1.9500    0.8591
[1] 9200.0000    0.3123    0.8083   -0.0678    1.8389    1.0837
[1] 9300.0000    0.0008    0.9856   -0.0142    1.8796    1.1370
[1] 9400.0000    0.2278    0.8458    0.0948    1.9594    1.0091
[1] 9500.0000    0.0000    0.9329   -0.1069    1.9072    0.8817
[1] 9600.0000    0.6245    0.9566   -0.1687    1.8322    1.1182
[1] 9700.0000    0.0661    0.8614   -0.0065    1.9017    0.9692
[1] 9800.0000    0.1717    0.8323   -0.0072    1.8876    0.8368
[1] 9900.0000    0.0000    0.9529    0.0868    1.9232    0.9335
[1] 10000.0000     0.7167     0.9167    -0.3134     1.7002     1.1877
[1] 10100.0000     1.0000     0.9049     0.0075     1.9257     1.0751
[1] 10200.0000     0.0110     0.9084    -0.0933     1.7863     0.8386
[1] 10300.0000     0.0128     0.8120     0.0309     1.8664     0.8804
[1] 10400.0000     0.1263     0.9337    -0.0016     1.8896     1.0990
[1] 10500.0000     1.0000     0.8159     0.0068     1.9175     1.1284
[1] 10600.0000     0.2961     0.8330     0.1607     2.1551     0.9483
[1] 10700.0000     0.0000     0.8531    -0.0056     1.9080     0.8181
[1] 10800.0000     0.6289     0.8541     0.0096     2.0189     0.9792
[1] 10900.0000     0.0000     0.9660    -0.0756     1.9465     1.1970
[1] 11000.0000     0.3577     0.8012    -0.0735     1.9682     0.9407
[1] 11100.0000     0.0006     0.9709     0.1139     2.0942     0.9321
[1] 11200.0000     0.9859     0.9412    -0.0566     1.9421     0.8257
[1] 11300.0000     1.0000     0.9738     0.0065     1.9023     1.1215
[1] 11400.0000     1.0000     0.9866    -0.0156     1.9104     0.8664
[1] 11500.0000     0.0000     0.9311    -0.1469     1.8366     0.8792
[1] 11600.0000     0.9232     0.9382    -0.3648     1.6067     0.8033
[1] 11700.0000     0.5383     0.9810    -0.2813     1.7781     0.9386
[1] 11800.0000     0.0586     0.8440    -0.1423     1.7267     0.8198
[1] 11900.0000     0.9396     0.9415     0.0133     1.9451     1.0738
[1] 12000.0000     0.0248     0.8543    -0.1370     1.8164     1.1591
[1] 12100.0000     0.1153     0.9452    -0.0221     1.9442     0.8400
[1] 12200.0000     1.0000     0.8496    -0.0451     1.8553     0.8460
[1] 12300.0000     0.0122     0.9623    -0.0211     1.8205     1.1420
[1] 12400.0000     1.0000     0.8046    -0.0710     1.8678     0.8797
[1] 12500.0000     0.2426     0.9120     0.0829     2.0477     1.1259
[1] 12600.0000     0.6336     0.9564     0.0810     1.9071     1.1675
[1] 12700.0000     0.0000     0.9486     0.1500     2.1023     0.8166
[1] 12800.0000     0.0086     0.9108    -0.0609     1.8515     1.0765
[1] 12900.0000     0.1548     0.9378    -0.4186     1.5243     1.1252
[1] 13000.0000     0.0059     0.8069     0.2411     2.1230     1.0997
[1] 13100.0000     0.0019     0.9404    -0.0421     1.9091     0.9822
[1] 13200.0000     0.0267     0.9589    -0.1486     1.7984     1.1555
[1] 13300.0000     0.1951     0.8522     0.0343     1.9521     1.0074
[1] 13400.0000     0.0000     0.9485     0.0013     1.7887     1.0271
[1] 13500.0000     0.0009     0.8240    -0.1040     1.8653     1.0099
[1] 13600.0000     0.0291     0.8917     0.0185     1.8609     1.0301
[1] 13700.0000     0.9030     0.8314    -0.0828     1.8515     0.8589
[1] 13800.0000     0.0001     0.9275    -0.0804     1.9177     1.0955
[1] 13900.0000     0.7834     0.8125    -0.1059     1.8107     1.1546
[1] 14000.0000     1.0000     0.9598    -0.0357     1.8834     0.8043
[1] 14100.0000     0.0002     0.9236     0.0385     1.9831     0.9106
[1] 14200.0000     0.0335     0.9171     0.0035     1.9187     0.8964
[1] 14300.0000     0.0289     0.8359    -0.2163     1.7664     1.0907
[1] 14400.0000     1.0000     0.8984     0.0481     1.9572     1.1866
[1] 14500.0000     0.0048     0.8302    -0.0432     1.9395     1.1813
[1] 14600.0000     0.0000     0.8329    -0.1490     1.8685     0.9630
[1] 14700.0000     0.8415     0.8840    -0.1297     1.8477     1.0394
[1] 14800.0000     0.0000     0.8106    -0.3190     1.7037     1.0978
[1] 14900.0000     0.4621     0.9850     0.0007     1.9749     1.1438
[1] 15000.0000     0.0000     0.9486    -0.1361     1.8252     0.9418
[1] 15100.0000     0.0892     0.9112    -0.1273     1.8553     1.0503
[1] 15200.0000     0.6297     0.9896     0.0675     1.9524     1.1186
[1] 15300.0000     0.0675     0.8296     0.0625     2.0615     1.1944
[1] 15400.0000     0.8448     0.9829     0.0638     2.0754     1.0368
[1] 15500.0000     0.5793     0.9013     0.0532     1.9030     1.0728
[1] 15600.0000     0.8215     0.9912    -0.1175     1.8439     1.0551
[1] 15700.0000     0.0002     0.8668     0.2034     2.0929     1.0399
[1] 15800.0000     0.0073     0.9670    -0.0712     1.8207     1.0411
[1] 15900.0000     0.0000     0.9524    -0.0115     1.9849     1.0855
[1] 16000.0000     1.0000     0.9761    -0.1156     1.8743     1.0600
[1] 16100.0000     1.0000     0.9477    -0.1448     1.7921     0.9420
[1] 16200.0000     1.0000     0.8455    -0.1105     1.8509     1.0509
[1] 16300.0000     0.9816     0.9029    -0.0125     1.8478     1.0365
[1] 16400.0000     0.6560     0.8844    -0.0987     1.8008     1.1913
[1] 16500.0000     0.0514     0.9894     0.0888     2.0605     0.9222
[1] 16600.0000     0.4253     0.8568    -0.1061     1.8350     1.0645
[1] 16700.0000     0.5570     0.9070    -0.0439     1.9735     1.1930
[1] 16800.0000     0.4543     0.8165    -0.2411     1.6506     1.0376
[1] 16900.0000     0.2563     0.8583    -0.0781     1.8874     0.9158
[1] 17000.0000     0.4955     0.9815     0.0634     1.9284     0.9010
[1] 17100.0000     0.0488     0.9262     0.1143     2.0195     0.9696
[1] 17200.0000     0.3331     0.9497    -0.1465     1.7977     0.8252
[1] 17300.0000     0.0934     0.9564    -0.1987     1.7621     0.9524
[1] 17400.0000     1.0000     0.9623     0.0420     2.0853     1.1696
[1] 17500.0000     1.0000     0.9645    -0.2367     1.7487     0.9956
[1] 17600.0000     0.0174     0.9193    -0.0182     1.8863     0.8193
[1] 17700.0000     0.1139     0.8382     0.0287     1.8338     1.1091
[1] 17800.0000     0.3437     0.9877    -0.1298     1.7821     1.0638
[1] 17900.0000     0.0014     0.8644    -0.0877     1.9034     1.0507
[1] 18000.0000     0.8796     0.9109     0.0606     1.9919     0.8712
[1] 1.810e+04 4.440e-02 9.137e-01 6.300e-02 2.017e+00 9.014e-01
[1] 18200.0000     1.0000     0.8073     0.1341     2.0551     0.9256
[1] 18300.0000     0.0041     0.9706    -0.1121     1.8968     1.1685
[1] 18400.0000     0.0039     0.9243    -0.2679     1.8390     1.1066
[1] 18500.0000     0.1570     0.9072    -0.0747     1.8937     1.0082
[1] 18600.0000     0.0225     0.8932     0.0811     2.0761     0.8460
[1] 18700.0000     0.1082     0.8557    -0.0244     1.9333     0.9105
[1] 18800.0000     0.0095     0.9415    -0.0212     2.0032     0.8205
[1] 18900.0000     0.0000     0.8387    -0.1856     1.8247     0.8037
[1] 19000.0000     1.0000     0.8087     0.1364     2.0967     1.1060
[1] 19100.0000     0.0567     0.9272    -0.0696     2.0136     0.8583
[1] 19200.0000     0.6339     0.8319    -0.1813     1.6924     1.0132
[1] 19300.0000     0.1016     0.8940     0.1271     1.9810     1.1248
[1] 19400.0000     0.2670     0.8040    -0.0912     1.8068     1.1551
[1] 19500.0000     0.0013     0.8243     0.1536     2.0719     0.8751
[1] 19600.0000     0.0288     0.8948    -0.1317     1.9300     1.0740
[1] 19700.0000     0.0422     0.8143    -0.0025     1.9190     0.8081
[1] 19800.0000     0.2886     0.8317     0.0698     2.0065     1.0742
[1] 19900.0000     0.2802     0.9981     0.1636     2.1456     1.0280
[1] 20000.0000     1.0000     0.9605    -0.0882     1.7747     0.8244
[1] 20100.0000     0.0000     0.8622    -0.0031     1.9635     0.8640
[1] 20200.0000     1.0000     0.9840     0.0421     2.0018     1.1380
[1] 20300.0000     0.0113     0.9350    -0.2457     1.7639     0.8887
[1] 20400.0000     1.0000     0.8446     0.0029     1.9319     1.0333
[1] 20500.0000     0.0023     0.8964    -0.0528     1.9486     1.1285
[1] 20600.0000     0.0415     0.9963    -0.1094     1.9263     0.8156
[1] 20700.0000     0.7354     0.8107     0.1597     2.0342     1.0874
[1] 20800.0000     1.0000     0.9981    -0.0394     1.9061     1.0246
[1] 20900.0000     0.0000     0.8285    -0.0608     1.8875     0.8493
[1] 21000.0000     0.2038     0.8708    -0.1286     1.8541     1.1617
[1] 21100.0000     0.1057     0.9291     0.0020     1.9559     1.1428
[1] 2.120e+04 1.000e+00 9.611e-01 1.367e-01 2.082e+00 8.029e-01
[1] 21300.0000     0.0018     0.8214    -0.0185     1.8317     1.0391
[1] 21400.0000     1.0000     0.8276     0.0067     1.9727     0.8233
[1] 21500.0000     0.0067     0.8906    -0.0242     1.9293     0.8206
[1] 21600.0000     0.4290     0.8069    -0.0060     1.9260     0.8555
[1] 21700.0000     0.4574     0.9973    -0.1856     1.8088     0.9605
[1] 21800.0000     0.6139     0.8380     0.1274     2.1006     1.0649
[1] 21900.0000     0.5102     0.9598     0.0734     2.0261     0.8497
[1] 22000.0000     0.2388     0.8850     0.0603     1.9361     0.9555
[1] 22100.0000     0.2796     0.8953     0.0465     1.9715     0.9321
[1] 22200.0000     0.3564     0.8579    -0.2394     1.7746     0.8534
[1] 22300.0000     0.0386     0.9726    -0.1506     1.9513     0.8521
[1] 22400.0000     1.0000     0.9971     0.0238     1.9813     0.9354
[1] 22500.0000     0.0086     0.8239    -0.0923     1.9245     1.1368
[1] 22600.0000     0.0000     0.8433     0.0038     2.0655     1.1055
[1] 22700.0000     0.0043     0.8271    -0.0354     1.8843     1.1968
[1] 22800.0000     0.3513     0.8972    -0.1451     1.7302     1.0231
[1] 22900.0000     0.2140     0.8804    -0.1145     1.8498     0.9211
[1] 23000.0000     0.0000     0.8997     0.1532     1.9691     0.9381
[1] 23100.0000     0.3481     0.8119     0.0892     1.9574     1.0551
[1] 23200.0000     0.2134     0.8437     0.0669     1.9963     0.8877
[1] 23300.0000     0.0001     0.9727    -0.0039     1.9469     0.9482
[1] 23400.0000     0.3813     0.8888     0.0429     1.8847     1.0444
[1] 23500.0000     1.0000     0.9916     0.0559     1.9684     1.1297
[1] 23600.0000     0.0206     0.9324    -0.0821     1.8989     0.8634
[1] 23700.0000     0.1933     0.9328    -0.1505     1.8379     1.0180
[1] 23800.0000     0.6888     0.9299    -0.1526     1.6980     1.0580
[1] 23900.0000     0.7192     0.9920     0.0271     1.8640     1.0485
[1] 24000.0000     1.0000     0.9239     0.0210     1.9973     0.9362
[1] 24100.0000     1.0000     0.9214    -0.1023     1.9806     0.8541
[1] 24200.0000     0.0098     0.9331    -0.2562     1.8410     1.1419
[1] 24300.0000     0.4398     0.9595    -0.0922     1.8422     0.9607
[1] 24400.0000     1.0000     0.9947    -0.0154     1.8819     0.9697
[1] 24500.0000     0.0092     0.8969     0.0587     1.9851     1.0480
[1] 24600.0000     0.0001     0.8781    -0.0089     1.9501     0.8812
[1] 24700.0000     0.3637     0.9195     0.0598     1.9113     0.8781
[1] 24800.0000     0.0005     0.8460    -0.1221     1.8287     0.9489
[1] 24900.0000     0.0437     0.9802    -0.0810     1.9497     0.9496
[1] 25000.0000     1.0000     0.8801     0.1449     2.0788     0.8235
[1] 25100.0000     0.9662     0.8419    -0.1201     1.8749     0.8544
[1] 25200.0000     0.1250     0.8495    -0.0363     1.9726     1.1739
[1] 25300.0000     0.0006     0.9779    -0.1281     1.8715     0.8977
[1] 25400.0000     0.0110     0.9183    -0.1443     1.7692     1.0450
[1] 25500.0000     0.5443     0.8159    -0.0154     1.8615     1.0385
[1] 2.560e+04 5.960e-02 9.926e-01 1.648e-01 2.032e+00 9.855e-01
[1] 25700.0000     0.1990     0.8976    -0.2403     1.7466     0.9408
[1] 25800.0000     0.0117     0.9689     0.0107     1.9827     1.1962
[1] 25900.0000     0.0026     0.8683     0.0322     1.9155     0.8098
[1] 26000.0000     0.3024     0.9492     0.0228     1.8709     1.0058
[1] 26100.0000     0.0663     0.8951    -0.0584     1.9560     0.8249
[1] 26200.0000     0.5774     0.8601    -0.0478     1.9690     0.9041
[1] 26300.0000     0.5911     0.8623    -0.3235     1.7134     1.0835
[1] 26400.0000     0.0744     0.8855     0.0978     1.9139     1.0131
[1] 26500.0000     0.1414     0.8034    -0.2912     1.6922     1.1338
[1] 26600.0000     1.0000     0.8531    -0.1187     1.7352     1.1347
[1] 26700.0000     0.1203     0.9721    -0.0307     1.9153     0.8075
[1] 26800.0000     0.1532     0.8173    -0.1185     1.8643     0.9752
[1] 26900.0000     0.0001     0.9241     0.2347     2.1942     1.0646
[1] 27000.0000     0.8183     0.8977    -0.0765     1.9186     0.8661
[1] 27100.0000     0.0008     0.8095    -0.1142     1.8155     1.0497
[1] 27200.0000     0.0011     0.9713    -0.1425     1.9286     1.0324
[1] 27300.0000     0.0017     0.9608    -0.1126     1.8034     0.8492
[1] 27400.0000     0.1102     0.8725    -0.1636     1.7567     1.1899
[1] 27500.0000     1.0000     0.8366    -0.0250     1.9034     1.0805
[1] 27600.0000     0.0009     0.8069     0.0941     1.9946     0.9996
[1] 27700.0000     0.0525     0.8620     0.1790     2.1589     1.0941
[1] 27800.0000     0.0000     0.8358     0.0181     1.9743     1.1051
[1] 27900.0000     0.5010     0.8774     0.0732     1.9733     1.0564
[1] 28000.0000     0.1445     0.9430    -0.2030     1.8502     0.9743
[1] 28100.0000     0.0000     0.9262     0.0248     1.9412     1.0710
[1] 28200.0000     0.4980     0.9920     0.0757     1.9896     1.1206
[1] 28300.0000     0.0169     0.8510    -0.1531     1.7819     0.8048
[1] 28400.0000     1.0000     0.9594    -0.1039     1.8534     0.8105
[1] 28500.0000     1.0000     0.8206     0.0079     1.9869     1.0447
[1] 28600.0000     0.0157     0.9775    -0.1014     1.8246     0.9079
[1] 28700.0000     0.5458     0.9143    -0.0973     1.8025     0.8158
[1] 28800.0000     1.0000     0.9743    -0.0372     1.8846     0.8723
[1] 28900.0000     0.7728     0.8662    -0.2495     1.7605     0.8550
[1] 29000.0000     0.2640     0.9401    -0.0836     1.8529     1.1755
[1] 29100.0000     0.0472     0.9156    -0.0207     1.9182     0.8172
[1] 29200.0000     0.0000     0.8162    -0.1699     1.7432     1.0999
[1] 29300.0000     0.1439     0.9373    -0.0117     1.8651     0.8252
[1] 29400.0000     0.0109     0.9512    -0.0018     1.8020     1.1262
[1] 29500.0000     0.0001     0.9711    -0.1160     1.8849     0.9025
[1] 29600.0000     0.0122     0.8267    -0.0110     1.9506     1.0464
[1] 29700.0000     0.0098     0.8808    -0.2226     1.6786     0.9901
[1] 29800.0000     1.0000     0.8701    -0.0625     1.9183     0.8024
[1] 29900.0000     0.7242     0.9798    -0.0349     1.8624     1.0014
[1] 30000.0000     0.1240     0.8172    -0.0402     1.8852     1.1626
[1] 0.3721851
Time difference of 3.786757 hours
null device 
          1 
