[1] "El numero de nodos X particion es: 10"
[1] "Model = M1 / Data = sim_data/datasetSVCExponential10.Rdata"
[1] 100.0000   1.0000   0.8291   0.0566   1.9620   0.9331
[1] 200.0000   1.0000   0.9804  -0.0642   1.8370   1.0297
[1] 300.0000   0.7243   0.8776  -0.1039   1.8781   1.0665
[1] 400.0000   0.3842   0.9217  -0.0298   1.8597   0.9692
[1] 500.0000   0.9501   0.8902  -0.0758   1.8460   0.8863
[1] 600.0000   0.0012   0.8693   0.0018   1.8306   1.0610
[1] 700.0000   1.0000   0.8087  -0.2082   1.7763   1.0605
[1] 800.0000   1.0000   0.8954  -0.0980   1.8239   1.1490
[1] 900.0000   0.6048   0.9357  -0.2069   1.8244   1.0743
[1] 1000.0000    1.0000    0.9692    0.0633    1.9907    0.9576
[1] 1100.0000    0.4062    0.9726   -0.2704    1.6558    1.0201
[1] 1200.0000    0.2844    0.8603    0.0161    2.0369    0.9164
[1] 1300.0000    0.4803    0.8617   -0.0945    1.8983    1.0550
[1] 1400.0000    0.0000    0.8624   -0.1760    1.7509    0.9686
[1] 1500.0000    0.0001    0.9672    0.0569    2.0062    1.1986
[1] 1600.0000    1.0000    0.9427   -0.0839    1.8876    1.0957
[1] 1700.0000    0.0000    0.9259   -0.0570    1.8210    1.0764
[1] 1800.0000    0.0000    0.9234   -0.1179    1.9500    1.1307
[1] 1900.0000    0.2781    0.9957    0.0548    2.0122    1.1822
[1] 2000.0000    0.0689    0.9978   -0.0770    1.8179    1.1535
[1] 2100.0000    0.9713    0.8081    0.0377    1.9899    0.9300
[1] 2200.0000    0.8975    0.8580   -0.0353    1.8804    1.0161
[1] 2300.0000    0.0309    0.8377   -0.1155    1.8733    0.8487
[1] 2400.0000    0.3954    0.9764   -0.0371    1.7998    1.0594
[1] 2500.0000    1.0000    0.9002   -0.0219    1.8120    1.1531
[1] 2600.0000    0.1291    0.9658   -0.1476    1.8348    1.0023
[1] 2700.0000    0.0674    0.8044   -0.0917    1.8937    1.0835
[1] 2800.0000    0.0763    0.9204   -0.1042    1.8083    1.0405
[1] 2900.0000    0.0002    0.8994   -0.2520    1.6881    1.0050
[1] 3000.0000    0.0092    0.9297    0.1775    2.1090    1.1984
[1] 3100.0000    0.0893    0.9787    0.0304    1.9505    0.9283
[1] 3200.0000    0.1935    0.9371   -0.0529    1.9035    1.1278
[1] 3300.0000    0.0000    0.9877   -0.0691    1.8647    0.9428
[1] 3400.0000    0.0007    0.9079   -0.2116    1.6756    0.8348
[1] 3500.0000    1.0000    0.9338    0.0527    2.0635    0.8830
[1] 3600.0000    0.0660    0.9027   -0.0361    1.9238    1.1569
[1] 3700.0000    0.0001    0.9950    0.0338    1.8854    1.0085
[1] 3800.0000    0.0000    0.8653   -0.2025    1.7019    0.9884
[1] 3900.0000    0.0005    0.8514   -0.1223    1.8049    1.1876
[1] 4000.0000    0.5568    0.9388   -0.0901    1.7583    0.8131
[1] 4100.0000    0.4548    0.9193    0.1572    2.0208    1.0337
[1] 4200.0000    1.0000    0.8436   -0.0794    1.9172    0.9733
[1] 4300.0000    0.0000    0.9986    0.0495    1.9153    0.9026
[1] 4400.0000    0.1170    0.9571    0.0574    1.9566    0.9932
[1] 4500.0000    0.4907    0.8410    0.1052    2.0779    1.1520
[1] 4600.0000    0.0499    0.8009    0.0030    1.8973    0.9214
[1] 4700.0000    0.0002    0.9516    0.0194    1.9875    1.1937
[1] 4800.0000    0.0107    0.8985   -0.1637    1.7888    0.9827
[1] 4900.0000    0.5924    0.8201    0.1640    2.0701    1.1747
[1] 5000.0000    0.7448    0.9273    0.1741    2.0756    1.0348
[1] 5100.0000    0.2032    0.9679   -0.1661    1.7705    1.1951
[1] 5200.0000    0.0032    0.8350    0.0749    2.1088    1.0935
[1] 5300.0000    0.6271    0.8379   -0.1745    1.7208    1.0434
[1] 5400.0000    0.4592    0.8333   -0.0464    1.9054    0.9811
[1] 5500.0000    0.0006    0.8506   -0.0496    1.8107    1.1979
[1] 5600.0000    0.0265    0.9095   -0.3793    1.6973    0.9324
[1] 5700.0000    0.1391    0.9403   -0.1331    1.7397    0.9236
[1] 5800.0000    0.0357    0.8612    0.0144    2.0402    1.0327
[1] 5900.0000    0.2541    0.8706   -0.1608    1.7472    1.1672
[1] 6000.0000    0.6862    0.8325   -0.2390    1.7625    0.8825
[1] 6100.0000    0.0357    0.9517    0.1971    2.0685    0.9216
[1] 6200.0000    1.0000    0.8336   -0.2709    1.6401    0.9759
[1] 6300.0000    0.0344    0.8756   -0.1649    1.8330    1.0496
[1] 6400.0000    0.3527    0.9022   -0.0461    1.8059    0.8332
[1] 6500.0000    0.5357    0.8697   -0.1750    1.8438    0.9040
[1] 6600.0000    0.0052    0.8918   -0.2193    1.8119    1.0184
[1] 6700.0000    0.0002    0.9726   -0.3204    1.6306    1.0730
[1] 6800.0000    0.6611    0.9525   -0.1808    1.8097    0.9997
[1] 6900.0000    0.1856    0.9401   -0.1300    1.7116    0.9220
[1] 7000.0000    0.0002    0.9977   -0.1303    1.8008    1.0944
[1] 7100.0000    1.0000    0.8440   -0.0779    1.8702    0.9302
[1] 7200.0000    0.0053    0.9645   -0.0395    1.9072    0.9109
[1] 7300.0000    0.0001    0.8821   -0.1339    1.8834    0.9361
[1] 7400.0000    0.0000    0.8164   -0.2724    1.6746    0.8600
[1] 7500.0000    0.0489    0.8682   -0.0160    1.9702    0.9160
[1] 7600.0000    0.0344    0.8332   -0.1432    1.7957    1.0877
[1] 7700.0000    0.0028    0.8552   -0.1604    1.7438    1.0850
[1] 7800.0000    0.0001    0.8139   -0.1525    1.8011    0.8702
[1] 7900.0000    1.0000    0.9195   -0.0438    1.9296    1.0920
[1] 8000.0000    0.2500    0.9186   -0.2778    1.6454    1.0026
[1] 8100.0000    0.0222    0.9084    0.0588    1.9549    1.0684
[1] 8200.0000    0.0000    0.9636    0.0193    1.9131    1.1811
[1] 8300.0000    0.0002    0.8222    0.1615    2.0517    0.8438
[1] 8400.0000    1.0000    0.9278    0.0537    1.9249    0.8107
[1] 8500.0000    0.0055    0.9939   -0.1804    1.8017    1.0648
[1] 8600.0000    0.2501    0.9835   -0.0421    1.9074    0.9563
[1] 8700.0000    0.3439    0.8293   -0.1506    1.7278    0.8767
[1] 8800.0000    1.0000    0.9324   -0.0523    1.9147    0.8066
[1] 8900.0000    0.5018    0.9431   -0.1775    1.8528    1.1381
[1] 9000.0000    0.3699    0.9025   -0.0115    1.8555    0.9096
[1] 9100.0000    0.4609    0.9156    0.0936    2.0423    1.0916
[1] 9200.0000    0.1201    0.8777    0.0009    1.8862    1.1489
[1] 9300.0000    0.0000    0.9856   -0.0547    1.7883    1.1370
[1] 9400.0000    0.1609    0.8458    0.1138    1.9219    1.0091
[1] 9500.0000    0.0000    0.9329   -0.1061    1.9051    0.8817
[1] 9600.0000    0.8797    0.9566   -0.1442    1.8116    1.1182
[1] 9700.0000    0.2122    0.8614   -0.0385    1.9023    0.9692
[1] 9800.0000    0.5288    0.8196   -0.1443    1.7565    0.9680
[1] 9900.0000    0.0000    0.8466    0.2750    2.1399    0.8248
[1] 10000.0000     0.5422     0.9167    -0.3783     1.6435     1.1877
[1] 10100.0000     1.0000     0.9049     0.0159     1.9300     1.0751
[1] 10200.0000     0.0000     0.9084    -0.1267     1.8226     0.8386
[1] 10300.0000     0.0030     0.8120     0.0459     1.8416     0.8804
[1] 10400.0000     0.0080     0.8213    -0.0051     1.9243     1.0055
[1] 10500.0000     0.6458     0.8159     0.0675     1.8754     1.1284
[1] 10600.0000     0.0015     0.9579     0.0517     2.0074     1.1829
[1] 10700.0000     0.0001     0.8531    -0.0018     1.9447     0.8181
[1] 10800.0000     0.5561     0.9443    -0.1598     1.8425     1.0263
[1] 10900.0000     0.0000     0.8264    -0.1176     1.9169     1.1140
[1] 11000.0000     0.3253     0.8012    -0.0685     1.9310     0.9407
[1] 11100.0000     0.0000     0.8902     0.2432     2.2118     0.9114
[1] 11200.0000     0.9095     0.9412    -0.0516     1.9629     0.8257
[1] 11300.0000     0.8419     0.9738    -0.0584     1.7870     1.1215
[1] 11400.0000     0.6154     0.8271    -0.0944     1.8203     1.1322
[1] 11500.0000     0.0000     0.9311    -0.1218     1.8279     0.8792
[1] 11600.0000     1.0000     0.9382    -0.2090     1.7506     0.8033
[1] 11700.0000     0.3803     0.9810    -0.1766     1.8507     0.9386
[1] 11800.0000     0.0067     0.8440    -0.0847     1.7508     0.8198
[1] 11900.0000     0.5319     0.9123     0.0043     1.9206     1.0901
[1] 12000.0000     0.0005     0.8543    -0.1376     1.8529     1.1591
[1] 12100.0000     0.1439     0.9452    -0.0513     1.8845     0.8400
[1] 12200.0000     1.0000     0.8496    -0.1020     1.8064     0.8460
[1] 12300.0000     0.3192     0.9007     0.0427     1.9728     1.0908
[1] 12400.0000     1.0000     0.8046    -0.1634     1.7203     0.8797
[1] 12500.0000     0.2340     0.9120     0.0987     2.0527     1.1259
[1] 12600.0000     1.0000     0.9564     0.0618     1.8886     1.1675
[1] 12700.0000     0.0001     0.9486     0.1828     2.0423     0.8166
[1] 12800.0000     0.0000     0.9108    -0.3245     1.5610     1.0765
[1] 12900.0000     0.0048     0.8554    -0.3740     1.6449     0.9712
[1] 13000.0000     0.0046     0.8840    -0.0382     1.8247     1.1100
[1] 13100.0000     0.0004     0.9404    -0.0067     1.9234     0.9822
[1] 13200.0000     0.0053     0.9589    -0.1928     1.7261     1.1555
[1] 13300.0000     1.0000     0.9675     0.1150     2.0727     1.1190
[1] 13400.0000     0.0000     0.9801     0.1364     1.9950     1.0073
[1] 13500.0000     0.0000     0.8240    -0.0758     1.9407     1.0099
[1] 13600.0000     0.0010     0.8917    -0.1615     1.6480     1.0301
[1] 13700.0000     1.0000     0.8314    -0.0759     1.8463     0.8589
[1] 13800.0000     0.0002     0.9394    -0.1447     1.8679     0.9910
[1] 13900.0000     1.0000     0.8104    -0.0917     1.8536     0.8994
[1] 14000.0000     1.0000     0.9598    -0.0674     1.7919     0.8043
[1] 14100.0000     0.0000     0.9236     0.1763     2.0847     0.9106
[1] 14200.0000     0.0373     0.9983    -0.0846     1.8029     1.1131
[1] 14300.0000     0.0383     0.8359    -0.1810     1.7684     1.0907
[1] 14400.0000     0.9005     0.8984     0.0075     1.9767     1.1866
[1] 14500.0000     0.0005     0.8302     0.0020     1.9555     1.1813
[1] 14600.0000     0.0000     0.8329    -0.0070     1.9346     0.9630
[1] 14700.0000     1.0000     0.8840     0.0148     1.9575     1.0394
[1] 14800.0000     0.0000     0.8106    -0.3319     1.6939     1.0978
[1] 14900.0000     0.3708     0.9850    -0.0024     1.9552     1.1438
[1] 15000.0000     0.0000     0.9486    -0.1651     1.7837     0.9418
[1] 15100.0000     0.0163     0.9112    -0.1675     1.7875     1.0503
[1] 15200.0000     0.5348     0.9896     0.1028     1.9630     1.1186
[1] 15300.0000     0.3360     0.8856     0.1098     2.0138     0.9730
[1] 15400.0000     0.9625     0.9829     0.0010     1.9968     1.0368
[1] 15500.0000     0.6866     0.9013     0.1063     1.9297     1.0728
[1] 15600.0000     1.0000     0.9912    -0.0689     1.8410     1.0551
[1] 15700.0000     0.0001     0.9705     0.2295     2.1121     0.8969
[1] 15800.0000     0.0030     0.9670    -0.0890     1.7885     1.0411
[1] 15900.0000     0.0000     0.9524    -0.0538     1.9239     1.0855
[1] 16000.0000     1.0000     0.9761    -0.0759     1.8954     1.0600
[1] 16100.0000     0.4134     0.9477    -0.1101     1.9622     0.9420
[1] 16200.0000     0.9785     0.8455    -0.0195     1.8936     1.0509
[1] 16300.0000     0.0084     0.9320    -0.0968     1.8328     1.0407
[1] 16400.0000     0.5366     0.8090     0.0984     2.0061     0.8978
[1] 16500.0000     0.0728     0.9894    -0.0735     1.8658     0.9222
[1] 16600.0000     1.0000     0.9292    -0.1821     1.7898     1.0485
[1] 16700.0000     0.0599     0.8804    -0.0851     1.8977     1.1815
[1] 16800.0000     0.0314     0.8165    -0.2585     1.6933     1.0376
[1] 16900.0000     0.0987     0.8221    -0.1092     1.7749     1.1575
[1] 17000.0000     0.2522     0.9815     0.1082     1.9753     0.9010
[1] 1.710e+04 1.108e-01 9.262e-01 1.680e-02 1.941e+00 9.696e-01
[1] 17200.0000     0.1347     0.9497    -0.1773     1.7318     0.8252
[1] 17300.0000     0.2275     0.8555    -0.3086     1.6081     1.0278
[1] 17400.0000     1.0000     0.9623     0.0339     2.0330     1.1696
[1] 17500.0000     1.0000     0.9645    -0.1425     1.7703     0.9956
[1] 17600.0000     0.0567     0.9193    -0.0200     1.8344     0.8193
[1] 17700.0000     0.0214     0.9011    -0.1288     1.7836     0.9699
[1] 1.780e+04 1.000e+00 9.968e-01 3.130e-02 1.930e+00 8.268e-01
[1] 17900.0000     0.0190     0.8644    -0.0681     1.8413     1.0507
[1] 18000.0000     1.0000     0.9109     0.0010     1.9649     0.8712
[1] 18100.0000     0.0002     0.9137    -0.0762     1.9382     0.9014
[1] 18200.0000     1.0000     0.8073     0.0781     1.9972     0.9256
[1] 18300.0000     0.0128     0.9706    -0.0528     1.8933     1.1685
[1] 18400.0000     0.0110     0.9243    -0.2205     1.8749     1.1066
[1] 18500.0000     0.0623     0.8299    -0.1663     1.7984     1.0883
[1] 18600.0000     0.0127     0.8932     0.1200     2.0905     0.8460
[1] 18700.0000     0.0901     0.8557    -0.0084     1.9254     0.9105
[1] 18800.0000     0.0121     0.9415     0.0142     1.9946     0.8205
[1] 18900.0000     0.0000     0.8387    -0.1626     1.8406     0.8037
[1] 19000.0000     1.0000     0.8087    -0.0353     1.9377     1.1060
[1] 19100.0000     0.0162     0.8142    -0.0945     1.8480     1.0716
[1] 19200.0000     0.9946     0.8319    -0.0543     1.8064     1.0132
[1] 19300.0000     0.1181     0.8940     0.0144     1.9359     1.1248
[1] 19400.0000     1.0000     0.8507    -0.0539     1.9376     0.9744
[1] 19500.0000     0.0000     0.8243     0.2626     2.0804     0.8751
[1] 19600.0000     0.1483     0.8529    -0.1619     1.8112     0.8752
[1] 19700.0000     0.0059     0.8143     0.0651     1.9348     0.8081
[1] 19800.0000     0.0984     0.8317     0.1789     2.1161     1.0742
[1] 19900.0000     0.2062     0.9981     0.1528     2.1032     1.0280
[1] 20000.0000     1.0000     0.9605    -0.1601     1.6677     0.8244
[1] 20100.0000     0.0000     0.8622     0.0557     2.0133     0.8640
[1] 20200.0000     1.0000     0.9840     0.0465     2.0029     1.1380
[1] 20300.0000     0.0031     0.9350    -0.3194     1.6910     0.8887
[1] 20400.0000     1.0000     0.8446     0.0362     1.9505     1.0333
[1] 20500.0000     0.0028     0.8964    -0.1607     1.8152     1.1285
[1] 20600.0000     0.0765     0.9963    -0.0660     1.9038     0.8156
[1] 20700.0000     0.6857     0.8107     0.1386     1.9907     1.0874
[1] 20800.0000     1.0000     0.9981     0.0921     2.0691     1.0246
[1] 20900.0000     0.0000     0.8352    -0.2030     1.7862     0.8133
[1] 21000.0000     0.3851     0.9026    -0.0585     1.8969     0.9886
[1] 21100.0000     1.0000     0.8682    -0.1661     1.8110     1.1577
[1] 2.120e+04 6.894e-01 9.611e-01 5.780e-02 2.046e+00 8.029e-01
[1] 21300.0000     0.0002     0.8214    -0.0179     1.7834     1.0391
[1] 21400.0000     1.0000     0.8276     0.0586     1.9815     0.8233
[1] 21500.0000     0.0006     0.8906     0.0149     1.9291     0.8206
[1] 21600.0000     1.0000     0.9634    -0.1211     1.8653     0.9473
[1] 21700.0000     0.0801     0.9973    -0.2188     1.7204     0.9605
[1] 21800.0000     0.6275     0.8385     0.1033     2.0974     0.8059
[1] 21900.0000     0.2261     0.9598     0.1303     2.0807     0.8497
[1] 22000.0000     0.2453     0.8850     0.0768     1.9426     0.9555
[1] 22100.0000     0.0152     0.8953    -0.0101     1.9517     0.9321
[1] 22200.0000     0.1941     0.9218    -0.1914     1.8042     0.8208
[1] 22300.0000     0.0135     0.9911    -0.1525     1.8323     0.8397
[1] 22400.0000     1.0000     0.9971     0.0440     1.9771     0.9354
[1] 22500.0000     0.0012     0.8239    -0.2088     1.7957     1.1368
[1] 22600.0000     0.0006     0.8006    -0.0044     1.9142     0.8902
[1] 22700.0000     0.0000     0.8271    -0.1348     1.8145     1.1968
[1] 22800.0000     0.8123     0.8972    -0.1270     1.7499     1.0231
[1] 22900.0000     0.0790     0.8804    -0.1018     1.8750     0.9211
[1] 23000.0000     0.0002     0.8188     0.0646     1.9776     1.0070
[1] 23100.0000     0.1816     0.8119     0.1820     2.0346     1.0551
[1] 23200.0000     0.0777     0.9832     0.0138     1.9456     0.9881
[1] 23300.0000     0.0000     0.9727     0.0880     1.9932     0.9482
[1] 23400.0000     0.2560     0.8888     0.0777     1.8816     1.0444
[1] 23500.0000     0.1272     0.8245     0.0489     1.9651     0.8555
[1] 23600.0000     0.0082     0.9324    -0.1583     1.8263     0.8634
[1] 23700.0000     0.3528     0.8580    -0.0951     1.8076     0.8494
[1] 23800.0000     1.0000     0.9299    -0.1007     1.7184     1.0580
[1] 23900.0000     0.6051     0.9920     0.0234     1.8919     1.0485
[1] 24000.0000     0.0277     0.9851    -0.0409     1.9017     1.0873
[1] 24100.0000     1.0000     0.9214    -0.1112     1.8678     0.8541
[1] 24200.0000     0.0072     0.9331    -0.1448     1.9375     1.1419
[1] 24300.0000     0.1396     0.9595    -0.0794     1.8539     0.9607
[1] 24400.0000     1.0000     0.9947    -0.0030     1.8677     0.9697
[1] 24500.0000     0.0119     0.8969     0.0417     1.9695     1.0480
[1] 24600.0000     0.0000     0.9237    -0.1194     1.8220     1.0127
[1] 24700.0000     0.5133     0.9195    -0.2421     1.6430     0.8781
[1] 24800.0000     0.0001     0.8460    -0.0525     1.8821     0.9489
[1] 24900.0000     0.2130     0.8023    -0.1694     1.7709     1.0260
[1] 25000.0000     0.9530     0.8801     0.1454     2.0118     0.8235
[1] 25100.0000     0.0757     0.8549    -0.0066     1.9443     0.9439
[1] 25200.0000     0.0815     0.8495     0.0120     1.9947     1.1739
[1] 25300.0000     0.0001     0.9779    -0.1334     1.8621     0.8977
[1] 25400.0000     0.1706     0.9621    -0.2288     1.7511     0.9516
[1] 25500.0000     0.2915     0.8147    -0.0840     1.8365     1.1844
[1] 25600.0000     0.0187     0.9926     0.2340     2.0821     0.9855
[1] 25700.0000     0.1675     0.8976    -0.2537     1.7350     0.9408
[1] 25800.0000     0.0143     0.8606    -0.1525     1.8329     0.8978
[1] 25900.0000     0.0002     0.8683     0.0070     1.8421     0.8098
[1] 26000.0000     0.9632     0.9492    -0.1467     1.7378     1.0058
[1] 26100.0000     0.0986     0.9326    -0.0672     1.8997     1.0189
[1] 26200.0000     0.5243     0.8601    -0.0674     1.9291     0.9041
[1] 26300.0000     0.8554     0.8623    -0.2619     1.7747     1.0835
[1] 26400.0000     0.0949     0.8855     0.2067     2.0135     1.0131
[1] 26500.0000     0.0135     0.8034    -0.3173     1.6178     1.1338
[1] 26600.0000     0.3561     0.8720    -0.1747     1.7384     0.9170
[1] 26700.0000     0.1137     0.9721    -0.0622     1.8560     0.8075
[1] 26800.0000     0.7151     0.9542    -0.0173     1.8200     1.1594
[1] 26900.0000     0.0014     0.8396    -0.0275     1.9656     0.9391
[1] 27000.0000     0.4488     0.9266    -0.0367     1.9067     0.8932
[1] 27100.0000     0.0003     0.8095     0.0057     1.9017     1.0497
[1] 27200.0000     0.0102     0.8304    -0.0204     1.9567     0.8580
[1] 27300.0000     0.0016     0.9608    -0.1323     1.7878     0.8492
[1] 27400.0000     0.3292     0.8806    -0.1925     1.7058     1.0468
[1] 27500.0000     0.1286     0.9635    -0.0649     1.8345     1.1809
[1] 27600.0000     0.0000     0.8069     0.2478     2.0972     0.9996
[1] 27700.0000     0.0239     0.8620     0.2082     2.1850     1.0941
[1] 27800.0000     0.0000     0.8358     0.0289     1.9509     1.1051
[1] 27900.0000     0.5205     0.8774     0.1045     1.9931     1.0564
[1] 28000.0000     0.0023     0.9003    -0.1610     1.8492     0.9918
[1] 28100.0000     0.0000     0.9262    -0.1492     1.8255     1.0710
[1] 28200.0000     0.5856     0.9920     0.0264     1.9521     1.1206
[1] 28300.0000     0.0060     0.8510    -0.1517     1.7633     0.8048
[1] 28400.0000     1.0000     0.9594    -0.1030     1.8413     0.8105
[1] 28500.0000     1.0000     0.8206     0.0225     2.0044     1.0447
[1] 28600.0000     0.0012     0.9775    -0.0128     1.9013     0.9079
[1] 28700.0000     0.2646     0.8413     0.0838     1.9452     1.0381
[1] 28800.0000     0.0874     0.9637     0.1335     2.0939     0.8491
[1] 28900.0000     0.8771     0.8662    -0.1787     1.7786     0.8550
[1] 29000.0000     0.3198     0.9401    -0.0230     1.9342     1.1755
[1] 29100.0000     0.1019     0.9836    -0.0572     1.8413     1.0211
[1] 29200.0000     0.0004     0.8505    -0.3580     1.6357     0.9156
[1] 29300.0000     0.0055     0.9749    -0.1074     1.7880     0.9782
[1] 29400.0000     0.0351     0.9512    -0.0428     1.8131     1.1262
[1] 29500.0000     0.0000     0.9711    -0.2460     1.7267     0.9025
[1] 29600.0000     0.0049     0.8267    -0.0047     1.9429     1.0464
[1] 29700.0000     0.0206     0.9571    -0.0537     1.8435     0.9736
[1] 29800.0000     1.0000     0.8701    -0.0952     1.8754     0.8024
[1] 29900.0000     0.7826     0.9798    -0.0059     1.8760     1.0014
[1] 30000.0000     0.1694     0.8172    -0.1305     1.8042     1.1626
[1] 0.3370265
Time difference of 3.64001 hours
null device 
          1 
