[1] "El numero de nodos X particion es: 10"
[1] "Model = M1 / Data = sim_data/datasetSVIExponential26.Rdata"
[1] 100.0000   0.5353   0.9429   0.0798   1.8936   1.1970
[1] 200.0000   0.0029   0.8487  -0.0590   1.9814   0.8384
[1] 300.0000   0.6423   0.8776   0.1106   1.8980   1.0665
[1] 400.0000   0.0170   0.9217  -0.0689   2.0814   0.9692
[1] 500.0000   0.0000   0.8380   0.2585   1.7410   0.8203
[1] 600.0000   0.5395   0.9748   0.0424   1.8502   1.0386
[1] 700.0000   0.3039   0.9506   0.1861   1.7675   1.0413
[1] 800.0000   0.0149   0.9313  -0.3482   2.2601   1.0430
[1] 900.0000   0.0000   0.9606  -0.2667   2.1618   1.0158
[1] 1000.0000    0.0000    0.8209   -0.1124    2.0693    0.9374
[1] 1100.0000    0.0000    0.9319    0.7100    1.1935    0.8930
[1] 1200.0000    0.1925    0.8603    0.0637    2.0160    0.9164
[1] 1300.0000    0.0697    0.9805   -0.1429    2.0931    0.8049
[1] 1400.0000    0.0000    0.9303   -0.3273    2.2095    1.1894
[1] 1500.0000    0.0070    0.9694    0.8360    1.0712    1.1238
[1] 1600.0000    0.0000    0.9098   -0.4105    2.4168    0.9715
[1] 1700.0000    0.0000    0.8745   -0.5863    2.5855    0.9148
[1] 1800.0000    0.0000    0.8314   -0.3681    2.3290    0.9945
[1] 1900.0000    0.0000    0.9875   -0.2289    2.2223    0.8532
[1] 2000.0000    0.0000    0.9400    0.0917    1.8913    1.1109
[1] 2100.0000    0.0000    0.9372   -0.2763    2.1993    0.8634
[1] 2200.0000    0.0000    0.8668    0.2987    1.7001    1.0989
[1] 2300.0000    0.0001    0.9906   -0.0317    1.9021    0.8768
[1] 2400.0000    0.0000    0.9355    0.0614    1.9226    1.1578
[1] 2500.0000    0.0856    0.9668    0.2135    1.6967    0.8029
[1] 2600.0000    0.0000    0.8617   -0.6327    2.5486    0.8044
[1] 2700.0000    0.0000    0.8492    0.0546    1.9506    0.9140
[1] 2800.0000    0.0397    0.9382    0.1581    1.7806    1.1558
[1] 2900.0000    0.0017    0.9982   -0.3024    2.2271    0.9626
[1] 3000.0000    0.0000    0.8454   -0.2123    2.1832    0.9669
[1] 3100.0000    0.0000    0.9751    0.1142    1.7762    1.0618
[1] 3200.0000    0.0000    0.8205    0.6096    1.3342    0.8873
[1] 3300.0000    0.0000    0.9797   -0.0751    1.8472    1.0744
[1] 3400.0000    0.5220    0.8983    0.4026    1.5895    1.1525
[1] 3500.0000    0.0000    0.9256    0.3939    1.5692    1.1684
[1] 3600.0000    0.0000    0.8846   -0.0910    2.0309    1.0977
[1] 3700.0000    0.5260    0.8385    0.2097    1.7858    0.8150
[1] 3800.0000    0.0000    0.9791    0.3357    1.6263    1.0179
[1] 3900.0000    0.0000    0.9030   -0.2308    2.1942    0.9530
[1] 4000.0000    0.1053    0.9388    0.2614    1.5254    0.8131
[1] 4100.0000    0.0000    0.8388   -0.5741    2.5416    0.8864
[1] 4200.0000    0.0000    0.9756   -0.2034    2.1204    0.9752
[1] 4300.0000    0.1674    0.9117   -0.0660    1.9653    0.8380
[1] 4400.0000    0.0000    0.9459    0.3784    1.5813    1.1887
[1] 4500.0000    1.0000    0.8410   -0.2006    2.1707    1.1520
[1] 4600.0000    0.0005    0.9525    0.0785    1.9241    1.1110
[1] 4700.0000    0.0000    0.8528   -0.2967    2.2200    0.8411
[1] 4800.0000    0.0000    0.8616   -0.3015    2.2554    0.9384
[1] 4900.0000    0.0000    0.9924   -0.2627    2.2460    1.1836
[1] 5000.0000    1.0000    0.9273   -0.4530    2.4657    1.0348
[1] 5100.0000    0.0000    0.9679   -0.1640    2.1619    1.1951
[1] 5200.0000    0.0000    0.8350   -0.2820    2.4300    1.0935
[1] 5300.0000    0.0000    0.8821   -0.0296    1.8473    1.0013
[1] 5400.0000    0.0000    0.9713    0.1131    1.7177    1.1011
[1] 5500.0000    0.0000    0.8506    0.4405    1.5086    1.1979
[1] 5600.0000    0.0000    0.8117   -0.0350    2.0032    0.9121
[1] 5700.0000    0.0000    0.8961   -0.2589    2.2273    1.1119
[1] 5800.0000    0.0000    0.8612   -0.5249    2.5215    1.0327
[1] 5900.0000    0.0000    0.9433    0.1426    1.7674    0.8670
[1] 6000.0000    0.0000    0.8790    0.2211    1.8195    1.0590
[1] 6100.0000    0.0000    0.9100   -0.0460    1.9063    1.1509
[1] 6200.0000    0.0000    0.8235    0.2631    1.6542    1.1329
[1] 6300.0000    0.0000    0.9569   -0.1057    2.0665    0.8080
[1] 6400.0000    0.0000    0.9885    0.0671    1.9711    0.8165
[1] 6500.0000    0.0003    0.9145   -0.3283    2.1849    0.8046
[1] 6600.0000    0.0000    0.8710   -0.0864    2.0047    0.9001
[1] 6700.0000    0.0000    0.8204   -0.4684    2.3762    0.9264
[1] 6800.0000    0.0495    0.8794    0.2864    1.5814    0.9381
[1] 6900.0000    0.0000    0.9267   -0.3571    2.3480    1.0380
[1] 7000.0000    0.0000    0.9736    0.2381    1.7356    1.0588
[1] 7100.0000    0.0000    0.9857   -0.0161    1.9627    1.0571
[1] 7200.0000    0.0000    0.8247   -0.1529    2.1543    0.8913
[1] 7300.0000    0.0000    0.9946    0.2350    1.7236    1.1299
[1] 7400.0000    0.0000    0.8045   -0.2212    2.1579    0.8734
[1] 7500.0000    0.0000    0.9989   -0.5684    2.3795    1.1081
[1] 7600.0000    0.0000    0.9493   -0.4544    2.3527    0.9281
[1] 7700.0000    0.0001    0.8348   -0.8937    2.7690    1.0869
[1] 7800.0000    0.0140    0.9281    0.1471    1.8966    0.8883
[1] 7900.0000    0.0000    0.9654   -0.1728    2.0658    1.1831
[1] 8000.0000    0.0000    0.9309    0.2948    1.6311    1.0835
[1] 8100.0000    0.0000    0.8483   -0.1409    2.0543    0.8203
[1] 8200.0000    0.0000    0.9207   -0.1463    2.1911    1.1282
[1] 8300.0000    0.0829    0.9009   -0.3851    2.2692    1.0589
[1] 8400.0000    0.0000    0.9658   -0.1932    2.1139    0.9286
[1] 8500.0000    0.0000    0.8325   -0.0579    2.0248    1.0750
[1] 8600.0000    0.3031    0.9662   -0.2256    2.2323    0.9487
[1] 8700.0000    0.0000    0.8940    0.6464    1.3129    1.0236
[1] 8800.0000    0.0000    0.9735   -0.0877    2.0199    1.0381
[1] 8900.0000    0.0001    0.8674    0.7507    1.2198    1.0474
[1] 9000.0000    0.0000    0.8638    0.4820    1.3854    1.1683
[1] 9100.0000    0.0000    0.9806    0.0923    1.8068    1.0696
[1] 9200.0000    0.0000    0.8777   -0.0941    2.1066    1.1489
[1] 9300.0000    0.0000    0.8689    0.1171    1.8592    0.9976
[1] 9400.0000    0.0000    0.9163    0.8537    1.0755    0.8003
[1] 9500.0000    0.0000    0.8817    0.1582    1.7311    1.0875
[1] 9600.0000    0.3109    0.8149    0.0912    1.9743    0.9056
[1] 9700.0000    0.0000    0.9657    0.7443    1.2670    0.9166
[1] 9800.0000    0.0000    0.9462   -0.2914    2.2167    1.1275
[1] 9900.0000    0.0000    0.9876    0.7173    1.2361    0.9739
[1] 10000.0000     1.0000     0.8618    -0.2841     2.2545     0.8032
[1] 10100.0000     0.8759     0.9049    -0.0546     2.0821     1.0751
[1] 10200.0000     1.0000     0.9808    -0.0951     2.0398     0.8342
[1] 10300.0000     0.4502     0.9290     0.1256     1.8857     0.8292
[1] 10400.0000     0.0000     0.9434     0.0235     1.8943     1.1753
[1] 10500.0000     0.0011     0.9828    -0.1452     2.1213     0.8036
[1] 10600.0000     0.0000     0.8442     0.0211     1.8971     0.9495
[1] 10700.0000     0.0000     0.9346     0.6151     1.3933     1.0990
[1] 10800.0000     1.0000     0.8056    -0.2710     2.2545     0.8503
[1] 10900.0000     0.0000     0.9660     0.3754     1.5934     1.1970
[1] 11000.0000     0.3066     0.8012     0.2879     1.7636     0.9407
[1] 11100.0000     0.0000     0.8902    -0.1027     2.0827     0.9114
[1] 11200.0000     0.1425     0.8258     0.0133     1.8526     1.0628
[1] 11300.0000     0.0000     0.9481    -0.0552     1.9435     1.1448
[1] 11400.0000     0.0037     0.9548     0.5621     1.3812     1.0047
[1] 11500.0000     0.0000     0.8034     0.0211     1.9332     0.8501
[1] 11600.0000     0.0804     0.9382    -0.0853     1.9071     0.8033
[1] 11700.0000     1.0000     0.8766     0.1601     1.8566     0.9110
[1] 11800.0000     0.0000     0.8027     0.2963     1.5765     0.8530
[1] 11900.0000     0.0000     0.9637    -0.7579     2.6820     0.8690
[1] 12000.0000     0.0000     0.8056     0.1643     1.8265     1.1142
[1] 12100.0000     0.0000     0.8930     0.2796     1.6694     0.8604
[1] 12200.0000     0.4361     0.8496     0.5904     1.4056     0.8460
[1] 12300.0000     0.0021     0.8010     0.3560     1.6064     0.8810
[1] 12400.0000     1.0000     0.8046    -0.1706     2.1515     0.8797
[1] 1.250e+04 0.000e+00 9.939e-01 1.054e-01 1.911e+00 9.707e-01
[1] 12600.0000     0.0000     0.9125    -0.3103     2.3487     1.1924
[1] 12700.0000     0.0168     0.9614    -0.2060     2.0705     0.8958
[1] 12800.0000     0.0000     0.9108    -0.6850     2.7109     1.0765
[1] 12900.0000     0.4291     0.9204     0.2338     1.7438     0.8219
[1] 13000.0000     0.0000     0.8069    -0.0509     1.9917     1.0997
[1] 13100.0000     0.0000     0.9339     0.0834     1.8454     1.1193
[1] 13200.0000     0.0725     0.8843    -0.5547     2.4798     0.9997
[1] 13300.0000     0.0000     0.8062    -0.5408     2.5714     1.1333
[1] 13400.0000     0.0000     0.9676     0.2984     1.6363     1.1418
[1] 13500.0000     0.0000     0.8466    -0.3750     2.3540     0.8143
[1] 13600.0000     0.0000     0.8917     0.4518     1.5727     1.0301
[1] 13700.0000     0.0000     0.8708     0.2391     1.7346     1.0127
[1] 13800.0000     0.0000     0.9432    -0.1590     2.1089     1.1717
[1] 13900.0000     0.0000     0.8495     0.0577     1.8470     1.0802
[1] 14000.0000     0.0000     0.9588     0.2262     1.7177     0.9662
[1] 14100.0000     0.0000     0.8844    -0.0362     1.8835     1.1867
[1] 14200.0000     0.0001     0.8479     0.5815     1.3138     0.8739
[1] 14300.0000     0.0000     0.8548    -0.6727     2.6056     0.8231
[1] 14400.0000     0.1982     0.8171    -0.2466     2.1887     1.1588
[1] 14500.0000     0.3166     0.8647     0.0547     1.9008     1.0877
[1] 14600.0000     0.0001     0.9670     0.2160     1.7009     1.1151
[1] 14700.0000     0.0000     0.8974    -0.2636     2.1694     1.0871
[1] 14800.0000     0.0000     0.8106     0.2566     1.6352     1.0978
[1] 14900.0000     0.2533     0.8051    -0.0170     1.9742     1.0614
[1] 15000.0000     0.1440     0.8279     0.2931     1.6541     1.0826
[1] 15100.0000     0.3339     0.8384    -0.1815     2.1832     0.8510
[1] 15200.0000     0.0000     0.8242     0.4825     1.5198     1.0800
[1] 15300.0000     0.7505     0.9517    -0.0346     2.0185     1.1636
[1] 15400.0000     1.0000     0.9829    -0.0733     1.9806     1.0368
[1] 15500.0000     0.0000     0.8279    -0.8707     2.7641     0.8509
[1] 15600.0000     0.0000     0.8520    -0.7059     2.6243     1.1912
[1] 15700.0000     0.0000     0.8475    -0.1356     2.0841     0.9690
[1] 15800.0000     0.0815     0.8834    -0.1838     2.0877     0.9061
[1] 15900.0000     0.0000     0.9431    -0.1435     2.0459     0.8611
[1] 16000.0000     0.1380     0.8124    -0.2140     2.1908     1.1160
[1] 16100.0000     0.0000     0.8906     0.4563     1.4764     0.9023
[1] 16200.0000     0.0000     0.9466    -0.0486     1.9879     0.9477
[1] 16300.0000     0.0000     0.9327    -0.2368     2.2033     0.9714
[1] 16400.0000     0.0000     0.9401    -0.1465     2.1172     0.9237
[1] 16500.0000     0.2476     0.9894    -0.1006     2.0814     0.9222
[1] 16600.0000     0.0049     0.8568    -0.7476     2.7362     1.0645
[1] 16700.0000     0.0000     0.9287     0.2792     1.6074     0.9633
[1] 16800.0000     0.0001     0.8165     0.0732     1.9486     1.0376
[1] 16900.0000     0.0000     0.8583    -0.1108     2.0099     0.9158
[1] 17000.0000     0.0000     0.9790    -0.5245     2.4209     0.8822
[1] 17100.0000     0.0001     0.9262     0.6457     1.3753     0.9696
[1] 17200.0000     0.1884     0.9497     0.3353     1.6717     0.8252
[1] 17300.0000     1.0000     0.8396    -0.2132     2.1739     1.0131
[1] 17400.0000     0.0000     0.8593    -0.1180     2.1453     1.1450
[1] 17500.0000     0.0000     0.9983     0.5455     1.5681     0.9809
[1] 17600.0000     0.0000     0.8242     0.1910     1.7151     0.9225
[1] 1.770e+04 0.000e+00 8.794e-01 2.536e-01 1.712e+00 9.707e-01
[1] 17800.0000     0.0351     0.9571    -0.5250     2.5435     0.9258
[1] 17900.0000     0.0000     0.9083    -0.0665     1.9783     0.9495
[1] 18000.0000     0.3928     0.9109    -0.1673     2.1977     0.8712
[1] 18100.0000     0.0000     0.8667    -0.3107     2.3217     1.1867
[1] 1.820e+04 1.282e-01 8.582e-01 9.514e-01 9.418e-01 9.652e-01
[1] 18300.0000     0.0000     0.9012     0.1175     1.8588     1.0710
[1] 18400.0000     0.0000     0.8109    -0.1627     2.1432     1.0647
[1] 18500.0000     0.0000     0.8451     0.1429     1.8379     0.9054
[1] 18600.0000     0.0000     0.8656    -0.3392     2.3272     0.8624
[1] 18700.0000     0.0000     0.8690    -0.0751     1.9433     0.9055
[1] 18800.0000     0.0000     0.8537     0.0081     1.9374     0.9005
[1] 18900.0000     0.0000     0.9024    -0.4472     2.3311     1.0613
[1] 19000.0000     0.0041     0.8366    -0.6526     2.6537     0.8015
[1] 19100.0000     0.0000     0.8142    -0.4905     2.3272     1.0716
[1] 19200.0000     0.0000     0.8001     0.4580     1.4787     0.9641
[1] 19300.0000     0.0000     0.8411     0.1476     1.7542     0.9272
[1] 19400.0000     0.0000     0.8040    -0.0343     2.0660     1.1551
[1] 19500.0000     0.0000     0.8527     0.1299     1.8187     1.1208
[1] 19600.0000     0.4450     0.9162    -0.1900     2.0129     0.8038
[1] 19700.0000     0.1503     0.9629    -0.3391     2.1722     0.8437
[1] 19800.0000     0.0000     0.9911     0.4880     1.4782     0.9546
[1] 19900.0000     0.0000     0.9981    -0.0157     2.0020     1.0280
[1] 20000.0000     0.0000     0.8708    -0.2707     2.2237     1.0213
[1] 20100.0000     0.0000     0.9794     0.2611     1.7256     1.1721
[1] 20200.0000     0.8759     0.9840    -0.0602     1.9876     1.1380
[1] 20300.0000     0.0000     0.8028     0.0009     2.0359     0.9708
[1] 20400.0000     0.0460     0.9596     0.0524     1.8458     1.0259
[1] 20500.0000     0.0000     0.8964     0.4184     1.5548     1.1285
[1] 20600.0000     0.9776     0.9169     0.1607     1.8279     1.1057
[1] 20700.0000     0.9538     0.8107    -0.0080     2.0152     1.0874
[1] 20800.0000     0.0000     0.9606    -0.2105     2.1153     1.0886
[1] 20900.0000     1.0000     0.9455    -0.0721     1.9933     1.1141
[1] 21000.0000     0.0000     0.8369     0.2431     1.6899     1.0355
[1] 21100.0000     0.0000     0.9732    -0.1042     1.9704     0.8253
[1] 21200.0000     0.8147     0.9611     0.0766     1.8239     0.8029
[1] 21300.0000     0.0000     0.8782    -0.5697     2.4848     1.0748
[1] 21400.0000     0.0156     0.9719    -0.3909     2.3028     0.9071
[1] 21500.0000     0.0000     0.9375    -0.6742     2.5728     1.0777
[1] 21600.0000     0.0011     0.8762    -0.5866     2.5780     1.1580
[1] 21700.0000     0.0000     0.8449    -0.7331     2.6246     0.9351
[1] 21800.0000     0.0025     0.8218    -0.4638     2.4533     1.1739
[1] 21900.0000     0.0000     0.9408    -0.1524     2.0656     0.9421
[1] 22000.0000     0.0000     0.8850     0.1492     1.7359     0.9555
[1] 22100.0000     0.0000     0.9357    -0.4097     2.3286     1.0831
[1] 22200.0000     0.0000     0.9218    -0.1402     2.0855     0.8208
[1] 22300.0000     1.0000     0.9726     0.2703     1.7149     0.8521
[1] 22400.0000     0.0000     0.8145    -0.3002     2.2164     0.8604
[1] 22500.0000     0.1686     0.8623     0.3363     1.6814     0.8008
[1] 22600.0000     0.0000     0.8858    -0.4277     2.3743     0.9064
[1] 22700.0000     0.0000     0.8271    -0.2380     2.1400     1.1968
[1] 22800.0000     0.0007     0.9630    -0.1822     2.1035     0.9437
[1] 22900.0000     0.0000     0.9287    -0.0909     1.9516     0.9003
[1] 23000.0000     0.0000     0.9652    -0.2275     2.1706     1.0264
[1] 23100.0000     0.0000     0.8291    -0.3599     2.4258     0.9730
[1] 23200.0000     0.0002     0.9586    -0.2840     2.1677     1.0581
[1] 23300.0000     0.9614     0.9627     0.3846     1.5905     0.8504
[1] 23400.0000     0.0403     0.9418     0.1991     1.8562     0.8205
[1] 23500.0000     0.0000     0.8934     0.1313     1.8047     1.1391
[1] 23600.0000     0.0000     0.8360     0.3303     1.6436     0.8406
[1] 2.370e+04 0.000e+00 8.580e-01 2.335e-01 1.728e+00 8.494e-01
[1] 23800.0000     0.0000     0.9509    -0.2590     2.1463     0.9516
[1] 23900.0000     0.0179     0.8157     0.3469     1.5943     0.8034
[1] 24000.0000     0.0000     0.9801    -0.1505     2.0421     1.1551
[1] 24100.0000     0.0000     0.8747    -0.5323     2.3992     1.0767
[1] 24200.0000     0.0000     0.8399    -0.0392     1.8993     1.0287
[1] 24300.0000     0.0000     0.8822    -0.2690     2.2707     1.1634
[1] 24400.0000     0.3649     0.8950     0.2030     1.7623     0.9027
[1] 24500.0000     0.0000     0.9064     0.3513     1.5872     0.8345
[1] 24600.0000     0.0000     0.9062    -0.1757     2.1680     0.8877
[1] 24700.0000     0.0054     0.9574    -0.2507     2.1545     1.0919
[1] 24800.0000     0.1823     0.8109     0.2157     1.6769     1.1899
[1] 24900.0000     0.0443     0.9495    -0.1522     2.1192     0.8626
[1] 25000.0000     0.0605     0.8801     0.1275     1.6915     0.8235
[1] 25100.0000     0.0152     0.9102     0.5718     1.4186     0.9221
[1] 25200.0000     0.0000     0.9920    -0.3587     2.3656     0.8420
[1] 25300.0000     0.9333     0.8151    -0.1822     2.0710     1.0748
[1] 25400.0000     1.0000     0.8988    -0.2403     2.2061     1.0888
[1] 25500.0000     0.0000     0.8303    -0.1034     2.0792     1.1248
[1] 25600.0000     0.0000     0.8978     0.0440     1.9154     1.1142
[1] 25700.0000     0.0000     0.8060     0.2291     1.7373     0.8422
[1] 25800.0000     0.0000     0.8043    -0.2562     2.1670     0.8730
[1] 25900.0000     1.0000     0.8632     0.0714     1.8923     1.1254
[1] 26000.0000     1.0000     0.9492    -0.0580     2.0377     1.0058
[1] 26100.0000     0.0000     0.9196     0.0844     1.7783     1.1722
[1] 26200.0000     0.0001     0.9529    -0.1845     2.0650     1.0017
[1] 26300.0000     0.0000     0.9342     0.2619     1.6432     1.1434
[1] 26400.0000     0.0000     0.8767    -0.1155     2.0393     0.8041
[1] 26500.0000     0.2315     0.8136    -0.2429     2.2148     0.8843
[1] 26600.0000     0.0000     0.9293    -0.1000     2.1251     0.8497
[1] 26700.0000     0.1259     0.9890     0.2185     1.6876     0.9390
[1] 26800.0000     0.0000     0.8448    -0.6730     2.6317     0.8652
[1] 26900.0000     0.0000     0.9586     0.2305     1.8020     1.0279
[1] 27000.0000     0.0000     0.9311    -0.0614     2.0092     1.0381
[1] 27100.0000     0.3413     0.8095    -0.0062     2.0188     1.0497
[1] 27200.0000     0.0036     0.8628    -0.0429     2.0074     1.0265
[1] 27300.0000     0.0000     0.9754    -0.2390     2.2160     0.9688
[1] 27400.0000     0.0000     0.8725    -0.0491     2.0660     1.1899
[1] 27500.0000     0.0000     0.9661     0.4382     1.5126     1.0391
[1] 27600.0000     0.0000     0.9357     0.1921     1.7267     0.9330
[1] 27700.0000     0.0000     0.8317    -0.0450     1.9916     1.1846
[1] 27800.0000     0.0000     0.8358     0.5153     1.4419     1.1051
[1] 27900.0000     0.7508     0.8904    -0.0551     2.0661     0.9276
[1] 28000.0000     0.0000     0.8025    -0.1594     2.1144     0.9240
[1] 28100.0000     0.0000     0.9262     0.4364     1.5516     1.0710
[1] 28200.0000     0.0000     0.9693    -0.2091     2.1801     0.8876
[1] 28300.0000     0.0000     0.8845    -0.2437     2.1633     0.9758
[1] 28400.0000     0.2034     0.9594     0.4231     1.6655     0.8105
[1] 28500.0000     0.0000     0.8824     0.1352     1.7686     0.8003
[1] 28600.0000     0.0016     0.9856     0.3415     1.4579     1.1641
[1] 28700.0000     0.0000     0.8546    -0.3386     2.2317     0.9787
[1] 28800.0000     0.0068     0.8713     0.2069     1.7839     0.8780
[1] 28900.0000     0.0000     0.9040    -0.2517     2.1022     0.8375
[1] 29000.0000     0.0000     0.9692    -0.1963     2.0588     0.9910
[1] 29100.0000     0.0000     0.9089    -0.3550     2.2648     0.8717
[1] 29200.0000     0.0284     0.9367     0.5158     1.3779     1.1465
[1] 29300.0000     1.0000     0.9064     0.1926     1.6977     1.0368
[1] 29400.0000     0.0494     0.9394     0.4859     1.3892     1.1754
[1] 29500.0000     0.0000     0.8510    -0.4598     2.4714     0.8942
[1] 29600.0000     0.0008     0.8035     0.3979     1.5065     1.0772
[1] 29700.0000     0.0000     0.9571     0.3628     1.5095     0.9736
[1] 29800.0000     0.0000     0.8503     0.2329     1.7429     0.9822
[1] 29900.0000     0.6929     0.9798     0.1859     1.8110     1.0014
[1] 30000.0000     0.0011     0.8172     0.3621     1.5268     1.1626
[1] 0.1296748
Time difference of 3.891046 hours
null device 
          1 
