[1] "El numero de nodos X particion es: 10"
[1] "Model = M2 / Data = sim_data/datasetSVCExponential12.Rdata"
[1] 100.0000   0.0541   0.9429   0.0184   1.9210   1.1970
[1] 200.0000   1.0000   0.9804  -0.2588   1.8151   1.0297
[1] 300.0000   0.1952   0.8776  -0.2925   1.8076   1.0665
[1] 400.0000   0.1316   0.9217  -0.1717   1.7855   0.9692
[1] 500.0000   0.0452   0.9813  -0.2212   1.9173   0.8492
[1] 600.0000   0.8702   0.9748  -0.0885   1.7620   1.0386
[1] 700.0000   0.0541   0.9912  -0.2416   1.9525   1.0784
[1] 800.0000   0.1208   0.9840  -0.1821   1.7866   0.9131
[1] 900.0000   1.0000   0.9357  -0.3303   1.8177   1.0743
[1] 1000.0000    0.0861    0.9945   -0.3007    1.8378    0.8801
[1] 1100.0000    0.8167    0.9726   -0.2438    1.7748    1.0201
[1] 1200.0000    0.2045    0.8603   -0.2795    1.8226    0.9164
[1] 1300.0000    1.0000    0.8617   -0.1286    1.9152    1.0550
[1] 1400.0000    0.0739    0.9303   -0.2581    1.9477    1.1894
[1] 1500.0000    0.0165    0.9672   -0.2413    1.8341    1.1986
[1] 1600.0000    0.0145    0.9998   -0.2413    1.8082    1.1214
[1] 1700.0000    0.0073    0.9916   -0.2748    1.8311    1.1881
[1] 1800.0000    0.0247    0.9234   -0.2745    1.8792    1.1307
[1] 1900.0000    0.2024    0.9957   -0.1990    1.8044    1.1822
[1] 2000.0000    0.0069    0.9978   -0.1393    1.9500    1.1535
[1] 2100.0000    0.0750    0.8081   -0.1288    1.8697    0.9300
[1] 2200.0000    0.9119    0.8580   -0.2024    1.8623    1.0161
[1] 2300.0000    0.4815    0.9707   -0.1355    1.7652    1.1994
[1] 2400.0000    0.4021    0.9764   -0.1061    1.7256    1.0594
[1] 2500.0000    0.3303    0.9668   -0.2311    1.8746    0.8475
[1] 2600.0000    0.0171    0.9658   -0.2325    1.7690    1.0023
[1] 2700.0000    0.1198    0.9335   -0.2259    1.7453    0.9591
[1] 2800.0000    0.1490    0.8906   -0.2475    1.8749    0.8787
[1] 2900.0000    0.1222    0.8994   -0.2309    1.7798    1.0050
[1] 3000.0000    0.6591    0.9623   -0.2717    1.8891    1.1476
[1] 3100.0000    0.2062    0.9751   -0.1824    1.8545    1.0618
[1] 3200.0000    0.5310    0.9676   -0.2524    1.7153    1.1339
[1] 3300.0000    0.1118    0.9877   -0.2653    1.7034    0.9428
[1] 3400.0000    0.0315    0.9515   -0.2092    1.7217    1.1198
[1] 3500.0000    1.0000    0.9338   -0.2465    1.9443    0.8830
[1] 3600.0000    0.8594    0.8553   -0.2343    1.7796    1.1349
[1] 3700.0000    0.3865    0.9950   -0.2126    1.8491    1.0085
[1] 3800.0000    0.0718    0.9791   -0.2744    1.7082    1.0179
[1] 3900.0000    0.0109    0.9837   -0.2289    1.8380    1.1370
[1] 4000.0000    0.9486    0.9388   -0.1810    1.8114    0.8131
[1] 4100.0000    0.8499    0.9779   -0.2005    1.9018    0.9562
[1] 4200.0000    0.0121    0.9756   -0.3079    1.8298    0.9752
[1] 4300.0000    0.0000    0.9986   -0.3152    1.8799    0.9026
[1] 4400.0000    0.0106    0.9882   -0.1295    1.7925    1.1147
[1] 4500.0000    0.1142    0.9366   -0.1888    1.9244    1.0448
[1] 4600.0000    0.1889    0.9525   -0.2140    1.8139    1.1110
[1] 4700.0000    0.0001    0.9863   -0.2128    1.7539    1.1102
[1] 4800.0000    0.1679    0.8536   -0.2768    1.8093    1.1437
[1] 4900.0000    0.0247    0.9222   -0.1260    1.9289    0.9837
[1] 5000.0000    0.7280    0.9273   -0.1846    1.8162    1.0348
[1] 5100.0000    0.0591    0.9679   -0.1628    1.8160    1.1951
[1] 5200.0000    0.1503    0.8350   -0.1944    1.9725    1.0935
[1] 5300.0000    1.0000    0.8379   -0.2183    1.9016    1.0434
[1] 5400.0000    0.0666    0.9974   -0.2083    1.8811    1.1725
[1] 5500.0000    1.0000    0.9295   -0.1485    1.8431    1.1335
[1] 5600.0000    0.0055    0.9989   -0.2431    1.8648    1.0046
[1] 5700.0000    1.0000    0.9639   -0.1669    1.8060    1.0846
[1] 5800.0000    0.1569    0.9141   -0.1666    1.7996    1.0035
[1] 5900.0000    0.2836    0.9936   -0.1311    1.6764    1.1548
[1] 6000.0000    0.0681    0.8924   -0.1985    1.8084    1.0716
[1] 6100.0000    0.0068    0.9517   -0.1837    1.8986    0.9216
[1] 6200.0000    0.1620    0.9787   -0.2151    1.6192    1.1364
[1] 6300.0000    0.0957    0.9569   -0.1485    1.7714    0.8080
[1] 6400.0000    0.0985    0.9885   -0.1368    1.7896    0.8165
[1] 6500.0000    1.0000    0.9478   -0.1343    1.8388    1.0656
[1] 6600.0000    0.1633    0.8918   -0.2990    1.8122    1.0184
[1] 6700.0000    1.0000    0.9982   -0.2399    1.6643    1.1684
[1] 6800.0000    0.0697    0.9947   -0.2374    1.7991    0.8549
[1] 6900.0000    0.1098    0.9783   -0.2750    1.7948    1.0604
[1] 7000.0000    0.0290    0.9977   -0.2525    1.8085    1.0944
[1] 7100.0000    0.0494    0.9857   -0.2160    1.8606    1.0571
[1] 7200.0000    0.0076    0.9380   -0.2159    1.8507    0.9677
[1] 7300.0000    0.2428    0.8821   -0.2179    1.9045    0.9361
[1] 7400.0000    0.0890    0.9257   -0.2283    1.8157    1.0951
[1] 7500.0000    0.0404    0.9538   -0.0749    1.8625    1.0728
[1] 7600.0000    0.0432    0.9979   -0.2207    1.8026    1.1442
[1] 7700.0000    0.0744    0.9690   -0.2144    1.7772    0.9355
[1] 7800.0000    0.1330    0.9829   -0.2481    1.8446    1.0003
[1] 7900.0000    0.1575    0.9605   -0.1981    1.7805    0.8727
[1] 8000.0000    0.0080    0.9888   -0.3129    1.7654    0.8620
[1] 8100.0000    0.5093    0.8687   -0.2019    1.8273    1.0506
[1] 8200.0000    0.0128    0.9803   -0.1923    1.9181    0.8647
[1] 8300.0000    0.1741    0.8896   -0.1531    1.9758    1.1748
[1] 8400.0000    0.1088    0.9658   -0.2533    1.8778    0.9286
[1] 8500.0000    0.0011    0.9939   -0.2456    1.7238    1.0648
[1] 8600.0000    0.1485    0.9835   -0.2700    1.8837    0.9563
[1] 8700.0000    0.0057    0.9956   -0.1950    1.7363    1.1637
[1] 8800.0000    0.5038    0.9324   -0.1543    1.7849    0.8066
[1] 8900.0000    0.6941    0.9431   -0.2077    1.8633    1.1381
[1] 9000.0000    0.3934    0.9025   -0.1841    1.8119    0.9096
[1] 9100.0000    0.1425    0.9978   -0.2057    1.8175    0.9039
[1] 9200.0000    0.1707    0.9676   -0.2724    1.7933    0.9842
[1] 9300.0000    0.0032    0.9856   -0.1688    1.7935    1.1370
[1] 9400.0000    0.0099    0.9943   -0.1004    1.8724    1.0986
[1] 9500.0000    0.0251    0.9653   -0.2316    1.8115    0.8505
[1] 9600.0000    0.8819    0.9566   -0.1653    1.7963    1.1182
[1] 9700.0000    0.1106    0.9939   -0.1957    1.7039    0.9010
[1] 9800.0000    0.0035    0.9959   -0.1664    1.9250    1.1171
[1] 9900.0000    0.0001    0.9529   -0.1413    1.7783    0.9335
[1] 10000.0000     0.3298     0.9167    -0.3075     1.7878     1.1877
[1] 10100.0000     1.0000     0.9049    -0.2681     1.7812     1.0751
[1] 10200.0000     0.2862     0.9808    -0.3948     1.7893     0.8342
[1] 10300.0000     0.0344     0.9893    -0.1734     1.6551     0.9840
[1] 10400.0000     0.0117     0.9870    -0.1344     1.8337     0.8317
[1] 10500.0000     0.0741     0.8159    -0.1191     1.8521     1.1284
[1] 10600.0000     1.0000     0.8189    -0.1445     1.8381     1.1530
[1] 10700.0000     0.0005     0.9608    -0.1098     1.8919     1.1293
[1] 10800.0000     0.0316     0.9785    -0.2064     1.8580     1.1554
[1] 10900.0000     0.0007     0.9660    -0.2713     1.8169     1.1970
[1] 11000.0000     0.0135     0.9998    -0.2097     1.9508     0.9957
[1] 11100.0000     0.0291     0.9709    -0.1467     1.9303     0.9321
[1] 11200.0000     0.6008     0.9412    -0.1406     1.8176     0.8257
[1] 11300.0000     1.0000     0.9738    -0.1907     1.8450     1.1215
[1] 11400.0000     0.4488     0.9830    -0.1933     1.7229     1.0526
[1] 11500.0000     0.0007     0.9311    -0.2747     1.7956     0.8792
[1] 11600.0000     0.3917     0.9382    -0.3041     1.6551     0.8033
[1] 11700.0000     0.2839     0.9810    -0.3112     1.6806     0.9386
[1] 11800.0000     0.0001     0.9849    -0.1490     1.8255     1.0283
[1] 11900.0000     0.2185     0.9675    -0.2160     1.8792     0.9621
[1] 12000.0000     1.0000     0.9595    -0.1041     1.8479     1.1960
[1] 12100.0000     0.8260     0.9650    -0.2866     1.8776     0.9420
[1] 12200.0000     0.0303     0.9853    -0.1864     1.7881     1.1443
[1] 12300.0000     0.0833     0.9623    -0.0940     1.7387     1.1420
[1] 12400.0000     0.1107     0.9411    -0.2714     1.8522     1.0535
[1] 12500.0000     0.0321     0.9749    -0.0930     1.9681     0.8736
[1] 12600.0000     0.1415     0.9564    -0.2364     1.6931     1.1675
[1] 12700.0000     0.0000     0.9486    -0.1665     2.0701     0.8166
[1] 12800.0000     0.0488     0.9087    -0.2707     1.8146     1.0631
[1] 12900.0000     0.1647     0.9378    -0.2847     1.6614     1.1252
[1] 13000.0000     0.0544     0.9696    -0.2190     1.7393     0.9346
[1] 13100.0000     0.2575     0.9367    -0.3333     1.7690     0.8325
[1] 13200.0000     0.1548     0.9589    -0.2391     1.6171     1.1555
[1] 13300.0000     1.0000     0.9675    -0.0734     1.9167     1.1190
[1] 13400.0000     0.0428     0.9485    -0.1932     1.7734     1.0271
[1] 13500.0000     0.0013     0.9671    -0.1672     1.8790     0.9422
[1] 13600.0000     0.1471     0.8917    -0.2019     1.8175     1.0301
[1] 13700.0000     0.1343     0.9962    -0.0577     1.8566     0.9736
[1] 13800.0000     0.0165     0.9685    -0.2357     1.8750     0.9435
[1] 13900.0000     0.0319     0.9831    -0.2064     1.8423     1.1029
[1] 14000.0000     1.0000     0.9598    -0.1917     1.7855     0.8043
[1] 14100.0000     0.0069     0.9236    -0.0570     1.8846     0.9106
[1] 14200.0000     1.0000     0.9100    -0.1761     1.7751     1.1948
[1] 14300.0000     0.5240     0.9874    -0.2595     1.8688     0.9095
[1] 14400.0000     0.1873     0.9825    -0.2584     1.8502     0.9794
[1] 14500.0000     1.0000     0.9833    -0.2916     1.7030     1.1771
[1] 14600.0000     0.0023     0.9401    -0.2916     1.7182     0.9089
[1] 14700.0000     0.4565     0.8840    -0.2807     1.7797     1.0394
[1] 14800.0000     1.0000     0.8823    -0.3083     1.8636     0.8703
[1] 14900.0000     0.6864     0.9485    -0.1993     1.8819     1.1960
[1] 15000.0000     0.0000     0.9447    -0.2035     1.8671     0.8911
[1] 15100.0000     0.1546     0.9112    -0.2498     1.8249     1.0503
[1] 15200.0000     0.0967     0.9934    -0.1877     1.7786     1.0834
[1] 15300.0000     1.0000     0.8282    -0.2010     1.8795     1.1177
[1] 15400.0000     0.9931     0.9829    -0.2639     1.8643     1.0368
[1] 15500.0000     0.1152     0.9973    -0.1892     1.8479     0.8711
[1] 15600.0000     1.0000     0.9912    -0.2799     1.8644     1.0551
[1] 15700.0000     0.1239     0.9705    -0.0907     1.8972     0.8969
[1] 15800.0000     1.0000     0.9774    -0.1613     1.8261     1.1822
[1] 15900.0000     0.0000     0.9611    -0.2941     1.8776     1.0447
[1] 16000.0000     0.9088     0.9761    -0.2672     1.8112     1.0600
[1] 16100.0000     0.1378     0.9304    -0.2060     1.9459     1.0894
[1] 16200.0000     0.3032     0.9466    -0.3120     1.8405     0.9477
[1] 16300.0000     1.0000     0.9029    -0.1867     1.8528     1.0365
[1] 16400.0000     0.0431     0.9797    -0.1757     1.7777     1.0271
[1] 16500.0000     0.4698     0.9894    -0.0709     1.9058     0.9222
[1] 16600.0000     1.0000     0.9292    -0.3105     1.8731     1.0485
[1] 16700.0000     0.6243     0.9070    -0.2291     1.8728     1.1930
[1] 16800.0000     1.0000     0.9593    -0.2730     1.6974     0.8375
[1] 16900.0000     0.0594     0.9993    -0.2376     1.8209     1.1521
[1] 17000.0000     0.0294     0.9815    -0.2511     1.9057     0.9010
[1] 17100.0000     0.0371     0.9262    -0.1122     1.7676     0.9696
[1] 17200.0000     0.0139     0.9497    -0.2028     1.7051     0.8252
[1] 17300.0000     0.0797     0.9564    -0.2706     1.7404     0.9524
[1] 17400.0000     0.3713     0.9623    -0.1280     1.9890     1.1696
[1] 17500.0000     0.8030     0.9645    -0.2341     1.9014     0.9956
[1] 17600.0000     0.2156     0.9193    -0.2440     1.8382     0.8193
[1] 17700.0000     0.0003     0.9944    -0.1799     1.6237     0.9167
[1] 17800.0000     1.0000     0.9968    -0.2998     1.7752     0.8268
[1] 17900.0000     0.2426     0.9291    -0.3133     1.7264     0.9192
[1] 18000.0000     0.6170     0.9109    -0.1356     1.8799     0.8712
[1] 18100.0000     0.1786     0.9137    -0.1656     1.8387     0.9014
[1] 18200.0000     0.1827     0.9180    -0.1736     2.0213     0.9221
[1] 18300.0000     0.2895     0.9706    -0.1891     1.8046     1.1685
[1] 18400.0000     0.0000     0.9243    -0.3230     1.7637     1.1066
[1] 18500.0000     1.0000     0.8751    -0.1715     1.8793     0.8892
[1] 18600.0000     0.2888     0.8932    -0.1553     1.9041     0.8460
[1] 18700.0000     0.0460     0.9668    -0.2528     1.8386     1.1913
[1] 18800.0000     0.6751     0.9422    -0.2110     1.8857     0.8265
[1] 18900.0000     0.0030     0.9734    -0.1596     1.8417     1.0104
[1] 19000.0000     0.1114     0.9527    -0.1694     1.9336     0.8936
[1] 19100.0000     1.0000     0.9272    -0.2259     1.9041     0.8583
[1] 19200.0000     0.0532     0.9220    -0.2234     1.6597     1.1567
[1] 19300.0000     0.0723     0.9851    -0.1941     1.8284     0.8583
[1] 19400.0000     1.0000     0.8507    -0.1547     1.8135     0.9744
[1] 19500.0000     0.0007     0.9633    -0.1167     1.8540     1.1823
[1] 19600.0000     0.8123     0.8948    -0.2912     1.9096     1.0740
[1] 19700.0000     0.7402     0.8293    -0.2581     1.6493     1.0022
[1] 19800.0000     0.1073     0.9869    -0.2231     1.9014     0.9076
[1] 19900.0000     0.3651     0.9981    -0.2119     1.8789     1.0280
[1] 20000.0000     1.0000     0.9605    -0.2184     1.7893     0.8244
[1] 20100.0000     0.0360     0.8622    -0.1804     1.8367     0.8640
[1] 20200.0000     0.7441     0.9840    -0.3106     1.8636     1.1380
[1] 20300.0000     0.7788     0.9019    -0.3447     1.7931     1.0263
[1] 20400.0000     0.1001     0.9596    -0.2061     1.8410     1.0259
[1] 20500.0000     0.0338     0.9905    -0.1757     1.8499     1.0353
[1] 20600.0000     0.1599     0.9981    -0.2582     1.8306     1.1462
[1] 20700.0000     0.0256     0.9923    -0.1419     1.7990     1.0695
[1] 20800.0000     1.0000     0.9981    -0.1797     1.9402     1.0246
[1] 20900.0000     1.0000     0.9455    -0.2203     1.8642     1.1141
[1] 21000.0000     0.1265     0.9912    -0.0588     1.8141     1.0875
[1] 21100.0000     0.0183     0.9440    -0.2356     1.7832     1.0640
[1] 21200.0000     1.0000     0.9611    -0.1652     1.8726     0.8029
[1] 21300.0000     1.0000     0.9067    -0.1683     1.8019     0.8492
[1] 21400.0000     0.0636     0.8276    -0.2106     1.7728     0.8233
[1] 21500.0000     0.0009     0.9986    -0.1308     1.7543     1.1603
[1] 21600.0000     0.3346     0.9524    -0.2942     1.8771     1.0493
[1] 21700.0000     0.1460     0.9973    -0.1257     1.7614     0.9605
[1] 21800.0000     0.1743     0.9447    -0.1371     1.8627     1.0321
[1] 21900.0000     0.1486     0.9598    -0.0713     1.8839     0.8497
[1] 22000.0000     0.4613     0.8874    -0.2171     1.7266     1.0182
[1] 22100.0000     0.1661     0.9623    -0.1498     1.9117     1.1965
[1] 22200.0000     0.0880     0.9960    -0.1904     1.8160     0.9858
[1] 22300.0000     0.3889     0.9726    -0.2435     1.9131     0.8521
[1] 22400.0000     1.0000     0.9971    -0.2739     1.7218     0.9354
[1] 22500.0000     0.0249     0.9610    -0.1040     1.8386     0.9963
[1] 22600.0000     0.1038     0.8858    -0.2219     1.9190     0.9064
[1] 22700.0000     0.0249     0.8893    -0.2341     1.8189     0.9545
[1] 22800.0000     0.1839     0.8972    -0.2127     1.7201     1.0231
[1] 22900.0000     1.0000     0.8956    -0.2393     1.6612     1.1446
[1] 23000.0000     0.0404     0.9955    -0.1125     1.8726     0.9113
[1] 23100.0000     0.0162     0.9800    -0.1839     1.8712     1.0471
[1] 23200.0000     0.0256     0.9832    -0.2375     1.8565     0.9881
[1] 23300.0000     0.3507     0.9904    -0.2219     1.8664     1.1810
[1] 23400.0000     0.4532     0.8888    -0.2196     1.8665     1.0444
[1] 23500.0000     1.0000     0.9916    -0.1694     1.7911     1.1297
[1] 23600.0000     0.0468     0.9324    -0.2191     1.8364     0.8634
[1] 23700.0000     0.2630     0.9328    -0.1789     1.7314     1.0180
[1] 23800.0000     0.1499     0.9299    -0.2823     1.7347     1.0580
[1] 23900.0000     0.1010     0.9920    -0.1391     1.7590     1.0485
[1] 24000.0000     0.0227     0.9851    -0.1580     1.8407     1.0873
[1] 24100.0000     1.0000     0.9214    -0.2618     1.7526     0.8541
[1] 24200.0000     0.5681     0.9331    -0.3165     1.7676     1.1419
[1] 24300.0000     0.0189     0.9595    -0.2807     1.8646     0.9607
[1] 24400.0000     0.7773     0.9947    -0.1471     1.7845     0.9697
[1] 24500.0000     0.0214     0.9726    -0.1693     1.8779     1.0605
[1] 24600.0000     0.0720     0.9866    -0.2445     1.7625     1.1519
[1] 24700.0000     0.9634     0.9195    -0.2165     1.8881     0.8781
[1] 24800.0000     0.2728     0.9497    -0.2250     1.7825     1.0764
[1] 24900.0000     0.1762     0.9495    -0.1739     1.8606     0.8626
[1] 25000.0000     0.1553     0.8801    -0.1750     1.8078     0.8235
[1] 25100.0000     0.0796     0.9249    -0.2370     1.8584     1.0516
[1] 25200.0000     0.1435     0.9507    -0.2594     1.8536     0.9719
[1] 25300.0000     0.0036     0.9779    -0.3021     1.8296     0.8977
[1] 25400.0000     0.0290     0.9909    -0.0780     1.8557     1.1761
[1] 25500.0000     0.4749     0.8417    -0.2389     1.7215     0.8432
[1] 25600.0000     0.0219     0.9926    -0.1417     1.8118     0.9855
[1] 25700.0000     0.0468     0.9659    -0.1981     1.8375     0.9398
[1] 25800.0000     0.0490     0.9689    -0.2402     1.8586     1.1962
[1] 25900.0000     0.0092     0.9827    -0.1926     1.6988     0.8279
[1] 26000.0000     0.4998     0.9492    -0.1549     1.7623     1.0058
[1] 26100.0000     0.0108     0.9935    -0.2802     1.9297     1.0009
[1] 26200.0000     0.3684     0.8601    -0.1418     1.9170     0.9041
[1] 26300.0000     0.1106     0.9342    -0.2745     1.7371     1.1434
[1] 26400.0000     0.2951     0.8855    -0.0883     1.7354     1.0131
[1] 26500.0000     0.3961     0.9678    -0.2132     1.6807     0.9418
[1] 26600.0000     0.0262     0.9993    -0.2175     1.7141     1.0988
[1] 26700.0000     0.1590     0.9721    -0.1848     1.8346     0.8075
[1] 26800.0000     0.2978     0.9048    -0.3123     1.8149     0.9781
[1] 26900.0000     0.0539     0.9241    -0.2051     1.8251     1.0646
[1] 27000.0000     1.0000     0.8977    -0.2227     1.8896     0.8661
[1] 27100.0000     0.1775     0.9897    -0.2200     1.7683     0.9084
[1] 27200.0000     0.0201     0.9713    -0.2837     1.8076     1.0324
[1] 27300.0000     0.0460     0.9608    -0.3655     1.8180     0.8492
[1] 27400.0000     0.1074     0.9728    -0.2096     1.8284     1.1655
[1] 27500.0000     0.0745     0.9534    -0.2308     1.8219     0.8238
[1] 27600.0000     0.1942     0.9952    -0.2653     1.8531     1.1217
[1] 27700.0000     0.0329     0.8620    -0.0836     1.9020     1.0941
[1] 27800.0000     0.0427     0.8828    -0.2039     1.9217     1.1030
[1] 27900.0000     0.2073     0.9774    -0.2091     1.8081     0.8741
[1] 28000.0000     0.0000     0.9430    -0.1761     1.8368     0.9743
[1] 28100.0000     0.0034     0.9857    -0.1855     1.9109     0.9345
[1] 28200.0000     0.1367     0.9920    -0.1122     1.8679     1.1206
[1] 28300.0000     0.0170     0.8968    -0.1937     1.8733     0.8209
[1] 28400.0000     1.0000     0.9594    -0.2455     1.7526     0.8105
[1] 28500.0000     1.0000     0.8206    -0.1813     1.8226     1.0447
[1] 28600.0000     0.1393     0.9775    -0.2920     1.7622     0.9079
[1] 28700.0000     1.0000     0.9143    -0.3079     1.7826     0.8158
[1] 28800.0000     0.8882     0.9743    -0.2428     1.7727     0.8723
[1] 28900.0000     0.3616     0.9432    -0.3117     1.9354     0.8112
[1] 29000.0000     0.0131     0.9692    -0.1766     1.8778     0.9910
[1] 29100.0000     1.0000     0.9799    -0.2550     1.8209     1.1704
[1] 29200.0000     0.0027     0.9889    -0.1967     1.7109     1.0979
[1] 29300.0000     0.3032     0.9749    -0.1751     1.7972     0.9782
[1] 29400.0000     0.0781     0.9512    -0.1709     1.7435     1.1262
[1] 29500.0000     0.3354     0.9800    -0.0570     1.8932     0.8944
[1] 29600.0000     0.0938     0.9989    -0.1265     1.9325     1.0390
[1] 29700.0000     0.0374     0.9571    -0.2997     1.7575     0.9736
[1] 29800.0000     0.6317     0.8701    -0.2620     1.8395     0.8024
[1] 29900.0000     1.0000     0.9798    -0.2790     1.8242     1.0014
[1] 30000.0000     0.9417     0.9214    -0.1793     1.8071     0.9341
[1] 0.3376265
Time difference of 10.738 hours
null device 
          1 
