[1] "El numero de nodos X particion es: 10"
[1] "Model = M1 / Data = sim_data/datasetSVCMatern15.Rdata"
[1] 100.0000   0.8199   0.9429   0.0147   1.9991   1.1970
[1] 200.0000   1.0000   0.9804   0.0142   2.0949   1.0297
[1] 300.0000   0.8721   0.8776  -0.0754   2.0158   1.0665
[1] 400.0000   0.4063   0.9217   0.0133   2.0602   0.9692
[1] 500.0000   0.7014   0.8902   0.0478   2.0860   0.8863
[1] 600.0000   0.0158   0.8693   0.0592   2.0364   1.0610
[1] 700.0000   1.0000   0.8087  -0.0754   2.0658   1.0605
[1] 800.0000   1.0000   0.8954   0.0040   2.0267   1.1490
[1] 900.0000   1.0000   0.9357  -0.1639   1.9814   1.0743
[1] 1000.0000    1.0000    0.9692    0.1383    2.2289    0.9576
[1] 1100.0000    1.0000    0.9726   -0.0946    1.9587    1.0201
[1] 1200.0000    0.9797    0.8603    0.1032    2.2266    0.9164
[1] 1300.0000    0.7618    0.8617    0.0639    2.1683    1.0550
[1] 1400.0000    0.0055    0.9303   -0.1611    2.0226    1.1894
[1] 1500.0000    0.0001    0.9672    0.1522    2.2433    1.1986
[1] 1600.0000    1.0000    0.9427    0.0368    2.1812    1.0957
[1] 1700.0000    0.0000    0.9259   -0.0050    2.0383    1.0764
[1] 1800.0000    0.0000    0.9234   -0.0072    2.2047    1.1307
[1] 1900.0000    0.2549    0.9957    0.2066    2.2504    1.1822
[1] 2000.0000    0.0087    0.9978    0.1319    2.1214    1.1535
[1] 2100.0000    0.6700    0.8081    0.0710    2.1937    0.9300
[1] 2200.0000    0.8550    0.8580    0.1071    2.1689    1.0161
[1] 2300.0000    0.0222    0.8377    0.0759    2.1570    0.8487
[1] 2400.0000    0.0406    0.9764    0.2261    2.1067    1.0594
[1] 2500.0000    0.1328    0.9668    0.0208    2.1413    0.8475
[1] 2600.0000    0.0580    0.9658    0.0603    2.1783    1.0023
[1] 2700.0000    0.0574    0.8044   -0.1046    2.0402    1.0835
[1] 2800.0000    0.1530    0.8906   -0.1188    2.0515    0.8787
[1] 2900.0000    0.0071    0.8994   -0.0874    2.0158    1.0050
[1] 3000.0000    0.1000    0.9297    0.1802    2.2087    1.1984
[1] 3100.0000    0.1080    0.8708   -0.0028    2.0529    0.9667
[1] 3200.0000    0.1888    0.9371    0.1362    2.1907    1.1278
[1] 3300.0000    0.0000    0.9877    0.0007    2.0467    0.9428
[1] 3400.0000    0.0665    0.8189   -0.2289    1.8379    0.9632
[1] 3500.0000    0.4172    0.9339    0.0406    2.2147    1.1722
[1] 3600.0000    0.1292    0.9027    0.0558    2.1585    1.1569
[1] 3700.0000    0.0005    0.9950    0.1068    2.0993    1.0085
[1] 3800.0000    0.0004    0.9380    0.0185    2.0837    1.1005
[1] 3900.0000    0.0095    0.9837    0.0529    2.1577    1.1370
[1] 4000.0000    0.4450    0.9388    0.0443    1.9712    0.8131
[1] 4100.0000    0.5719    0.9193    0.2732    2.2871    1.0337
[1] 4200.0000    0.8556    0.9756    0.1512    2.2697    0.9752
[1] 4300.0000    0.0000    0.9986   -0.0044    2.0784    0.9026
[1] 4400.0000    0.0541    0.9571    0.2823    2.3091    0.9932
[1] 4500.0000    0.5372    0.8410    0.2275    2.3297    1.1520
[1] 4600.0000    0.0342    0.9525    0.0711    2.0948    1.1110
[1] 4700.0000    0.0001    0.9709    0.1995    2.2779    1.0444
[1] 4800.0000    0.0328    0.8985   -0.0561    1.9752    0.9827
[1] 4900.0000    0.4203    0.8201    0.3682    2.4177    1.1747
[1] 5000.0000    1.0000    0.9273    0.2103    2.2418    1.0348
[1] 5100.0000    0.0759    0.9679   -0.0889    1.9941    1.1951
[1] 5200.0000    0.0055    0.8350    0.1557    2.3486    1.0935
[1] 5300.0000    1.0000    0.8379    0.1769    2.2262    1.0434
[1] 5400.0000    1.0000    0.8515   -0.0151    2.0302    1.1120
[1] 5500.0000    0.0005    0.8506    0.1033    2.0632    1.1979
[1] 5600.0000    0.0992    0.9328   -0.1228    2.0835    1.1365
[1] 5700.0000    1.0000    0.9639   -0.0505    1.9798    1.0846
[1] 5800.0000    0.4139    0.8520    0.1609    2.2758    1.0482
[1] 5900.0000    0.5987    0.8759   -0.1103    1.9860    1.0113
[1] 6000.0000    0.0268    0.8924    0.0523    2.0840    1.0716
[1] 6100.0000    0.0670    0.9517    0.2722    2.2880    0.9216
[1] 6200.0000    0.8760    0.8336   -0.0511    1.8723    0.9759
[1] 6300.0000    0.0367    0.8756    0.0478    2.1553    1.0496
[1] 6400.0000    0.2095    0.9022    0.1373    2.0819    0.8332
[1] 6500.0000    1.0000    0.9478    0.0324    2.0078    1.0656
[1] 6600.0000    0.0421    0.8918   -0.1499    1.9536    1.0184
[1] 6700.0000    0.0000    0.9290   -0.1449    1.8774    1.1408
[1] 6800.0000    0.6297    0.9036    0.1056    2.2039    1.0862
[1] 6900.0000    0.0476    0.8556   -0.0094    2.0398    1.1638
[1] 7000.0000    0.0006    0.9736   -0.0297    2.0359    1.0588
[1] 7100.0000    0.4159    0.8440    0.1030    2.1373    0.9302
[1] 7200.0000    0.0005    0.9645    0.0873    2.1253    0.9109
[1] 7300.0000    0.0006    0.8821    0.0174    2.1656    0.9361
[1] 7400.0000    0.0000    0.8164   -0.0746    1.9650    0.8600
[1] 7500.0000    0.1438    0.9538    0.3260    2.3384    1.0728
[1] 7600.0000    0.0740    0.8332    0.0390    2.0982    1.0877
[1] 7700.0000    0.0002    0.9690   -0.0945    1.9842    0.9355
[1] 7800.0000    0.0003    0.8139   -0.0084    2.0600    0.8702
[1] 7900.0000    0.8133    0.9605    0.0696    2.1832    0.8727
[1] 8000.0000    0.5218    0.9186   -0.1095    1.9103    1.0026
[1] 8100.0000    0.0198    0.9084    0.2114    2.2442    1.0684
[1] 8200.0000    0.0000    0.9273    0.1415    2.1883    0.9041
[1] 8300.0000    0.0016    0.8222    0.2275    2.2653    0.8438
[1] 8400.0000    1.0000    0.9278    0.0107    2.0547    0.8107
[1] 8500.0000    0.0075    0.8507   -0.0649    2.0369    1.0895
[1] 8600.0000    0.2449    0.9835    0.1434    2.2438    0.9563
[1] 8700.0000    0.0379    0.8788   -0.0644    1.9271    1.1009
[1] 8800.0000    1.0000    0.9324    0.0077    2.1493    0.8066
[1] 8900.0000    1.0000    0.9431   -0.0485    2.0306    1.1381
[1] 9000.0000    0.1102    0.9025    0.0656    2.1235    0.9096
[1] 9100.0000    0.2444    0.9538    0.0414    2.1348    1.0939
[1] 9200.0000    1.0000    0.9069    0.0329    2.1764    1.1995
[1] 9300.0000    0.0049    0.9856    0.0077    2.0788    1.1370
[1] 9400.0000    0.0042    0.9943    0.4100    2.2574    1.0986
[1] 9500.0000    0.0000    0.9329   -0.0903    2.0820    0.8817
[1] 9600.0000    1.0000    0.9566    0.0392    2.1420    1.1182
[1] 9700.0000    0.1188    0.8614   -0.0433    1.9606    0.9692
[1] 9800.0000    0.0631    0.8153    0.0721    2.0573    1.1930
[1] 9900.0000    0.0000    0.9197    0.3322    2.3855    1.1953
[1] 10000.0000     0.1496     0.9167    -0.2590     1.8947     1.1877
[1] 10100.0000     0.9592     0.9049     0.1875     2.1980     1.0751
[1] 10200.0000     0.0002     0.9106    -0.0715     1.9429     1.0967
[1] 10300.0000     0.0600     0.8120     0.1536     2.1411     0.8804
[1] 10400.0000     0.0025     0.8213     0.0482     2.1247     1.0055
[1] 10500.0000     0.9717     0.8159     0.1863     2.1952     1.1284
[1] 10600.0000     0.0392     0.9579     0.2880     2.4084     1.1829
[1] 10700.0000     0.0000     0.8531     0.2403     2.3055     0.8181
[1] 10800.0000     0.1840     0.9785     0.0260     2.1797     1.1554
[1] 10900.0000     0.0000     0.8264     0.0944     2.2665     1.1140
[1] 1.100e+04 1.458e-01 8.012e-01 4.230e-02 2.201e+00 9.407e-01
[1] 11100.0000     0.0001     0.9447     0.3489     2.4502     1.1184
[1] 1.120e+04 8.845e-01 9.412e-01 9.940e-02 2.261e+00 8.257e-01
[1] 11300.0000     0.9960     0.9738     0.0482     2.0582     1.1215
[1] 11400.0000     0.5186     0.8271     0.0512     2.0754     1.1322
[1] 11500.0000     0.0000     0.9311    -0.0470     2.0395     0.8792
[1] 11600.0000     1.0000     0.9382    -0.1419     1.9485     0.8033
[1] 11700.0000     0.3997     0.9810    -0.1487     1.9805     0.9386
[1] 11800.0000     0.0183     0.9823     0.0063     2.0579     1.0988
[1] 11900.0000     1.0000     0.9415     0.1443     2.1644     1.0738
[1] 12000.0000     0.0182     0.8543    -0.0494     2.0225     1.1591
[1] 12100.0000     0.0982     0.9452     0.1920     2.2681     0.8400
[1] 12200.0000     0.0044     0.9853     0.0453     2.0425     1.1443
[1] 12300.0000     0.1872     0.9007     0.1305     2.1806     1.0908
[1] 12400.0000     0.7817     0.8046    -0.0619     1.9747     0.8797
[1] 12500.0000     0.2248     0.9120     0.3010     2.4177     1.1259
[1] 12600.0000     0.1912     0.9564     0.1915     2.0968     1.1675
[1] 12700.0000     0.0003     0.9486     0.2712     2.2668     0.8166
[1] 12800.0000     0.0004     0.9029    -0.2221     1.8583     1.1814
[1] 12900.0000     0.0229     0.8535    -0.0754     2.0250     1.1966
[1] 13000.0000     0.0370     0.9285     0.0840     2.1344     1.1063
[1] 13100.0000     0.0007     0.9404     0.1718     2.2356     0.9822
[1] 13200.0000     0.0207     0.9589    -0.1812     1.8921     1.1555
[1] 13300.0000     1.0000     0.9675     0.2156     2.3364     1.1190
[1] 13400.0000     0.0000     0.9801     0.1484     2.0627     1.0073
[1] 13500.0000     0.0014     0.9671     0.1816     2.1982     0.9422
[1] 13600.0000     0.0046     0.8917    -0.0127     1.9501     1.0301
[1] 1.370e+04 2.614e-01 9.578e-01 7.800e-02 2.143e+00 1.107e+00
[1] 13800.0000     0.0010     0.9394    -0.0518     2.1177     0.9910
[1] 13900.0000     0.6089     0.8125     0.0681     2.0909     1.1546
[1] 14000.0000     0.3562     0.9598     0.1914     2.1951     0.8043
[1] 14100.0000     0.0000     0.9236     0.2009     2.3167     0.9106
[1] 1.420e+04 5.310e-02 9.171e-01 2.700e-02 2.055e+00 8.964e-01
[1] 14300.0000     0.0294     0.9946    -0.0015     2.0792     1.1737
[1] 14400.0000     1.0000     0.8984     0.1379     2.2473     1.1866
[1] 14500.0000     0.0049     0.8302    -0.0608     2.0561     1.1813
[1] 14600.0000     0.0000     0.8329     0.0985     2.1818     0.9630
[1] 14700.0000     0.6949     0.8840    -0.0154     2.0823     1.0394
[1] 14800.0000     0.0000     0.8106    -0.1517     2.0088     1.0978
[1] 14900.0000     0.3033     0.9850     0.2001     2.3106     1.1438
[1] 15000.0000     0.0000     0.9486    -0.0611     2.0201     0.9418
[1] 15100.0000     0.0034     0.9112    -0.0658     1.9944     1.0503
[1] 15200.0000     0.6584     0.9896     0.2194     2.1967     1.1186
[1] 15300.0000     0.0309     0.8296     0.2386     2.3778     1.1944
[1] 15400.0000     1.0000     0.9829     0.0816     2.2105     1.0368
[1] 15500.0000     0.3664     0.9013     0.2040     2.1337     1.0728
[1] 15600.0000     1.0000     0.9912     0.0115     2.0788     1.0551
[1] 15700.0000     0.0000     0.9705     0.3103     2.2877     0.8969
[1] 15800.0000     0.7595     0.9774    -0.0376     1.9262     1.1822
[1] 15900.0000     0.0000     0.9524     0.1526     2.2923     1.0855
[1] 16000.0000     1.0000     0.9761     0.0211     2.1378     1.0600
[1] 16100.0000     0.6383     0.9477    -0.0342     2.1575     0.9420
[1] 16200.0000     0.7850     0.8455     0.1175     2.1731     1.0509
[1] 16300.0000     1.0000     0.9029     0.2694     2.2634     1.0365
[1] 16400.0000     0.7568     0.8844     0.0616     2.0252     1.1913
[1] 16500.0000     0.0832     0.9894     0.0616     2.1364     0.9222
[1] 16600.0000     0.6932     0.9300    -0.1246     1.9111     1.1365
[1] 16700.0000     0.3931     0.9070     0.1004     2.2667     1.1930
[1] 16800.0000     0.0526     0.8165    -0.2655     1.7894     1.0376
[1] 16900.0000     0.5871     0.9847    -0.0672     1.9275     1.0676
[1] 17000.0000     0.2548     0.9815     0.1742     2.1728     0.9010
[1] 17100.0000     0.0007     0.9262     0.3377     2.2649     0.9696
[1] 17200.0000     0.1972     0.9497    -0.0936     1.9668     0.8252
[1] 17300.0000     0.0273     0.9564    -0.1576     1.9268     0.9524
[1] 17400.0000     1.0000     0.9623     0.1812     2.3221     1.1696
[1] 17500.0000     1.0000     0.9645    -0.0150     2.0662     0.9956
[1] 17600.0000     0.0003     0.8678     0.1378     2.2103     1.1651
[1] 17700.0000     0.0044     0.8922    -0.0207     1.9717     1.0234
[1] 17800.0000     0.9612     0.9968     0.0903     2.1147     0.8268
[1] 17900.0000     0.2950     0.9881    -0.1026     2.0957     1.1028
[1] 18000.0000     0.8591     0.9109     0.2933     2.3584     0.8712
[1] 18100.0000     0.0001     0.9137    -0.0818     2.0704     0.9014
[1] 1.820e+04 1.000e+00 8.073e-01 1.672e-01 2.223e+00 9.256e-01
[1] 18300.0000     0.0005     0.9706    -0.1023     2.0418     1.1685
[1] 18400.0000     0.0002     0.9243    -0.2089     2.0281     1.1066
[1] 18500.0000     0.0307     0.8064    -0.0528     2.0721     1.1050
[1] 18600.0000     0.0203     0.8932     0.2942     2.4058     0.8460
[1] 18700.0000     0.9958     0.9071     0.2309     2.2912     1.1143
[1] 18800.0000     0.0139     0.9415     0.1973     2.3297     0.8205
[1] 18900.0000     0.0000     0.9734     0.0649     2.1570     1.0104
[1] 19000.0000     1.0000     0.8087     0.2299     2.3077     1.1060
[1] 19100.0000     0.0053     0.8142     0.0083     2.1163     1.0716
[1] 19200.0000     0.5401     0.8319     0.0463     2.0015     1.0132
[1] 19300.0000     0.3677     0.8940     0.0607     2.1129     1.1248
[1] 19400.0000     0.1875     0.8040     0.0452     2.0469     1.1551
[1] 19500.0000     0.0000     0.9633     0.4257     2.3582     1.1823
[1] 19600.0000     0.0494     0.9711     0.0293     2.1823     1.0171
[1] 19700.0000     0.0521     0.9205     0.1139     2.1867     0.9732
[1] 19800.0000     0.8183     0.9324     0.3192     2.3730     1.1958
[1] 19900.0000     0.3317     0.9981     0.3581     2.4406     1.0280
[1] 20000.0000     0.5295     0.9729    -0.0993     2.0392     0.8904
[1] 20100.0000     0.0000     0.8622     0.1771     2.2792     0.8640
[1] 20200.0000     0.1517     0.9869     0.1961     2.2425     1.0303
[1] 20300.0000     0.0027     0.9350    -0.1520     1.9968     0.8887
[1] 20400.0000     0.6971     0.9596     0.0404     2.0523     1.0259
[1] 20500.0000     0.0051     0.9905     0.0648     2.1400     1.0353
[1] 20600.0000     0.1342     0.9219    -0.0197     2.0823     1.0848
[1] 20700.0000     0.4067     0.9923     0.2229     2.2889     1.0695
[1] 20800.0000     1.0000     0.9981     0.0909     2.1645     1.0246
[1] 2.090e+04 0.000e+00 9.109e-01 1.270e-02 2.115e+00 9.980e-01
[1] 21000.0000     0.7137     0.8708     0.0966     2.1948     1.1617
[1] 21100.0000     0.1043     0.9291     0.1082     2.1550     1.1428
[1] 21200.0000     0.0825     0.9704     0.1216     2.1967     1.1667
[1] 21300.0000     0.0004     0.8214     0.1807     2.1253     1.0391
[1] 21400.0000     0.3836     0.8276     0.0461     2.1323     0.8233
[1] 21500.0000     0.0030     0.8906     0.1933     2.2578     0.8206
[1] 21600.0000     0.2461     0.9334     0.0235     2.0871     1.1380
[1] 21700.0000     0.0550     0.9973     0.0103     2.0335     0.9605
[1] 21800.0000     0.6973     0.8778     0.2227     2.3661     1.0685
[1] 21900.0000     0.1516     0.9598     0.2653     2.3698     0.8497
[1] 22000.0000     0.1906     0.8850     0.1585     2.1469     0.9555
[1] 22100.0000     0.0288     0.9623     0.1577     2.2351     1.1965
[1] 22200.0000     0.2701     0.9766     0.0489     2.1165     1.0119
[1] 22300.0000     0.3392     0.9726    -0.1373     2.0344     0.8521
[1] 22400.0000     1.0000     0.9971     0.1914     2.2165     0.9354
[1] 22500.0000     0.0015     0.8239     0.0888     2.2159     1.1368
[1] 22600.0000     0.0053     0.9490     0.1500     2.1748     1.0906
[1] 22700.0000     0.0000     0.8271    -0.0341     2.0716     1.1968
[1] 22800.0000     0.1901     0.8972    -0.0672     1.8977     1.0231
[1] 22900.0000     0.3840     0.8804    -0.0301     2.0373     0.9211
[1] 23000.0000     0.0003     0.8188     0.2080     2.2414     1.0070
[1] 23100.0000     0.2492     0.8119     0.3088     2.3328     1.0551
[1] 23200.0000     0.0611     0.9586     0.1477     2.2102     1.0581
[1] 23300.0000     0.0001     0.9905     0.0774     2.1818     1.1869
[1] 23400.0000     0.3189     0.8888     0.1769     2.1289     1.0444
[1] 23500.0000     1.0000     0.9916     0.1036     2.0903     1.1297
[1] 23600.0000     0.4492     0.8573    -0.0263     2.1473     0.9429
[1] 23700.0000     0.1789     0.9977    -0.0159     2.0289     0.9083
[1] 23800.0000     1.0000     0.9299     0.0269     1.9839     1.0580
[1] 23900.0000     0.4682     0.9920    -0.0020     2.0097     1.0485
[1] 24000.0000     0.4086     0.9851     0.1812     2.1355     1.0873
[1] 24100.0000     1.0000     0.9214    -0.0734     2.0449     0.8541
[1] 24200.0000     0.0053     0.9331    -0.1020     2.1436     1.1419
[1] 24300.0000     0.1449     0.9595    -0.0225     2.0527     0.9607
[1] 24400.0000     0.5140     0.9947    -0.1082     1.8738     0.9697
[1] 24500.0000     0.0024     0.9852     0.1913     2.2478     1.0548
[1] 24600.0000     0.0000     0.9237    -0.0263     2.0735     1.0127
[1] 24700.0000     0.2275     0.9730    -0.1685     1.9437     1.1829
[1] 24800.0000     0.0012     0.8460     0.0299     2.1124     0.9489
[1] 24900.0000     1.0000     0.8569     0.0421     2.1080     1.1414
[1] 25000.0000     0.4465     0.8801     0.2675     2.2916     0.8235
[1] 2.510e+04 1.000e+00 8.419e-01 6.730e-02 2.167e+00 8.544e-01
[1] 25200.0000     0.0983     0.9240     0.1027     2.2089     1.1619
[1] 2.530e+04 1.000e-04 9.779e-01 5.530e-02 2.189e+00 8.977e-01
[1] 25400.0000     0.0563     0.9183    -0.2329     1.8482     1.0450
[1] 25500.0000     0.7807     0.8159    -0.0007     1.9990     1.0385
[1] 25600.0000     0.0302     0.9926     0.2668     2.2615     0.9855
[1] 25700.0000     0.3811     0.8976    -0.0852     2.0198     0.9408
[1] 25800.0000     0.0150     0.9689     0.0888     2.1685     1.1962
[1] 25900.0000     0.0021     0.8683     0.1396     2.1324     0.8098
[1] 26000.0000     0.5610     0.9492     0.0193     2.0092     1.0058
[1] 26100.0000     0.0942     0.9326     0.0310     2.1359     1.0189
[1] 26200.0000     0.4316     0.8601     0.0304     2.1579     0.9041
[1] 26300.0000     0.3369     0.9342     0.0513     1.9759     1.1434
[1] 26400.0000     0.3567     0.8855     0.2457     2.2032     1.0131
[1] 26500.0000     0.1139     0.8034    -0.2067     1.8844     1.1338
[1] 26600.0000     0.5857     0.8720    -0.0220     2.0344     0.9170
[1] 26700.0000     0.0287     0.9721     0.0549     2.1514     0.8075
[1] 26800.0000     0.1189     0.8697     0.0689     2.1409     1.1281
[1] 26900.0000     0.0036     0.9241     0.2436     2.2736     1.0646
[1] 27000.0000     1.0000     0.8977     0.1023     2.1696     0.8661
[1] 27100.0000     0.0011     0.8095     0.0939     2.1221     1.0497
[1] 27200.0000     0.0165     0.8304     0.0976     2.2105     0.8580
[1] 27300.0000     0.0047     0.9608     0.0855     2.1113     0.8492
[1] 27400.0000     0.1628     0.8725    -0.0750     2.0040     1.1899
[1] 27500.0000     0.0371     0.9635     0.0963     2.0966     1.1809
[1] 27600.0000     0.0014     0.9952     0.3806     2.4723     1.1217
[1] 27700.0000     0.0120     0.9491     0.1655     2.2336     1.1275
[1] 27800.0000     0.0000     0.8358     0.1938     2.2372     1.1051
[1] 27900.0000     0.4275     0.8774     0.1567     2.1825     1.0564
[1] 28000.0000     0.0000     0.9003     0.0631     2.1513     0.9918
[1] 28100.0000     0.0000     0.9262     0.0138     2.1406     1.0710
[1] 28200.0000     0.7256     0.9271     0.0725     2.1353     0.9591
[1] 28300.0000     0.0031     0.9962     0.0613     2.0946     1.1131
[1] 28400.0000     0.6753     0.9594    -0.0008     2.0245     0.8105
[1] 28500.0000     0.5976     0.8206     0.2187     2.3508     1.0447
[1] 28600.0000     0.0031     0.9775     0.1763     2.2081     0.9079
[1] 28700.0000     0.2816     0.9045     0.1634     2.1955     1.0095
[1] 28800.0000     1.0000     0.9743    -0.0068     2.0819     0.8723
[1] 28900.0000     1.0000     0.9689    -0.0615     2.0719     1.0738
[1] 29000.0000     0.0369     0.9401     0.1941     2.2443     1.1755
[1] 29100.0000     0.0980     0.9836     0.2261     2.2353     1.0211
[1] 29200.0000     0.0004     0.9889    -0.1690     1.9531     1.0979
[1] 29300.0000     0.0145     0.9749     0.1297     2.1418     0.9782
[1] 29400.0000     0.0388     0.9512    -0.0003     1.9962     1.1262
[1] 29500.0000     0.0000     0.9711    -0.1219     1.9754     0.9025
[1] 29600.0000     0.0058     0.8267     0.2127     2.3001     1.0464
[1] 29700.0000     0.0764     0.9571    -0.1313     1.9726     0.9736
[1] 29800.0000     0.4570     0.8701    -0.0149     2.1403     0.8024
[1] 29900.0000     0.8890     0.9798     0.0860     2.1080     1.0014
[1] 30000.0000     0.3799     0.8307     0.0088     2.0960     1.0904
[1] 0.3305468
Time difference of 4.603088 hours
null device 
          1 
