[1] "El numero de nodos X particion es: 10"
[1] "Model = M2 / Data = sim_data/datasetSVIExponential19.Rdata"
[1] 100.0000   1.0000   0.8291   0.0916   1.9177   0.9331
[1] 200.0000   0.0296   0.9592   0.0729   1.8768   1.1736
[1] 300.0000   0.9637   0.8776   0.1395   1.8450   1.0665
[1] 400.0000   0.0178   0.9217  -0.2059   2.1831   0.9692
[1] 500.0000   0.0000   0.8350   0.3771   1.5953   0.9084
[1] 600.0000   0.3122   0.9748  -0.5598   2.4187   1.0386
[1] 700.0000   0.0035   0.8999   0.3244   1.6701   1.0702
[1] 800.0000   0.0000   0.9999   0.2572   1.6958   1.0968
[1] 900.0000   0.0000   0.9606  -0.1970   2.1437   1.0158
[1] 1000.0000    0.0000    0.8209   -0.6024    2.5626    0.9374
[1] 1100.0000    0.0000    0.9319    0.4458    1.4296    0.8930
[1] 1200.0000    0.0719    0.8544    0.9920    1.0334    0.9984
[1] 1300.0000    1.0000    0.8617   -0.1251    1.9863    1.0550
[1] 1400.0000    0.0000    0.9303   -1.1191    3.0291    1.1894
[1] 1500.0000    0.0000    0.9584   -0.3076    2.2861    1.0940
[1] 1600.0000    0.0000    0.9658   -0.8658    2.8158    1.0950
[1] 1700.0000    0.0000    0.9419   -0.6164    2.6604    1.0966
[1] 1800.0000    0.0000    0.9376   -0.0840    2.0780    0.8302
[1] 1900.0000    0.0000    0.8411   -0.6153    2.5998    1.0047
[1] 2000.0000    0.0000    0.8550    0.3396    1.6984    1.0762
[1] 2100.0000    0.0000    0.8123   -0.5209    2.4424    1.1618
[1] 2200.0000    0.0000    0.8668    0.4630    1.5505    1.0989
[1] 2300.0000    0.0000    0.9142    0.4478    1.4689    0.8527
[1] 2400.0000    0.0000    0.9355    0.1872    1.7876    1.1578
[1] 2500.0000    0.0143    0.9668    0.4902    1.3962    0.8029
[1] 2600.0000    0.0000    0.8617   -0.4658    2.3338    0.8044
[1] 2700.0000    0.0000    0.8334   -1.0424    3.0188    0.9547
[1] 2800.0000    0.1256    0.8906   -0.8454    2.6775    0.8787
[1] 2900.0000    0.0000    0.9282   -1.3886    3.3306    1.0364
[1] 3000.0000    0.0000    0.8454   -0.7782    2.7536    0.9669
[1] 3100.0000    0.0000    0.9751    0.5994    1.3738    1.0618
[1] 3200.0000    0.0000    0.9190   -0.0450    1.9901    0.9575
[1] 3300.0000    0.0000    0.9312    0.1201    1.8893    0.9302
[1] 3400.0000    0.2742    0.8983    1.1374    0.8830    1.1525
[1] 3500.0000    0.0000    0.8208    0.5267    1.4693    0.8172
[1] 3600.0000    0.0000    0.9625   -0.1963    2.1580    0.8525
[1] 3700.0000    0.2723    0.8237    0.3937    1.5920    0.8398
[1] 3800.0000    0.0000    0.9791    1.1605    0.7771    1.0179
[1] 3900.0000    0.0000    0.8349    0.4131    1.5868    1.1538
[1] 4000.0000    0.0000    0.9782   -0.6633    2.6735    1.1817
[1] 4100.0000    0.0000    0.8388   -1.0079    3.0394    0.8864
[1] 4200.0000    0.0000    0.9756   -0.6019    2.5180    0.9752
[1] 4300.0000    0.7872    0.8741   -0.8901    2.8540    1.1249
[1] 4400.0000    0.0000    0.8310   -0.0450    1.9745    1.1572
[1] 4500.0000    0.2173    0.8404    0.0420    1.9443    1.1577
[1] 4600.0000    0.0000    0.9581    0.3189    1.7248    0.8180
[1] 4700.0000    0.0000    0.8528   -0.8236    2.7700    0.8411
[1] 4800.0000    0.0000    0.8660   -1.2225    3.1926    1.0939
[1] 4900.0000    0.0000    0.8114   -0.8811    2.8379    0.8255
[1] 5000.0000    0.0000    0.9762   -0.8681    2.7454    0.8665
[1] 5100.0000    0.0000    0.9679   -0.9131    2.7909    1.1951
[1] 5200.0000    0.0000    0.8051   -0.0206    1.9746    0.8965
[1] 5300.0000    0.0000    0.9010    0.2172    1.7227    1.0910
[1] 5400.0000    0.0000    0.8536    1.0303    0.9570    0.9337
[1] 5500.0000    0.0000    0.8506    0.4776    1.3921    1.1979
[1] 5600.0000    0.0000    0.9929   -0.1239    2.0243    1.1085
[1] 5700.0000    0.0000    0.9545    0.1166    1.7697    0.8805
[1] 5800.0000    0.0000    0.8612   -0.9916    3.0447    1.0327
[1] 5900.0000    0.0000    0.8278    0.7302    1.2985    1.0767
[1] 6000.0000    0.0000    0.9870    0.7891    1.0924    1.0819
[1] 6100.0000    0.0000    0.9100   -0.2377    2.0814    1.1509
[1] 6200.0000    0.0000    0.8235   -0.0368    1.9889    1.1329
[1] 6300.0000    0.0000    0.9569    0.0165    1.8624    0.8080
[1] 6400.0000    0.0000    0.9924   -0.5973    2.4920    1.0322
[1] 6500.0000    0.0071    0.9084    0.5808    1.4723    1.0918
[1] 6600.0000    0.0000    0.8710   -0.0767    1.9365    0.9001
[1] 6700.0000    0.0000    0.8204   -1.0387    2.9464    0.9264
[1] 6800.0000    0.2086    0.8642    0.1258    1.8700    1.0905
[1] 6900.0000    0.0000    0.9290   -0.9947    2.9077    1.0476
[1] 7000.0000    0.0000    0.8521   -0.2204    2.2301    1.0680
[1] 7100.0000    0.0000    0.9857    0.3388    1.6972    1.0571
[1] 7200.0000    0.0000    0.8247   -0.0816    2.1611    0.8913
[1] 7300.0000    0.0000    0.9346    0.8189    1.1958    1.1740
[1] 7400.0000    0.0000    0.8045    0.2292    1.6526    0.8734
[1] 7500.0000    0.0000    0.8475   -1.8363    3.7396    1.0597
[1] 7600.0000    0.0000    0.9493   -0.6944    2.6676    0.9281
[1] 7700.0000    0.0000    0.8440   -1.2580    3.2013    0.8976
[1] 7800.0000    0.0000    0.8350   -0.1734    2.2115    1.1361
[1] 7900.0000    0.0000    0.9654   -0.2009    2.1096    1.1831
[1] 8000.0000    0.0000    0.9309    0.4516    1.4223    1.0835
[1] 8100.0000    0.0000    0.8483   -0.2260    2.1257    0.8203
[1] 8200.0000    0.0000    0.9110   -0.3759    2.3265    0.9989
[1] 8300.0000    0.0000    0.8222   -0.2845    2.2829    0.8438
[1] 8400.0000    0.0000    0.9658   -0.4679    2.3310    0.9286
[1] 8500.0000    0.0000    0.8325   -0.1597    2.1942    1.0750
[1] 8600.0000    0.0000    0.8576   -0.7708    2.7173    1.0835
[1] 8700.0000    0.0000    0.8940   -0.3946    2.3282    1.0236
[1] 8800.0000    0.0000    0.9735   -0.2934    2.1511    1.0381
[1] 8900.0000    0.0000    0.8248    0.1447    1.7974    1.0728
[1] 9000.0000    0.0000    0.8301    0.9737    1.0072    1.1387
[1] 9100.0000    0.0000    0.8755   -0.0033    1.9810    0.8812
[1] 9200.0000    0.0000    0.8129   -0.5691    2.5638    1.1264
[1] 9300.0000    0.0000    0.9270   -0.5744    2.5721    1.1117
[1] 9400.0000    0.0000    0.8413    0.5576    1.3587    1.0761
[1] 9500.0000    0.0000    0.8817   -0.4805    2.3376    1.0875
[1] 9600.0000    0.0000    0.8149    0.2172    1.7510    0.9056
[1] 9700.0000    0.0000    0.9657    1.5452    0.3748    0.9166
[1] 9800.0000    0.0000    0.9450    0.5126    1.4968    1.0855
[1] 9900.0000    0.0000    0.9876    1.6345    0.3337    0.9739
[1] 10000.0000     0.2523     0.9984    -0.2686     2.2382     0.9987
[1] 10100.0000     0.0002     0.9390    -0.2530     2.2068     1.0815
[1] 10200.0000     0.0000     0.8133    -0.1201     2.0578     1.1117
[1] 1.030e+04 2.337e-01 9.549e-01 1.552e+00 4.182e-01 8.021e-01
[1] 10400.0000     0.0000     0.8457     0.0401     1.8557     0.9047
[1] 10500.0000     0.0000     0.9828     0.4077     1.5052     0.8036
[1] 10600.0000     0.0000     0.8442     0.2725     1.7603     0.9495
[1] 10700.0000     0.0000     0.8398     0.6760     1.3044     1.0590
[1] 10800.0000     1.0000     0.8056     0.2764     1.7682     0.8503
[1] 10900.0000     0.0000     0.8191     0.5843     1.4442     0.8008
[1] 11000.0000     0.0048     0.8555     1.0610     0.9723     1.1761
[1] 11100.0000     0.0000     0.8480    -0.4080     2.3283     1.1683
[1] 11200.0000     0.0067     0.9645    -0.0785     1.9194     0.8187
[1] 11300.0000     0.0000     0.9481    -0.2061     2.0880     1.1448
[1] 11400.0000     0.0000     0.9548     0.3032     1.6741     1.0047
[1] 11500.0000     0.0000     0.8034     0.3892     1.5639     0.8501
[1] 11600.0000     0.0000     0.8744     0.3750     1.5034     0.9019
[1] 11700.0000     0.0004     0.8224     0.2711     1.6839     0.8539
[1] 11800.0000     0.0000     0.8027    -0.1692     2.2031     0.8530
[1] 11900.0000     0.0000     0.8460    -1.0917     3.0554     0.8150
[1] 12000.0000     0.0000     0.8056     0.2644     1.7703     1.1142
[1] 12100.0000     0.0000     0.8005    -1.4358     3.3804     0.8375
[1] 12200.0000     0.3793     0.8496     0.4040     1.6274     0.8460
[1] 12300.0000     0.0000     0.8010     0.7555     1.2539     0.8810
[1] 12400.0000     1.0000     0.8046     0.2472     1.7518     0.8797
[1] 12500.0000     0.0000     0.8059     0.3411     1.6659     1.1427
[1] 12600.0000     0.0000     0.9125    -0.5820     2.5880     1.1924
[1] 12700.0000     0.0000     0.9614    -0.1729     1.9946     0.8958
[1] 12800.0000     0.0000     0.8257    -0.3063     2.3062     0.8904
[1] 12900.0000     0.0262     0.8545    -0.1388     2.1474     1.0312
[1] 13000.0000     0.0000     0.8069     0.2418     1.6680     1.0997
[1] 13100.0000     0.0000     0.9404     0.8913     1.0801     0.9822
[1] 13200.0000     0.0000     0.8843    -0.4397     2.4818     0.9997
[1] 13300.0000     0.0000     0.9271    -0.2734     2.1677     0.8364
[1] 13400.0000     0.0000     0.8092    -0.5532     2.5184     1.1676
[1] 13500.0000     0.0000     0.8466    -0.5205     2.4980     0.8143
[1] 13600.0000     0.0000     0.8917     0.4632     1.5294     1.0301
[1] 13700.0000     0.0000     0.8421    -0.3558     2.3353     0.9544
[1] 13800.0000     0.0000     0.8787    -0.9986     2.9368     1.0611
[1] 13900.0000     0.0000     0.8256    -0.6948     2.6774     1.0619
[1] 14000.0000     0.0000     0.9588    -0.0056     1.9030     0.9662
[1] 14100.0000     0.0000     0.8844     0.4264     1.3978     1.1867
[1] 14200.0000     0.0000     0.8479     0.3102     1.6573     0.8739
[1] 14300.0000     0.0000     0.9227    -0.3895     2.3297     1.0001
[1] 14400.0000     0.0053     0.8623     0.6594     1.2677     0.8985
[1] 14500.0000     0.4086     0.8647     0.5712     1.4546     1.0877
[1] 14600.0000     0.0000     0.8570     0.3720     1.5175     1.1138
[1] 14700.0000     0.0000     0.8974    -0.1192     2.0322     1.0871
[1] 14800.0000     0.0000     0.9988     0.6381     1.2724     0.9067
[1] 14900.0000     0.0334     0.8051    -0.1560     2.1016     1.0614
[1] 15000.0000     0.0002     0.9447     0.0747     1.8166     0.8911
[1] 15100.0000     0.9036     0.9406    -0.0194     1.9347     0.8849
[1] 15200.0000     0.0000     0.8242     0.7331     1.2315     1.0800
[1] 15300.0000     0.5092     0.9517     0.5970     1.4133     1.1636
[1] 15400.0000     0.0048     0.8397    -0.5615     2.5642     1.1015
[1] 15500.0000     0.0000     0.8727    -1.1452     3.1144     1.1104
[1] 15600.0000     0.0000     0.8520    -1.2440     3.2750     1.1912
[1] 15700.0000     0.0000     0.8475    -0.0757     1.9896     0.9690
[1] 15800.0000     0.0000     0.9108     0.0473     1.8904     0.9068
[1] 15900.0000     0.0000     0.8876     0.0715     1.8386     0.9067
[1] 16000.0000     0.0031     0.8124    -0.3947     2.3900     1.1160
[1] 16100.0000     0.0000     0.8125     0.5884     1.3858     0.8885
[1] 16200.0000     0.0000     0.9466     0.8777     1.0489     0.9477
[1] 16300.0000     0.0000     0.9158     0.2760     1.7395     0.9491
[1] 16400.0000     0.0000     0.9648     0.8563     1.1172     0.9493
[1] 16500.0000     0.4376     0.9646     0.3171     1.6098     1.1820
[1] 16600.0000     0.0000     0.8294    -0.5338     2.5513     0.8835
[1] 16700.0000     0.0000     0.9287     0.4206     1.4265     0.9633
[1] 16800.0000     0.0000     0.8621     0.1874     1.7358     1.1596
[1] 16900.0000     0.0000     0.8138     0.1935     1.6981     1.1004
[1] 17000.0000     0.0000     0.9790    -0.0849     2.0274     0.8822
[1] 17100.0000     0.0000     0.9305     1.3866     0.6604     0.9283
[1] 17200.0000     0.0000     0.9497     0.4694     1.5104     0.8252
[1] 17300.0000     1.0000     0.8396     0.0926     1.9112     1.0131
[1] 17400.0000     0.0000     0.8593    -0.1937     2.1817     1.1450
[1] 17500.0000     0.0000     0.8131    -0.0299     2.0515     0.9127
[1] 17600.0000     0.0000     0.8280     0.6769     1.2932     1.1486
[1] 17700.0000     0.0000     0.8794     0.8456     1.2112     0.9707
[1] 17800.0000     0.0000     0.8771    -0.5984     2.6371     0.9481
[1] 17900.0000     0.0000     0.9083    -0.3258     2.3314     0.9495
[1] 18000.0000     1.0000     0.9109    -0.0166     2.0083     0.8712
[1] 18100.0000     0.0000     0.8667    -0.0892     2.1852     1.1867
[1] 18200.0000     0.0227     0.8582     1.0283     0.8524     0.9652
[1] 18300.0000     0.0000     0.9928    -0.1102     2.0959     1.1096
[1] 18400.0000     0.0000     0.9121     0.1494     1.8725     0.9764
[1] 18500.0000     0.0000     0.9525     0.2674     1.6875     0.9333
[1] 18600.0000     0.0000     0.8656    -0.4885     2.4887     0.8624
[1] 18700.0000     0.0000     0.8080     0.1600     1.9184     0.9308
[1] 1.880e+04 0.000e+00 8.537e-01 5.264e-01 1.433e+00 9.005e-01
[1] 18900.0000     0.0000     0.9024     0.2052     1.7248     1.0613
[1] 19000.0000     0.0000     0.8366    -0.2870     2.2322     0.8015
[1] 19100.0000     0.0000     0.8878     0.5678     1.2808     1.0323
[1] 19200.0000     0.0000     0.8001     0.6702     1.2999     0.9641
[1] 19300.0000     0.0000     0.8035     0.7999     1.1151     1.0886
[1] 19400.0000     0.0000     0.9330     0.3413     1.6121     1.0363
[1] 19500.0000     0.0000     0.9654    -0.0920     2.0211     0.9669
[1] 19600.0000     0.4417     0.8529    -0.7127     2.6632     0.8752
[1] 19700.0000     0.0000     0.8982    -0.3943     2.2722     1.1826
[1] 19800.0000     0.0000     0.9408     0.2365     1.7811     0.9927
[1] 19900.0000     0.0000     0.9981    -0.4932     2.4885     1.0280
[1] 20000.0000     0.0000     0.8708    -0.3832     2.3347     1.0213
[1] 20100.0000     0.0000     0.9080     0.6830     1.3663     1.0402
[1] 20200.0000     0.9837     0.9840     0.4793     1.4415     1.1380
[1] 20300.0000     0.0000     0.8457    -0.0279     2.0217     1.1010
[1] 20400.0000     0.0054     0.9072     0.1536     1.7941     0.9991
[1] 20500.0000     0.0000     0.9083    -0.8577     2.8671     0.8030
[1] 20600.0000     1.0000     0.9169     0.1849     1.8104     1.1057
[1] 20700.0000     1.0000     0.8107     0.0568     1.9317     1.0874
[1] 20800.0000     0.0000     0.9606    -0.7992     2.7915     1.0886
[1] 20900.0000     0.0001     0.9109     0.6133     1.3844     0.9980
[1] 21000.0000     0.0000     0.9912     1.1876     0.8053     1.0875
[1] 21100.0000     0.0000     0.9732    -0.2311     2.1548     0.8253
[1] 21200.0000     0.0302     0.8263     0.2231     1.7437     1.1324
[1] 21300.0000     0.0000     0.8399    -0.5383     2.4068     1.0171
[1] 21400.0000     0.0001     0.9719     0.1121     1.8222     0.9071
[1] 21500.0000     0.0000     0.8732    -0.3675     2.2217     1.0565
[1] 21600.0000     0.0000     0.8420    -0.3585     2.3803     0.8926
[1] 21700.0000     0.0000     0.8416    -1.0273     3.0283     1.0860
[1] 21800.0000     0.0000     0.8218    -0.4270     2.4982     1.1739
[1] 21900.0000     0.0000     0.9408     0.2673     1.6521     0.9421
[1] 22000.0000     0.0000     0.8850     1.0575     0.8483     0.9555
[1] 22100.0000     0.0000     0.8953    -0.2846     2.1869     0.9321
[1] 22200.0000     0.0000     0.9882    -0.1415     2.0217     0.9514
[1] 22300.0000     0.0004     0.8584     0.4756     1.4831     0.9367
[1] 22400.0000     0.0000     0.9494    -0.0294     2.0044     0.9207
[1] 22500.0000     0.0028     0.9610     1.0579     0.9326     0.9963
[1] 22600.0000     0.0000     0.8257     0.5152     1.4553     1.1053
[1] 22700.0000     0.0000     0.8271    -0.1058     1.9878     1.1968
[1] 22800.0000     0.0000     0.9028    -0.6175     2.6265     1.1243
[1] 22900.0000     0.0000     0.9207     0.1369     1.7671     0.8362
[1] 23000.0000     0.0000     0.9652     0.0833     1.8204     1.0264
[1] 23100.0000     0.0000     0.9231    -0.5931     2.5499     0.8179
[1] 23200.0000     0.0000     0.8288    -0.2108     2.1845     0.8616
[1] 23300.0000     0.2165     0.8966    -0.0616     2.0233     1.0199
[1] 23400.0000     0.0000     0.9703    -0.3643     2.3546     0.9326
[1] 23500.0000     0.0000     0.9561     0.1864     1.7881     1.0572
[1] 2.360e+04 0.000e+00 8.360e-01 7.884e-01 1.155e+00 8.406e-01
[1] 23700.0000     0.0000     0.8580     0.8483     1.1591     0.8494
[1] 23800.0000     0.0000     0.9509     0.2030     1.6302     0.9516
[1] 23900.0000     0.0000     0.8157     0.1757     1.7779     0.8034
[1] 24000.0000     0.0000     0.9653    -0.2149     2.1417     0.9324
[1] 24100.0000     0.0000     0.8643    -1.7370     3.7145     0.9462
[1] 24200.0000     0.0000     0.8399     0.2966     1.5541     1.0287
[1] 24300.0000     0.0000     0.8207    -0.9387     2.9155     1.1509
[1] 24400.0000     0.9595     0.9947     0.5949     1.3823     0.9697
[1] 24500.0000     0.0000     0.9064     0.8888     1.0107     0.8345
[1] 24600.0000     0.0000     0.9062     0.2047     1.7606     0.8877
[1] 24700.0000     0.0000     0.9025    -0.6217     2.5712     0.8040
[1] 24800.0000     0.0001     0.8109    -0.0438     2.0042     1.1899
[1] 24900.0000     0.0000     0.9495     0.1599     1.7473     0.8626
[1] 25000.0000     0.0024     0.9399    -0.0394     2.0339     0.8472
[1] 25100.0000     0.0000     0.9605     1.2327     0.7060     1.0743
[1] 25200.0000     0.0000     0.8184    -0.2109     2.1615     0.8574
[1] 25300.0000     1.0000     0.8151    -0.4616     2.4329     1.0748
[1] 25400.0000     1.0000     0.8988    -0.1939     2.1474     1.0888
[1] 25500.0000     0.0000     0.8147     0.5033     1.4393     1.1844
[1] 25600.0000     0.0000     0.8978     0.0159     1.9437     1.1142
[1] 25700.0000     0.0000     0.8060     0.8210     1.1867     0.8422
[1] 25800.0000     0.0000     0.8043    -0.6767     2.5196     0.8730
[1] 25900.0000     1.0000     0.8632    -0.3846     2.3559     1.1254
[1] 26000.0000     0.3323     0.9492    -0.1387     2.1927     1.0058
[1] 26100.0000     0.0000     0.9196     0.3868     1.4634     1.1722
[1] 26200.0000     0.0000     0.9768    -0.2233     2.1045     0.9801
[1] 26300.0000     0.0000     0.8530     0.2174     1.7295     1.0678
[1] 26400.0000     0.0000     0.8767     0.3593     1.5307     0.8041
[1] 26500.0000     0.0017     0.9903     0.1359     1.8875     1.1966
[1] 26600.0000     0.0000     0.9293    -0.9381     3.0533     0.8497
[1] 26700.0000     0.0000     0.8184    -0.4942     2.3944     0.9177
[1] 26800.0000     0.0000     0.8180    -1.7982     3.7814     0.8719
[1] 26900.0000     0.0000     0.9184    -0.2086     2.0909     1.1619
[1] 27000.0000     0.0000     0.8794    -0.0414     1.9666     0.8948
[1] 27100.0000     0.9112     0.9280    -0.3162     2.2871     1.0348
[1] 27200.0000     0.0000     0.8628    -0.6329     2.6146     1.0265
[1] 27300.0000     0.0000     0.8270    -0.8312     2.7439     1.1347
[1] 27400.0000     0.0000     0.8182     0.1834     1.7706     1.1040
[1] 2.750e+04 0.000e+00 8.677e-01 4.540e-01 1.495e+00 9.516e-01
[1] 27600.0000     0.0000     0.8732     1.4394     0.5352     0.9172
[1] 27700.0000     0.0000     0.8317     0.7654     1.2483     1.1846
[1] 27800.0000     0.0000     0.8338    -0.0124     1.9168     0.9440
[1] 2.790e+04 1.000e+00 8.904e-01 3.216e-01 1.589e+00 9.276e-01
[1] 28000.0000     0.0000     0.8025    -0.2638     2.3223     0.9240
[1] 28100.0000     0.0000     0.9306    -0.9304     3.0965     0.8823
[1] 28200.0000     0.0000     0.9683    -1.2821     3.2668     0.8917
[1] 28300.0000     0.0000     0.9886    -1.2441     3.1873     1.1843
[1] 28400.0000     1.0000     0.9594    -0.7781     2.7333     0.8105
[1] 28500.0000     0.0000     0.8678     0.8091     1.1066     0.8688
[1] 28600.0000     0.0000     0.9775     0.1248     1.7645     0.9079
[1] 28700.0000     0.0000     0.8546    -0.9782     2.8725     0.9787
[1] 2.880e+04 0.000e+00 8.104e-01 2.403e-01 1.689e+00 1.194e+00
[1] 28900.0000     0.0000     0.9137     0.8314     1.1627     0.8478
[1] 29000.0000     0.0000     0.9277     0.2085     1.7631     1.1735
[1] 29100.0000     0.0000     0.8445    -0.1493     2.1580     0.8871
[1] 29200.0000     0.0780     0.9371     0.8976     1.0719     1.1436
[1] 29300.0000     0.0005     0.9749     0.6696     1.2383     0.9782
[1] 29400.0000     0.0000     0.9394     1.0835     0.7937     1.1754
[1] 29500.0000     0.0000     0.8094    -0.5245     2.4502     0.8253
[1] 2.960e+04 0.000e+00 8.335e-01 5.475e-01 1.389e+00 1.194e+00
[1] 29700.0000     0.0000     0.9991     0.1369     1.7844     0.9357
[1] 29800.0000     0.0000     0.8503    -1.0644     3.0246     0.9822
[1] 29900.0000     0.8616     0.9798    -0.3479     2.3443     1.0014
[1] 30000.0000     0.0000     0.8841     0.5178     1.4108     1.0036
[1] 0.07323707
Time difference of 10.97678 hours
null device 
          1 
