[1] "El numero de nodos X particion es: 10"
[1] "Model = M1 / Data = sim_data/datasetSVCMatern21.Rdata"
[1] 100.0000   1.0000   0.8291   0.0908   2.0788   0.9331
[1] 200.0000   0.2912   0.8487   0.1326   2.1100   0.8384
[1] 300.0000   0.9853   0.8776  -0.0043   2.0435   1.0665
[1] 400.0000   0.6580   0.8233   0.0454   2.1334   1.0774
[1] 500.0000   0.8541   0.8902   0.0232   1.9858   0.8863
[1] 600.0000   0.0037   0.8693   0.1102   2.0367   1.0610
[1] 700.0000   1.0000   0.8087  -0.0367   2.0223   1.0605
[1] 800.0000   1.0000   0.8954   0.0426   2.0389   1.1490
[1] 900.0000   1.0000   0.9357  -0.1086   1.9831   1.0743
[1] 1000.0000    0.4903    0.8257    0.0189    2.0311    0.8662
[1] 1100.0000    0.3927    0.9726   -0.1178    1.8988    1.0201
[1] 1200.0000    0.5400    0.8603    0.0967    2.1975    0.9164
[1] 1300.0000    0.9595    0.8617    0.0259    2.0725    1.0550
[1] 1400.0000    0.0003    0.9303   -0.0174    2.0574    1.1894
[1] 1500.0000    0.0007    0.9672    0.1519    2.1912    1.1986
[1] 1600.0000    0.5496    0.8673    0.1974    2.2048    0.9237
[1] 1700.0000    0.0004    0.9259   -0.0092    1.9947    1.0764
[1] 1800.0000    0.0000    0.9234    0.0080    2.1627    1.1307
[1] 1900.0000    0.3478    0.9875    0.1396    2.0780    0.8532
[1] 2000.0000    0.2034    0.9978    0.1155    2.0973    1.1535
[1] 2100.0000    1.0000    0.8081    0.0867    2.1671    0.9300
[1] 2200.0000    0.7303    0.8580    0.0937    2.1143    1.0161
[1] 2300.0000    0.1635    0.8377    0.0922    2.1868    0.8487
[1] 2400.0000    0.1485    0.9764    0.0954    1.9726    1.0594
[1] 2500.0000    0.1518    0.8529    0.1372    2.2119    0.9541
[1] 2600.0000    0.1880    0.9658   -0.0128    2.0417    1.0023
[1] 2700.0000    0.1293    0.8044   -0.0276    2.0477    1.0835
[1] 2800.0000    0.0411    0.9204   -0.0157    2.0170    1.0405
[1] 2900.0000    0.0007    0.8994   -0.1115    1.8958    1.0050
[1] 3000.0000    0.0191    0.9297    0.1611    2.1828    1.1984
[1] 3100.0000    0.6072    0.8476    0.1376    2.1086    1.1528
[1] 3200.0000    0.1690    0.9371    0.0973    2.1174    1.1278
[1] 3300.0000    0.0002    0.9877   -0.0180    1.9592    0.9428
[1] 3400.0000    0.0006    0.9515   -0.1132    1.8072    1.1198
[1] 3500.0000    1.0000    0.9338    0.0650    2.1805    0.8830
[1] 3600.0000    0.3197    0.8553    0.1378    2.0395    1.1349
[1] 3700.0000    0.0008    0.9950    0.1281    2.0646    1.0085
[1] 3800.0000    0.0000    0.8653   -0.0300    1.9224    0.9884
[1] 3900.0000    0.0096    0.8514   -0.0542    1.9736    1.1876
[1] 4000.0000    0.3898    0.9388   -0.0447    1.8835    0.8131
[1] 4100.0000    0.1631    0.8739    0.1378    2.0942    0.8968
[1] 4200.0000    0.7737    0.9756    0.0716    2.0387    0.9752
[1] 4300.0000    0.0000    0.9986    0.1153    2.1393    0.9026
[1] 4400.0000    0.1604    0.9571    0.2561    2.2431    0.9932
[1] 4500.0000    0.8868    0.8410    0.1043    2.1685    1.1520
[1] 4600.0000    0.0312    0.8039    0.0214    1.9622    1.1669
[1] 4700.0000    0.0002    0.9709    0.1837    2.1971    1.0444
[1] 4800.0000    0.0590    0.8985    0.0256    2.0673    0.9827
[1] 4900.0000    0.3230    0.9222    0.2826    2.3147    0.9837
[1] 5000.0000    1.0000    0.9273    0.0201    1.9840    1.0348
[1] 5100.0000    0.3464    0.9679    0.0149    2.0502    1.1951
[1] 5200.0000    0.0070    0.8350    0.1339    2.2936    1.0935
[1] 5300.0000    1.0000    0.8379    0.0780    2.0678    1.0434
[1] 5400.0000    0.9962    0.8515    0.0995    2.1476    1.1120
[1] 5500.0000    0.0024    0.8506    0.0424    1.9870    1.1979
[1] 5600.0000    0.1089    0.8407   -0.1909    1.9645    1.1085
[1] 5700.0000    0.1282    0.9403    0.0350    1.9854    0.9236
[1] 5800.0000    0.3130    0.8520    0.2822    2.3210    1.0482
[1] 5900.0000    0.3266    0.8759   -0.1073    1.9825    1.0113
[1] 6000.0000    0.5380    0.8325   -0.1110    1.9778    0.8825
[1] 6100.0000    0.1617    0.9517    0.2482    2.1997    0.9216
[1] 6200.0000    1.0000    0.8336   -0.1673    1.8368    0.9759
[1] 6300.0000    0.0059    0.8959   -0.0635    2.1202    1.1826
[1] 6400.0000    0.5021    0.9022    0.1771    2.0837    0.8332
[1] 6500.0000    1.0000    0.9478    0.0046    1.9402    1.0656
[1] 6600.0000    0.0314    0.8918   -0.0850    1.9589    1.0184
[1] 6700.0000    0.0000    0.8229   -0.0017    1.9221    1.0410
[1] 6800.0000    1.0000    0.8496    0.0999    2.1613    0.9728
[1] 6900.0000    0.0958    0.8556   -0.0293    1.9939    1.1638
[1] 7000.0000    0.0136    0.8011    0.1131    2.0856    1.0228
[1] 7100.0000    1.0000    0.8440    0.0458    2.0099    0.9302
[1] 7200.0000    0.0165    0.8989    0.0518    2.0843    0.9392
[1] 7300.0000    0.0018    0.8821    0.0525    2.1207    0.9361
[1] 7400.0000    0.0000    0.8164   -0.1275    1.9093    0.8600
[1] 7500.0000    0.1523    0.9538    0.2956    2.3014    1.0728
[1] 7600.0000    0.7529    0.8898    0.0142    1.9682    1.1032
[1] 7700.0000    0.0158    0.8552   -0.0650    1.9161    1.0850
[1] 7800.0000    0.0008    0.8139    0.0102    2.0426    0.8702
[1] 7900.0000    0.2302    0.8037   -0.0504    2.0045    1.1632
[1] 8000.0000    0.4167    0.9186   -0.1056    1.8832    1.0026
[1] 8100.0000    0.5773    0.8269    0.1620    2.2972    0.9544
[1] 8200.0000    0.0000    0.9273    0.2451    2.2232    0.9041
[1] 8300.0000    0.0015    0.8397    0.3351    2.3314    1.0813
[1] 8400.0000    1.0000    0.9278    0.0757    2.2340    0.8107
[1] 8500.0000    0.0106    0.8716    0.0721    2.1026    1.1821
[1] 8600.0000    0.4606    0.9214    0.1008    2.2102    1.0135
[1] 8700.0000    0.4569    0.8293   -0.0020    1.9327    0.8767
[1] 8800.0000    1.0000    0.9324   -0.0131    1.9866    0.8066
[1] 8900.0000    0.6801    0.9431   -0.1399    1.9540    1.1381
[1] 9000.0000    0.1871    0.9025    0.0824    2.0475    0.9096
[1] 9100.0000    0.2393    0.8799    0.2017    2.1916    0.8591
[1] 9200.0000    0.6607    0.9069    0.0405    2.1386    1.1995
[1] 9300.0000    0.0016    0.9856    0.1333    2.1099    1.1370
[1] 9400.0000    0.0901    0.9943    0.3018    2.1409    1.0986
[1] 9500.0000    0.0000    0.9329   -0.0479    2.0609    0.8817
[1] 9600.0000    0.5002    0.8862    0.0014    2.0081    0.8406
[1] 9700.0000    0.0651    0.8614    0.1050    2.0887    0.9692
[1] 9800.0000    0.2626    0.8196    0.0609    2.0377    0.9680
[1] 9900.0000    0.0000    0.9529    0.1967    2.1004    0.9335
[1] 10000.0000     0.5994     0.9167    -0.2742     1.8127     1.1877
[1] 10100.0000     1.0000     0.9049     0.0776     2.0841     1.0751
[1] 10200.0000     0.0001     0.9084     0.0298     2.0363     0.8386
[1] 10300.0000     0.0309     0.8120     0.2383     2.1751     0.8804
[1] 10400.0000     0.1350     0.9337     0.1142     2.0731     1.0990
[1] 10500.0000     1.0000     0.8159     0.2979     2.2209     1.1284
[1] 10600.0000     0.4352     0.8330     0.1747     2.2829     0.9483
[1] 1.070e+04 0.000e+00 8.531e-01 2.221e-01 2.168e+00 8.181e-01
[1] 10800.0000     0.8447     0.8056     0.0550     2.1228     0.8503
[1] 10900.0000     0.0000     0.8264     0.0291     2.1562     1.1140
[1] 11000.0000     0.6431     0.8012     0.0743     2.1882     0.9407
[1] 11100.0000     0.0011     0.8902     0.2513     2.2873     0.9114
[1] 11200.0000     0.9875     0.9412     0.0130     2.0498     0.8257
[1] 11300.0000     0.6688     0.9738     0.0763     2.0355     1.1215
[1] 11400.0000     1.0000     0.9866     0.1286     2.1189     0.8664
[1] 11500.0000     0.0000     0.9311     0.0633     2.1324     0.8792
[1] 11600.0000     1.0000     0.9382    -0.2428     1.7751     0.8033
[1] 11700.0000     1.0000     0.8766    -0.0606     2.0024     0.9110
[1] 11800.0000     0.0347     0.9849     0.0149     1.9539     1.0283
[1] 11900.0000     0.5606     0.8272     0.0929     2.0756     0.8962
[1] 12000.0000     0.0033     0.8543    -0.0360     2.0134     1.1591
[1] 12100.0000     0.1623     0.9452     0.1647     2.1744     0.8400
[1] 12200.0000     0.0319     0.9853     0.0882     2.0355     1.1443
[1] 12300.0000     0.1262     0.9007     0.1154     2.1024     1.0908
[1] 12400.0000     1.0000     0.8046    -0.0763     1.9051     0.8797
[1] 12500.0000     0.3683     0.9120     0.2558     2.3148     1.1259
[1] 12600.0000     0.9075     0.9564     0.2624     2.1474     1.1675
[1] 12700.0000     0.0001     0.9486     0.2179     2.2146     0.8166
[1] 12800.0000     0.0031     0.9108    -0.2234     1.8377     1.0765
[1] 12900.0000     0.2478     0.9378    -0.2614     1.7247     1.1252
[1] 13000.0000     0.0077     0.8840     0.1698     2.1117     1.1100
[1] 13100.0000     0.0014     0.9404    -0.0362     1.9949     0.9822
[1] 13200.0000     0.0251     0.9589    -0.0936     1.9087     1.1555
[1] 13300.0000     0.1367     0.8522     0.1742     2.1537     1.0074
[1] 13400.0000     0.0000     0.9485     0.1391     1.9734     1.0271
[1] 13500.0000     0.0001     0.8240    -0.0029     2.0716     1.0099
[1] 13600.0000     0.0060     0.8917    -0.0341     1.8722     1.0301
[1] 13700.0000     1.0000     0.8314     0.0713     2.0443     0.8589
[1] 13800.0000     0.0001     0.9275     0.0779     2.1410     1.0955
[1] 13900.0000     1.0000     0.8104     0.0318     2.0576     0.8994
[1] 14000.0000     1.0000     0.9598     0.1070     2.0509     0.8043
[1] 14100.0000     0.0000     0.9236     0.1519     2.1937     0.9106
[1] 14200.0000     0.0377     0.9171     0.1046     2.0807     0.8964
[1] 14300.0000     0.0179     0.8359     0.0590     2.1267     1.0907
[1] 14400.0000     1.0000     0.8984     0.1779     2.1475     1.1866
[1] 14500.0000     0.0020     0.8302     0.0920     2.1434     1.1813
[1] 14600.0000     0.0000     0.8084     0.0416     2.0706     0.8928
[1] 14700.0000     1.0000     0.8840     0.1077     2.1628     1.0394
[1] 14800.0000     0.0000     0.8106    -0.0769     2.0393     1.0978
[1] 14900.0000     0.4555     0.8873     0.1318     2.1454     1.1324
[1] 15000.0000     0.0000     0.9486    -0.0391     1.9565     0.9418
[1] 15100.0000     0.0798     0.9112    -0.0127     2.0372     1.0503
[1] 15200.0000     0.3844     0.9896     0.2093     2.1741     1.1186
[1] 15300.0000     0.0846     0.8296     0.2577     2.3296     1.1944
[1] 15400.0000     0.3532     0.8005     0.1422     2.2123     0.8812
[1] 15500.0000     1.0000     0.8761    -0.0260     2.0151     0.9901
[1] 15600.0000     1.0000     0.9912     0.1154     2.0610     1.0551
[1] 15700.0000     0.0001     0.8668     0.3458     2.2980     1.0399
[1] 15800.0000     0.0050     0.9670     0.0348     1.9876     1.0411
[1] 15900.0000     0.0000     0.9524     0.0728     2.1490     1.0855
[1] 16000.0000     0.4417     0.9761    -0.0217     2.0576     1.0600
[1] 16100.0000     1.0000     0.9477     0.1693     2.2958     0.9420
[1] 16200.0000     1.0000     0.8455     0.0740     2.0800     1.0509
[1] 16300.0000     0.3250     0.9029     0.2700     2.1819     1.0365
[1] 16400.0000     0.2999     0.8090     0.0688     2.0953     0.8978
[1] 16500.0000     0.0984     0.9894     0.1902     2.2191     0.9222
[1] 16600.0000     1.0000     0.9292    -0.0862     1.9573     1.0485
[1] 16700.0000     0.4106     0.9070    -0.0015     2.0901     1.1930
[1] 16800.0000     0.0256     0.8165    -0.1870     1.8461     1.0376
[1] 16900.0000     0.1044     0.8221     0.0568     1.9998     1.1575
[1] 17000.0000     0.6214     0.8355     0.1779     2.2015     0.9526
[1] 17100.0000     0.0370     0.9262     0.2202     2.1909     0.9696
[1] 17200.0000     0.3177     0.9497    -0.1299     1.8859     0.8252
[1] 17300.0000     0.1848     0.9116    -0.1015     1.9017     0.8190
[1] 17400.0000     0.6885     0.9623     0.1095     2.2562     1.1696
[1] 17500.0000     1.0000     0.9645    -0.0518     1.9145     0.9956
[1] 17600.0000     0.0159     0.8018     0.0894     2.0537     1.0705
[1] 17700.0000     0.0013     0.8794     0.0739     1.9399     0.9707
[1] 17800.0000     1.0000     0.9968     0.0726     2.0791     0.8268
[1] 17900.0000     0.0000     0.9291    -0.0394     2.1529     0.9192
[1] 18000.0000     0.9357     0.9109     0.1485     2.1236     0.8712
[1] 18100.0000     0.0024     0.9137     0.0636     2.1353     0.9014
[1] 18200.0000     1.0000     0.8073     0.2664     2.2419     0.9256
[1] 18300.0000     0.0229     0.8092     0.0901     2.1291     1.0361
[1] 18400.0000     0.0016     0.9243    -0.1911     1.9771     1.1066
[1] 18500.0000     0.0211     0.8611    -0.0819     2.0181     0.9812
[1] 18600.0000     0.0160     0.8932    -0.0087     2.0990     0.8460
[1] 18700.0000     0.0550     0.8557     0.1268     2.1593     0.9105
[1] 18800.0000     0.0211     0.9415     0.0051     2.0648     0.8205
[1] 18900.0000     0.0001     0.8297     0.1005     2.1315     0.8354
[1] 19000.0000     1.0000     0.8087     0.2458     2.2301     1.1060
[1] 19100.0000     0.0426     0.8142    -0.0152     2.0073     1.0716
[1] 19200.0000     1.0000     0.8319     0.0172     1.9610     1.0132
[1] 19300.0000     0.9950     0.9752     0.2341     2.1874     1.0663
[1] 19400.0000     0.3166     0.8040     0.2086     2.1457     1.1551
[1] 19500.0000     0.0024     0.8243     0.2658     2.2691     0.8751
[1] 19600.0000     0.0529     0.8948     0.1396     2.2209     1.0740
[1] 19700.0000     0.0112     0.8143     0.2183     2.1839     0.8081
[1] 19800.0000     0.0987     0.8317     0.2704     2.2902     1.0742
[1] 19900.0000     0.6016     0.9981     0.3171     2.3623     1.0280
[1] 20000.0000     0.5696     0.8545    -0.0447     2.0411     0.8923
[1] 20100.0000     0.0000     0.8622     0.1009     2.1026     0.8640
[1] 20200.0000     0.3121     0.9282     0.2186     2.1844     0.9678
[1] 20300.0000     0.0347     0.9350    -0.2013     1.8518     0.8887
[1] 20400.0000     1.0000     0.8446     0.0006     2.0160     1.0333
[1] 20500.0000     0.0014     0.8964     0.0295     2.1204     1.1285
[1] 20600.0000     0.1269     0.9219     0.0255     2.0843     1.0848
[1] 20700.0000     0.7577     0.8107     0.2565     2.1977     1.0874
[1] 20800.0000     1.0000     0.9981     0.1819     2.2811     1.0246
[1] 20900.0000     0.0000     0.8547     0.0341     2.0341     0.9562
[1] 21000.0000     0.3187     0.8708    -0.0037     2.0572     1.1617
[1] 21100.0000     1.0000     0.8682    -0.0374     2.0075     1.1577
[1] 21200.0000     0.7414     0.9611     0.1095     2.1921     0.8029
[1] 21300.0000     0.0008     0.8214     0.0768     1.9730     1.0391
[1] 21400.0000     0.9577     0.8276     0.0972     2.0787     0.8233
[1] 21500.0000     0.0077     0.8906     0.1833     2.2107     0.8206
[1] 21600.0000     0.8645     0.9634     0.0415     2.1066     0.9473
[1] 21700.0000     0.1612     0.9180     0.0161     2.0318     0.9753
[1] 21800.0000     0.4594     0.8778     0.2627     2.3867     1.0685
[1] 2.190e+04 7.048e-01 9.598e-01 1.144e-01 2.180e+00 8.497e-01
[1] 22000.0000     0.1746     0.8850     0.1753     2.1116     0.9555
[1] 2.210e+04 1.057e-01 8.953e-01 1.668e-01 2.192e+00 9.321e-01
[1] 22200.0000     0.3924     0.8579    -0.1349     1.9328     0.8534
[1] 22300.0000     0.0060     0.8289    -0.1222     1.9933     0.9998
[1] 22400.0000     0.6112     0.8145    -0.0337     1.9932     0.8604
[1] 22500.0000     0.0145     0.8239     0.0724     2.1781     1.1368
[1] 22600.0000     0.0000     0.8433     0.1213     2.2802     1.1055
[1] 22700.0000     0.0005     0.8271    -0.0246     1.9857     1.1968
[1] 22800.0000     0.1846     0.8972     0.1537     2.0521     1.0231
[1] 22900.0000     0.0809     0.8804    -0.1374     1.9207     0.9211
[1] 23000.0000     0.0000     0.8997     0.1674     2.0403     0.9381
[1] 23100.0000     0.3741     0.8119     0.2333     2.1858     1.0551
[1] 23200.0000     0.1438     0.9586     0.2102     2.2356     1.0581
[1] 23300.0000     0.0000     0.9727     0.2534     2.2116     0.9482
[1] 23400.0000     0.3798     0.8888     0.1065     2.0175     1.0444
[1] 23500.0000     0.2815     0.8797     0.1119     2.1673     0.8266
[1] 23600.0000     0.0929     0.9324    -0.0561     1.9759     0.8634
[1] 23700.0000     0.2771     0.9328    -0.0148     2.0494     1.0180
[1] 23800.0000     0.5125     0.9299    -0.0718     1.8652     1.0580
[1] 23900.0000     1.0000     0.8722     0.1501     2.1116     0.8735
[1] 24000.0000     0.0945     0.9240     0.1842     2.1558     0.9790
[1] 24100.0000     1.0000     0.9214     0.0801     2.1832     0.8541
[1] 24200.0000     0.0726     0.8467    -0.0402     2.0262     0.8230
[1] 24300.0000     1.0000     0.8163     0.0412     2.0964     1.0906
[1] 24400.0000     1.0000     0.9947     0.0754     2.0467     0.9697
[1] 2.450e+04 1.650e-02 8.969e-01 1.254e-01 2.136e+00 1.048e+00
[1] 24600.0000     0.0004     0.9237     0.0542     2.0591     1.0127
[1] 24700.0000     0.1687     0.8340     0.1098     2.1080     1.1974
[1] 24800.0000     0.0003     0.8460    -0.0104     2.0157     0.9489
[1] 24900.0000     1.0000     0.8569     0.0380     2.0535     1.1414
[1] 25000.0000     1.0000     0.8801     0.0955     2.1099     0.8235
[1] 25100.0000     0.2864     0.8622     0.1447     2.1562     0.8281
[1] 25200.0000     0.1070     0.8495     0.1339     2.2062     1.1739
[1] 25300.0000     0.0003     0.9779    -0.0085     2.0717     0.8977
[1] 25400.0000     0.0254     0.8633    -0.2278     1.7754     1.0600
[1] 25500.0000     0.6399     0.8159     0.0641     2.0064     1.0385
[1] 25600.0000     0.0509     0.9325     0.2954     2.2488     0.8613
[1] 25700.0000     0.5537     0.8976    -0.0606     2.0875     0.9408
[1] 25800.0000     0.4112     0.8606     0.0599     2.0254     0.8978
[1] 25900.0000     0.0049     0.8683     0.2190     2.1902     0.8098
[1] 26000.0000     1.0000     0.9492    -0.0215     1.9542     1.0058
[1] 26100.0000     0.0729     0.8951     0.0578     2.1414     0.8249
[1] 26200.0000     1.0000     0.8601     0.1108     2.1624     0.9041
[1] 26300.0000     0.7031     0.8623    -0.2262     1.9081     1.0835
[1] 26400.0000     0.0678     0.8855     0.3076     2.1984     1.0131
[1] 26500.0000     0.1030     0.8034    -0.2039     1.8428     1.1338
[1] 26600.0000     0.3216     0.8720    -0.0316     2.0148     0.9170
[1] 26700.0000     0.0476     0.9721     0.0357     2.0816     0.8075
[1] 26800.0000     0.4624     0.9542     0.0328     1.9767     1.1594
[1] 26900.0000     0.0039     0.9241     0.1883     2.2179     1.0646
[1] 27000.0000     0.6061     0.9266     0.0938     2.1236     0.8932
[1] 27100.0000     0.0027     0.8095     0.1212     2.0863     1.0497
[1] 27200.0000     0.0705     0.8628     0.0088     2.0289     1.0265
[1] 2.730e+04 2.400e-03 9.608e-01 1.140e-02 2.010e+00 8.492e-01
[1] 27400.0000     0.1468     0.8725    -0.0218     1.9571     1.1899
[1] 27500.0000     0.5834     0.9561    -0.0511     1.9469     0.9337
[1] 27600.0000     0.0048     0.8069     0.1074     2.0975     0.9996
[1] 27700.0000     0.0154     0.8620     0.3909     2.4616     1.0941
[1] 27800.0000     0.0000     0.8358     0.1153     2.1646     1.1051
[1] 27900.0000     0.5975     0.8913     0.1999     2.1929     0.8389
[1] 28000.0000     0.0042     0.9003    -0.0345     2.0577     0.9918
[1] 28100.0000     0.0000     0.9262     0.0770     2.0684     1.0710
[1] 28200.0000     1.0000     0.9271     0.1911     2.2086     0.9591
[1] 28300.0000     0.0031     0.8510     0.0238     2.0412     0.8048
[1] 2.840e+04 6.375e-01 9.594e-01 3.200e-02 1.976e+00 8.105e-01
[1] 28500.0000     0.8729     0.8206     0.2504     2.3100     1.0447
[1] 2.860e+04 7.000e-04 9.775e-01 4.850e-02 2.085e+00 9.079e-01
[1] 28700.0000     0.2146     0.9045     0.0446     2.0289     1.0095
[1] 28800.0000     1.0000     0.9743    -0.0302     1.9793     0.8723
[1] 28900.0000     0.6814     0.8662    -0.0250     1.9848     0.8550
[1] 29000.0000     1.0000     0.8095     0.1802     2.1955     1.0816
[1] 29100.0000     0.0045     0.9156     0.1462     2.1764     0.8172
[1] 29200.0000     0.0009     0.8505    -0.2177     1.8487     0.9156
[1] 29300.0000     0.4720     0.9373     0.1127     2.0267     0.8252
[1] 29400.0000     0.0147     0.9512     0.1918     2.0769     1.1262
[1] 29500.0000     0.0085     0.8346     0.1467     2.1375     0.9665
[1] 29600.0000     0.0006     0.8267     0.1365     2.2068     1.0464
[1] 2.970e+04 1.490e-02 9.571e-01 4.630e-02 2.001e+00 9.736e-01
[1] 29800.0000     1.0000     0.8701     0.0391     2.0924     0.8024
[1] 29900.0000     0.6723     0.9798     0.0553     2.0170     1.0014
[1] 30000.0000     0.3208     0.8307     0.0337     2.0701     1.0904
[1] 0.3616655
Time difference of 4.543589 hours
null device 
          1 
