[1] "El numero de nodos X particion es: 10"
[1] "Model = M1 / Data = sim_data/datasetSVCMatern26.Rdata"
[1] 100.0000   1.0000   0.8291   0.0520   2.0693   0.9331
[1] 200.0000   0.6110   0.9804   0.0084   2.0217   1.0297
[1] 300.0000   0.8255   0.8776  -0.1848   1.9434   1.0665
[1] 400.0000   0.3696   0.9217   0.0049   2.0281   0.9692
[1] 500.0000   1.0000   0.8902   0.0372   2.0475   0.8863
[1] 600.0000   0.0003   0.8693   0.0737   2.0006   1.0610
[1] 700.0000   1.0000   0.8087  -0.1333   1.9556   1.0605
[1] 800.0000   1.0000   0.8954  -0.1062   1.9783   1.1490
[1] 900.0000   0.5775   0.9357  -0.1622   2.0072   1.0743
[1] 1000.0000    0.4788    0.8568   -0.0567    1.9792    0.8983
[1] 1100.0000    0.2285    0.8326   -0.1927    1.8908    1.0285
[1] 1200.0000    0.3247    0.8603    0.0266    2.1827    0.9164
[1] 1300.0000    0.6272    0.8617   -0.1349    1.9778    1.0550
[1] 1400.0000    0.0164    0.9303   -0.2871    1.8915    1.1894
[1] 1500.0000    0.0001    0.9672    0.0729    2.1259    1.1986
[1] 1600.0000    1.0000    0.9427   -0.0075    2.1259    1.0957
[1] 1700.0000    0.0001    0.9259   -0.0858    1.9428    1.0764
[1] 1800.0000    0.0000    0.9234   -0.0433    2.1434    1.1307
[1] 1900.0000    0.4334    0.9957    0.1169    2.1547    1.1822
[1] 2000.0000    0.2758    0.8432    0.0815    2.1488    1.0611
[1] 2100.0000    1.0000    0.8081    0.0496    2.1444    0.9300
[1] 2200.0000    0.7296    0.8580    0.0213    2.0645    1.0161
[1] 2300.0000    0.7582    0.9707    0.0673    2.0156    1.1994
[1] 2400.0000    0.5005    0.9764    0.0549    2.0309    1.0594
[1] 2500.0000    1.0000    0.9002   -0.0098    1.9592    1.1531
[1] 2600.0000    0.0877    0.9658   -0.0723    2.0142    1.0023
[1] 2700.0000    0.1010    0.8044    0.0544    2.1516    1.0835
[1] 2800.0000    0.0753    0.9204   -0.0667    1.9894    1.0405
[1] 2900.0000    0.0256    0.8994   -0.1754    1.9428    1.0050
[1] 3000.0000    0.0252    0.9297    0.0704    2.1247    1.1984
[1] 3100.0000    0.5228    0.8476    0.0432    2.0552    1.1528
[1] 3200.0000    0.0387    0.9371    0.0515    2.0598    1.1278
[1] 3300.0000    0.0000    0.9877   -0.1045    1.9444    0.9428
[1] 3400.0000    0.0086    0.9079   -0.1506    1.8876    0.8348
[1] 3500.0000    0.7032    0.9338   -0.1419    2.0733    0.8830
[1] 3600.0000    0.1243    0.9027    0.0037    2.0883    1.1569
[1] 3700.0000    0.0010    0.9950    0.0526    2.0275    1.0085
[1] 3800.0000    0.0003    0.8653   -0.1733    1.8636    0.9884
[1] 3900.0000    0.1642    0.9030   -0.2121    1.9100    0.9530
[1] 4000.0000    0.4325    0.9388   -0.0714    1.8815    0.8131
[1] 4100.0000    0.4336    0.9193    0.1085    2.1162    1.0337
[1] 4200.0000    1.0000    0.8436   -0.0516    2.0836    0.9733
[1] 4300.0000    0.0000    0.9986   -0.0982    1.9369    0.9026
[1] 4400.0000    0.2657    0.9571    0.1076    2.1452    0.9932
[1] 4500.0000    1.0000    0.8410    0.0919    2.1194    1.1520
[1] 4600.0000    0.0327    0.8039   -0.0215    1.9583    1.1669
[1] 4700.0000    0.0656    0.9516    0.0252    2.1628    1.1937
[1] 4800.0000    0.0808    0.8985   -0.0819    1.9427    0.9827
[1] 4900.0000    0.4751    0.8201    0.1869    2.1927    1.1747
[1] 5000.0000    1.0000    0.9273   -0.0447    1.9806    1.0348
[1] 5100.0000    1.0000    0.8496   -0.0854    2.0005    0.8317
[1] 5200.0000    0.0094    0.8350    0.0857    2.2639    1.0935
[1] 5300.0000    1.0000    0.8379   -0.0426    1.9860    1.0434
[1] 5400.0000    0.8555    0.8333    0.0680    2.1159    0.9811
[1] 5500.0000    0.0041    0.8506   -0.0736    1.9220    1.1979
[1] 5600.0000    0.1213    0.8407   -0.3020    1.9287    1.1085
[1] 5700.0000    0.1343    0.9403   -0.0817    1.9109    0.9236
[1] 5800.0000    0.8413    0.8520    0.1828    2.1980    1.0482
[1] 5900.0000    0.4329    0.8759   -0.1657    1.9654    1.0113
[1] 6000.0000    0.2981    0.8273    0.0007    1.9913    0.8750
[1] 6100.0000    0.1300    0.9517    0.1803    2.1664    0.9216
[1] 6200.0000    1.0000    0.8336   -0.2083    1.8507    0.9759
[1] 6300.0000    0.0172    0.8959   -0.1328    2.0589    1.1826
[1] 6400.0000    0.6415    0.9022    0.1363    2.0752    0.8332
[1] 6500.0000    1.0000    0.9478   -0.0671    1.9177    1.0656
[1] 6600.0000    0.0092    0.8860   -0.2238    1.9252    1.0301
[1] 6700.0000    0.0000    0.8229   -0.1097    1.8717    1.0410
[1] 6800.0000    0.9808    0.8496   -0.1723    1.9311    0.9728
[1] 6900.0000    0.1195    0.8556   -0.1037    1.9642    1.1638
[1] 7000.0000    0.0020    0.8011   -0.0126    2.0404    1.0228
[1] 7100.0000    1.0000    0.8440    0.0097    2.0594    0.9302
[1] 7200.0000    0.0022    0.9645    0.0160    2.0438    0.9109
[1] 7300.0000    0.0017    0.8821   -0.0416    2.0807    0.9361
[1] 7400.0000    0.0000    0.8164   -0.1323    1.8585    0.8600
[1] 7500.0000    0.1753    0.8682   -0.0051    2.0861    0.9160
[1] 7600.0000    0.4906    0.8898   -0.0838    1.9048    1.1032
[1] 7700.0000    0.0052    0.8552   -0.1906    1.8615    1.0850
[1] 7800.0000    0.0014    0.8139   -0.0962    1.9857    0.8702
[1] 7900.0000    0.7375    0.8037    0.0161    2.1199    1.1632
[1] 8000.0000    0.5478    0.9186   -0.1734    1.8350    1.0026
[1] 8100.0000    0.4632    0.8687    0.0087    2.1320    1.0506
[1] 8200.0000    0.0000    0.9273    0.1675    2.1802    0.9041
[1] 8300.0000    0.0045    0.8896    0.2343    2.2796    1.1748
[1] 8400.0000    1.0000    0.9278    0.0152    2.2043    0.8107
[1] 8500.0000    0.0103    0.8716   -0.1422    1.9475    1.1821
[1] 8600.0000    0.5290    0.9214   -0.0204    2.1064    1.0135
[1] 8700.0000    0.9222    0.8293   -0.0358    1.9536    0.8767
[1] 8800.0000    1.0000    0.9324   -0.0432    1.9868    0.8066
[1] 8900.0000    0.2916    0.9431   -0.1981    1.9980    1.1381
[1] 9000.0000    0.1837    0.9025    0.0066    2.0141    0.9096
[1] 9100.0000    0.3150    0.8628   -0.1703    1.9712    0.9509
[1] 9200.0000    0.5411    0.9069    0.0394    2.1749    1.1995
[1] 9300.0000    0.0079    0.9856   -0.0333    1.9995    1.1370
[1] 9400.0000    0.3440    0.8458    0.0449    1.9777    1.0091
[1] 9500.0000    0.0000    0.9329   -0.1198    2.0269    0.8817
[1] 9600.0000    0.4427    0.8862   -0.0823    1.9805    0.8406
[1] 9700.0000    0.1397    0.8614   -0.0558    1.9845    0.9692
[1] 9800.0000    0.1292    0.8196    0.0208    2.0024    0.9680
[1] 9900.0000    0.0000    0.8466    0.2400    2.2515    0.8248
[1] 10000.0000     1.0000     0.8618    -0.0217     1.9751     0.8032
[1] 10100.0000     1.0000     0.9049    -0.0032     2.0482     1.0751
[1] 10200.0000     0.0870     0.9808    -0.1480     2.0903     0.8342
[1] 10300.0000     0.0153     0.8120     0.1616     2.1027     0.8804
[1] 10400.0000     0.0026     0.8213    -0.0256     2.0704     1.0055
[1] 10500.0000     1.0000     0.8159     0.1797     2.1724     1.1284
[1] 10600.0000     0.6307     0.8330     0.0878     2.2367     0.9483
[1] 10700.0000     0.0000     0.8531     0.1554     2.1356     0.8181
[1] 10800.0000     0.8303     0.8056    -0.0170     2.0907     0.8503
[1] 10900.0000     0.0000     0.8264    -0.0640     2.1040     1.1140
[1] 11000.0000     0.5869     0.8012    -0.0172     2.1357     0.9407
[1] 11100.0000     0.0008     0.8902     0.2044     2.2901     0.9114
[1] 11200.0000     1.0000     0.9412     0.0168     2.1253     0.8257
[1] 11300.0000     0.3243     0.9738    -0.1498     1.8788     1.1215
[1] 11400.0000     0.4626     0.8271    -0.0435     1.9896     1.1322
[1] 11500.0000     0.0000     0.9311    -0.0766     2.0092     0.8792
[1] 11600.0000     1.0000     0.9382    -0.3174     1.7640     0.8033
[1] 11700.0000     0.6934     0.9810    -0.1701     1.9805     0.9386
[1] 11800.0000     0.0032     0.8440    -0.0526     1.8262     0.8198
[1] 11900.0000     0.4006     0.8272     0.0947     2.0617     0.8962
[1] 12000.0000     0.0083     0.8543    -0.0917     1.9886     1.1591
[1] 12100.0000     0.7732     0.9650    -0.0149     2.0956     0.9420
[1] 12200.0000     0.0074     0.8279    -0.0807     1.8683     0.8199
[1] 12300.0000     0.0158     0.9623    -0.0243     1.9150     1.1420
[1] 12400.0000     1.0000     0.8046    -0.1495     1.9007     0.8797
[1] 12500.0000     0.1679     0.9120     0.2030     2.2723     1.1259
[1] 12600.0000     0.1707     0.9564     0.1097     2.0139     1.1675
[1] 12700.0000     0.0001     0.9486     0.1920     2.2214     0.8166
[1] 12800.0000     0.0367     0.9108    -0.0395     2.0175     1.0765
[1] 12900.0000     0.0083     0.8554    -0.3596     1.7972     0.9712
[1] 13000.0000     0.0183     0.8840    -0.0139     1.9813     1.1100
[1] 13100.0000     0.0069     0.9404    -0.0567     1.9910     0.9822
[1] 13200.0000     0.0739     0.9589    -0.1226     1.9471     1.1555
[1] 13300.0000     0.1184     0.8522     0.0746     2.1053     1.0074
[1] 13400.0000     0.0000     0.9485    -0.0040     1.9266     1.0271
[1] 13500.0000     0.0004     0.8240    -0.0345     2.0586     1.0099
[1] 13600.0000     0.0134     0.8917    -0.0381     1.8998     1.0301
[1] 13700.0000     1.0000     0.8314    -0.0163     2.0579     0.8589
[1] 13800.0000     0.0000     0.8418    -0.1022     1.9175     1.1127
[1] 13900.0000     0.6183     0.8125     0.0119     2.0747     1.1546
[1] 14000.0000     1.0000     0.9598    -0.0154     1.9774     0.8043
[1] 14100.0000     0.0000     0.9236     0.0786     2.1977     0.9106
[1] 14200.0000     0.0565     0.9171     0.0223     2.0354     0.8964
[1] 14300.0000     0.0558     0.8359    -0.1522     1.9217     1.0907
[1] 14400.0000     0.5872     0.8570    -0.0073     2.0662     0.9360
[1] 14500.0000     0.0493     0.8302    -0.1116     2.0370     1.1813
[1] 14600.0000     0.0000     0.8329    -0.1327     2.0030     0.9630
[1] 14700.0000     1.0000     0.8840    -0.0091     1.9974     1.0394
[1] 14800.0000     0.0000     0.8106    -0.2262     1.9254     1.0978
[1] 14900.0000     0.4327     0.8873     0.0557     2.1213     1.1324
[1] 15000.0000     0.0000     0.9486    -0.0650     1.9698     0.9418
[1] 15100.0000     0.0461     0.9112    -0.1452     1.9299     1.0503
[1] 15200.0000     0.2802     0.9896     0.1544     2.1507     1.1186
[1] 15300.0000     0.0998     0.8296     0.1519     2.2565     1.1944
[1] 15400.0000     0.4267     0.8005     0.0328     2.1404     0.8812
[1] 15500.0000     0.5937     0.9013     0.0790     2.0303     1.0728
[1] 15600.0000     0.7377     0.9912    -0.0416     2.0288     1.0551
[1] 15700.0000     0.0000     0.9705     0.2192     2.1957     0.8969
[1] 15800.0000     0.3541     0.9774    -0.1235     1.8375     1.1822
[1] 15900.0000     0.0000     0.9524    -0.0181     2.1099     1.0855
[1] 16000.0000     0.2574     0.9761    -0.1367     2.0108     1.0600
[1] 16100.0000     1.0000     0.9477    -0.1311     1.9340     0.9420
[1] 16200.0000     1.0000     0.8455    -0.0932     1.9426     1.0509
[1] 16300.0000     0.1574     0.9320     0.0354     2.1452     1.0407
[1] 16400.0000     0.2966     0.8090     0.0370     2.0879     0.8978
[1] 16500.0000     0.0807     0.9894     0.2042     2.2749     0.9222
[1] 16600.0000     1.0000     0.9292    -0.2162     1.8761     1.0485
[1] 16700.0000     0.0246     0.9287     0.0897     2.2745     0.9633
[1] 16800.0000     0.3367     0.8165    -0.1596     1.8457     1.0376
[1] 16900.0000     0.0519     0.9014    -0.1542     1.9432     0.8459
[1] 17000.0000     0.3156     0.9815     0.1739     2.1671     0.9010
[1] 17100.0000     0.0161     0.9262     0.2558     2.2364     0.9696
[1] 17200.0000     0.3466     0.9497    -0.2473     1.8193     0.8252
[1] 17300.0000     0.2610     0.8396    -0.2688     1.8977     1.0131
[1] 17400.0000     0.8221     0.9623     0.0406     2.2325     1.1696
[1] 17500.0000     1.0000     0.9645    -0.1090     1.9130     0.9956
[1] 17600.0000     0.0292     0.9193     0.0433     2.0432     0.8193
[1] 17700.0000     0.0402     0.8922    -0.0950     1.9388     1.0234
[1] 17800.0000     1.0000     0.9968    -0.0069     2.0371     0.8268
[1] 17900.0000     0.0715     0.8644     0.0635     2.0764     1.0507
[1] 18000.0000     0.9140     0.9109     0.1705     2.2335     0.8712
[1] 1.810e+04 9.100e-03 9.137e-01 9.400e-02 2.204e+00 9.014e-01
[1] 18200.0000     1.0000     0.8073     0.1497     2.1833     0.9256
[1] 18300.0000     0.0125     0.9793     0.0307     2.1411     0.9118
[1] 18400.0000     0.0012     0.9243    -0.2840     1.9259     1.1066
[1] 18500.0000     0.0123     0.8611    -0.1169     2.0766     0.9812
[1] 18600.0000     0.0077     0.8932    -0.0431     2.1346     0.8460
[1] 18700.0000     0.0601     0.8557     0.0335     2.1134     0.9105
[1] 18800.0000     0.0081     0.9415    -0.0818     2.0585     0.8205
[1] 18900.0000     0.0001     0.8297     0.0145     2.0978     0.8354
[1] 19000.0000     1.0000     0.8087     0.1069     2.1905     1.1060
[1] 19100.0000     0.4247     0.9272    -0.0774     2.0916     0.8583
[1] 19200.0000     1.0000     0.8319    -0.0684     1.9235     1.0132
[1] 19300.0000     0.1870     0.8940     0.1224     2.0828     1.1248
[1] 19400.0000     0.0717     0.8040    -0.0714     1.9603     1.1551
[1] 19500.0000     0.0001     0.9633     0.3351     2.2693     1.1823
[1] 19600.0000     0.1933     0.8529    -0.0349     2.0345     0.8752
[1] 19700.0000     0.0162     0.8143     0.1717     2.1824     0.8081
[1] 19800.0000     0.1200     0.8317     0.1879     2.2433     1.0742
[1] 19900.0000     0.5959     0.9981     0.2360     2.3151     1.0280
[1] 20000.0000     0.2984     0.8545    -0.1809     1.9252     0.8923
[1] 20100.0000     0.0000     0.8622     0.0361     2.0861     0.8640
[1] 2.020e+04 2.467e-01 9.282e-01 1.221e-01 2.139e+00 9.678e-01
[1] 20300.0000     0.0102     0.9350    -0.1958     1.9270     0.8887
[1] 20400.0000     1.0000     0.8446    -0.0535     1.9596     1.0333
[1] 20500.0000     0.0147     0.9905    -0.0208     2.0640     1.0353
[1] 20600.0000     0.1652     0.9219    -0.0314     2.0634     1.0848
[1] 20700.0000     0.7831     0.8107     0.2298     2.2083     1.0874
[1] 20800.0000     1.0000     0.9981    -0.0794     2.0470     1.0246
[1] 20900.0000     0.0000     0.8285    -0.0510     2.0238     0.8493
[1] 21000.0000     0.2788     0.8708    -0.0965     2.0081     1.1617
[1] 21100.0000     0.1293     0.9291    -0.0170     2.0293     1.1428
[1] 21200.0000     0.3247     0.8263     0.0349     2.0825     1.1324
[1] 21300.0000     0.0005     0.8214     0.1149     2.0376     1.0391
[1] 21400.0000     1.0000     0.8276     0.0033     2.0701     0.8233
[1] 21500.0000     0.0111     0.8906     0.1122     2.1772     0.8206
[1] 21600.0000     0.5489     0.8069    -0.0323     1.9971     0.8555
[1] 21700.0000     0.0165     0.9973    -0.0971     1.8759     0.9605
[1] 21800.0000     0.4892     0.8778     0.1832     2.3363     1.0685
[1] 21900.0000     0.8293     0.9598     0.0304     2.1301     0.8497
[1] 2.200e+04 1.700e-01 8.850e-01 9.320e-02 2.062e+00 9.555e-01
[1] 2.210e+04 3.030e-02 8.953e-01 1.444e-01 2.261e+00 9.321e-01
[1] 22200.0000     0.4153     0.8579    -0.1545     1.9856     0.8534
[1] 22300.0000     0.0840     0.9726    -0.1781     2.0350     0.8521
[1] 22400.0000     0.7505     0.8145    -0.0611     2.0831     0.8604
[1] 22500.0000     0.0161     0.8239    -0.0497     2.0974     1.1368
[1] 22600.0000     0.0000     0.8433     0.0008     2.1992     1.1055
[1] 22700.0000     0.0208     0.8271     0.0089     2.0084     1.1968
[1] 22800.0000     0.2126     0.8972    -0.0533     1.8965     1.0231
[1] 22900.0000     0.1363     0.8804    -0.1079     1.9817     0.9211
[1] 23000.0000     0.0003     0.8188    -0.0680     1.9856     1.0070
[1] 23100.0000     0.2970     0.8119     0.1820     2.1602     1.0551
[1] 23200.0000     0.0980     0.9586     0.1889     2.2492     1.0581
[1] 2.330e+04 0.000e+00 9.727e-01 9.970e-02 2.099e+00 9.482e-01
[1] 23400.0000     0.3199     0.8888     0.0229     1.9598     1.0444
[1] 23500.0000     1.0000     0.9916     0.0401     2.0570     1.1297
[1] 23600.0000     1.0000     0.8573     0.0001     2.1213     0.9429
[1] 23700.0000     0.1031     0.8580    -0.1685     1.8835     0.8494
[1] 23800.0000     0.5554     0.9299    -0.1193     1.8692     1.0580
[1] 23900.0000     1.0000     0.8722     0.0828     2.0809     0.8735
[1] 24000.0000     0.0616     0.9851     0.0231     2.0904     1.0873
[1] 24100.0000     1.0000     0.9214    -0.0884     2.0658     0.8541
[1] 24200.0000     0.0182     0.9331    -0.1584     2.0474     1.1419
[1] 24300.0000     0.6109     0.8950     0.0715     2.0708     0.9587
[1] 24400.0000     1.0000     0.9947    -0.0130     2.0038     0.9697
[1] 24500.0000     0.0259     0.8969     0.0384     2.0923     1.0480
[1] 24600.0000     0.0005     0.9237    -0.0347     2.0161     1.0127
[1] 24700.0000     1.0000     0.9195    -0.2473     1.7710     0.8781
[1] 24800.0000     0.0004     0.8460     0.0241     2.0883     0.9489
[1] 24900.0000     1.0000     0.8569    -0.1148     1.9575     1.1414
[1] 25000.0000     1.0000     0.8801     0.0801     2.0985     0.8235
[1] 25100.0000     0.3403     0.8549     0.0832     2.1297     0.9439
[1] 25200.0000     0.0761     0.8495     0.0197     2.1691     1.1739
[1] 25300.0000     0.0053     0.9779    -0.0099     2.0606     0.8977
[1] 25400.0000     0.2488     0.9621    -0.1602     1.9425     0.9516
[1] 25500.0000     0.9435     0.8159    -0.0515     1.9427     1.0385
[1] 25600.0000     0.0297     0.9926     0.2300     2.2336     0.9855
[1] 25700.0000     0.1746     0.8976    -0.2457     1.8641     0.9408
[1] 25800.0000     0.0245     0.9689    -0.0616     2.0547     1.1962
[1] 25900.0000     0.0004     0.8683     0.1096     2.0489     0.8098
[1] 26000.0000     0.5477     0.9492    -0.0634     1.9161     1.0058
[1] 26100.0000     0.0435     0.8951     0.0457     2.1668     0.8249
[1] 26200.0000     0.9938     0.8601     0.0454     2.1658     0.9041
[1] 26300.0000     0.7189     0.8623    -0.2390     1.9050     1.0835
[1] 26400.0000     0.0809     0.8855     0.2571     2.1869     1.0131
[1] 26500.0000     0.1725     0.8034    -0.2216     1.8846     1.1338
[1] 26600.0000     0.3163     0.8720    -0.1818     1.8404     0.9170
[1] 26700.0000     0.0995     0.9721    -0.0508     2.0189     0.8075
[1] 26800.0000     0.1894     0.8173     0.0122     2.1003     0.9752
[1] 26900.0000     0.0024     0.9241     0.1374     2.2054     1.0646
[1] 27000.0000     1.0000     0.8977     0.1155     2.1892     0.8661
[1] 27100.0000     0.0004     0.8095    -0.0341     2.0126     1.0497
[1] 27200.0000     0.0212     0.8628    -0.1069     1.9956     1.0265
[1] 27300.0000     0.0022     0.9608    -0.1455     1.9182     0.8492
[1] 27400.0000     0.1370     0.8725    -0.1681     1.8764     1.1899
[1] 27500.0000     1.0000     0.8366    -0.0172     2.0384     1.0805
[1] 27600.0000     0.0031     0.8069     0.0981     2.1285     0.9996
[1] 27700.0000     0.0300     0.8620     0.2823     2.3761     1.0941
[1] 27800.0000     0.0000     0.8358     0.0934     2.1752     1.1051
[1] 27900.0000     0.7113     0.8904     0.1108     2.1061     0.9276
[1] 28000.0000     0.0014     0.9003    -0.1716     1.9240     0.9918
[1] 28100.0000     0.0000     0.9262    -0.1450     1.9497     1.0710
[1] 28200.0000     0.6151     0.9920     0.1714     2.1560     1.1206
[1] 28300.0000     0.0089     0.8510    -0.1507     1.9040     0.8048
[1] 2.840e+04 1.000e+00 9.594e-01 9.600e-03 2.042e+00 8.105e-01
[1] 28500.0000     1.0000     0.8206     0.0401     2.1335     1.0447
[1] 28600.0000     0.0015     0.9775    -0.0573     2.0190     0.9079
[1] 28700.0000     0.3016     0.8497     0.0695     2.0703     1.1155
[1] 28800.0000     0.1268     0.9637     0.1605     2.2596     0.8491
[1] 28900.0000     0.7705     0.8662    -0.1335     1.9241     0.8550
[1] 29000.0000     0.4821     0.8251    -0.0734     1.9944     0.9007
[1] 29100.0000     0.0019     0.9156     0.1512     2.2415     0.8172
[1] 29200.0000     0.0030     0.8505    -0.2712     1.8551     0.9156
[1] 29300.0000     0.0714     0.9373    -0.1802     1.8132     0.8252
[1] 29400.0000     0.0582     0.9512     0.0545     2.0141     1.1262
[1] 29500.0000     1.0000     0.8146     0.0525     2.1703     0.8093
[1] 29600.0000     0.0558     0.8135     0.0620     2.0814     0.8030
[1] 29700.0000     0.0378     0.9571    -0.0680     1.9482     0.9736
[1] 29800.0000     1.0000     0.8701    -0.0816     2.0214     0.8024
[1] 29900.0000     0.7419     0.9798    -0.0278     1.9853     1.0014
[1] 30000.0000     0.0250     0.8020     0.0708     2.0448     0.9764
[1] 0.3671453
Time difference of 4.460903 hours
null device 
          1 
