[1] "El numero de nodos X particion es: 10"
[1] "Model = M2 / Data = sim_data/datasetSVIExponential6.Rdata"
[1] 100.0000   0.3321   0.9429   0.1148   1.8687   1.1970
[1] 200.0000   0.0058   0.9592  -0.0439   1.9615   1.1736
[1] 300.0000   0.4750   0.8776  -0.2372   2.2671   1.0665
[1] 400.0000   0.0074   0.9217  -0.4610   2.4303   0.9692
[1] 500.0000   0.0000   0.8350   0.4849   1.4910   0.9084
[1] 600.0000   0.1244   0.9748   0.5828   1.2602   1.0386
[1] 700.0000   0.0098   0.9506   1.1514   0.7377   1.0413
[1] 800.0000   0.0000   0.9999   0.9750   1.0127   1.0968
[1] 900.0000   0.0000   0.9606   0.5831   1.3694   1.0158
[1] 1000.0000    0.0000    0.8209    0.1184    1.8413    0.9374
[1] 1100.0000    0.0000    0.9319    1.0572    0.8996    0.8930
[1] 1200.0000    0.4269    0.8603    0.7421    1.3152    0.9164
[1] 1300.0000    0.0000    0.9498   -0.6615    2.5369    1.1653
[1] 1400.0000    0.0000    0.8099   -0.7248    2.6536    1.1384
[1] 1500.0000    0.0000    0.9584    0.1036    1.8903    1.0940
[1] 1600.0000    0.0000    0.9658   -0.5593    2.5074    1.0950
[1] 1700.0000    0.0000    0.9419   -0.2709    2.3286    1.0966
[1] 1800.0000    0.0000    0.9376    0.3238    1.6874    0.8302
[1] 1900.0000    0.0000    0.9875   -0.8849    2.8646    0.8532
[1] 2000.0000    0.0121    0.8821   -0.3703    2.1674    0.8614
[1] 2100.0000    0.0000    0.8246   -0.8351    2.7051    1.1071
[1] 2200.0000    0.0000    0.8668    0.4231    1.6487    1.0989
[1] 2300.0000    0.0000    0.9142    1.0234    0.8976    0.8527
[1] 2400.0000    0.0000    0.9355    0.2822    1.6115    1.1578
[1] 2500.0000    0.0048    0.8909    0.4928    1.4072    1.1217
[1] 2600.0000    0.0000    0.9100   -0.1566    2.1483    1.1442
[1] 2700.0000    0.0000    0.8492   -0.8078    2.8087    0.9140
[1] 2800.0000    0.0173    0.9382    0.3174    1.7085    1.1558
[1] 2900.0000    0.0000    0.9057   -0.8655    2.8285    0.9581
[1] 3000.0000    0.0000    0.8454   -0.2760    2.2463    0.9669
[1] 3100.0000    0.0000    0.9787    0.5881    1.3983    0.9283
[1] 3200.0000    0.0000    0.9190   -0.3620    2.3098    0.9575
[1] 3300.0000    0.0000    0.9312    0.1033    1.8606    0.9302
[1] 3400.0000    0.4281    0.8983    1.0864    0.8928    1.1525
[1] 3500.0000    0.0000    0.8786    0.0418    1.9296    0.8547
[1] 3600.0000    0.0000    0.9625    0.0380    1.9532    0.8525
[1] 3700.0000    0.5870    0.9624    0.6806    1.2312    0.8094
[1] 3800.0000    0.0000    0.9791    1.5399    0.3814    1.0179
[1] 3900.0000    0.0000    0.8319   -0.2662    2.3193    0.8180
[1] 4000.0000    0.0000    0.9448   -0.5676    2.5243    1.0791
[1] 4100.0000    0.0000    0.8388   -1.0404    3.0719    0.8864
[1] 4200.0000    0.0000    0.9756   -1.1400    3.0204    0.9752
[1] 4300.0000    0.0275    0.8028   -1.1711    3.1554    0.9927
[1] 4400.0000    0.0000    0.8970    1.1136    0.8522    0.8215
[1] 4500.0000    0.1084    0.8404   -0.0536    2.0527    1.1577
[1] 4600.0000    0.0000    0.9581    0.3666    1.7202    0.8180
[1] 4700.0000    0.0000    0.9806   -0.4625    2.4871    1.0866
[1] 4800.0000    0.0000    0.8444   -0.3754    2.3363    1.1184
[1] 4900.0000    0.0000    0.9924   -0.7238    2.7591    1.1836
[1] 5000.0000    0.0000    0.9762   -0.9096    2.7767    0.8665
[1] 5100.0000    0.0000    0.9679   -1.2883    3.1685    1.1951
[1] 5200.0000    0.0000    0.8051   -0.2900    2.2543    0.8965
[1] 5300.0000    0.0000    0.8845    0.4026    1.5549    1.0022
[1] 5400.0000    0.0000    0.8536    0.7973    1.1492    0.9337
[1] 5500.0000    0.0000    0.8506    0.2211    1.7748    1.1979
[1] 5600.0000    0.0000    0.9929   -0.3054    2.1484    1.1085
[1] 5700.0000    0.0000    0.9445    0.6364    1.3727    1.0237
[1] 5800.0000    0.0000    0.9611   -0.4843    2.4602    1.1298
[1] 5900.0000    0.0000    0.9311   -0.6401    2.5923    0.8983
[1] 6000.0000    0.0000    0.8887    0.2165    1.6689    0.8335
[1] 6100.0000    0.0000    0.9284   -0.1545    2.1563    0.9188
[1] 6200.0000    0.0000    0.8162    0.3493    1.5833    1.0302
[1] 6300.0000    0.0000    0.9569    0.5232    1.3757    0.8080
[1] 6400.0000    0.0000    0.9924   -0.2728    2.1527    1.0322
[1] 6500.0000    0.0017    0.9084    0.9342    1.1108    1.0918
[1] 6600.0000    0.0000    0.8401   -0.4176    2.2792    1.0889
[1] 6700.0000    0.0000    0.8204   -1.3064    3.2189    0.9264
[1] 6800.0000    0.1248    0.8642    0.6869    1.3030    1.0905
[1] 6900.0000    0.0000    0.8857   -0.3931    2.4246    0.9847
[1] 7000.0000    0.0000    0.8521    0.2378    1.7534    1.0680
[1] 7100.0000    0.0000    0.9857    0.6122    1.3507    1.0571
[1] 7200.0000    0.0000    0.9439    0.2116    1.7912    1.1769
[1] 7300.0000    0.0000    0.9725    0.3570    1.5952    0.8784
[1] 7400.0000    0.0000    0.8045   -0.5136    2.4159    0.8734
[1] 7500.0000    0.0000    0.8918   -1.6672    3.5672    1.0101
[1] 7600.0000    0.0000    0.9493   -1.0348    2.9337    0.9281
[1] 7700.0000    0.0000    0.9030   -1.9083    3.8864    1.1500
[1] 7800.0000    0.0000    0.8367    0.5252    1.4150    0.9006
[1] 7900.0000    0.0000    0.9168   -0.1033    1.9756    1.1281
[1] 8000.0000    0.0000    0.9309    0.0819    1.8435    1.0835
[1] 8100.0000    0.0000    0.8250    0.3649    1.5765    1.1136
[1] 8200.0000    0.0000    0.9207   -0.4786    2.4517    1.1282
[1] 8300.0000    0.0000    0.8222   -0.5007    2.4799    0.8438
[1] 8400.0000    0.0000    0.9658    0.3523    1.5611    0.9286
[1] 8500.0000    0.0000    0.8325    0.2245    1.8437    1.0750
[1] 8600.0000    0.0079    0.9045   -0.2558    2.3135    1.0515
[1] 8700.0000    0.0000    0.8940   -1.1133    3.0630    1.0236
[1] 8800.0000    0.0000    0.8601    0.2389    1.6455    0.8170
[1] 8900.0000    0.0000    0.8674    0.3222    1.6598    1.0474
[1] 9000.0000    0.0000    0.8301    1.3421    0.5817    1.1387
[1] 9100.0000    0.0000    0.8755    0.0623    1.8990    0.8812
[1] 9200.0000    0.0000    0.8129   -0.5408    2.5229    1.1264
[1] 9300.0000    0.0000    0.9270   -0.5465    2.5318    1.1117
[1] 9400.0000    0.0000    0.8413    0.6603    1.2331    1.0761
[1] 9500.0000    0.0000    0.9934   -0.1150    2.1304    1.0697
[1] 9600.0000    0.0000    0.9003    0.1669    1.8807    1.1168
[1] 9700.0000    0.0000    0.8918    0.7494    1.1577    0.8845
[1] 9800.0000    0.0000    0.8646   -0.2700    2.1656    0.8456
[1] 9900.0000    0.0000    0.9876    1.0333    0.9478    0.9739
[1] 10000.0000     0.2823     0.9984    -0.2493     2.1985     0.9987
[1] 10100.0000     1.0000     0.9049     0.4311     1.6324     1.0751
[1] 10200.0000     0.0000     0.8458     0.8960     1.0344     1.1044
[1] 10300.0000     0.1992     0.9549     1.3996     0.5756     0.8021
[1] 10400.0000     0.0000     0.9109    -0.1817     2.0760     0.9653
[1] 10500.0000     0.0000     0.9828     0.1938     1.7171     0.8036
[1] 10600.0000     0.0000     0.9864     0.0416     1.8826     0.9817
[1] 10700.0000     0.0000     0.8398     0.3330     1.6411     1.0590
[1] 10800.0000     1.0000     0.8056    -0.1371     2.1722     0.8503
[1] 10900.0000     0.0000     0.9660     0.5319     1.4829     1.1970
[1] 11000.0000     0.0014     0.8555     0.8307     1.2246     1.1761
[1] 11100.0000     0.0000     0.9587    -0.1609     2.0884     0.9308
[1] 11200.0000     0.0883     0.9398    -0.5363     2.4647     0.9513
[1] 11300.0000     0.0000     0.8936    -0.5357     2.4847     1.0961
[1] 11400.0000     0.0006     0.9548     0.0274     2.0187     1.0047
[1] 11500.0000     0.0000     0.8034    -0.5994     2.5485     0.8501
[1] 11600.0000     0.0000     0.9104    -0.3825     2.3761     0.8269
[1] 11700.0000     0.0000     0.8224     0.2200     1.7622     0.8539
[1] 11800.0000     0.0000     0.8027     0.1084     1.9291     0.8530
[1] 11900.0000     0.0000     0.9123    -0.7627     2.7161     1.0901
[1] 12000.0000     0.0000     0.8014    -0.1320     2.0855     1.0595
[1] 12100.0000     0.0000     0.8005    -1.3961     3.3355     0.8375
[1] 12200.0000     0.4439     0.8496     0.4667     1.5578     0.8460
[1] 12300.0000     0.0000     0.8010    -0.2477     2.2470     0.8810
[1] 12400.0000     0.6148     0.8046     0.8515     1.1488     0.8797
[1] 12500.0000     0.0000     0.9939     1.3182     0.7221     0.9707
[1] 12600.0000     0.0000     0.8126     0.7044     1.3371     1.1805
[1] 12700.0000     0.0000     0.8779    -0.9384     2.8291     0.8170
[1] 12800.0000     0.0000     0.8257    -0.5594     2.5833     0.8904
[1] 12900.0000     0.0144     0.9204     0.1655     1.8358     0.8219
[1] 13000.0000     0.0000     0.8069     0.1461     1.8270     1.0997
[1] 13100.0000     0.0000     0.9404     1.5749     0.4386     0.9822
[1] 13200.0000     0.0000     0.8843    -0.8517     2.8729     0.9997
[1] 13300.0000     0.0000     0.9271    -0.4329     2.3253     0.8364
[1] 13400.0000     0.0000     0.8092    -0.7254     2.6926     1.1676
[1] 13500.0000     0.0000     0.8466    -0.9592     2.9602     0.8143
[1] 13600.0000     0.0000     0.8917     0.5288     1.4569     1.0301
[1] 13700.0000     0.0000     0.8951    -0.0895     2.0044     1.0363
[1] 13800.0000     0.0000     0.8787    -0.8914     2.8478     1.0611
[1] 13900.0000     0.0000     0.8573    -0.0680     2.0144     0.8372
[1] 14000.0000     0.0000     0.9588     0.2001     1.6886     0.9662
[1] 14100.0000     0.0000     0.8411     0.4623     1.3939     1.1804
[1] 1.420e+04 0.000e+00 8.479e-01 1.316e-01 1.757e+00 8.739e-01
[1] 14300.0000     0.0000     0.9227    -1.3191     3.2418     1.0001
[1] 14400.0000     0.0042     0.8623    -0.1510     2.0825     0.8985
[1] 14500.0000     0.9260     0.9833     0.7697     1.1828     1.1771
[1] 14600.0000     0.0000     0.8570     0.2798     1.6040     1.1138
[1] 14700.0000     0.0000     0.8974     0.0335     1.8438     1.0871
[1] 1.480e+04 0.000e+00 9.988e-01 9.743e-01 9.441e-01 9.067e-01
[1] 14900.0000     0.0045     0.9582     0.1768     1.8062     1.0321
[1] 15000.0000     0.0000     0.9447    -0.2300     2.1194     0.8911
[1] 15100.0000     1.0000     0.8292     0.0868     1.8777     0.9249
[1] 15200.0000     0.0000     0.8242     0.7351     1.1916     1.0800
[1] 15300.0000     0.2574     0.9517     0.6317     1.3765     1.1636
[1] 15400.0000     0.0033     0.8397    -0.5920     2.5925     1.1015
[1] 15500.0000     0.0000     0.9734    -1.1315     3.1675     1.1714
[1] 15600.0000     0.0000     0.8520    -0.2075     2.1924     1.1912
[1] 15700.0000     0.0000     0.8475    -0.6065     2.5199     0.9690
[1] 15800.0000     0.0000     0.9108    -0.4775     2.4157     0.9068
[1] 15900.0000     0.0000     0.8876    -0.3897     2.3074     0.9067
[1] 16000.0000     0.0000     0.8124    -0.9247     2.8624     1.1160
[1] 16100.0000     0.0000     0.9566     0.2248     1.8063     1.0234
[1] 16200.0000     0.0000     0.9466    -0.0404     1.9199     0.9477
[1] 16300.0000     0.0000     0.9327    -0.0508     2.0439     0.9714
[1] 16400.0000     0.0000     0.9401    -0.3877     2.3127     0.9237
[1] 16500.0000     0.3100     0.9646     0.1140     1.8119     1.1820
[1] 16600.0000     0.0000     0.8294    -0.7694     2.7884     0.8835
[1] 16700.0000     0.0000     0.9287     0.2229     1.6202     0.9633
[1] 16800.0000     0.0000     0.8621    -0.0190     1.9408     1.1596
[1] 16900.0000     0.0000     0.8583     0.6010     1.3446     0.9158
[1] 17000.0000     0.0000     0.9790     0.0437     1.9137     0.8822
[1] 17100.0000     0.0000     0.9305     1.3355     0.7379     0.9283
[1] 17200.0000     0.0000     0.9497     1.0332     0.8837     0.8252
[1] 17300.0000     1.0000     0.8396     1.2988     0.6706     1.0131
[1] 17400.0000     0.0000     0.8593     0.5204     1.4293     1.1450
[1] 17500.0000     0.0000     0.9677    -0.2578     2.2476     1.1479
[1] 17600.0000     0.0000     0.8280     0.3274     1.5935     1.1486
[1] 17700.0000     0.0000     0.8794     0.8332     1.1116     0.9707
[1] 17800.0000     0.0000     0.8771    -0.7361     2.7694     0.9481
[1] 17900.0000     0.0000     0.9083    -0.4501     2.4494     0.9495
[1] 18000.0000     1.0000     0.9109     0.0006     1.9918     0.8712
[1] 18100.0000     0.0000     0.8802    -0.1615     2.1679     0.9893
[1] 18200.0000     0.0001     0.9199     0.7761     1.1630     1.1845
[1] 1.830e+04 0.000e+00 9.012e-01 4.026e-01 1.594e+00 1.071e+00
[1] 18400.0000     0.0000     0.9529     0.5335     1.4575     0.8173
[1] 18500.0000     0.0000     0.8071    -0.0745     1.9544     0.9055
[1] 18600.0000     0.0000     0.8420     1.2307     0.7857     0.8224
[1] 18700.0000     0.0000     0.8080     0.1315     1.8628     0.9308
[1] 18800.0000     0.0000     0.8537     0.6773     1.3522     0.9005
[1] 18900.0000     0.0000     0.9024    -0.7532     2.6705     1.0613
[1] 19000.0000     0.0000     0.8366    -1.2678     3.2003     0.8015
[1] 19100.0000     0.0000     0.8878    -0.3893     2.2296     1.0323
[1] 19200.0000     0.0000     0.8001     0.1387     1.8079     0.9641
[1] 19300.0000     0.0000     0.8411    -0.0951     2.0365     0.9272
[1] 19400.0000     0.0000     0.8040    -0.4466     2.5221     1.1551
[1] 19500.0000     0.0000     0.8527     0.1894     1.7991     1.1208
[1] 19600.0000     1.0000     0.9648    -1.2545     3.2650     1.1447
[1] 19700.0000     0.0000     0.8982    -0.2750     2.1612     1.1826
[1] 19800.0000     0.0000     0.9911     1.3349     0.6534     0.9546
[1] 19900.0000     0.0000     0.9981     0.3660     1.6548     1.0280
[1] 20000.0000     0.0000     0.8609    -0.6233     2.5670     1.1764
[1] 20100.0000     0.0000     0.9080     0.1214     1.8821     1.0402
[1] 20200.0000     1.0000     0.9840     0.2257     1.7722     1.1380
[1] 20300.0000     0.0000     0.9921     0.3234     1.6749     1.1096
[1] 20400.0000     0.0032     0.9072     0.5159     1.4344     0.9991
[1] 20500.0000     0.0000     0.8964    -0.6037     2.5436     1.1285
[1] 20600.0000     1.0000     0.9169     0.0809     1.9111     1.1057
[1] 20700.0000     0.9212     0.8107    -0.0542     2.0386     1.0874
[1] 20800.0000     0.0000     0.9606    -0.9390     2.8417     1.0886
[1] 20900.0000     0.0000     0.9109     0.3517     1.6497     0.9980
[1] 21000.0000     0.0000     0.8369     0.7106     1.2501     1.0355
[1] 21100.0000     0.0000     0.8005     0.0199     2.0213     0.9291
[1] 21200.0000     0.0727     0.8263     0.0662     1.9188     1.1324
[1] 21300.0000     0.0000     0.9596    -0.7703     2.6737     1.0815
[1] 21400.0000     0.0002     0.9719    -0.1403     2.1091     0.9071
[1] 21500.0000     0.0000     0.9375     0.0368     1.8417     1.0777
[1] 21600.0000     0.0000     0.8010    -0.3038     2.2514     1.1966
[1] 21700.0000     0.0000     0.8258    -0.7618     2.7336     1.1265
[1] 21800.0000     0.0000     0.8709    -0.2515     2.2499     1.0601
[1] 21900.0000     0.0000     0.9084    -0.6010     2.4989     1.1067
[1] 22000.0000     0.0000     0.8850     0.9101     1.0442     0.9555
[1] 22100.0000     0.0000     0.9825    -0.3043     2.2643     1.1195
[1] 22200.0000     0.0000     0.8403    -0.7741     2.7148     1.1277
[1] 22300.0000     0.0001     0.8584     0.0948     1.8751     0.9367
[1] 22400.0000     0.0000     0.9494     0.1959     1.7514     0.9207
[1] 22500.0000     0.0033     0.9610     0.7659     1.2217     0.9963
[1] 22600.0000     0.0000     0.8858     1.4025     0.6897     0.9064
[1] 22700.0000     0.0000     0.8271     0.6485     1.2354     1.1968
[1] 22800.0000     0.0000     0.9028    -0.4108     2.4465     1.1243
[1] 22900.0000     0.0000     0.9768     0.4742     1.4137     0.8117
[1] 23000.0000     0.0000     0.9652     0.4803     1.5017     1.0264
[1] 23100.0000     0.0000     0.9231    -0.1768     2.0759     0.8179
[1] 23200.0000     0.0000     0.8288    -0.6397     2.6310     0.8616
[1] 23300.0000     0.5786     0.9627     0.6641     1.2536     0.8504
[1] 23400.0000     0.0000     0.8015    -0.2980     2.2843     0.8904
[1] 23500.0000     0.0000     0.9561     0.2781     1.6944     1.0572
[1] 23600.0000     0.0000     0.8360     0.9082     1.0346     0.8406
[1] 23700.0000     0.0000     0.8580     0.1264     1.8361     0.8494
[1] 23800.0000     0.0000     0.9509     0.2624     1.6363     0.9516
[1] 23900.0000     0.0000     0.8157    -0.1358     2.1274     0.8034
[1] 24000.0000     0.0000     0.9784    -0.6641     2.5545     0.8375
[1] 24100.0000     0.0000     0.8289    -1.6357     3.6227     0.9877
[1] 24200.0000     0.0000     0.8463    -0.0167     1.9566     1.0120
[1] 24300.0000     0.0000     0.8805    -1.1046     3.0479     1.0014
[1] 24400.0000     0.0098     0.9020     0.6251     1.4645     1.0534
[1] 24500.0000     0.0000     0.9064     0.6663     1.2443     0.8345
[1] 24600.0000     0.0000     0.9062     0.7127     1.2522     0.8877
[1] 24700.0000     0.0000     0.9025    -0.1598     2.1048     0.8040
[1] 24800.0000     0.0000     0.8109     0.7777     1.2285     1.1899
[1] 24900.0000     0.0000     0.9495    -0.6502     2.5349     0.8626
[1] 25000.0000     0.0000     0.9628    -0.0364     1.9876     0.9362
[1] 25100.0000     0.0000     0.9605     0.3865     1.5197     1.0743
[1] 25200.0000     0.0000     0.8822     0.2240     1.7248     1.1540
[1] 25300.0000     0.8814     0.8151     0.0694     1.8239     1.0748
[1] 25400.0000     1.0000     0.8988    -0.1032     2.0525     1.0888
[1] 25500.0000     0.0000     0.8147     0.6265     1.3150     1.1844
[1] 25600.0000     0.0000     0.8978     0.1163     1.8404     1.1142
[1] 25700.0000     0.0000     0.8060     0.6022     1.4063     0.8422
[1] 25800.0000     0.0000     0.8043    -0.5917     2.4334     0.8730
[1] 25900.0000     1.0000     0.8632    -0.2606     2.2516     1.1254
[1] 26000.0000     1.0000     0.9492    -0.7850     2.8026     1.0058
[1] 26100.0000     0.0000     0.9196    -0.5177     2.3171     1.1722
[1] 26200.0000     0.0000     0.9529    -0.9544     2.7892     1.0017
[1] 26300.0000     0.0000     0.8530    -0.4370     2.3727     1.0678
[1] 26400.0000     0.0000     0.8767     0.1390     1.7133     0.8041
[1] 26500.0000     0.0260     0.8885    -0.4980     2.4603     1.0349
[1] 26600.0000     0.0000     0.9293    -0.5089     2.5864     0.8497
[1] 26700.0000     0.0000     0.8184     0.3443     1.6227     0.9177
[1] 26800.0000     0.0000     0.8448    -1.3532     3.2647     0.8652
[1] 26900.0000     0.0000     0.9184    -0.3743     2.2673     1.1619
[1] 27000.0000     0.0000     0.8794    -0.0311     1.9694     0.8948
[1] 27100.0000     1.0000     0.9280    -0.3183     2.3028     1.0348
[1] 27200.0000     0.0000     0.8628    -0.6493     2.6434     1.0265
[1] 27300.0000     0.0000     0.8270    -0.6231     2.5814     1.1347
[1] 27400.0000     0.0000     0.9843     0.3125     1.6616     1.1629
[1] 27500.0000     0.0000     0.8677     0.5947     1.3756     0.9516
[1] 27600.0000     0.0000     0.8732     1.6238     0.3780     0.9172
[1] 27700.0000     0.0000     0.8768     0.4307     1.6111     1.0202
[1] 27800.0000     0.0000     0.8338    -0.2542     2.2395     0.9440
[1] 27900.0000     1.0000     0.8904    -0.4369     2.3655     0.9276
[1] 28000.0000     0.0000     0.9328    -0.3775     2.4100     0.9314
[1] 28100.0000     0.0000     0.9262     0.7416     1.3008     1.0710
[1] 2.820e+04 0.000e+00 9.683e-01 2.169e-01 1.761e+00 8.917e-01
[1] 28300.0000     0.0000     0.9886    -0.6064     2.5431     1.1843
[1] 28400.0000     1.0000     0.9594    -1.2236     3.1974     0.8105
[1] 28500.0000     0.0000     0.8678     0.4239     1.5188     0.8688
[1] 28600.0000     0.0000     0.9775    -0.2849     2.1962     0.9079
[1] 28700.0000     0.0000     0.9675    -0.6078     2.5645     1.1579
[1] 28800.0000     0.0000     0.8104    -0.2468     2.2422     1.1940
[1] 28900.0000     0.0000     0.9137     0.1798     1.9127     0.8478
[1] 29000.0000     0.0000     0.9692    -1.4016     3.2047     0.9910
[1] 29100.0000     0.0000     0.8240    -1.0317     3.0170     1.0266
[1] 29200.0000     0.0224     0.9367     0.6169     1.2851     1.1465
[1] 29300.0000     0.0007     0.9749     1.3223     0.5963     0.9782
[1] 29400.0000     0.0000     0.9394     0.9494     0.9047     1.1754
[1] 29500.0000     0.0000     0.8094     0.2178     1.7496     0.8253
[1] 2.960e+04 0.000e+00 8.335e-01 3.500e-01 1.591e+00 1.194e+00
[1] 29700.0000     0.0000     0.9991    -0.0808     2.0040     0.9357
[1] 29800.0000     0.0000     0.9203    -1.0843     3.0242     0.9519
[1] 29900.0000     1.0000     0.9798    -0.2081     2.1594     1.0014
[1] 30000.0000     0.0000     0.9250     1.1781     0.7736     1.0393
[1] 0.06815727
Time difference of 10.34753 hours
null device 
          1 
