[1] "El numero de nodos X particion es: 10"
[1] "Model = M1 / Data = sim_data/datasetSVIMatern8.Rdata"
[1] 100.0000   0.9111   0.8291   0.0388   1.9455   0.9331
[1] 200.0000   0.4972   0.8487   0.0120   1.9744   0.8384
[1] 300.0000   0.7335   0.8776  -0.0247   2.0196   1.0665
[1] 400.0000   0.1368   0.9217  -0.3319   2.3120   0.9692
[1] 500.0000   0.0000   0.8380   0.0636   1.9461   0.8203
[1] 600.0000   0.2969   0.9748  -0.0098   1.8707   1.0386
[1] 700.0000   0.1808   0.9506  -0.2063   2.1423   1.0413
[1] 800.0000   0.0001   0.8728  -0.1623   2.0652   0.9084
[1] 900.0000   0.0000   0.8673   0.3433   1.5572   0.8963
[1] 1000.0000    0.0000    0.8209   -0.3019    2.2587    0.9374
[1] 1100.0000    0.0000    0.9319    0.9707    0.9471    0.8930
[1] 1200.0000    0.1182    0.8544    1.0639    0.9400    0.9984
[1] 1300.0000    0.0003    0.9498    0.3546    1.5187    1.1653
[1] 1400.0000    0.0000    0.9303   -0.5178    2.3801    1.1894
[1] 1500.0000    0.0000    0.9584    0.5773    1.3893    1.0940
[1] 1600.0000    0.0000    0.8026   -1.0257    2.9495    1.1341
[1] 1700.0000    0.0000    0.8745    0.3802    1.4975    0.9148
[1] 1800.0000    0.0000    0.8314    0.2356    1.6632    0.9945
[1] 1900.0000    0.0000    0.9875   -0.5823    2.5524    0.8532
[1] 2000.0000    0.0000    0.9400    0.0694    1.8956    1.1109
[1] 2100.0000    0.0000    0.8246   -0.4299    2.2699    1.1071
[1] 2200.0000    0.0000    0.8668    0.1296    1.8558    1.0989
[1] 2300.0000    0.0000    0.8951    0.1961    1.7150    0.9529
[1] 2400.0000    0.0000    0.9355   -0.1159    2.0685    1.1578
[1] 2500.0000    0.0185    0.9668    0.1928    1.6724    0.8029
[1] 2600.0000    0.0000    0.8617   -0.3549    2.2286    0.8044
[1] 2700.0000    0.0000    0.8334   -0.9548    2.8970    0.9547
[1] 2800.0000    0.0097    0.9386    0.3202    1.6219    0.8695
[1] 2900.0000    0.0000    0.9057   -0.4697    2.3530    0.9581
[1] 3000.0000    0.0000    0.8454   -0.0981    2.0732    0.9669
[1] 3100.0000    0.0000    0.9787    0.1663    1.8011    0.9283
[1] 3200.0000    0.0000    0.9190    0.3573    1.5955    0.9575
[1] 3300.0000    0.0000    0.9312    0.0423    1.9358    0.9302
[1] 3400.0000    0.2905    0.8983    0.8482    1.1331    1.1525
[1] 3500.0000    0.0000    0.8568    0.1100    1.7871    1.0820
[1] 3600.0000    0.0000    0.8846   -0.3818    2.3016    1.0977
[1] 3700.0000    0.5308    0.8237   -0.0326    1.9978    0.8398
[1] 3800.0000    0.0000    0.9791    0.5712    1.3493    1.0179
[1] 3900.0000    0.0000    0.9030   -0.4690    2.4062    0.9530
[1] 4000.0000    0.0000    0.8524   -0.1327    2.0682    1.0394
[1] 4100.0000    0.0000    0.8388   -0.5712    2.5698    0.8864
[1] 4200.0000    0.0000    0.9756   -0.2589    2.1649    0.9752
[1] 4300.0000    0.2183    0.8741   -1.0385    2.9433    1.1249
[1] 4400.0000    0.0000    0.9459    0.5461    1.4447    1.1887
[1] 4500.0000    0.2988    0.8410   -0.3449    2.3819    1.1520
[1] 4600.0000    0.0000    0.9581    1.2249    0.8034    0.8180
[1] 4700.0000    0.0000    0.9806   -0.2258    2.1682    1.0866
[1] 4800.0000    0.0000    0.8977   -1.0645    2.9795    0.9517
[1] 4900.0000    0.0000    0.8114   -1.6689    3.5384    0.8255
[1] 5000.0000    0.0921    0.8074   -0.7300    2.5285    1.0307
[1] 5100.0000    0.0000    0.8192   -1.3579    3.3190    0.8134
[1] 5200.0000    0.0000    0.8051   -0.5021    2.4231    0.8965
[1] 5300.0000    0.0000    0.8845    0.1027    1.8084    1.0022
[1] 5400.0000    0.0000    0.8536    0.4043    1.5412    0.9337
[1] 5500.0000    0.0000    0.8913    0.7986    1.0533    1.1131
[1] 5600.0000    0.0000    0.8117    0.9192    0.9347    0.9121
[1] 5700.0000    0.0000    0.9545    0.6873    1.1799    0.8805
[1] 5800.0000    0.0000    0.8612   -0.8503    2.8917    1.0327
[1] 5900.0000    0.0000    0.9311   -0.4796    2.4246    0.8983
[1] 6000.0000    0.0000    0.9870    0.4656    1.4399    1.0819
[1] 6100.0000    0.0000    0.8793   -0.2123    2.0983    0.8792
[1] 6200.0000    0.0000    0.8741   -0.0245    1.9451    0.8043
[1] 6300.0000    0.0000    0.9569    0.2844    1.7991    0.8080
[1] 6400.0000    0.0000    0.9924   -0.2769    2.1602    1.0322
[1] 6500.0000    0.0135    0.9084   -0.1284    2.1354    1.0918
[1] 6600.0000    0.0000    0.8710   -0.1304    2.0113    0.9001
[1] 6700.0000    0.0000    0.8253   -0.8586    2.8884    0.9280
[1] 6800.0000    0.1624    0.8794    0.5279    1.4244    0.9381
[1] 6900.0000    0.0000    0.8857   -0.4049    2.4010    0.9847
[1] 7000.0000    0.0000    0.8521    0.5164    1.4213    1.0680
[1] 7100.0000    0.0000    0.8247    0.1848    1.8209    1.0835
[1] 7200.0000    0.0000    0.8247    0.3277    1.7435    0.8913
[1] 7300.0000    0.0000    0.9838    0.4983    1.5015    1.0449
[1] 7400.0000    0.0000    0.8045    0.0288    1.8469    0.8734
[1] 7500.0000    0.0000    0.8475   -1.8743    3.7349    1.0597
[1] 7600.0000    0.0000    0.8332   -0.7788    2.7915    1.0877
[1] 7700.0000    0.0000    0.8552   -0.8812    2.7801    1.0850
[1] 7800.0000    0.0000    0.8350    0.1246    1.8605    1.1361
[1] 7900.0000    0.0000    0.8304   -0.3652    2.1747    0.9653
[1] 8000.0000    0.0000    0.9309    0.0792    1.7957    1.0835
[1] 8100.0000    0.0000    0.8483    0.1644    1.6984    0.8203
[1] 8200.0000    0.0000    0.9207   -0.6663    2.5999    1.1282
[1] 8300.0000    0.0000    0.8222   -0.5799    2.5579    0.8438
[1] 8400.0000    0.0000    0.9658   -0.7495    2.6023    0.9286
[1] 8500.0000    0.0000    0.8325   -0.3730    2.3919    1.0750
[1] 8600.0000    0.0029    0.9564   -1.2820    3.2750    0.9963
[1] 8700.0000    0.0000    0.8940   -1.1419    3.0687    1.0236
[1] 8800.0000    0.0000    0.8601    0.0711    1.7952    0.8170
[1] 8900.0000    0.0000    0.8248    0.5403    1.4074    1.0728
[1] 9000.0000    0.0000    0.9268    0.3693    1.5271    0.8237
[1] 9100.0000    0.0000    0.9178   -0.0373    1.9252    0.8722
[1] 9200.0000    0.0000    0.8777   -0.1837    2.1561    1.1489
[1] 9300.0000    0.0000    0.8764   -0.1902    2.1763    1.0012
[1] 9400.0000    0.0000    0.8413    0.8787    1.0251    1.0761
[1] 9500.0000    0.0000    0.8295   -0.0597    1.8787    0.9364
[1] 9600.0000    0.0000    0.8149    0.2467    1.8089    0.9056
[1] 9700.0000    0.0000    0.9657    1.5752    0.3741    0.9166
[1] 9800.0000    0.0000    0.8646    0.1735    1.6770    0.8456
[1] 9900.0000    0.0000    0.8192    1.1756    0.6463    0.8099
[1] 10000.0000     1.0000     0.8618    -0.7562     2.7379     0.8032
[1] 10100.0000     0.4176     0.9049    -0.7227     2.8019     1.0751
[1] 10200.0000     0.0001     0.8458     0.3515     1.5407     1.1044
[1] 10300.0000     0.1182     0.9549     0.9500     1.0776     0.8021
[1] 10400.0000     0.0000     0.9434    -0.1006     1.9726     1.1753
[1] 10500.0000     0.0000     0.9828     0.2416     1.6442     0.8036
[1] 10600.0000     0.0000     0.8442    -0.0544     2.0608     0.9495
[1] 10700.0000     0.0000     0.8398     0.3209     1.6341     1.0590
[1] 10800.0000     0.0189     0.9785     0.3241     1.6414     1.1554
[1] 10900.0000     0.0000     0.8191     0.7705     1.2074     0.8008
[1] 11000.0000     0.0127     0.8176     0.6460     1.3574     0.9081
[1] 11100.0000     0.0000     0.8902     0.2410     1.7205     0.9114
[1] 11200.0000     0.2452     0.8258    -0.7379     2.6704     1.0628
[1] 11300.0000     0.0000     0.8936    -0.7373     2.6887     1.0961
[1] 11400.0000     0.0000     0.9548     0.6934     1.2501     1.0047
[1] 11500.0000     0.0000     0.9619     0.0786     1.8383     0.9110
[1] 11600.0000     0.0000     0.9104    -0.6175     2.5421     0.8269
[1] 11700.0000     0.0002     0.8224    -0.1300     2.0940     0.8539
[1] 11800.0000     0.0000     0.8027    -0.4390     2.4373     0.8530
[1] 11900.0000     0.0000     0.8460    -0.5378     2.4305     0.8150
[1] 12000.0000     0.0000     0.8014    -0.1844     2.1202     1.0595
[1] 12100.0000     0.0000     0.8005    -1.2204     3.1700     0.8375
[1] 12200.0000     0.3595     0.8496     0.4600     1.5573     0.8460
[1] 12300.0000     0.0000     0.8010     0.9037     1.0139     0.8810
[1] 12400.0000     0.3833     0.8046    -0.5903     2.6423     0.8797
[1] 12500.0000     0.0000     0.8059    -0.5103     2.4737     1.1427
[1] 12600.0000     0.0000     0.8126    -0.2168     2.1922     1.1805
[1] 12700.0000     0.0000     0.8779     0.0438     1.8056     0.8170
[1] 12800.0000     0.0000     0.9902    -0.8849     2.7705     0.9345
[1] 12900.0000     0.0188     0.9204    -0.1830     2.1464     0.8219
[1] 13000.0000     0.0000     0.8069     0.6022     1.3467     1.0997
[1] 13100.0000     0.0000     0.9339     1.0073     0.9102     1.1193
[1] 13200.0000     0.0000     0.8843    -0.1598     2.1461     0.9997
[1] 13300.0000     0.0000     0.9222    -0.3283     2.3515     0.8801
[1] 13400.0000     0.0000     0.8092     0.1650     1.7821     1.1676
[1] 13500.0000     0.0000     0.8466    -0.7511     2.7183     0.8143
[1] 13600.0000     0.0000     0.8917     0.5970     1.3492     1.0301
[1] 13700.0000     0.0000     0.8421     0.1713     1.7861     0.9544
[1] 13800.0000     0.0000     0.8787    -1.1797     3.1376     1.0611
[1] 13900.0000     0.0000     0.8573    -0.4304     2.3752     0.8372
[1] 14000.0000     0.0000     0.9588    -0.2264     2.1827     0.9662
[1] 14100.0000     0.0000     0.8844     0.3504     1.4675     1.1867
[1] 14200.0000     0.0000     0.8479    -0.1397     2.0490     0.8739
[1] 14300.0000     0.0000     0.9227    -0.9159     2.8267     1.0001
[1] 1.440e+04 1.190e-02 8.623e-01 1.363e-01 1.777e+00 8.985e-01
[1] 14500.0000     0.1721     0.8647     0.3289     1.6593     1.0877
[1] 14600.0000     0.0000     0.8721     0.6293     1.3068     0.9912
[1] 14700.0000     0.0000     0.8974    -0.2166     2.1048     1.0871
[1] 14800.0000     0.0000     0.8093     0.7674     1.0828     1.1283
[1] 14900.0000     0.0041     0.8051     0.5022     1.4784     1.0614
[1] 15000.0000     0.0241     0.9447     0.4949     1.4281     0.8911
[1] 1.510e+04 1.000e+00 8.292e-01 2.373e-01 1.666e+00 9.249e-01
[1] 1.520e+04 0.000e+00 8.242e-01 9.584e-01 9.891e-01 1.080e+00
[1] 15300.0000     0.3309     0.8059     0.0258     1.9646     0.9091
[1] 15400.0000     0.0362     0.8005    -0.7594     2.7683     0.8812
[1] 15500.0000     0.0000     0.8727    -1.3223     3.3016     1.1104
[1] 15600.0000     0.0000     0.8520    -0.6938     2.6811     1.1912
[1] 15700.0000     0.0000     0.8475    -0.4409     2.3453     0.9690
[1] 15800.0000     0.0000     0.9108    -0.2580     2.1471     0.9068
[1] 1.590e+04 0.000e+00 8.841e-01 1.060e-01 1.803e+00 8.192e-01
[1] 16000.0000     0.0006     0.8124    -0.3879     2.3180     1.1160
[1] 16100.0000     0.0000     0.9566     0.6749     1.3401     1.0234
[1] 16200.0000     0.0000     0.9466     0.4787     1.4117     0.9477
[1] 16300.0000     0.0000     0.9158    -0.1022     2.0816     0.9491
[1] 16400.0000     0.0000     0.9401    -0.4139     2.3317     0.9237
[1] 16500.0000     0.0270     0.8215    -0.6234     2.5876     1.1211
[1] 16600.0000     0.0000     0.8294    -0.6601     2.6555     0.8835
[1] 16700.0000     0.0000     0.9287     0.2594     1.5666     0.9633
[1] 16800.0000     0.0000     0.8621     0.0350     1.8656     1.1596
[1] 16900.0000     0.0000     0.9254     0.6939     1.2447     0.9648
[1] 17000.0000     0.0000     0.9790    -0.2712     2.2059     0.8822
[1] 17100.0000     0.0000     0.9305     0.9282     1.1074     0.9283
[1] 17200.0000     0.0000     0.9497     1.1413     0.7482     0.8252
[1] 17300.0000     1.0000     0.8396    -0.0471     2.0269     1.0131
[1] 17400.0000     0.0000     0.8593    -0.3248     2.2905     1.1450
[1] 17500.0000     0.0000     0.8131    -0.1643     2.1620     0.9127
[1] 17600.0000     0.0000     0.8280     0.4414     1.5326     1.1486
[1] 17700.0000     0.0000     0.8794     0.6781     1.3085     0.9707
[1] 17800.0000     0.0002     0.8905    -0.1758     2.1878     0.8701
[1] 17900.0000     0.0000     0.9083     0.3224     1.6549     0.9495
[1] 18000.0000     0.7606     0.9109     1.2269     0.7636     0.8712
[1] 18100.0000     0.0000     0.9461    -0.0776     1.9124     0.9222
[1] 18200.0000     0.0000     0.8142     1.3191     0.7241     0.8298
[1] 18300.0000     0.0000     0.9012     0.1222     1.8234     1.0710
[1] 18400.0000     0.0000     0.9529    -0.6353     2.5987     0.8173
[1] 18500.0000     0.0000     0.8451    -0.2744     2.2328     0.9054
[1] 18600.0000     0.0000     0.8420     0.2198     1.7896     0.8224
[1] 18700.0000     0.0000     0.8080    -0.5314     2.6193     0.9308
[1] 18800.0000     0.0000     0.8537     0.9473     1.0606     0.9005
[1] 18900.0000     0.0000     0.9024     0.7203     1.1932     1.0613
[1] 19000.0000     0.0000     0.8366     0.2353     1.6954     0.8015
[1] 19100.0000     0.0000     0.8142     0.0326     1.7631     1.0716
[1] 19200.0000     0.0000     0.8001    -0.5337     2.4006     0.9641
[1] 19300.0000     0.0000     0.8411    -0.0400     1.9503     0.9272
[1] 19400.0000     0.0000     0.8040     0.3873     1.7114     1.1551
[1] 19500.0000     0.0000     0.9654     0.4777     1.4569     0.9669
[1] 19600.0000     0.1993     0.9162    -1.0712     3.0233     0.8038
[1] 19700.0000     0.0000     0.8982    -0.1673     2.0024     1.1826
[1] 19800.0000     0.0000     0.9408     0.4478     1.5218     0.9927
[1] 19900.0000     0.0000     0.9981    -0.0112     2.0008     1.0280
[1] 20000.0000     0.0000     0.8708    -0.5623     2.4937     1.0213
[1] 20100.0000     0.0000     0.9080     0.3128     1.7086     1.0402
[1] 20200.0000     0.1501     0.8367    -0.4909     2.3832     0.9269
[1] 20300.0000     0.0000     0.8028     0.2224     1.8228     0.9708
[1] 20400.0000     0.0038     0.8854     0.1207     1.7871     0.8024
[1] 20500.0000     0.0000     0.9083     0.0847     1.8746     0.8030
[1] 20600.0000     0.5833     0.9169     0.1921     1.7828     1.1057
[1] 20700.0000     1.0000     0.8107    -0.6420     2.5913     1.0874
[1] 20800.0000     0.0000     0.9606    -0.7409     2.7410     1.0886
[1] 20900.0000     0.0009     0.8088     0.7888     1.1645     0.9600
[1] 21000.0000     0.0000     0.8265     0.1707     1.8003     0.8524
[1] 21100.0000     0.0000     0.9732    -0.5906     2.4731     0.8253
[1] 21200.0000     0.0559     0.8263    -0.2415     2.1885     1.1324
[1] 21300.0000     0.0000     0.8782    -0.6398     2.6078     1.0748
[1] 21400.0000     0.0007     0.9719    -0.0166     1.9455     0.9071
[1] 21500.0000     0.0000     0.8732     0.0956     1.8062     1.0565
[1] 21600.0000     0.0000     0.8420     0.2967     1.6491     0.8926
[1] 21700.0000     0.0000     0.8258    -0.1230     2.0940     1.1265
[1] 21800.0000     0.0006     0.8218     0.0461     1.8537     1.1739
[1] 21900.0000     0.0000     0.9408     1.1942     0.6656     0.9421
[1] 22000.0000     0.0000     0.8850     0.5943     1.3492     0.9555
[1] 22100.0000     0.0000     0.8953    -0.6250     2.5014     0.9321
[1] 22200.0000     0.0000     0.9349     0.0988     1.7895     0.9881
[1] 22300.0000     0.0001     0.8584     0.2274     1.7599     0.9367
[1] 22400.0000     0.0000     0.9494     0.6596     1.2938     0.9207
[1] 22500.0000     0.0009     0.9610     0.8039     1.1165     0.9963
[1] 22600.0000     0.0000     0.8858     1.1108     0.9428     0.9064
[1] 22700.0000     0.0000     0.8271     0.4933     1.4036     1.1968
[1] 22800.0000     0.0108     0.8616    -0.4431     2.4870     1.1425
[1] 22900.0000     0.0000     0.9207     0.5398     1.3196     0.8362
[1] 23000.0000     0.0000     0.9652    -0.1474     2.0782     1.0264
[1] 23100.0000     0.0000     0.9231    -1.1106     3.0709     0.8179
[1] 23200.0000     0.0000     0.8288     0.1047     1.8638     0.8616
[1] 23300.0000     0.1443     0.8966     0.8120     1.1562     1.0199
[1] 23400.0000     0.0000     0.8015     0.4998     1.5242     0.8904
[1] 23500.0000     0.0000     0.8934    -0.2014     2.0916     1.1391
[1] 23600.0000     0.0000     0.8360     0.1454     1.8052     0.8406
[1] 23700.0000     0.0000     0.8580     0.3278     1.6454     0.8494
[1] 23800.0000     0.0000     0.9509    -0.2954     2.1017     0.9516
[1] 23900.0000     0.0000     0.8157     0.8986     1.0294     0.8034
[1] 24000.0000     0.0000     0.9304     0.3392     1.5605     0.8086
[1] 24100.0000     0.0000     0.8643    -1.0528     3.0242     0.9462
[1] 24200.0000     0.0000     0.8399     0.3616     1.4811     1.0287
[1] 24300.0000     0.0000     0.8207    -0.8274     2.7957     1.1509
[1] 24400.0000     0.4598     0.8950     0.3050     1.5867     0.9027
[1] 24500.0000     0.0000     0.9407     0.9068     0.9486     1.0416
[1] 24600.0000     0.0000     0.9062    -0.2042     2.1469     0.8877
[1] 24700.0000     0.0000     0.8664    -0.3877     2.2873     1.1316
[1] 24800.0000     0.0001     0.8109     0.4675     1.4823     1.1899
[1] 24900.0000     0.0000     0.9495    -0.3220     2.2178     0.8626
[1] 25000.0000     0.0112     0.9399    -0.5126     2.4928     0.8472
[1] 25100.0000     0.0000     0.9605     0.9391     0.9901     1.0743
[1] 2.520e+04 0.000e+00 8.184e-01 2.025e-01 1.766e+00 8.574e-01
[1] 25300.0000     1.0000     0.8151    -0.1967     2.1345     1.0748
[1] 25400.0000     1.0000     0.8988    -0.6802     2.5942     1.0888
[1] 25500.0000     0.0000     0.8147     0.6259     1.3044     1.1844
[1] 25600.0000     0.0000     0.8112     0.1925     1.7747     0.8916
[1] 25700.0000     0.0000     0.8060     0.1807     1.7976     0.8422
[1] 25800.0000     0.0000     0.8043     0.3069     1.5816     0.8730
[1] 25900.0000     0.6832     0.8632     0.3586     1.5802     1.1254
[1] 26000.0000     0.0615     0.8358    -0.3886     2.3257     1.1365
[1] 26100.0000     0.0000     0.9196     0.1027     1.7527     1.1722
[1] 26200.0000     0.0000     0.9529    -0.3656     2.1853     1.0017
[1] 26300.0000     0.0000     0.8530    -0.6135     2.5582     1.0678
[1] 26400.0000     0.0000     0.8767    -0.0932     1.9584     0.8041
[1] 26500.0000     0.0302     0.8607    -0.0291     1.9689     0.8158
[1] 26600.0000     0.0000     0.9293    -0.1253     2.2008     0.8497
[1] 2.670e+04 0.000e+00 8.184e-01 5.864e-01 1.423e+00 9.177e-01
[1] 26800.0000     0.0000     0.8448    -1.0941     2.9795     0.8652
[1] 26900.0000     0.0000     0.9241    -0.0725     2.1251     1.0646
[1] 27000.0000     0.0000     0.9862     0.1665     1.8674     0.8958
[1] 27100.0000     0.8955     0.9280    -0.2841     2.2184     1.0348
[1] 27200.0000     0.0000     0.8628    -0.1440     2.0999     1.0265
[1] 27300.0000     0.0000     0.8270    -0.3876     2.2712     1.1347
[1] 27400.0000     0.0000     0.8453     0.1183     1.7944     0.8255
[1] 27500.0000     0.0000     0.8301     0.3267     1.5843     0.9239
[1] 27600.0000     0.0000     0.8732     1.0016     0.9966     0.9172
[1] 27700.0000     0.0000     0.8317     0.4823     1.4427     1.1846
[1] 2.780e+04 0.000e+00 8.396e-01 9.406e-01 9.474e-01 8.414e-01
[1] 27900.0000     1.0000     0.8904     0.4208     1.5019     0.9276
[1] 28000.0000     0.0000     0.8025    -0.6262     2.6604     0.9240
[1] 28100.0000     0.0000     0.9262     0.9370     1.0855     1.0710
[1] 28200.0000     0.0000     0.9683     0.4632     1.5039     0.8917
[1] 28300.0000     0.0000     0.8228    -0.1110     2.0650     0.9497
[1] 28400.0000     1.0000     0.9594    -0.7273     2.6798     0.8105
[1] 28500.0000     0.0000     0.8678     0.7569     1.1579     0.8688
[1] 28600.0000     0.0000     0.9184     0.1214     1.6643     0.8644
[1] 28700.0000     0.0000     0.8081    -0.7290     2.6567     0.9112
[1] 28800.0000     0.0000     0.8104     0.4721     1.4276     1.1940
[1] 28900.0000     0.0000     0.9137     0.9706     1.0425     0.8478
[1] 29000.0000     0.0000     0.9277    -0.0087     1.9462     1.1735
[1] 29100.0000     0.0000     0.8445    -0.3438     2.3162     0.8871
[1] 29200.0000     0.0855     0.9367     1.1292     0.8088     1.1465
[1] 2.930e+04 1.900e-03 8.846e-01 1.419e+00 4.527e-01 9.328e-01
[1] 29400.0000     0.0000     0.9394     0.9794     0.8956     1.1754
[1] 29500.0000     0.0000     0.8094    -0.5379     2.4592     0.8253
[1] 29600.0000     0.0000     0.8335     0.4741     1.4569     1.1940
[1] 29700.0000     0.0000     0.8049     0.0457     1.9379     0.9958
[1] 29800.0000     0.0000     0.8030     0.5587     1.4092     0.9421
[1] 29900.0000     0.4178     0.9798     0.6861     1.2491     1.0014
[1] 30000.0000     0.0000     0.9250     1.9464    -0.0830     1.0393
[1] 0.07727691
Time difference of 4.638703 hours
null device 
          1 
