[1] "El numero de nodos X particion es: 10"
[1] "Model = M2 / Data = sim_data/datasetSVCExponential6.Rdata"
[1] 100.0000   0.0000   0.8732  -0.0081   1.5333   0.9660
[1] 200.0000   0.5828   0.9592  -0.2039   1.6066   1.1736
[1] 300.0000   0.4769   0.8776  -0.2611   1.5774   1.0665
[1] 400.0000   0.7635   0.8233  -0.2060   1.5922   1.0774
[1] 500.0000   0.0066   0.9813  -0.2017   1.5173   0.8492
[1] 600.0000   0.0067   0.8693  -0.1261   1.4875   1.0610
[1] 700.0000   0.9745   0.8087  -0.1707   1.5640   1.0605
[1] 800.0000   0.6861   0.8830  -0.2257   1.5001   0.9772
[1] 900.0000   1.0000   0.9357  -0.2850   1.5480   1.0743
[1] 1000.0000    0.0084    0.9945   -0.2712    1.5032    0.8801
[1] 1100.0000    0.0840    0.8483   -0.1950    1.4795    1.1766
[1] 1200.0000    1.0000    0.8603   -0.1896    1.5723    0.9164
[1] 1300.0000    0.6928    0.8617   -0.2367    1.6148    1.0550
[1] 1400.0000    1.0000    0.8516   -0.1316    1.4555    0.9483
[1] 1500.0000    0.2903    0.9672   -0.2390    1.5430    1.1986
[1] 1600.0000    0.0936    0.8099   -0.2328    1.5749    1.0178
[1] 1700.0000    0.6492    0.8185   -0.2297    1.4220    1.1630
[1] 1800.0000    0.0066    0.9234   -0.2107    1.5522    1.1307
[1] 1900.0000    0.0348    0.9957   -0.1432    1.5745    1.1822
[1] 2000.0000    1.0000    0.8107   -0.2429    1.4862    0.8113
[1] 2100.0000    0.0019    0.9401   -0.1393    1.5121    1.0501
[1] 2200.0000    0.1809    0.8580   -0.1419    1.5698    1.0161
[1] 2300.0000    1.0000    0.9707   -0.1901    1.4819    1.1994
[1] 2400.0000    0.3938    0.9764   -0.1135    1.5106    1.0594
[1] 2500.0000    1.0000    0.9002   -0.2050    1.4762    1.1531
[1] 2600.0000    0.6941    0.8617   -0.2456    1.4850    0.8044
[1] 2700.0000    1.0000    0.8052   -0.2381    1.5153    0.8603
[1] 2800.0000    0.5233    0.8906   -0.2528    1.5620    0.8787
[1] 2900.0000    1.0000    0.9145   -0.2375    1.4331    0.9304
[1] 3000.0000    1.0000    0.9623   -0.2176    1.6722    1.1476
[1] 3100.0000    1.0000    0.9078   -0.2196    1.5497    0.9130
[1] 3200.0000    0.6300    0.9676   -0.1738    1.4150    1.1339
[1] 3300.0000    0.0430    0.9877   -0.1966    1.4868    0.9428
[1] 3400.0000    0.2714    0.8983   -0.2108    1.3718    1.1525
[1] 3500.0000    1.0000    0.9338   -0.2318    1.5535    0.8830
[1] 3600.0000    1.0000    0.8553   -0.1689    1.5287    1.1349
[1] 3700.0000    0.1473    0.9950   -0.1535    1.4968    1.0085
[1] 3800.0000    1.0000    0.9141   -0.1916    1.3519    0.9698
[1] 3900.0000    1.0000    0.8173   -0.1781    1.5313    1.1134
[1] 4000.0000    0.8829    0.9388   -0.1953    1.4671    0.8131
[1] 4100.0000    0.4170    0.9193   -0.1356    1.5144    1.0337
[1] 4200.0000    0.5910    0.9756   -0.2097    1.5489    0.9752
[1] 4300.0000    0.0137    0.9986   -0.2321    1.5103    0.9026
[1] 4400.0000    0.1706    0.9571   -0.1330    1.5607    0.9932
[1] 4500.0000    0.6528    0.8410   -0.1625    1.6026    1.1520
[1] 4600.0000    1.0000    0.8859   -0.2433    1.4658    0.9442
[1] 4700.0000    0.0085    0.9516   -0.1987    1.4927    1.1937
[1] 4800.0000    1.0000    0.8536   -0.2583    1.5038    1.1437
[1] 4900.0000    0.2090    0.9222   -0.1358    1.5838    0.9837
[1] 5000.0000    0.9969    0.9273   -0.0955    1.4337    1.0348
[1] 5100.0000    0.3104    0.9679   -0.2610    1.5325    1.1951
[1] 5200.0000    0.0791    0.8350   -0.2489    1.6092    1.0935
[1] 5300.0000    1.0000    0.8379   -0.2027    1.5923    1.0434
[1] 5400.0000    0.9353    0.8515   -0.2243    1.4652    1.1120
[1] 5500.0000    0.2119    0.8506   -0.1886    1.4627    1.1979
[1] 5600.0000    0.0038    0.9095   -0.3456    1.5373    0.9324
[1] 5700.0000    0.6246    0.9403   -0.1847    1.4399    0.9236
[1] 5800.0000    0.4310    0.8520   -0.1724    1.5836    1.0482
[1] 5900.0000    1.0000    0.8759   -0.2135    1.4161    1.0113
[1] 6000.0000    0.1906    0.8273   -0.2028    1.5347    0.8750
[1] 6100.0000    0.0167    0.9025   -0.1162    1.5517    0.9119
[1] 6200.0000    1.0000    0.8336   -0.1298    1.3550    0.9759
[1] 6300.0000    0.2458    0.8421   -0.1620    1.6018    0.8693
[1] 6400.0000    0.6200    0.9022   -0.2009    1.4528    0.8332
[1] 6500.0000    1.0000    0.9478   -0.1825    1.5284    1.0656
[1] 6600.0000    0.1946    0.8918   -0.2367    1.5517    1.0184
[1] 6700.0000    0.0091    0.8229   -0.1088    1.4270    1.0410
[1] 6800.0000    0.9366    0.8496   -0.2016    1.5190    0.9728
[1] 6900.0000    0.1693    0.9401   -0.2899    1.4146    0.9220
[1] 7000.0000    0.2191    0.8011   -0.1911    1.5318    1.0228
[1] 7100.0000    1.0000    0.8440   -0.2267    1.4822    0.9302
[1] 7200.0000    0.0905    0.8343   -0.1982    1.5098    0.9512
[1] 7300.0000    1.0000    0.9616   -0.1872    1.5101    0.8824
[1] 7400.0000    0.0395    0.8164   -0.3173    1.4663    0.8600
[1] 7500.0000    0.1100    0.9538   -0.0997    1.5579    1.0728
[1] 7600.0000    0.3503    0.8898   -0.2129    1.4316    1.1032
[1] 7700.0000    0.1403    0.9975   -0.2255    1.5179    1.1871
[1] 7800.0000    0.0404    0.9829   -0.1839    1.4685    1.0003
[1] 7900.0000    1.0000    0.9195   -0.1804    1.4863    1.0920
[1] 8000.0000    0.0328    0.8855   -0.1991    1.3829    1.0520
[1] 8100.0000    0.1970    0.8687   -0.2088    1.5386    1.0506
[1] 8200.0000    0.0924    0.8989   -0.2025    1.5172    1.1363
[1] 8300.0000    0.2387    0.8896   -0.1455    1.5944    1.1748
[1] 8400.0000    0.7433    0.8563   -0.2405    1.4899    1.0967
[1] 8500.0000    0.0356    0.8507   -0.2871    1.4596    1.0895
[1] 8600.0000    0.4990    0.9214   -0.3050    1.5174    1.0135
[1] 8700.0000    0.1755    0.8293   -0.3151    1.4590    0.8767
[1] 8800.0000    0.7640    0.9324   -0.1107    1.4989    0.8066
[1] 8900.0000    1.0000    0.9431   -0.2375    1.5091    1.1381
[1] 9000.0000    0.4653    0.9025   -0.1322    1.5188    0.9096
[1] 9100.0000    1.0000    0.9156   -0.1616    1.4928    1.0916
[1] 9200.0000    1.0000    0.9069   -0.3071    1.4996    1.1995
[1] 9300.0000    0.0715    0.9270   -0.1784    1.5607    1.1117
[1] 9400.0000    0.7305    0.8662   -0.0805    1.4411    0.8284
[1] 9500.0000    0.0283    0.8817   -0.2340    1.5138    1.0875
[1] 9600.0000    1.0000    0.9566   -0.2150    1.5327    1.1182
[1] 9700.0000    0.1026    0.8614   -0.1120    1.4343    0.9692
[1] 9800.0000    1.0000    0.8213   -0.1630    1.5208    0.8104
[1] 9900.0000    0.0052    0.9529   -0.1832    1.4868    0.9335
[1] 10000.0000     1.0000     0.8618    -0.2858     1.4348     0.8032
[1] 10100.0000     1.0000     0.9049    -0.1858     1.6021     1.0751
[1] 10200.0000     0.2551     0.9808    -0.3171     1.5246     0.8342
[1] 10300.0000     0.3510     0.8120    -0.1118     1.4951     0.8804
[1] 10400.0000     0.0265     0.9274    -0.1798     1.5314     0.8733
[1] 10500.0000     1.0000     0.8159    -0.1789     1.5262     1.1284
[1] 10600.0000     1.0000     0.8189    -0.1380     1.5058     1.1530
[1] 10700.0000     0.0062     0.8531    -0.1000     1.5715     0.8181
[1] 10800.0000     0.7810     0.9785    -0.1600     1.5094     1.1554
[1] 10900.0000     0.0342     0.8264    -0.2301     1.5957     1.1140
[1] 11000.0000     0.4053     0.8012    -0.2288     1.6317     0.9407
[1] 11100.0000     0.1038     0.8902    -0.1618     1.5762     0.9114
[1] 11200.0000     0.9637     0.9412    -0.2363     1.5208     0.8257
[1] 11300.0000     1.0000     0.9738    -0.1640     1.5538     1.1215
[1] 11400.0000     0.9329     0.9866    -0.1848     1.4893     0.8664
[1] 11500.0000     0.0005     0.9311    -0.1980     1.4829     0.8792
[1] 11600.0000     0.7191     0.9382    -0.2997     1.3680     0.8033
[1] 11700.0000     1.0000     0.8766    -0.2872     1.4799     0.9110
[1] 11800.0000     0.0251     0.8440    -0.1896     1.5091     0.8198
[1] 11900.0000     0.6885     0.8272    -0.1805     1.4845     0.8962
[1] 12000.0000     1.0000     0.9595    -0.2217     1.4608     1.1960
[1] 12100.0000     0.7669     0.9650    -0.2701     1.5581     0.9420
[1] 12200.0000     0.9353     0.8496    -0.1953     1.4807     0.8460
[1] 12300.0000     1.0000     0.9337    -0.1313     1.5210     1.0573
[1] 12400.0000     1.0000     0.8046    -0.2410     1.5245     0.8797
[1] 12500.0000     0.0674     0.9120    -0.0659     1.5304     1.1259
[1] 12600.0000     1.0000     0.9564    -0.1856     1.4986     1.1675
[1] 12700.0000     0.0014     0.9614    -0.2525     1.6262     0.8958
[1] 12800.0000     0.0110     0.9087    -0.1689     1.4752     1.0631
[1] 12900.0000     0.2359     0.8554    -0.3027     1.4949     0.9712
[1] 13000.0000     0.1149     0.8840    -0.1207     1.4656     1.1100
[1] 13100.0000     0.5806     0.9591    -0.3163     1.5415     1.0507
[1] 13200.0000     0.2543     0.9801    -0.2024     1.4423     0.8746
[1] 13300.0000     0.4053     0.8522    -0.1246     1.5528     1.0074
[1] 13400.0000     0.0021     0.9485    -0.0770     1.3910     1.0271
[1] 13500.0000     0.0013     0.8240    -0.2253     1.6104     1.0099
[1] 13600.0000     0.0163     0.8917    -0.1841     1.4021     1.0301
[1] 13700.0000     0.4604     0.9696    -0.1772     1.4885     0.8042
[1] 13800.0000     0.4728     0.8418    -0.2666     1.4863     1.1127
[1] 13900.0000     1.0000     0.8104    -0.1984     1.4602     0.8994
[1] 14000.0000     1.0000     0.9598    -0.1961     1.4922     0.8043
[1] 14100.0000     0.0035     0.9236    -0.1083     1.5879     0.9106
[1] 14200.0000     1.0000     0.9100    -0.1208     1.5309     1.1948
[1] 14300.0000     0.4779     0.9874    -0.2705     1.5515     0.9095
[1] 14400.0000     0.9397     0.8984    -0.2337     1.4967     1.1866
[1] 14500.0000     1.0000     0.9833    -0.2286     1.4587     1.1771
[1] 14600.0000     0.0169     0.8329    -0.2311     1.5107     0.9630
[1] 14700.0000     0.8082     0.8840    -0.1741     1.4365     1.0394
[1] 14800.0000     0.0091     0.8106    -0.2219     1.5287     1.0978
[1] 14900.0000     0.9330     0.9485    -0.2149     1.5341     1.1960
[1] 15000.0000     0.0000     0.9447    -0.2741     1.5219     0.8911
[1] 15100.0000     0.0908     0.9112    -0.1118     1.5015     1.0503
[1] 15200.0000     0.3530     0.9896    -0.1154     1.5611     1.1186
[1] 15300.0000     0.6101     0.8296    -0.2262     1.5129     1.1944
[1] 15400.0000     1.0000     0.9829    -0.1646     1.5641     1.0368
[1] 15500.0000     1.0000     0.8761    -0.1533     1.4494     0.9901
[1] 15600.0000     0.8363     0.9912    -0.1907     1.4399     1.0551
[1] 15700.0000     0.4102     0.9225    -0.1141     1.4567     0.9294
[1] 15800.0000     0.2876     0.9774    -0.1110     1.4627     1.1822
[1] 15900.0000     0.0820     0.9524    -0.1637     1.5614     1.0855
[1] 16000.0000     0.7892     0.9761    -0.2467     1.5078     1.0600
[1] 16100.0000     0.1195     0.8350    -0.1480     1.4945     1.1328
[1] 16200.0000     1.0000     0.8455    -0.2182     1.5201     1.0509
[1] 16300.0000     0.9446     0.9029    -0.1414     1.5823     1.0365
[1] 16400.0000     1.0000     0.8844    -0.1325     1.4456     1.1913
[1] 16500.0000     1.0000     0.9407    -0.1645     1.5573     0.9877
[1] 16600.0000     0.4310     0.8568    -0.2813     1.5404     1.0645
[1] 16700.0000     0.8365     0.9070    -0.2389     1.4924     1.1930
[1] 16800.0000     0.4682     0.8165    -0.2199     1.4932     1.0376
[1] 16900.0000     0.0243     0.8221    -0.2427     1.4996     1.1575
[1] 17000.0000     0.4911     0.8119    -0.1693     1.5054     0.9369
[1] 17100.0000     0.0936     0.9262    -0.0694     1.4546     0.9696
[1] 17200.0000     0.6377     0.9233    -0.2116     1.4957     0.8592
[1] 17300.0000     0.5118     0.8396    -0.3468     1.4641     1.0131
[1] 17400.0000     0.5244     0.9623    -0.1602     1.6093     1.1696
[1] 17500.0000     1.0000     0.9645    -0.1570     1.5040     0.9956
[1] 17600.0000     0.0304     0.9193    -0.2805     1.5171     0.8193
[1] 17700.0000     0.0128     0.8794    -0.2162     1.3903     0.9707
[1] 17800.0000     1.0000     0.9968    -0.1975     1.5321     0.8268
[1] 17900.0000     0.0496     0.9291    -0.2684     1.5996     0.9192
[1] 18000.0000     0.7771     0.9109    -0.0535     1.5248     0.8712
[1] 18100.0000     0.7371     0.9137    -0.1556     1.5539     0.9014
[1] 18200.0000     0.1893     0.8127    -0.1235     1.5025     0.8547
[1] 18300.0000     0.5970     0.9706    -0.1798     1.5638     1.1685
[1] 18400.0000     0.0001     0.9243    -0.2837     1.4770     1.1066
[1] 18500.0000     1.0000     0.8751    -0.1986     1.5355     0.8892
[1] 18600.0000     0.2897     0.8932    -0.1456     1.5778     0.8460
[1] 18700.0000     0.0267     0.8306    -0.1646     1.5102     0.9156
[1] 18800.0000     0.7317     0.9422    -0.2454     1.5984     0.8265
[1] 18900.0000     0.2812     0.9734    -0.2567     1.4794     1.0104
[1] 19000.0000     1.0000     0.8087    -0.2083     1.6675     1.1060
[1] 19100.0000     0.1696     0.9272    -0.2933     1.6393     0.8583
[1] 19200.0000     0.3491     0.8319    -0.2592     1.3999     1.0132
[1] 19300.0000     0.3240     0.9020    -0.2798     1.5331     1.0537
[1] 19400.0000     1.0000     0.8507    -0.2089     1.5325     0.9744
[1] 19500.0000     0.0857     0.9633    -0.1945     1.4683     1.1823
[1] 19600.0000     0.5530     0.8948    -0.2049     1.5812     1.0740
[1] 19700.0000     1.0000     0.8293    -0.2000     1.4545     1.0022
[1] 19800.0000     0.4713     0.9324    -0.1711     1.5822     1.1958
[1] 19900.0000     1.0000     0.9655    -0.1622     1.6361     0.8660
[1] 20000.0000     1.0000     0.9605    -0.2321     1.5116     0.8244
[1] 20100.0000     0.0002     0.8622    -0.2054     1.6034     0.8640
[1] 20200.0000     0.3187     0.9282    -0.2874     1.5060     0.9678
[1] 20300.0000     1.0000     0.9019    -0.1875     1.4914     1.0263
[1] 20400.0000     0.7629     0.9596    -0.2133     1.5094     1.0259
[1] 20500.0000     0.1994     0.8964    -0.1658     1.5441     1.1285
[1] 20600.0000     0.5544     0.9169    -0.2595     1.5692     1.1057
[1] 20700.0000     0.8912     0.8107    -0.1033     1.5782     1.0874
[1] 20800.0000     1.0000     0.9981    -0.1967     1.6145     1.0246
[1] 20900.0000     0.2350     0.9072    -0.1559     1.5041     1.0199
[1] 21000.0000     0.0287     0.8708    -0.1670     1.4268     1.1617
[1] 21100.0000     0.0591     0.8745    -0.2258     1.4837     0.8760
[1] 21200.0000     1.0000     0.9611    -0.2058     1.5394     0.8029
[1] 21300.0000     0.4667     0.8214    -0.1988     1.4625     1.0391
[1] 21400.0000     1.0000     0.8276    -0.1102     1.5217     0.8233
[1] 21500.0000     0.4123     0.8291    -0.1514     1.4527     1.0581
[1] 21600.0000     1.0000     0.9634    -0.2498     1.4917     0.9473
[1] 21700.0000     0.1251     0.9973    -0.2085     1.4198     0.9605
[1] 21800.0000     0.8323     0.8733    -0.1501     1.5390     1.1912
[1] 21900.0000     0.3141     0.9598    -0.1524     1.5930     0.8497
[1] 22000.0000     0.6029     0.8874    -0.1757     1.4415     1.0182
[1] 22100.0000     1.0000     0.8517    -0.2189     1.5003     0.9777
[1] 22200.0000     1.0000     0.8579    -0.1843     1.4524     0.8534
[1] 22300.0000     0.2850     0.9726    -0.3616     1.5646     0.8521
[1] 22400.0000     0.6848     0.8145    -0.2558     1.5032     0.8604
[1] 22500.0000     0.1565     0.8239    -0.1570     1.5374     1.1368
[1] 22600.0000     0.0926     0.8433    -0.2033     1.6663     1.1055
[1] 22700.0000     0.1938     0.8271    -0.2012     1.5235     1.1968
[1] 22800.0000     0.3100     0.8972    -0.2089     1.4025     1.0231
[1] 22900.0000     0.5084     0.8804    -0.2597     1.3779     0.9211
[1] 23000.0000     0.0179     0.8997    -0.1704     1.4542     0.9381
[1] 23100.0000     1.0000     0.8119    -0.1980     1.5091     1.0551
[1] 23200.0000     0.3264     0.9832    -0.1568     1.5481     0.9881
[1] 23300.0000     0.2408     0.9904    -0.0945     1.6167     1.1810
[1] 23400.0000     0.7169     0.8888    -0.2253     1.4713     1.0444
[1] 23500.0000     1.0000     0.9916    -0.1785     1.4887     1.1297
[1] 23600.0000     0.4554     0.8573    -0.2437     1.6027     0.9429
[1] 23700.0000     0.2795     0.9328    -0.1801     1.4926     1.0180
[1] 23800.0000     0.2914     0.9299    -0.2214     1.3648     1.0580
[1] 23900.0000     0.6228     0.9920    -0.1037     1.4859     1.0485
[1] 24000.0000     0.6585     0.8060    -0.1140     1.4308     1.1215
[1] 24100.0000     1.0000     0.9214    -0.2934     1.5512     0.8541
[1] 24200.0000     0.2179     0.9331    -0.3025     1.5400     1.1419
[1] 24300.0000     0.1011     0.8950    -0.1646     1.5813     0.9587
[1] 24400.0000     1.0000     0.9947    -0.1863     1.5017     0.9697
[1] 24500.0000     0.1672     0.9726    -0.1565     1.6223     1.0605
[1] 24600.0000     0.6427     0.9237    -0.1986     1.4695     1.0127
[1] 24700.0000     1.0000     0.9195    -0.1365     1.5848     0.8781
[1] 24800.0000     0.2034     0.8460    -0.1570     1.5476     0.9489
[1] 24900.0000     0.4326     0.8023    -0.2677     1.5144     1.0260
[1] 25000.0000     1.0000     0.8801    -0.1553     1.5564     0.8235
[1] 25100.0000     1.0000     0.8419    -0.1920     1.5422     0.8544
[1] 25200.0000     0.5065     0.8858    -0.1938     1.5857     0.9934
[1] 25300.0000     0.3592     0.8254    -0.3085     1.4182     0.8434
[1] 25400.0000     0.3333     0.9621    -0.1331     1.5318     0.9516
[1] 25500.0000     0.3567     0.8417    -0.1463     1.4985     0.8432
[1] 25600.0000     0.0073     0.9041    -0.1643     1.5931     1.0021
[1] 25700.0000     0.1999     0.8976    -0.3015     1.4621     0.9408
[1] 25800.0000     0.1581     0.9910    -0.2425     1.5382     0.8240
[1] 25900.0000     0.1083     0.9827    -0.1414     1.4453     0.8279
[1] 26000.0000     0.7397     0.9492    -0.1526     1.4829     1.0058
[1] 26100.0000     0.0506     0.9935    -0.1971     1.5932     1.0009
[1] 26200.0000     1.0000     0.8601    -0.2323     1.4469     0.9041
[1] 26300.0000     0.3944     0.8448    -0.3097     1.4697     0.9973
[1] 26400.0000     0.1755     0.8855    -0.0790     1.4695     1.0131
[1] 26500.0000     0.7850     0.9678    -0.1768     1.4575     0.9418
[1] 26600.0000     0.3866     0.9993    -0.2179     1.4782     1.0988
[1] 26700.0000     0.5264     0.8892    -0.1953     1.5830     0.9428
[1] 26800.0000     1.0000     0.9542    -0.2607     1.5276     1.1594
[1] 26900.0000     0.5732     0.8955    -0.2867     1.4872     1.0592
[1] 27000.0000     1.0000     0.8977    -0.1950     1.5897     0.8661
[1] 27100.0000     1.0000     0.9280    -0.2420     1.5270     1.0348
[1] 27200.0000     0.0938     0.8135    -0.2934     1.6210     0.8529
[1] 27300.0000     0.0038     0.9608    -0.3563     1.4808     0.8492
[1] 27400.0000     0.1682     0.8725    -0.1786     1.4488     1.1899
[1] 27500.0000     0.4275     0.9534    -0.1854     1.4757     0.8238
[1] 27600.0000     0.0445     0.9247    -0.1811     1.5722     1.0450
[1] 27700.0000     0.0022     0.8768    -0.0794     1.5330     1.0202
[1] 27800.0000     0.2938     0.8828    -0.1494     1.5421     1.1030
[1] 27900.0000     0.7640     0.8904    -0.1216     1.5006     0.9276
[1] 28000.0000     0.0011     0.9430    -0.1911     1.5326     0.9743
[1] 28100.0000     0.0188     0.9857    -0.2203     1.5562     0.9345
[1] 28200.0000     0.5911     0.9920    -0.1650     1.5367     1.1206
[1] 28300.0000     0.5050     0.8510    -0.1684     1.4973     0.8048
[1] 28400.0000     0.9001     0.9594    -0.2018     1.4628     0.8105
[1] 28500.0000     1.0000     0.8206    -0.1957     1.5356     1.0447
[1] 28600.0000     0.4455     0.9775    -0.2372     1.4867     0.9079
[1] 28700.0000     0.9940     0.9143    -0.1916     1.4742     0.8158
[1] 28800.0000     1.0000     0.9743    -0.2326     1.4570     0.8723
[1] 28900.0000     0.5743     0.9457    -0.3549     1.5826     1.0466
[1] 29000.0000     0.4861     0.8148    -0.1998     1.5467     0.9225
[1] 29100.0000     0.2735     0.9156    -0.1735     1.5363     0.8172
[1] 29200.0000     0.0473     0.9367    -0.2061     1.4480     1.1465
[1] 29300.0000     1.0000     0.9064    -0.2273     1.4844     1.0368
[1] 29400.0000     0.1851     0.9512    -0.1039     1.3979     1.1262
[1] 29500.0000     1.0000     0.8146    -0.1462     1.5452     0.8093
[1] 29600.0000     0.5514     0.9770    -0.1427     1.6083     1.1651
[1] 29700.0000     0.1274     0.8808    -0.2353     1.4217     0.9901
[1] 29800.0000     0.7317     0.8701    -0.1630     1.5464     0.8024
[1] 29900.0000     1.0000     0.9798    -0.2777     1.5510     1.0014
[1] 30000.0000     0.4468     0.8307    -0.1651     1.4794     1.0904
[1] 0.5377785
Time difference of 10.42686 hours
null device 
          1 
