[1] "El numero de nodos X particion es: 10"
[1] "Model = M2 / Data = sim_data/datasetSVCExponential1.Rdata"
[1] 100.0000   1.0000   0.8291   0.0122   1.8425   0.9331
[1] 200.0000   0.4910   0.8487  -0.0817   1.8402   0.8384
[1] 300.0000   0.8435   0.8776  -0.2468   1.8314   1.0665
[1] 400.0000   0.0954   0.8477  -0.1431   1.8213   0.9308
[1] 500.0000   0.0442   0.8067  -0.1879   1.7810   0.9853
[1] 600.0000   0.0192   0.8693  -0.1300   1.7576   1.0610
[1] 700.0000   1.0000   0.8087  -0.1659   1.7778   1.0605
[1] 800.0000   0.8764   0.8954  -0.2185   1.8664   1.1490
[1] 900.0000   1.0000   0.9357  -0.2484   1.7359   1.0743
[1] 1000.0000    1.0000    0.9692   -0.1677    1.8229    0.9576
[1] 1100.0000    0.0603    0.8326   -0.2753    1.7778    1.0285
[1] 1200.0000    1.0000    0.8603   -0.1136    1.7990    0.9164
[1] 1300.0000    0.6610    0.8617   -0.2772    1.7349    1.0550
[1] 1400.0000    0.4868    0.9303   -0.2433    1.7877    1.1894
[1] 1500.0000    0.0023    0.9694   -0.0863    1.7302    1.1238
[1] 1600.0000    0.0873    0.8099   -0.1800    1.8436    1.0178
[1] 1700.0000    0.7039    0.8185   -0.1570    1.6858    1.1630
[1] 1800.0000    0.0063    0.9234   -0.1488    1.8420    1.1307
[1] 1900.0000    0.1786    0.9957   -0.0992    1.7886    1.1822
[1] 2000.0000    0.8159    0.8107   -0.1155    1.7734    0.8113
[1] 2100.0000    1.0000    0.8081   -0.1070    1.8070    0.9300
[1] 2200.0000    0.3231    0.8580   -0.1620    1.8261    1.0161
[1] 2300.0000    0.0260    0.8377   -0.0935    1.8032    0.8487
[1] 2400.0000    0.1364    0.9764   -0.0482    1.8196    1.0594
[1] 2500.0000    0.1639    0.9103   -0.1648    1.7498    0.8545
[1] 2600.0000    0.2156    0.8357   -0.1762    1.7686    0.9572
[1] 2700.0000    1.0000    0.8052   -0.1839    1.7267    0.8603
[1] 2800.0000    0.6782    0.8906   -0.2176    1.7701    0.8787
[1] 2900.0000    0.3257    0.8994   -0.2405    1.7440    1.0050
[1] 3000.0000    0.0545    0.8033   -0.1459    1.8925    1.0418
[1] 3100.0000    0.1819    0.8038   -0.1841    1.7538    1.1109
[1] 3200.0000    1.0000    0.9676   -0.1251    1.8205    1.1339
[1] 3300.0000    0.1103    0.8057   -0.1175    1.7462    1.1802
[1] 3400.0000    0.0817    0.8189   -0.2735    1.5898    0.9632
[1] 3500.0000    0.8432    0.9338   -0.1890    1.8258    0.8830
[1] 3600.0000    0.3448    0.8553   -0.0648    1.7943    1.1349
[1] 3700.0000    0.0492    0.8385   -0.1525    1.7404    0.8150
[1] 3800.0000    0.5895    0.8653   -0.2453    1.7585    0.9884
[1] 3900.0000    1.0000    0.8173   -0.2198    1.6773    1.1134
[1] 4000.0000    0.3847    0.9388   -0.1283    1.7104    0.8131
[1] 4100.0000    0.0716    0.8706   -0.1433    1.7202    0.9194
[1] 4200.0000    1.0000    0.8436   -0.2521    1.6921    0.9733
[1] 4300.0000    0.0202    0.8347   -0.2045    1.7335    0.9291
[1] 4400.0000    0.4520    0.8372   -0.0212    1.8914    1.0492
[1] 4500.0000    1.0000    0.8410   -0.1944    1.8510    1.1520
[1] 4600.0000    0.4772    0.8039   -0.2065    1.7308    1.1669
[1] 4700.0000    0.0101    0.8767   -0.2148    1.7033    1.1619
[1] 4800.0000    0.1570    0.8985   -0.1729    1.8077    0.9827
[1] 4900.0000    0.2743    0.8138   -0.1004    1.7829    1.0924
[1] 5000.0000    0.1942    0.8079   -0.0518    1.7100    0.9328
[1] 5100.0000    0.7536    0.8496   -0.2023    1.8086    0.8317
[1] 5200.0000    0.0419    0.8440   -0.2120    1.9011    1.1937
[1] 5300.0000    1.0000    0.8379   -0.1531    1.8041    1.0434
[1] 5400.0000    1.0000    0.8515   -0.1370    1.7710    1.1120
[1] 5500.0000    0.0709    0.8506   -0.1576    1.7370    1.1979
[1] 5600.0000    0.0055    0.9095   -0.3569    1.7621    0.9324
[1] 5700.0000    0.3307    0.8052   -0.2250    1.6890    1.1157
[1] 5800.0000    0.3313    0.8520   -0.1163    1.8656    1.0482
[1] 5900.0000    0.8121    0.8759   -0.2207    1.6431    1.0113
[1] 6000.0000    0.8081    0.8325   -0.2343    1.7748    0.8825
[1] 6100.0000    0.1569    0.9025   -0.1686    1.8270    0.9119
[1] 6200.0000    1.0000    0.8336   -0.1296    1.6590    0.9759
[1] 6300.0000    0.2569    0.8421   -0.1318    1.9050    0.8693
[1] 6400.0000    1.0000    0.9022   -0.2133    1.6985    0.8332
[1] 6500.0000    0.6511    0.8697   -0.1273    1.8681    0.9040
[1] 6600.0000    0.0570    0.8918   -0.2349    1.7994    1.0184
[1] 6700.0000    0.0182    0.8204   -0.1313    1.7608    0.9264
[1] 6800.0000    1.0000    0.8496   -0.1859    1.7522    0.9728
[1] 6900.0000    0.3710    0.9401   -0.1542    1.7115    0.9220
[1] 7000.0000    0.0460    0.8011   -0.1735    1.7224    1.0228
[1] 7100.0000    1.0000    0.8440   -0.2269    1.7408    0.9302
[1] 7200.0000    0.0653    0.8343   -0.1508    1.7421    0.9512
[1] 7300.0000    0.2383    0.8821   -0.1971    1.7483    0.9361
[1] 7400.0000    0.0155    0.8164   -0.2750    1.7168    0.8600
[1] 7500.0000    0.3512    0.8682   -0.1821    1.8016    0.9160
[1] 7600.0000    0.3126    0.8898   -0.1504    1.6843    1.1032
[1] 7700.0000    0.0432    0.8552   -0.2377    1.7945    1.0850
[1] 7800.0000    0.0102    0.8287   -0.1886    1.6696    0.9077
[1] 7900.0000    0.0934    0.8037   -0.2177    1.7542    1.1632
[1] 8000.0000    0.1044    0.8305   -0.1526    1.6818    0.9420
[1] 8100.0000    0.0662    0.8882   -0.1540    1.8386    1.0500
[1] 8200.0000    1.0000    0.8333   -0.1349    1.7868    1.0261
[1] 8300.0000    0.8280    0.8444   -0.0740    1.8194    1.1155
[1] 8400.0000    0.6631    0.8563   -0.2420    1.7481    1.0967
[1] 8500.0000    0.0334    0.8507   -0.2900    1.6730    1.0895
[1] 8600.0000    0.2291    0.8918   -0.2744    1.8103    1.0114
[1] 8700.0000    0.4980    0.8293   -0.2384    1.7123    0.8767
[1] 8800.0000    1.0000    0.9324   -0.2100    1.7471    0.8066
[1] 8900.0000    0.5460    0.9431   -0.0875    1.7719    1.1381
[1] 9000.0000    0.0092    0.9025   -0.2148    1.7754    0.9096
[1] 9100.0000    0.5425    0.9156   -0.1197    1.8065    1.0916
[1] 9200.0000    1.0000    0.9069   -0.2371    1.7290    1.1995
[1] 9300.0000    0.0578    0.8689   -0.1212    1.8779    0.9976
[1] 9400.0000    0.1548    0.8458   -0.0240    1.6759    1.0091
[1] 9500.0000    0.0039    0.8817   -0.2256    1.7880    1.0875
[1] 9600.0000    0.2571    0.8149   -0.1758    1.7467    0.9056
[1] 9700.0000    0.0496    0.8614   -0.0941    1.7327    0.9692
[1] 9800.0000    0.7237    0.8323   -0.1875    1.7401    0.8368
[1] 9900.0000    0.0014    0.9529   -0.1279    1.7560    0.9335
[1] 10000.0000     0.9107     0.8618    -0.2121     1.6522     0.8032
[1] 10100.0000     1.0000     0.9049    -0.2648     1.8341     1.0751
[1] 10200.0000     0.5537     0.9808    -0.2658     1.7419     0.8342
[1] 10300.0000     0.1145     0.8120    -0.0292     1.8142     0.8804
[1] 10400.0000     0.0196     0.8213    -0.1543     1.7247     1.0055
[1] 10500.0000     1.0000     0.8159    -0.1064     1.8761     1.1284
[1] 10600.0000     1.0000     0.8189    -0.0897     1.7138     1.1530
[1] 10700.0000     0.2860     0.8531    -0.1992     1.7736     0.8181
[1] 10800.0000     1.0000     0.8056    -0.1692     1.8075     0.8503
[1] 10900.0000     0.0187     0.8264    -0.2319     1.7608     1.1140
[1] 11000.0000     0.6791     0.8012    -0.1953     1.8721     0.9407
[1] 11100.0000     0.0666     0.8902    -0.1452     1.8453     0.9114
[1] 11200.0000     0.3552     0.8258    -0.2037     1.7115     1.0628
[1] 11300.0000     0.1960     0.9738    -0.2455     1.7505     1.1215
[1] 11400.0000     0.0786     0.8271    -0.1764     1.6552     1.1322
[1] 11500.0000     0.0078     0.9311    -0.2128     1.7362     0.8792
[1] 11600.0000     1.0000     0.9382    -0.2619     1.5814     0.8033
[1] 11700.0000     1.0000     0.8766    -0.1717     1.7917     0.9110
[1] 11800.0000     1.0000     0.8044    -0.0963     1.7303     0.8621
[1] 11900.0000     0.0796     0.8272    -0.0984     1.7871     0.8962
[1] 12000.0000     1.0000     0.9595    -0.2219     1.7026     1.1960
[1] 12100.0000     0.1857     0.8653    -0.2150     1.7885     1.1380
[1] 12200.0000     1.0000     0.8496    -0.2399     1.6985     0.8460
[1] 12300.0000     0.1356     0.8229    -0.0915     1.7496     0.9137
[1] 12400.0000     1.0000     0.8046    -0.2239     1.7059     0.8797
[1] 12500.0000     0.0643     0.9120    -0.0233     1.8039     1.1259
[1] 12600.0000     1.0000     0.9564    -0.1476     1.7990     1.1675
[1] 12700.0000     0.0112     0.9614    -0.1725     1.8831     0.8958
[1] 12800.0000     0.0004     0.8032    -0.2485     1.6878     0.9473
[1] 12900.0000     0.4678     0.8554    -0.2528     1.6843     0.9712
[1] 13000.0000     0.2551     0.8840    -0.1139     1.7900     1.1100
[1] 13100.0000     0.0823     0.8721    -0.2337     1.7574     1.1197
[1] 13200.0000     0.7586     0.9955    -0.1852     1.6988     0.8578
[1] 13300.0000     0.0947     0.8522    -0.1199     1.8349     1.0074
[1] 13400.0000     0.0272     0.9485    -0.1683     1.5951     1.0271
[1] 13500.0000     0.0013     0.8240    -0.2455     1.8799     1.0099
[1] 13600.0000     0.1718     0.8917    -0.2509     1.7569     1.0301
[1] 13700.0000     0.7246     0.8314    -0.2694     1.7653     0.8589
[1] 13800.0000     1.0000     0.8254    -0.1441     1.7059     0.9444
[1] 13900.0000     0.8336     0.8104    -0.2142     1.7057     0.8994
[1] 14000.0000     1.0000     0.9598    -0.1931     1.7164     0.8043
[1] 14100.0000     0.0031     0.9236    -0.1363     1.8862     0.9106
[1] 14200.0000     0.9751     0.9100    -0.1970     1.8098     1.1948
[1] 14300.0000     0.1281     0.9874    -0.2434     1.8160     0.9095
[1] 14400.0000     0.8515     0.8984    -0.1327     1.7782     1.1866
[1] 14500.0000     0.4076     0.8302    -0.2553     1.7796     1.1813
[1] 14600.0000     0.1659     0.8329    -0.1458     1.7406     0.9630
[1] 14700.0000     1.0000     0.8840    -0.0709     1.6941     1.0394
[1] 14800.0000     0.1524     0.8106    -0.1407     1.7195     1.0978
[1] 14900.0000     0.3150     0.8051    -0.1369     1.7720     1.0614
[1] 15000.0000     0.0003     0.9447    -0.1917     1.7693     0.8911
[1] 15100.0000     0.6047     0.9112    -0.1250     1.8031     1.0503
[1] 15200.0000     0.1391     0.8360    -0.2134     1.7281     1.1579
[1] 15300.0000     0.8782     0.8856    -0.1803     1.7917     0.9730
[1] 15400.0000     0.2242     0.8005    -0.1592     1.8219     0.8812
[1] 15500.0000     0.1323     0.9013    -0.1779     1.6385     1.0728
[1] 15600.0000     0.3222     0.9912    -0.1422     1.7326     1.0551
[1] 15700.0000     1.0000     0.9225    -0.0904     1.7820     0.9294
[1] 15800.0000     0.1199     0.9774    -0.1131     1.7424     1.1822
[1] 15900.0000     0.1579     0.9524    -0.1328     1.8266     1.0855
[1] 16000.0000     0.4902     0.9761    -0.1362     1.7956     1.0600
[1] 16100.0000     0.7596     0.9477    -0.2141     1.6402     0.9420
[1] 16200.0000     1.0000     0.8455    -0.2170     1.7250     1.0509
[1] 16300.0000     1.0000     0.9029    -0.1327     1.8474     1.0365
[1] 16400.0000     0.2083     0.8090    -0.1192     1.7419     0.8978
[1] 16500.0000     0.2830     0.8273    -0.0913     1.8365     0.8232
[1] 16600.0000     0.2110     0.8568    -0.2850     1.7798     1.0645
[1] 16700.0000     0.6154     0.9070    -0.2562     1.7547     1.1930
[1] 16800.0000     0.3081     0.8165    -0.1650     1.6581     1.0376
[1] 16900.0000     0.0079     0.8221    -0.2182     1.7326     1.1575
[1] 17000.0000     0.7165     0.8355    -0.1495     1.8082     0.9526
[1] 17100.0000     0.0946     0.9262     0.0109     1.7497     0.9696
[1] 17200.0000     1.0000     0.8059    -0.1962     1.6837     1.0244
[1] 17300.0000     0.8860     0.8396    -0.3194     1.6387     1.0131
[1] 17400.0000     0.4392     0.9623    -0.2295     1.9134     1.1696
[1] 17500.0000     0.3442     0.8174    -0.1858     1.7165     0.9835
[1] 17600.0000     0.0632     0.8242    -0.1615     1.7837     0.9225
[1] 17700.0000     0.0420     0.8794    -0.1802     1.6467     0.9707
[1] 17800.0000     0.7277     0.9571    -0.2103     1.7722     0.9258
[1] 17900.0000     0.0474     0.9291    -0.2305     1.8023     0.9192
[1] 18000.0000     0.3904     0.9109    -0.0660     1.8264     0.8712
[1] 18100.0000     0.1505     0.9137    -0.1920     1.7453     0.9014
[1] 18200.0000     0.2922     0.8127    -0.0652     1.8642     0.8547
[1] 18300.0000     0.9843     0.9137    -0.2343     1.8029     0.9901
[1] 18400.0000     0.0046     0.9243    -0.2564     1.7757     1.1066
[1] 18500.0000     1.0000     0.8751    -0.0968     1.8298     0.8892
[1] 18600.0000     0.1403     0.8656    -0.1701     1.8696     0.8624
[1] 18700.0000     0.0252     0.8306    -0.1213     1.7493     0.9156
[1] 18800.0000     0.7848     0.9422    -0.1592     1.8075     0.8265
[1] 18900.0000     0.1334     0.8297    -0.2219     1.7531     0.8354
[1] 19000.0000     1.0000     0.8087    -0.1405     1.8463     1.1060
[1] 19100.0000     0.8444     0.9272    -0.2961     1.7880     0.8583
[1] 19200.0000     0.6224     0.8319    -0.1701     1.6655     1.0132
[1] 19300.0000     0.2249     0.9020    -0.2455     1.7717     1.0537
[1] 19400.0000     1.0000     0.8507    -0.1918     1.7588     0.9744
[1] 19500.0000     0.0041     0.8266    -0.1138     1.7607     1.1950
[1] 19600.0000     0.2406     0.8237    -0.1595     1.7965     0.8717
[1] 19700.0000     1.0000     0.8293    -0.1692     1.7060     1.0022
[1] 19800.0000     0.3409     0.9869    -0.1553     1.8575     0.9076
[1] 19900.0000     1.0000     0.9655    -0.1110     1.8502     0.8660
[1] 20000.0000     0.2949     0.8545    -0.2039     1.7979     0.8923
[1] 20100.0000     0.0001     0.8622    -0.1490     1.8780     0.8640
[1] 20200.0000     0.4462     0.9840    -0.1965     1.8046     1.1380
[1] 20300.0000     1.0000     0.9019    -0.1874     1.6903     1.0263
[1] 20400.0000     1.0000     0.8446    -0.1874     1.7853     1.0333
[1] 20500.0000     1.0000     0.8702    -0.1722     1.8006     0.9048
[1] 20600.0000     0.3279     0.9169    -0.2443     1.8187     1.1057
[1] 20700.0000     1.0000     0.8107    -0.0344     1.8429     1.0874
[1] 20800.0000     1.0000     0.9981    -0.2169     1.8399     1.0246
[1] 20900.0000     0.5861     0.9455    -0.2494     1.8056     1.1141
[1] 21000.0000     0.0944     0.8695    -0.1987     1.7383     0.9727
[1] 21100.0000     0.2893     0.8627    -0.1561     1.7514     0.9213
[1] 21200.0000     0.2298     0.8010    -0.1724     1.7601     1.0057
[1] 21300.0000     0.1294     0.8214    -0.1442     1.7513     1.0391
[1] 21400.0000     0.9659     0.8276    -0.2081     1.7559     0.8233
[1] 21500.0000     1.0000     0.8291    -0.1608     1.7579     1.0581
[1] 21600.0000     0.1294     0.8069    -0.2015     1.8124     0.8555
[1] 21700.0000     0.3335     0.9973    -0.1627     1.6972     0.9605
[1] 21800.0000     0.4501     0.8443    -0.1268     1.9009     0.9811
[1] 21900.0000     0.9575     0.9598    -0.1688     1.7968     0.8497
[1] 22000.0000     1.0000     0.8874    -0.1035     1.7568     1.0182
[1] 22100.0000     1.0000     0.8517    -0.2039     1.7471     0.9777
[1] 22200.0000     1.0000     0.8579    -0.2015     1.7599     0.8534
[1] 22300.0000     0.1069     0.9726    -0.3387     1.7874     0.8521
[1] 22400.0000     0.0963     0.8145    -0.2447     1.6785     0.8604
[1] 22500.0000     0.2597     0.8239    -0.1852     1.8423     1.1368
[1] 22600.0000     0.0289     0.8858    -0.1813     1.9032     0.9064
[1] 22700.0000     0.1066     0.8271    -0.1529     1.8604     1.1968
[1] 22800.0000     0.0985     0.8972    -0.1604     1.6144     1.0231
[1] 22900.0000     0.8868     0.8956    -0.2470     1.5949     1.1446
[1] 23000.0000     0.0072     0.8188    -0.2079     1.6726     1.0070
[1] 23100.0000     1.0000     0.8119    -0.1275     1.7996     1.0551
[1] 23200.0000     0.6114     0.8154    -0.0943     1.7808     0.9644
[1] 23300.0000     0.2867     0.9727    -0.1181     1.8522     0.9482
[1] 23400.0000     0.7244     0.8888    -0.2639     1.6873     1.0444
[1] 23500.0000     0.4805     0.8797    -0.1711     1.8276     0.8266
[1] 23600.0000     0.1027     0.8176    -0.2510     1.8072     0.8266
[1] 23700.0000     0.1448     0.9328    -0.1713     1.7126     1.0180
[1] 23800.0000     0.2420     0.9299    -0.1968     1.6573     1.0580
[1] 23900.0000     1.0000     0.8722    -0.1330     1.7183     0.8735
[1] 24000.0000     0.2098     0.8060    -0.1106     1.7014     1.1215
[1] 24100.0000     1.0000     0.9214    -0.2729     1.8574     0.8541
[1] 24200.0000     0.1817     0.9331    -0.2597     1.7192     1.1419
[1] 24300.0000     1.0000     0.8163    -0.1407     1.8281     1.0906
[1] 24400.0000     0.2827     0.8950    -0.1660     1.7973     0.9027
[1] 24500.0000     1.0000     0.8539    -0.1423     1.8438     0.8359
[1] 24600.0000     0.2431     0.9062    -0.2012     1.7473     0.8877
[1] 24700.0000     1.0000     0.9195    -0.1999     1.7983     0.8781
[1] 24800.0000     0.0793     0.8460    -0.1683     1.8020     0.9489
[1] 24900.0000     0.4007     0.9126    -0.2431     1.8315     1.0268
[1] 25000.0000     0.9484     0.8801    -0.1338     1.8342     0.8235
[1] 25100.0000     1.0000     0.8419    -0.1997     1.8540     0.8544
[1] 25200.0000     0.3217     0.8495    -0.1507     1.7724     1.1739
[1] 25300.0000     1.0000     0.8151    -0.2803     1.7509     1.0748
[1] 25400.0000     1.0000     0.8988    -0.2105     1.6430     1.0888
[1] 25500.0000     0.2483     0.8417    -0.0707     1.7709     0.8432
[1] 25600.0000     0.0394     0.8981    -0.1065     1.7943     0.8498
[1] 25700.0000     0.4742     0.8976    -0.2825     1.7633     0.9408
[1] 25800.0000     0.0612     0.8606    -0.1502     1.8088     0.8978
[1] 25900.0000     0.0621     0.8683    -0.0883     1.6974     0.8098
[1] 26000.0000     0.7757     0.9492    -0.1370     1.7242     1.0058
[1] 26100.0000     0.3661     0.8603    -0.1146     1.8639     0.9559
[1] 26200.0000     1.0000     0.8601    -0.1535     1.8186     0.9041
[1] 26300.0000     0.5505     0.8623    -0.3167     1.7603     1.0835
[1] 26400.0000     0.1892     0.8855    -0.1036     1.6344     1.0131
[1] 26500.0000     0.2504     0.8034    -0.2068     1.7793     1.1338
[1] 26600.0000     1.0000     0.8531    -0.2210     1.6270     1.1347
[1] 26700.0000     1.0000     0.8892    -0.1405     1.7422     0.9428
[1] 26800.0000     0.2267     0.8173    -0.1966     1.8106     0.9752
[1] 26900.0000     0.0040     0.8396    -0.1728     1.8232     0.9391
[1] 27000.0000     0.5588     0.8263    -0.1933     1.9019     0.9898
[1] 27100.0000     0.1028     0.8095    -0.1720     1.7582     1.0497
[1] 27200.0000     0.0575     0.8135    -0.2788     1.8436     0.8529
[1] 27300.0000     0.0044     0.9608    -0.2497     1.6881     0.8492
[1] 27400.0000     0.3410     0.8806    -0.1507     1.6439     1.0468
[1] 27500.0000     1.0000     0.8366    -0.1716     1.7743     1.0805
[1] 27600.0000     0.0260     0.9247    -0.1188     1.8309     1.0450
[1] 27700.0000     0.0022     0.8768    -0.0261     1.8231     1.0202
[1] 27800.0000     0.0086     0.8828    -0.1711     1.8394     1.1030
[1] 27900.0000     0.6936     0.8774    -0.0710     1.8359     1.0564
[1] 28000.0000     0.0170     0.9430    -0.1785     1.7386     0.9743
[1] 28100.0000     0.0615     0.9857    -0.2431     1.7518     0.9345
[1] 28200.0000     1.0000     0.9271    -0.1063     1.8002     0.9591
[1] 28300.0000     0.6412     0.8124    -0.1718     1.8469     0.9290
[1] 28400.0000     0.7493     0.9594    -0.2028     1.7417     0.8105
[1] 28500.0000     1.0000     0.8206    -0.1431     1.8148     1.0447
[1] 28600.0000     0.1035     0.8240    -0.1771     1.7779     0.9940
[1] 28700.0000     0.4560     0.8497    -0.1983     1.7855     1.1155
[1] 28800.0000     0.6345     0.9743    -0.2082     1.7086     0.8723
[1] 28900.0000     1.0000     0.9689    -0.3211     1.8018     1.0738
[1] 29000.0000     1.0000     0.8095    -0.1850     1.8100     1.0816
[1] 29100.0000     0.0381     0.9156    -0.1569     1.8585     0.8172
[1] 29200.0000     0.7317     0.8572    -0.2598     1.7676     1.0103
[1] 29300.0000     1.0000     0.9064    -0.2062     1.7313     1.0368
[1] 29400.0000     0.4378     0.9512    -0.0791     1.7154     1.1262
[1] 29500.0000     1.0000     0.8146    -0.1976     1.8427     0.8093
[1] 29600.0000     0.0544     0.8135    -0.1282     1.8305     0.8030
[1] 29700.0000     0.1518     0.8203    -0.1855     1.6884     1.1249
[1] 29800.0000     1.0000     0.8701    -0.2197     1.7756     0.8024
[1] 29900.0000     0.4959     0.9798    -0.1761     1.8427     1.0014
[1] 30000.0000     0.2113     0.8307    -0.1142     1.7652     1.0904
[1] 0.4732611
Time difference of 9.822976 hours
null device 
          1 
