[1] "El numero de nodos X particion es: 10"
[1] "Model = M2 / Data = sim_data/datasetSVIMatern10.Rdata"
[1] 100.0000   1.0000   0.8291   0.0975   1.9454   0.9331
[1] 200.0000   0.0012   0.8487   0.4087   1.6091   0.8384
[1] 300.0000   0.1725   0.8776   0.0353   2.0742   1.0665
[1] 400.0000   0.0000   0.8775  -0.2278   2.3602   1.0971
[1] 500.0000   0.0000   0.8350   1.0252   0.9830   0.9084
[1] 600.0000   0.0143   0.8148   0.9467   1.1159   0.8457
[1] 700.0000   0.0001   0.8999   0.6261   1.4125   1.0702
[1] 800.0000   0.0000   0.8728   0.2769   1.7366   0.9084
[1] 900.0000   0.0000   0.8673  -0.1808   2.1310   0.8963
[1] 1000.0000    0.0000    0.8209   -0.5811    2.5931    0.9374
[1] 1100.0000    0.0000    0.9319    0.2991    1.7047    0.8930
[1] 1200.0000    0.1302    0.8544    0.8489    1.1963    0.9984
[1] 1300.0000    1.0000    0.8617   -0.0822    1.9971    1.0550
[1] 1400.0000    0.0000    0.8099   -0.5235    2.5034    1.1384
[1] 1500.0000    0.0000    0.9584    0.2642    1.7527    1.0940
[1] 1600.0000    0.0000    0.9658   -0.7293    2.7217    1.0950
[1] 1700.0000    0.0000    0.9419   -0.1227    2.1844    1.0966
[1] 1800.0000    0.0000    0.9376    0.0700    1.9540    0.8302
[1] 1900.0000    0.0000    0.8411   -1.0878    3.1047    1.0047
[1] 2000.0000    0.0000    0.9400   -0.4022    2.4400    1.1109
[1] 2100.0000    0.0000    0.8246   -0.5805    2.4990    1.1071
[1] 2200.0000    0.0000    0.8668    0.0788    2.0217    1.0989
[1] 2300.0000    0.0000    0.8951    0.2904    1.6852    0.9529
[1] 2400.0000    0.0000    0.9355    0.1979    1.7860    1.1578
[1] 2500.0000    0.0079    0.8909    0.2498    1.6544    1.1217
[1] 2600.0000    0.0000    0.9100    0.2779    1.7858    1.1442
[1] 2700.0000    0.0000    0.8492   -0.7628    2.8752    0.9140
[1] 2800.0000    0.0423    0.8113   -0.1324    2.2010    0.9151
[1] 2900.0000    0.0000    0.9057   -0.9537    2.9270    0.9581
[1] 3000.0000    0.0000    0.8454   -0.3065    2.3631    0.9669
[1] 3100.0000    0.0000    0.9787    0.1558    1.8648    0.9283
[1] 3200.0000    0.0000    0.9190    0.3749    1.6319    0.9575
[1] 3300.0000    0.0000    0.9312   -0.0086    2.0079    0.9302
[1] 3400.0000    0.2668    0.8983    0.6513    1.4031    1.1525
[1] 3500.0000    0.0000    0.8208    0.1250    1.9316    0.8172
[1] 3600.0000    0.0000    0.9625   -0.1608    2.2085    0.8525
[1] 3700.0000    0.5905    0.9624   -0.0771    2.0233    0.8094
[1] 3800.0000    0.0000    0.9791    0.8632    1.1169    1.0179
[1] 3900.0000    0.0000    0.8319    0.5450    1.5499    0.8180
[1] 4000.0000    0.0000    0.9448   -0.0389    2.0639    1.0791
[1] 4100.0000    0.0000    0.8388   -0.3564    2.4039    0.8864
[1] 4200.0000    0.0000    0.9756   -0.2884    2.2423    0.9752
[1] 4300.0000    0.9766    0.8741   -0.4106    2.4320    1.1249
[1] 4400.0000    0.0000    0.9348    1.0837    0.9353    0.8408
[1] 4500.0000    0.2263    0.8410    0.3843    1.7320    1.1520
[1] 4600.0000    0.0000    0.9581    1.3842    0.7249    0.8180
[1] 4700.0000    0.0000    0.8536    0.6260    1.4001    0.9410
[1] 4800.0000    0.0000    0.8006   -0.1393    2.1349    0.9390
[1] 4900.0000    0.0000    0.8761   -0.0824    2.0889    1.0415
[1] 5000.0000    0.0000    0.9762   -0.3039    2.2884    0.8665
[1] 5100.0000    0.0000    0.8192   -0.3073    2.3097    0.8134
[1] 5200.0000    0.0000    0.8051    0.5180    1.4493    0.8965
[1] 5300.0000    0.0000    0.8845    0.7808    1.2317    1.0022
[1] 5400.0000    0.0000    0.9713    0.4468    1.4329    1.1011
[1] 5500.0000    0.0000    0.8913    0.8251    1.1930    1.1131
[1] 5600.0000    0.0000    0.8117    0.6687    1.3462    0.9121
[1] 5700.0000    0.0000    0.9545    0.2101    1.7248    0.8805
[1] 5800.0000    0.0000    0.8612    0.0206    2.0660    1.0327
[1] 5900.0000    0.0000    0.8278    0.1758    1.8435    1.0767
[1] 6000.0000    0.0000    0.8887    0.2992    1.6176    0.8335
[1] 6100.0000    0.0000    0.8198   -0.1918    2.1483    1.1772
[1] 6200.0000    0.0000    0.8235   -0.1816    2.1310    1.1329
[1] 6300.0000    0.0000    0.9569    0.4156    1.7418    0.8080
[1] 6400.0000    0.0000    0.9924   -0.1436    2.0981    1.0322
[1] 6500.0000    0.0247    0.9084    0.0043    2.0737    1.0918
[1] 6600.0000    0.0000    0.8710   -0.2351    2.1405    0.9001
[1] 6700.0000    0.0000    0.8204   -0.9971    2.9705    0.9264
[1] 6800.0000    0.0056    0.8794    0.5381    1.3947    0.9381
[1] 6900.0000    0.0000    0.8857   -0.0400    2.0490    0.9847
[1] 7000.0000    0.0000    0.8841    0.4400    1.5862    0.9189
[1] 7100.0000    0.0000    0.9544    0.4155    1.6334    0.9045
[1] 7200.0000    0.0000    0.8247    0.5520    1.5629    0.8913
[1] 7300.0000    0.0000    0.9346    1.3660    0.6930    1.1740
[1] 7400.0000    0.0000    0.8045    0.2668    1.7265    0.8734
[1] 7500.0000    0.0000    0.8918   -0.6463    2.6282    1.0101
[1] 7600.0000    0.0000    0.9493   -0.2066    2.2140    0.9281
[1] 7700.0000    0.0000    0.8440   -0.8379    2.8669    0.8976
[1] 7800.0000    0.0000    0.9477    0.1882    1.7507    0.8206
[1] 7900.0000    0.0000    0.8303   -0.4644    2.4515    0.8084
[1] 8000.0000    0.0000    0.9309    0.3126    1.6825    1.0835
[1] 8100.0000    0.0000    0.8483   -0.2660    2.2021    0.8203
[1] 8200.0000    0.0001    0.8808   -1.0660    2.9263    1.1030
[1] 8300.0000    0.0000    0.8222   -0.8184    2.8544    0.8438
[1] 8400.0000    0.0000    0.9658   -0.2988    2.2120    0.9286
[1] 8500.0000    0.0000    0.8325    0.0587    2.0143    1.0750
[1] 8600.0000    0.0017    0.9564   -0.9518    2.9945    0.9963
[1] 8700.0000    0.0000    0.8940   -0.8193    2.8002    1.0236
[1] 8800.0000    0.0000    0.8601    0.3291    1.6021    0.8170
[1] 8900.0000    0.0000    0.8248    0.6120    1.4223    1.0728
[1] 9000.0000    0.0000    0.8301    0.3782    1.5589    1.1387
[1] 9100.0000    0.0000    0.8060    0.5539    1.3432    0.8104
[1] 9200.0000    0.0000    0.8777    0.3260    1.7294    1.1489
[1] 9300.0000    0.0000    0.8764   -0.5305    2.5852    1.0012
[1] 9400.0000    0.0000    0.8413    0.9518    1.0123    1.0761
[1] 9500.0000    0.0000    0.8817   -0.7527    2.7514    1.0875
[1] 9600.0000    0.0000    0.8149    0.1555    1.8660    0.9056
[1] 9700.0000    0.0000    0.9657    1.2608    0.8273    0.9166
[1] 9800.0000    0.0000    0.8196    0.6912    1.2647    0.8766
[1] 9900.0000    0.0000    0.9876    2.1353   -0.1707    0.9739
[1] 10000.0000     1.0000     0.8618    -0.1190     2.1349     0.8032
[1] 10100.0000     0.5630     0.9049     0.4884     1.6298     1.0751
[1] 10200.0000     0.0003     0.8133     0.7263     1.2414     1.1117
[1] 10300.0000     0.0618     0.9549     1.3085     0.7932     0.8021
[1] 10400.0000     0.0000     0.9109    -0.1946     2.1456     0.9653
[1] 10500.0000     0.0000     0.9828     0.1394     1.8268     0.8036
[1] 10600.0000     0.0000     0.8442    -0.1774     2.2449     0.9495
[1] 10700.0000     0.0000     0.8398     0.5492     1.5213     1.0590
[1] 10800.0000     0.0345     0.9785     0.6111     1.4225     1.1554
[1] 10900.0000     0.0000     0.8191     0.9788     1.0363     0.8008
[1] 11000.0000     0.0154     0.8176     0.9134     1.1581     0.9081
[1] 11100.0000     0.0000     0.8902     0.5147     1.5137     0.9114
[1] 11200.0000     0.5209     0.9398    -1.1404     3.1518     0.9513
[1] 11300.0000     0.0000     0.8936    -1.1398     3.1699     1.0961
[1] 11400.0000     0.0013     0.9548     0.8605     1.2128     1.0047
[1] 11500.0000     0.0000     0.8034     0.7145     1.3344     0.8501
[1] 11600.0000     0.0000     0.9104    -0.4303     2.4271     0.8269
[1] 11700.0000     0.0001     0.8224     0.0591     1.9794     0.8539
[1] 11800.0000     0.0000     0.8440     0.1364     1.7126     0.8198
[1] 11900.0000     0.0000     0.8460    -0.6938     2.6626     0.8150
[1] 12000.0000     0.0000     0.8056    -0.6744     2.7350     1.1142
[1] 12100.0000     0.0000     0.8005    -1.0674     3.0164     0.8375
[1] 12200.0000     1.0000     0.8496     0.6492     1.3789     0.8460
[1] 1.230e+04 0.000e+00 8.010e-01 2.518e-01 1.780e+00 8.810e-01
[1] 12400.0000     0.5753     0.8046    -0.1351     2.2447     0.8797
[1] 12500.0000     0.0000     0.9939     0.2326     1.8539     0.9707
[1] 12600.0000     0.0000     0.8126    -0.1614     2.2253     1.1805
[1] 12700.0000     0.0000     0.8779    -0.5533     2.4741     0.8170
[1] 12800.0000     0.0000     0.8257    -0.2096     2.2514     0.8904
[1] 12900.0000     0.2462     0.8845     0.2409     1.8395     0.8572
[1] 13000.0000     0.0000     0.8069    -0.0709     2.0373     1.0997
[1] 1.310e+04 0.000e+00 9.404e-01 1.155e+00 8.942e-01 9.822e-01
[1] 13200.0000     0.0000     0.8843     0.1264     1.9492     0.9997
[1] 13300.0000     0.0000     0.9271    -0.0526     1.9994     0.8364
[1] 13400.0000     0.0000     0.8092     0.3276     1.6966     1.1676
[1] 13500.0000     0.0000     0.8466    -0.5788     2.6153     0.8143
[1] 13600.0000     0.0000     0.8917     0.7545     1.2723     1.0301
[1] 13700.0000     0.0000     0.8951    -0.3166     2.3063     1.0363
[1] 13800.0000     0.0000     0.8787    -1.1589     3.2051     1.0611
[1] 13900.0000     0.0000     0.8573    -0.0804     2.0759     0.8372
[1] 14000.0000     0.0000     0.9588     0.5162     1.4423     0.9662
[1] 14100.0000     0.0000     0.8411     0.7514     1.1783     1.1804
[1] 14200.0000     0.0000     0.8479     0.0961     1.8713     0.8739
[1] 14300.0000     0.0000     0.8548    -0.9767     2.9598     0.8231
[1] 14400.0000     0.0191     0.8623     0.3220     1.6771     0.8985
[1] 14500.0000     0.2102     0.8647     0.5143     1.5603     1.0877
[1] 1.460e+04 0.000e+00 8.721e-01 8.149e-01 1.210e+00 9.912e-01
[1] 14700.0000     0.0000     0.8974     0.1540     1.7577     1.0871
[1] 14800.0000     0.0000     0.9988     0.9036     1.0494     0.9067
[1] 14900.0000     0.0043     0.8382     0.3298     1.7024     0.9296
[1] 15000.0000     0.0005     0.9447    -0.0349     1.9830     0.8911
[1] 15100.0000     0.9182     0.8384     0.1719     1.7752     0.8510
[1] 15200.0000     0.0000     0.8734     1.1338     0.8787     0.8767
[1] 15300.0000     0.1975     0.8059     0.2134     1.8365     0.9091
[1] 15400.0000     0.0940     0.9636    -1.0752     3.1573     0.9462
[1] 15500.0000     0.0000     0.9734    -1.4230     3.4101     1.1714
[1] 15600.0000     0.0000     0.8520    -1.9451     3.9547     1.1912
[1] 15700.0000     0.0000     0.8475    -0.5464     2.5347     0.9690
[1] 15800.0000     0.0000     0.9108    -0.3580     2.3319     0.9068
[1] 15900.0000     0.0000     0.8841     0.0173     1.9798     0.8192
[1] 16000.0000     0.0003     0.8124    -0.5938     2.5879     1.1160
[1] 16100.0000     0.0000     0.8125     0.3835     1.5924     0.8885
[1] 16200.0000     0.0000     0.9466     0.6702     1.2591     0.9477
[1] 16300.0000     0.0000     0.9158     0.5715     1.4713     0.9491
[1] 16400.0000     0.0000     0.9401    -0.0820     2.0613     0.9237
[1] 16500.0000     0.2829     0.9646    -0.2393     2.2440     1.1820
[1] 16600.0000     0.0000     0.8294    -0.6611     2.7407     0.8835
[1] 16700.0000     0.0000     0.9287     0.2823     1.6315     0.9633
[1] 16800.0000     0.0000     0.9378    -0.3722     2.2823     1.0931
[1] 16900.0000     0.0000     0.8583     0.3741     1.6254     0.9158
[1] 17000.0000     0.0000     0.9790     0.3154     1.7053     0.8822
[1] 17100.0000     0.0000     0.9305     1.3805     0.6751     0.9283
[1] 17200.0000     0.0000     0.9497     1.7684     0.1851     0.8252
[1] 17300.0000     1.0000     0.8396     0.7051     1.2808     1.0131
[1] 17400.0000     0.0000     0.8593     0.3738     1.6629     1.1450
[1] 17500.0000     0.0000     0.8131     0.5363     1.5347     0.9127
[1] 17600.0000     0.0000     0.8698     0.0965     1.9505     0.8781
[1] 17700.0000     0.0000     0.8794     0.3438     1.7176     0.9707
[1] 17800.0000     0.0001     0.8905    -0.5448     2.6268     0.8701
[1] 17900.0000     0.0000     0.9083    -0.2695     2.3185     0.9495
[1] 18000.0000     1.0000     0.9109    -0.4640     2.4856     0.8712
[1] 18100.0000     0.0000     0.8078    -1.1040     3.0761     0.9064
[1] 18200.0000     0.0000     0.8728     1.1139     0.9708     0.9452
[1] 18300.0000     0.0000     0.9012     0.0127     1.9885     1.0710
[1] 18400.0000     0.0000     0.9529    -0.6104     2.6722     0.8173
[1] 18500.0000     0.0000     0.9525    -0.4907     2.4846     0.9333
[1] 18600.0000     0.0000     0.8656    -0.3534     2.4125     0.8624
[1] 1.870e+04 0.000e+00 8.080e-01 3.053e-01 1.834e+00 9.308e-01
[1] 1.880e+04 0.000e+00 8.537e-01 4.629e-01 1.555e+00 9.005e-01
[1] 18900.0000     0.0000     0.9024     0.2575     1.7085     1.0613
[1] 19000.0000     0.0000     0.8366    -0.2419     2.2227     0.8015
[1] 19100.0000     0.0000     0.9728     0.8153     1.1021     0.8217
[1] 1.920e+04 0.000e+00 8.001e-01 2.297e-01 1.713e+00 9.641e-01
[1] 19300.0000     0.0000     0.8035     0.1876     1.7808     1.0886
[1] 19400.0000     0.0000     0.8500    -0.3682     2.3640     0.9313
[1] 19500.0000     0.0000     0.9654     0.0227     1.9754     0.9669
[1] 19600.0000     0.1053     0.9162    -1.5781     3.5855     0.8038
[1] 19700.0000     0.0000     0.8982    -0.6331     2.5246     1.1826
[1] 19800.0000     0.0000     0.9408     0.0110     2.0243     0.9927
[1] 19900.0000     0.0000     0.9981    -0.4671     2.5333     1.0280
[1] 20000.0000     0.0000     0.8708    -1.0439     3.0462     1.0213
[1] 20100.0000     0.0000     0.9080     0.0856     2.0014     1.0402
[1] 20200.0000     0.3717     0.9479     0.6714     1.3619     0.8246
[1] 20300.0000     0.0000     0.8028    -0.1868     2.2914     0.9708
[1] 20400.0000     0.0006     0.8854    -0.2935     2.2541     0.8024
[1] 20500.0000     0.0000     0.8791    -0.5564     2.5289     0.9808
[1] 20600.0000     0.3311     0.9169    -0.3285     2.3801     1.1057
[1] 20700.0000     1.0000     0.8107    -0.4245     2.3388     1.0874
[1] 20800.0000     0.0000     0.8900    -1.0048     3.0395     0.8340
[1] 20900.0000     0.0012     0.8088     0.6137     1.3818     0.9600
[1] 21000.0000     0.0000     0.8111    -0.0176     2.0286     0.8016
[1] 21100.0000     0.0000     0.9732     0.1426     1.9699     0.8253
[1] 21200.0000     0.0211     0.8263    -0.0026     1.9933     1.1324
[1] 21300.0000     0.0000     0.8399    -0.7737     2.6631     1.0171
[1] 21400.0000     0.0000     0.9719     0.0033     1.9176     0.9071
[1] 21500.0000     0.0000     0.8732    -0.2475     2.2028     1.0565
[1] 21600.0000     0.0000     0.8010    -0.1569     2.1973     1.1966
[1] 21700.0000     0.0000     0.8416    -0.4810     2.4778     1.0860
[1] 21800.0000     0.0000     0.8709    -0.4453     2.4760     1.0601
[1] 21900.0000     0.0000     0.9408     0.3793     1.5404     0.9421
[1] 22000.0000     0.0000     0.8850     1.2426     0.7542     0.9555
[1] 22100.0000     0.0000     0.8953    -0.0430     1.9613     0.9321
[1] 22200.0000     0.0000     0.9882    -0.8800     2.8164     0.9514
[1] 22300.0000     0.0000     0.8584     0.4058     1.7002     0.9367
[1] 22400.0000     0.0000     0.9494     0.4475     1.5367     0.9207
[1] 22500.0000     1.0000     0.9879     1.2104     0.7481     0.8971
[1] 22600.0000     0.0000     0.8858     1.5829     0.5725     0.9064
[1] 22700.0000     0.0000     0.8271     1.0965     0.8379     1.1968
[1] 22800.0000     0.0022     0.8616    -0.4107     2.5152     1.1425
[1] 2.290e+04 0.000e+00 9.768e-01 9.089e-01 9.944e-01 8.117e-01
[1] 23000.0000     0.0000     0.9491     0.8284     1.1932     0.8538
[1] 23100.0000     0.0000     0.8430    -0.1167     2.1125     0.8574
[1] 23200.0000     0.0000     0.8288    -0.2887     2.3380     0.8616
[1] 23300.0000     0.5707     0.8966     0.2348     1.8150     1.0199
[1] 2.340e+04 0.000e+00 9.418e-01 4.339e-01 1.574e+00 8.205e-01
[1] 23500.0000     0.0000     0.8934    -1.3454     3.3351     1.1391
[1] 23600.0000     0.0000     0.8176     0.4451     1.5085     0.8266
[1] 23700.0000     0.0000     0.8580    -0.0642     2.0751     0.8494
[1] 23800.0000     0.0000     0.9509    -0.6844     2.6009     0.9516
[1] 23900.0000     0.0000     0.8157     0.7634     1.2646     0.8034
[1] 24000.0000     0.0000     0.9304     0.6756     1.3027     0.8086
[1] 24100.0000     0.0000     0.8643    -0.8069     2.8527     0.9462
[1] 24200.0000     0.0000     0.8399    -0.2060     2.1351     1.0287
[1] 24300.0000     0.0000     0.8207    -0.6337     2.6623     1.1509
[1] 24400.0000     0.4281     0.8950     0.5710     1.3835     0.9027
[1] 24500.0000     0.0000     0.9407     1.2116     0.7079     1.0416
[1] 24600.0000     0.0000     0.9062     0.0872     1.9303     0.8877
[1] 24700.0000     0.0000     0.9025    -0.4593     2.4581     0.8040
[1] 24800.0000     0.0000     0.8077     0.7771     1.2381     0.9621
[1] 24900.0000     0.0000     0.9495    -0.0641     2.0179     0.8626
[1] 25000.0000     0.0004     0.9628    -0.2734     2.2840     0.9362
[1] 25100.0000     0.0000     0.9605     1.1561     0.8262     1.0743
[1] 25200.0000     0.0000     0.8184     0.3725     1.6477     0.8574
[1] 25300.0000     0.7809     0.8151    -0.0524     2.0380     1.0748
[1] 25400.0000     1.0000     0.8988    -0.6730     2.6818     1.0888
[1] 25500.0000     0.0000     0.8147     0.9136     1.0944     1.1844
[1] 25600.0000     0.0000     0.8978     0.0402     1.9668     1.1142
[1] 2.570e+04 0.000e+00 8.060e-01 6.441e-01 1.374e+00 8.422e-01
[1] 25800.0000     0.0000     0.8043    -1.0699     2.9670     0.8730
[1] 25900.0000     1.0000     0.8632    -0.4253     2.4738     1.1254
[1] 26000.0000     0.0184     0.8358    -0.8660     2.8974     1.1365
[1] 26100.0000     0.0000     0.9196    -0.6040     2.4205     1.1722
[1] 26200.0000     0.0000     0.9768    -1.2192     3.1388     0.9801
[1] 26300.0000     0.0000     0.8530    -0.4912     2.4791     1.0678
[1] 26400.0000     0.0000     0.8767     1.2501     0.6476     0.8041
[1] 26500.0000     0.0021     0.8556     0.2550     1.7893     0.8038
[1] 26600.0000     0.0000     0.9293    -0.5480     2.6751     0.8497
[1] 26700.0000     0.0004     0.8184    -0.2320     2.1443     0.9177
[1] 26800.0000     0.0000     0.8544    -1.1032     3.1465     0.9528
[1] 26900.0000     0.0000     0.9586     0.2013     1.7414     1.0279
[1] 27000.0000     0.0000     0.8794     0.5398     1.4469     0.8948
[1] 27100.0000     0.2644     0.8095     0.1344     1.9244     1.0497
[1] 27200.0000     0.0000     0.8628    -0.4100     2.4468     1.0265
[1] 27300.0000     0.0000     0.9326     0.2555     1.7479     0.8298
[1] 27400.0000     0.0000     0.8182    -0.3196     2.3294     1.1040
[1] 27500.0000     0.0000     0.8301     0.2630     1.6891     0.9239
[1] 2.760e+04 0.000e+00 8.732e-01 9.123e-01 1.131e+00 9.172e-01
[1] 27700.0000     0.0000     0.8317     0.3457     1.6161     1.1846
[1] 27800.0000     0.0000     0.8338     0.4293     1.5836     0.9440
[1] 27900.0000     1.0000     0.8904     0.6899     1.2685     0.9276
[1] 28000.0000     0.0000     0.8651    -0.7515     2.8457     0.8498
[1] 28100.0000     0.0000     0.8313    -0.7186     2.7956     0.8089
[1] 28200.0000     0.0000     0.9683    -1.2356     3.2505     0.8917
[1] 28300.0000     0.0000     0.8845    -0.1857     2.2085     0.9758
[1] 28400.0000     1.0000     0.9594    -0.3329     2.3527     0.8105
[1] 28500.0000     0.0000     0.8824     0.6694     1.2977     0.8003
[1] 28600.0000     0.0000     0.8043    -0.8341     2.8148     0.9928
[1] 28700.0000     0.0000     0.8546    -1.3475     3.2330     0.9787
[1] 28800.0000     0.0000     0.8104     0.3567     1.6172     1.1940
[1] 28900.0000     0.0000     0.9040     0.1355     1.7115     0.8375
[1] 29000.0000     0.0000     0.9277    -0.0229     2.0502     1.1735
[1] 29100.0000     0.0000     0.8445    -0.3891     2.4534     0.8871
[1] 29200.0000     0.1255     0.9367     0.5682     1.4231     1.1465
[1] 2.930e+04 1.100e-03 9.749e-01 1.009e+00 9.445e-01 9.782e-01
[1] 29400.0000     0.0000     0.8948     0.2553     1.7667     0.8239
[1] 29500.0000     0.0000     0.8094    -0.1113     2.0726     0.8253
[1] 2.960e+04 0.000e+00 8.335e-01 1.752e-01 1.818e+00 1.194e+00
[1] 29700.0000     0.0000     0.9991    -0.2452     2.2218     0.9357
[1] 29800.0000     0.0000     0.9203    -0.5032     2.4990     0.9519
[1] 29900.0000     0.6865     0.9798    -0.3698     2.3885     1.0014
[1] 30000.0000     0.0000     0.8841     0.5123     1.4399     1.0036
[1] 0.07195712
Time difference of 11.71024 hours
null device 
          1 
