[1] "El numero de nodos X particion es: 10"
[1] "Model = M2 / Data = sim_data/datasetSVIExponential26.Rdata"
[1] 100.0000   0.4093   0.9429   0.1113   1.8502   1.1970
[1] 200.0000   0.0022   0.8487  -0.0803   1.9948   0.8384
[1] 300.0000   1.0000   0.8776  -0.0656   2.0405   1.0665
[1] 400.0000   0.0260   0.9217  -0.0946   2.0893   0.9692
[1] 500.0000   0.0000   0.8380   0.3105   1.7068   0.8203
[1] 600.0000   1.0000   0.9748  -0.1511   2.0544   1.0386
[1] 700.0000   0.0258   0.9506   0.1669   1.8144   1.0413
[1] 800.0000   0.0025   0.9313  -0.2161   2.1086   1.0430
[1] 900.0000   0.0000   0.9606  -0.2894   2.1939   1.0158
[1] 1000.0000    0.0000    0.8209   -0.0931    2.0498    0.9374
[1] 1100.0000    0.0000    0.9319    0.3932    1.5304    0.8930
[1] 1200.0000    1.0000    0.8603    0.4686    1.5455    0.9164
[1] 1300.0000    0.0620    0.9805   -0.4250    2.3759    0.8049
[1] 1400.0000    0.0000    0.9303    0.0545    1.8883    1.1894
[1] 1500.0000    0.0024    0.9584    0.1446    1.8225    1.0940
[1] 1600.0000    0.0000    0.9098   -0.5541    2.5155    0.9715
[1] 1700.0000    0.0000    0.8745   -0.4614    2.4708    0.9148
[1] 1800.0000    0.0000    0.9376   -0.1088    2.0683    0.8302
[1] 1900.0000    0.0000    0.9875   -0.1999    2.1861    0.8532
[1] 2000.0000    0.0000    0.9400    0.1076    1.8696    1.1109
[1] 2100.0000    0.0000    0.9372   -0.0102    1.9246    0.8634
[1] 2200.0000    0.0000    0.8668    0.3342    1.6703    1.0989
[1] 2300.0000    0.0006    0.9906    0.0223    1.8605    0.8768
[1] 2400.0000    0.0000    0.9355   -0.0216    2.0203    1.1578
[1] 2500.0000    0.2158    0.9668   -0.1188    2.0348    0.8029
[1] 2600.0000    0.0000    0.8617   -0.5452    2.4734    0.8044
[1] 2700.0000    0.0000    0.9335   -0.0858    2.1380    0.9591
[1] 2800.0000    0.0046    0.9386    0.2946    1.5780    0.8695
[1] 2900.0000    0.0004    0.9982   -0.2841    2.1774    0.9626
[1] 3000.0000    0.0000    0.8454   -0.0709    2.0323    0.9669
[1] 3100.0000    0.0000    0.9751    0.0383    1.8514    1.0618
[1] 3200.0000    0.0000    0.9190    0.2230    1.7397    0.9575
[1] 3300.0000    0.0000    0.9797   -0.1797    2.1685    1.0744
[1] 3400.0000    0.6248    0.8983    0.3626    1.5713    1.1525
[1] 3500.0000    0.0000    0.8568    0.0875    1.7705    1.0820
[1] 3600.0000    0.0000    0.9027    0.0131    1.9458    1.1569
[1] 3700.0000    0.5042    0.8385    0.4753    1.5322    0.8150
[1] 3800.0000    0.0000    0.9791    0.4501    1.4981    1.0179
[1] 3900.0000    0.0000    0.9030   -0.3815    2.3378    0.9530
[1] 4000.0000    0.4694    0.9388   -0.0259    1.8284    0.8131
[1] 4100.0000    0.0000    0.8388   -0.4146    2.3840    0.8864
[1] 4200.0000    0.0000    0.9756   -0.9186    2.8191    0.9752
[1] 4300.0000    0.2605    0.8741   -0.6434    2.5909    1.1249
[1] 4400.0000    0.0000    0.8077    0.0671    1.9705    1.0029
[1] 4500.0000    1.0000    0.8410    0.0918    1.8433    1.1520
[1] 4600.0000    0.0095    0.9525    0.3655    1.5757    1.1110
[1] 4700.0000    0.0000    0.9806   -0.4293    2.4156    1.0866
[1] 4800.0000    0.0000    0.8616   -0.2990    2.2412    0.9384
[1] 4900.0000    0.0000    0.8114   -0.3582    2.3356    0.8255
[1] 5000.0000    1.0000    0.9273   -0.3935    2.3919    1.0348
[1] 5100.0000    0.0000    0.9679   -0.1544    2.1573    1.1951
[1] 5200.0000    0.0000    0.8051    0.2641    1.6938    0.8965
[1] 5300.0000    0.0000    0.8821   -0.3222    2.1842    1.0013
[1] 5400.0000    0.0000    0.9713   -0.2347    2.0402    1.1011
[1] 5500.0000    0.0000    0.8506    0.4083    1.4748    1.1979
[1] 5600.0000    0.0000    0.9328   -0.3653    2.3363    1.1365
[1] 5700.0000    0.0000    0.8882    0.2675    1.6603    1.0651
[1] 5800.0000    0.0000    0.8612   -0.4130    2.3836    1.0327
[1] 5900.0000    0.0000    0.8278    0.3988    1.5501    1.0767
[1] 6000.0000    0.0000    0.9870    0.0568    1.8770    1.0819
[1] 6100.0000    0.0000    0.9100    0.0143    1.8534    1.1509
[1] 6200.0000    0.0000    0.8235    0.3381    1.5640    1.1329
[1] 6300.0000    0.0000    0.9569   -0.0190    1.9610    0.8080
[1] 6400.0000    0.0000    0.9885   -0.2757    2.3259    0.8165
[1] 6500.0000    0.0806    0.9084   -0.0929    2.0645    1.0918
[1] 6600.0000    0.0000    0.8401    0.1511    1.7782    1.0889
[1] 6700.0000    0.0000    0.8204   -0.1399    2.0796    0.9264
[1] 6800.0000    0.0895    0.8794    0.2751    1.6118    0.9381
[1] 6900.0000    0.0000    0.9267   -0.3922    2.4225    1.0380
[1] 7000.0000    0.0000    0.8543    0.0533    1.8359    0.8271
[1] 7100.0000    0.0000    0.9857   -0.3359    2.2697    1.0571
[1] 7200.0000    0.0000    0.8247    0.1905    1.8191    0.8913
[1] 7300.0000    0.0000    0.9346    0.4282    1.5492    1.1740
[1] 7400.0000    0.0000    0.9512   -0.4829    2.3821    0.8676
[1] 7500.0000    0.0000    0.9989   -0.6513    2.4427    1.1081
[1] 7600.0000    0.0000    0.9493   -0.3605    2.3732    0.9281
[1] 7700.0000    0.0000    0.8348   -0.8517    2.7397    1.0869
[1] 7800.0000    0.1192    0.8694   -0.1832    2.2377    1.1175
[1] 7900.0000    0.0000    0.9654   -0.1230    2.0622    1.1831
[1] 8000.0000    0.0000    0.9309   -0.2848    2.1498    1.0835
[1] 8100.0000    0.0000    0.8250   -0.1847    2.0941    1.1136
[1] 8200.0000    0.0000    0.9207   -0.1898    2.2296    1.1282
[1] 8300.0000    0.1344    0.9009   -0.9263    2.8162    1.0589
[1] 8400.0000    0.0000    0.9658   -0.0397    1.9786    0.9286
[1] 8500.0000    0.0000    0.8325   -0.0773    2.0542    1.0750
[1] 8600.0000    0.8316    0.9214   -0.6918    2.5757    1.0135
[1] 8700.0000    0.0000    0.8940    0.0376    1.9534    1.0236
[1] 8800.0000    0.0000    0.9735   -0.2637    2.1815    1.0381
[1] 8900.0000    0.0004    0.8674    0.5598    1.3981    1.0474
[1] 9000.0000    0.0000    0.9268    0.2506    1.6795    0.8237
[1] 9100.0000    0.0000    0.9806    0.3824    1.5464    1.0696
[1] 9200.0000    0.0000    0.8777    0.1369    1.8521    1.1489
[1] 9300.0000    0.0000    0.8689    0.1926    1.7879    0.9976
[1] 9400.0000    0.0000    0.8351    0.6013    1.3277    0.8546
[1] 9500.0000    0.0000    0.8295   -0.0303    1.9248    0.9364
[1] 9600.0000    0.0010    0.8149   -0.0096    1.9885    0.9056
[1] 9700.0000    0.0000    0.9657    0.8136    1.1975    0.9166
[1] 9800.0000    0.0000    0.9462   -0.1907    2.1170    1.1275
[1] 9900.0000    0.0000    0.9876    0.7871    1.1680    0.9739
[1] 10000.0000     0.6856     0.9718    -0.1956     2.1399     0.8376
[1] 10100.0000     0.8392     0.9049    -0.3061     2.3344     1.0751
[1] 10200.0000     0.1850     0.9808    -0.5557     2.4247     0.8342
[1] 10300.0000     0.3808     0.9549     0.3752     1.6082     0.8021
[1] 10400.0000     0.0000     0.9434    -0.0350     1.9268     1.1753
[1] 10500.0000     0.0333     0.8159    -0.2336     2.0267     1.1284
[1] 10600.0000     0.0000     0.8442    -0.1277     2.0757     0.9495
[1] 10700.0000     0.0000     0.9346     0.5453     1.4565     1.0990
[1] 10800.0000     1.0000     0.8056    -0.0415     2.0139     0.8503
[1] 10900.0000     0.0000     0.9660     0.5980     1.4556     1.1970
[1] 11000.0000     0.3901     0.8012     0.2119     1.8218     0.9407
[1] 11100.0000     0.0000     0.8902    -0.3946     2.3060     0.9114
[1] 11200.0000     0.3838     0.8258    -0.2657     2.1771     1.0628
[1] 11300.0000     0.0000     0.9481    -0.0988     2.0280     1.1448
[1] 11400.0000     0.0079     0.9548     0.6724     1.2766     1.0047
[1] 11500.0000     0.0000     0.8061     0.0918     1.8925     1.1646
[1] 11600.0000     0.0033     0.9382    -0.5711     2.3344     0.8033
[1] 11700.0000     1.0000     0.8766     0.1370     1.8638     0.9110
[1] 11800.0000     0.0000     0.8027    -0.0821     1.9513     0.8530
[1] 11900.0000     0.0000     0.9637    -0.5224     2.4692     0.8690
[1] 12000.0000     0.0000     0.8056     0.2929     1.6386     1.1142
[1] 12100.0000     0.0148     0.8005    -0.3936     2.2278     0.8375
[1] 12200.0000     0.1774     0.9853     0.5989     1.3826     1.1443
[1] 12300.0000     0.0039     0.8010     0.1846     1.7709     0.8810
[1] 12400.0000     0.6954     0.8046     0.4093     1.5557     0.8797
[1] 12500.0000     0.0000     0.9939     0.2013     1.8141     0.9707
[1] 12600.0000     0.0000     0.9359    -0.4925     2.4828     1.1279
[1] 12700.0000     0.8723     0.8210    -0.2217     2.2933     0.8185
[1] 12800.0000     0.0000     0.8032    -0.5792     2.5696     0.9473
[1] 12900.0000     0.8715     0.8565     0.1823     1.7003     0.9935
[1] 13000.0000     0.0000     0.8069     0.2188     1.7361     1.0997
[1] 13100.0000     0.0000     0.9339     0.6295     1.3027     1.1193
[1] 13200.0000     0.0129     0.8843    -0.6661     2.6308     0.9997
[1] 13300.0000     0.0000     0.8590    -0.2147     2.1409     1.0479
[1] 13400.0000     0.0000     0.9676     0.3677     1.5853     1.1418
[1] 13500.0000     0.0000     0.8466    -0.5433     2.4605     0.8143
[1] 13600.0000     0.0000     0.8917     0.0441     1.9868     1.0301
[1] 13700.0000     0.0000     0.8951     0.0718     1.8557     1.0363
[1] 13800.0000     0.0000     0.8787    -0.4001     2.3307     1.0611
[1] 13900.0000     0.0029     0.8573     0.2339     1.7509     0.8372
[1] 14000.0000     0.0000     0.9588     0.3875     1.5869     0.9662
[1] 14100.0000     0.0000     0.8844    -0.2563     2.0673     1.1867
[1] 14200.0000     1.0000     0.9100     0.3072     1.8049     1.1948
[1] 14300.0000     0.0000     0.8548    -0.5650     2.4472     0.8231
[1] 14400.0000     0.2288     0.8623    -0.2500     2.1890     0.8985
[1] 14500.0000     0.4249     0.8647     0.0454     1.9075     1.0877
[1] 14600.0000     0.0001     0.9670     0.2035     1.7119     1.1151
[1] 14700.0000     0.0000     0.8974    -0.2668     2.1703     1.0871
[1] 14800.0000     0.0000     0.8106     0.3064     1.5862     1.0978
[1] 14900.0000     0.2347     0.9582    -0.1810     2.1421     1.0321
[1] 15000.0000     0.0022     0.9447    -0.2332     2.1427     0.8911
[1] 15100.0000     0.6401     0.9271     0.2523     1.6404     0.9692
[1] 15200.0000     0.0000     0.8734     0.1993     1.7786     0.8767
[1] 15300.0000     1.0000     0.8282     0.0897     1.8252     1.1177
[1] 15400.0000     1.0000     0.9829    -0.5331     2.4551     1.0368
[1] 15500.0000     0.0000     0.9734    -0.6087     2.5651     1.1714
[1] 15600.0000     0.0000     0.8520    -0.5710     2.5406     1.1912
[1] 15700.0000     0.0000     0.8475    -0.3277     2.2682     0.9690
[1] 15800.0000     0.0640     0.8834    -0.0995     2.0076     0.9061
[1] 15900.0000     0.0000     0.9431    -0.0288     1.9398     0.8611
[1] 16000.0000     0.0974     0.9938    -0.0726     2.0241     0.9671
[1] 16100.0000     0.0000     0.8906     0.1648     1.7825     0.9023
[1] 16200.0000     0.0004     0.9466    -0.4700     2.3773     0.9477
[1] 16300.0000     0.0000     0.9327    -0.2638     2.2360     0.9714
[1] 16400.0000     0.0000     0.8699     0.0421     1.8625     0.9170
[1] 16500.0000     1.0000     0.9407     0.6987     1.2604     0.9877
[1] 16600.0000     0.0274     0.8568     0.2472     1.7292     1.0645
[1] 16700.0000     0.0000     0.9287    -0.1618     2.0649     0.9633
[1] 16800.0000     0.0000     0.9378    -0.2888     2.1835     1.0931
[1] 16900.0000     0.0000     0.8138    -0.0078     1.9193     1.1004
[1] 17000.0000     0.0000     0.9790    -0.1348     2.0351     0.8822
[1] 17100.0000     0.0270     0.9305     0.7228     1.1897     0.9283
[1] 17200.0000     0.0151     0.9497     0.0913     1.8632     0.8252
[1] 17300.0000     0.9667     0.8396    -0.1600     2.1582     1.0131
[1] 17400.0000     0.0000     0.8593    -0.2139     2.2225     1.1450
[1] 17500.0000     0.0000     0.9983     0.3874     1.7165     0.9809
[1] 17600.0000     0.0000     0.8242     0.3837     1.5002     0.9225
[1] 17700.0000     0.0000     0.8794     0.0796     1.9469     0.9707
[1] 17800.0000     0.0289     0.9571    -0.5525     2.5780     0.9258
[1] 17900.0000     0.0002     0.9083    -0.0352     2.0223     0.9495
[1] 18000.0000     0.5940     0.9109    -0.3724     2.3811     0.8712
[1] 18100.0000     0.0000     0.9461    -0.2742     2.2097     0.9222
[1] 18200.0000     0.0038     0.8142     0.7088     1.2782     0.8298
[1] 18300.0000     0.0000     0.9928    -0.3041     2.3031     1.1096
[1] 18400.0000     0.0000     0.9121    -0.0448     2.0363     0.9764
[1] 18500.0000     0.0000     0.8451     0.1327     1.8168     0.9054
[1] 18600.0000     0.0000     0.8656    -0.1088     2.1204     0.8624
[1] 18700.0000     0.0000     0.8080    -0.0513     2.0680     0.9308
[1] 18800.0000     0.0000     0.8537     0.1529     1.8346     0.9005
[1] 18900.0000     0.0000     0.9024    -0.2738     2.1741     1.0613
[1] 19000.0000     0.0087     0.8366    -0.4970     2.5020     0.8015
[1] 19100.0000     0.0000     0.8142    -0.3238     2.1937     1.0716
[1] 19200.0000     0.0000     0.8001     0.2794     1.6509     0.9641
[1] 19300.0000     0.0000     0.9918    -0.0198     1.9480     0.8386
[1] 19400.0000     0.0000     0.8040    -0.0898     2.0880     1.1551
[1] 19500.0000     0.0000     0.9654    -0.0648     2.0049     0.9669
[1] 19600.0000     0.5082     0.9162    -0.3129     2.1785     0.8038
[1] 19700.0000     0.0000     0.8143     0.4067     1.5201     0.8081
[1] 19800.0000     0.0000     0.8193     0.2083     1.8079     0.8589
[1] 19900.0000     0.0000     0.9981    -0.1688     2.1888     1.0280
[1] 20000.0000     0.0000     0.8708    -0.1589     2.1330     1.0213
[1] 20100.0000     0.0000     0.9794     0.3096     1.6298     1.1721
[1] 20200.0000     0.8947     0.9840    -0.2242     2.1552     1.1380
[1] 20300.0000     0.0000     0.8028    -0.2348     2.2559     0.9708
[1] 20400.0000     0.0375     0.9596     0.0531     1.8386     1.0259
[1] 20500.0000     0.0000     0.8964     0.4076     1.5579     1.1285
[1] 20600.0000     0.6967     0.9169     0.0082     1.9993     1.1057
[1] 20700.0000     0.9596     0.8107    -0.0096     2.0007     1.0874
[1] 20800.0000     0.0000     0.9606    -0.2056     2.0974     1.0886
[1] 20900.0000     1.0000     0.9455    -0.3838     2.3024     1.1141
[1] 21000.0000     0.0000     0.9912     0.3262     1.5866     1.0875
[1] 21100.0000     0.0000     0.9732    -0.6354     2.6055     0.8253
[1] 21200.0000     1.0000     0.9611     0.1906     1.7016     0.8029
[1] 21300.0000     0.2435     0.8260    -0.0804     1.8958     0.9202
[1] 21400.0000     0.0095     0.9719    -0.4569     2.3555     0.9071
[1] 21500.0000     0.0020     0.8906    -0.6563     2.6658     0.8206
[1] 21600.0000     0.0017     0.8762    -0.6173     2.6051     1.1580
[1] 21700.0000     0.0000     0.8449    -0.9221     2.8321     0.9351
[1] 21800.0000     0.0022     0.8218    -0.3701     2.3670     1.1739
[1] 21900.0000     0.0000     0.9084    -0.0231     1.9259     1.1067
[1] 22000.0000     0.0000     0.8850     0.1341     1.7534     0.9555
[1] 22100.0000     0.0000     0.9825    -0.1414     2.0606     1.1195
[1] 22200.0000     0.0000     0.8403    -0.2964     2.2130     1.1277
[1] 22300.0000     0.3237     0.9726     0.3868     1.6744     0.8521
[1] 22400.0000     0.0015     0.9494    -0.0579     2.0170     0.9207
[1] 22500.0000     0.3227     0.8623     0.2003     1.8091     0.8008
[1] 22600.0000     0.0000     0.8858     0.0717     1.8386     0.9064
[1] 22700.0000     0.0000     0.8271     0.1170     1.8842     1.1968
[1] 22800.0000     0.0163     0.8972     0.0649     1.7271     1.0231
[1] 22900.0000     0.0000     0.9287    -0.0459     1.8996     0.9003
[1] 23000.0000     0.0000     0.9652     0.0747     1.8716     1.0264
[1] 23100.0000     0.0000     0.8291     0.0175     2.0096     0.9730
[1] 23200.0000     0.0012     0.9586    -0.3586     2.2254     1.0581
[1] 23300.0000     1.0000     0.9627    -0.0331     1.9655     0.8504
[1] 23400.0000     0.0000     0.8015     0.1151     1.8333     0.8904
[1] 23500.0000     0.0000     0.8934    -0.9114     2.7809     1.1391
[1] 23600.0000     0.0000     0.8360    -0.0972     2.0436     0.8406
[1] 23700.0000     0.0000     0.8580     0.1798     1.7847     0.8494
[1] 23800.0000     0.0000     0.9509    -0.2998     2.1913     0.9516
[1] 23900.0000     0.0277     0.8157     0.5030     1.4325     0.8034
[1] 24000.0000     0.0000     0.9801     0.0175     1.8687     1.1551
[1] 24100.0000     0.0000     0.8747    -0.8902     2.7447     1.0767
[1] 24200.0000     0.0000     0.8399     0.1239     1.7515     1.0287
[1] 24300.0000     0.0000     0.8894    -0.5959     2.5232     0.9198
[1] 24400.0000     0.1509     0.9020     0.5228     1.4907     1.0534
[1] 24500.0000     0.0000     0.9407     0.4807     1.3837     1.0416
[1] 24600.0000     0.0000     0.9062    -0.2626     2.2511     0.8877
[1] 24700.0000     0.0064     0.9574    -0.3362     2.2374     1.0919
[1] 24800.0000     0.2996     0.8109     0.1873     1.7006     1.1899
[1] 24900.0000     0.0325     0.9495    -0.1757     2.1359     0.8626
[1] 25000.0000     0.0496     0.9628     0.1608     1.7839     0.9362
[1] 25100.0000     0.8633     0.8419     0.0336     1.8077     0.8544
[1] 25200.0000     0.0000     0.9920    -0.2048     2.2095     0.8420
[1] 25300.0000     0.8397     0.8151    -0.1986     2.1341     1.0748
[1] 25400.0000     1.0000     0.8988    -0.1133     2.0674     1.0888
[1] 25500.0000     0.0000     0.8303     0.0213     1.9430     1.1248
[1] 25600.0000     0.0000     0.8978     0.2610     1.7054     1.1142
[1] 25700.0000     0.0000     0.8662     0.1700     1.7624     1.1677
[1] 25800.0000     0.0000     0.8043    -0.2382     2.1633     0.8730
[1] 25900.0000     1.0000     0.8632     0.0676     1.8984     1.1254
[1] 26000.0000     1.0000     0.9492    -0.0596     2.0410     1.0058
[1] 26100.0000     0.0000     0.9803     0.1671     1.6866     1.0323
[1] 26200.0000     0.0001     0.9529    -0.2411     2.1213     1.0017
[1] 26300.0000     0.0000     0.9342     0.2278     1.6231     1.1434
[1] 26400.0000     0.0000     0.8767     0.2149     1.6544     0.8041
[1] 26500.0000     0.0434     0.9903     0.2176     1.7888     1.1966
[1] 26600.0000     0.0000     0.9293    -0.0729     2.0819     0.8497
[1] 26700.0000     0.2172     0.8892     0.1441     1.9283     0.9428
[1] 26800.0000     0.0000     0.8448    -0.7436     2.6903     0.8652
[1] 26900.0000     0.0000     0.9586     0.5233     1.5279     1.0279
[1] 27000.0000     0.0000     0.9618    -0.1158     2.0911     1.1838
[1] 27100.0000     0.3252     0.8752    -0.1477     2.1217     0.8424
[1] 27200.0000     0.0013     0.8628    -0.2693     2.2188     1.0265
[1] 27300.0000     0.0000     0.9754     0.0057     1.9786     0.9688
[1] 27400.0000     0.0000     0.9269     0.1187     1.8834     1.0000
[1] 27500.0000     0.0000     0.8463     0.3684     1.5826     0.8762
[1] 27600.0000     0.0000     0.9357     0.1247     1.7831     0.9330
[1] 27700.0000     0.0000     0.8768     0.3900     1.6071     1.0202
[1] 27800.0000     0.0000     0.8358     0.3703     1.5820     1.1051
[1] 27900.0000     0.9213     0.8904     0.2526     1.7063     0.9276
[1] 28000.0000     0.0000     0.8025    -0.1168     2.0552     0.9240
[1] 28100.0000     0.0000     0.9262     0.1978     1.7988     1.0710
[1] 28200.0000     0.0001     0.9693    -0.0243     1.9645     0.8876
[1] 28300.0000     0.0000     0.9886    -0.3530     2.2989     1.1843
[1] 28400.0000     0.5198     0.9594     0.0469     1.9872     0.8105
[1] 28500.0000     0.0000     0.8469     0.2214     1.6409     0.8971
[1] 28600.0000     0.0002     0.9856     0.2042     1.6085     1.1641
[1] 28700.0000     0.0000     0.8546    -0.0391     1.9586     0.9787
[1] 28800.0000     0.0003     0.8104     0.1257     1.8124     1.1940
[1] 28900.0000     0.0000     0.9040    -0.2800     2.1150     0.8375
[1] 29000.0000     0.0000     0.9277     0.0331     1.9148     1.1735
[1] 29100.0000     0.0000     0.9089    -0.4240     2.3577     0.8717
[1] 29200.0000     0.1001     0.9371     0.4250     1.5346     1.1436
[1] 29300.0000     1.0000     0.9064     0.0830     1.8138     1.0368
[1] 29400.0000     0.0283     0.9394     0.3718     1.5107     1.1754
[1] 29500.0000     0.0000     0.8510    -0.1536     2.1395     0.8942
[1] 29600.0000     0.0029     0.8035    -0.2265     2.1055     1.0772
[1] 29700.0000     0.0000     0.9571    -0.0430     1.9270     0.9736
[1] 29800.0000     0.0000     0.8503     0.3268     1.6339     0.9822
[1] 29900.0000     0.9534     0.9798     0.0154     1.9689     1.0014
[1] 30000.0000     0.0038     0.9561     0.5682     1.3475     1.0811
[1] 0.1313947
Time difference of 10.67641 hours
null device 
          1 
