[1] "El numero de nodos X particion es: 10"
[1] "Model = M2 / Data = sim_data/datasetSVIExponential12.Rdata"
[1] 100.0000   0.2032   0.9429   0.1859   1.8419   1.1970
[1] 200.0000   0.0000   0.9645   0.8173   1.1156   1.1745
[1] 300.0000   1.0000   0.8776  -0.0159   2.0850   1.0665
[1] 400.0000   0.0000   0.8939  -1.0276   3.0300   0.8961
[1] 500.0000   0.0000   0.8673   0.8080   1.2346   1.1452
[1] 600.0000   0.0102   0.8988  -0.0256   2.1713   1.1191
[1] 700.0000   0.0000   0.9506   0.3531   1.5534   1.0413
[1] 800.0000   0.0000   0.8849  -0.1037   2.0279   0.8867
[1] 900.0000   0.0000   0.8639  -0.6277   2.6165   1.0016
[1] 1000.0000    0.0000    0.8209   -0.3957    2.4121    0.9374
[1] 1100.0000    0.0000    0.9319    0.4657    1.5237    0.8930
[1] 1200.0000    0.0379    0.8544    1.3358    0.6926    0.9984
[1] 1300.0000    0.0000    0.9498   -0.0756    1.9626    1.1653
[1] 1400.0000    0.0000    0.8099    0.2054    1.8626    1.1384
[1] 1500.0000    0.0000    0.9584    0.5078    1.4865    1.0940
[1] 1600.0000    0.0000    0.9658   -0.9191    2.8846    1.0950
[1] 1700.0000    0.0000    0.8163   -0.1615    2.1381    0.8247
[1] 1800.0000    0.0000    0.9376    0.6594    1.3706    0.8302
[1] 1900.0000    0.0000    0.9005   -0.3615    2.3219    0.9368
[1] 2000.0000    0.0000    0.8550    0.3772    1.7144    1.0762
[1] 2100.0000    0.0000    0.8123   -1.1027    3.0423    1.1618
[1] 2200.0000    0.0000    0.8668   -0.2135    2.2887    1.0989
[1] 2300.0000    0.0000    0.9142   -0.1510    2.0761    0.8527
[1] 2400.0000    0.0000    0.9355   -0.2485    2.1839    1.1578
[1] 2500.0000    0.0405    0.8909    0.4655    1.5238    1.1217
[1] 2600.0000    0.0000    0.9483    0.3941    1.5676    1.1376
[1] 2700.0000    0.0000    0.8492   -0.9850    3.1093    0.9140
[1] 2800.0000    0.0005    0.9382   -0.0949    2.1247    1.1558
[1] 2900.0000    0.0001    0.9982   -0.5670    2.6274    0.9626
[1] 3000.0000    0.0000    0.8454    0.2339    1.8240    0.9669
[1] 3100.0000    0.0000    0.9787    0.2532    1.6868    0.9283
[1] 3200.0000    0.0000    0.8559   -0.2782    2.1944    0.9875
[1] 3300.0000    0.0000    0.9312    0.6195    1.3627    0.9302
[1] 3400.0000    0.3683    0.8983    0.9109    1.1312    1.1525
[1] 3500.0000    0.0000    0.8568    0.7474    1.2580    1.0820
[1] 3600.0000    0.0000    0.8756   -0.7444    2.7777    0.9795
[1] 3700.0000    0.5939    0.9624    0.2132    1.7267    0.8094
[1] 3800.0000    0.0000    0.9791    1.0858    0.8712    1.0179
[1] 3900.0000    0.0000    0.8349    0.2966    1.7202    1.1538
[1] 4000.0000    0.0000    0.9448    0.5226    1.4584    1.0791
[1] 4100.0000    0.0000    0.8388   -0.8287    2.8608    0.8864
[1] 4200.0000    0.0000    0.9756   -0.7493    2.6733    0.9752
[1] 4300.0000    0.0644    0.8028   -0.7779    2.8018    0.9927
[1] 4400.0000    0.0000    0.8091    0.9220    1.0756    1.0451
[1] 4500.0000    0.1960    0.8404    0.0336    1.9860    1.1577
[1] 4600.0000    0.0000    0.9525    0.5256    1.5380    1.1110
[1] 4700.0000    0.0000    0.8528   -0.7118    2.6641    0.8411
[1] 4800.0000    0.0000    0.8006   -0.9635    2.9686    0.9390
[1] 4900.0000    0.0000    0.8114   -1.6970    3.6559    0.8255
[1] 5000.0000    0.0000    0.8074   -1.0399    2.9225    1.0307
[1] 5100.0000    0.0000    0.9679   -1.4337    3.3283    1.1951
[1] 5200.0000    0.0000    0.8051   -0.3948    2.3810    0.8965
[1] 5300.0000    0.0000    0.8845    0.3261    1.6564    1.0022
[1] 5400.0000    0.0000    0.8536    1.2751    0.7669    0.9337
[1] 5500.0000    0.0000    0.8913    1.3463    0.6217    1.1131
[1] 5600.0000    0.0000    0.9929   -0.1264    2.0050    1.1085
[1] 5700.0000    0.0000    0.9445    0.8859    1.1767    1.0237
[1] 5800.0000    0.0000    0.8612   -0.2198    2.2959    1.0327
[1] 5900.0000    0.0000    0.9311   -0.8570    2.9014    0.8983
[1] 6000.0000    0.0000    0.8887    0.2413    1.6676    0.8335
[1] 6100.0000    0.0000    0.9284   -0.0519    2.0867    0.9188
[1] 6200.0000    0.0000    0.8741    0.3709    1.6239    0.8043
[1] 6300.0000    0.0000    0.9569   -0.6108    2.5838    0.8080
[1] 6400.0000    0.0000    0.9918   -0.1670    2.3401    1.1860
[1] 6500.0000    0.0000    0.9084   -0.7484    2.7736    1.0918
[1] 6600.0000    0.0000    0.8401   -0.2007    2.0959    1.0889
[1] 6700.0000    0.0000    0.8126   -1.2523    3.3119    1.1740
[1] 6800.0000    0.0199    0.8794   -0.1256    2.1201    0.9381
[1] 6900.0000    0.0000    0.8857   -0.8161    2.8680    0.9847
[1] 7000.0000    0.0000    0.8521   -0.1531    2.1677    1.0680
[1] 7100.0000    0.0000    0.9857    0.2403    1.7474    1.0571
[1] 7200.0000    0.0000    0.8247   -0.2412    2.3143    0.8913
[1] 7300.0000    0.0000    0.9346   -0.3327    2.3867    1.1740
[1] 7400.0000    0.0000    0.9512   -0.5216    2.5430    0.8676
[1] 7500.0000    0.0000    0.8475   -1.7322    3.6928    1.0597
[1] 7600.0000    0.0000    0.9493   -0.5554    2.5748    0.9281
[1] 7700.0000    0.0000    0.8440   -1.1606    3.1462    0.8976
[1] 7800.0000    0.0000    0.9477    0.0265    1.8973    0.8206
[1] 7900.0000    0.0000    0.9654   -0.2383    2.1361    1.1831
[1] 8000.0000    0.0000    0.9309   -0.6431    2.5903    1.0835
[1] 8100.0000    0.0000    0.8250   -0.3604    2.3247    1.1136
[1] 8200.0000    0.0000    0.9110   -0.5178    2.5348    0.9989
[1] 8300.0000    0.0000    0.8222   -0.5399    2.5627    0.8438
[1] 8400.0000    0.0000    0.9658   -0.7378    2.6659    0.9286
[1] 8500.0000    0.0000    0.8693   -0.3806    2.4289    1.1264
[1] 8600.0000    0.0000    0.8576   -1.0368    3.0303    1.0835
[1] 8700.0000    0.0000    0.8940   -0.0487    2.0170    1.0236
[1] 8800.0000    0.0000    0.9735   -0.2867    2.1791    1.0381
[1] 8900.0000    0.0000    0.8674    0.2365    1.8014    1.0474
[1] 9000.0000    0.0000    0.8301    1.2542    0.7309    1.1387
[1] 9100.0000    0.0000    0.8755    0.9842    0.9925    0.8812
[1] 9200.0000    0.0000    0.8129    0.3709    1.6244    1.1264
[1] 9300.0000    0.0000    0.9270   -0.7875    2.8136    1.1117
[1] 9400.0000    0.0000    0.8413    0.4427    1.4950    1.0761
[1] 9500.0000    0.0000    0.9934   -0.3463    2.4041    1.0697
[1] 9600.0000    0.0000    0.8149   -0.1513    2.2004    0.9056
[1] 9700.0000    0.0000    0.9657    0.8707    1.1564    0.9166
[1] 9800.0000    0.0000    0.8170    0.4873    1.4730    0.9712
[1] 9900.0000    0.0000    0.8766    1.7548    0.2744    0.8125
[1] 10000.0000     0.3486     0.9984    -0.4872     2.4725     0.9987
[1] 10100.0000     1.0000     0.9049     0.2201     1.8859     1.0751
[1] 10200.0000     0.0000     0.8458     0.7029     1.2670     1.1044
[1] 10300.0000     0.0488     0.9549     2.0158     0.0593     0.8021
[1] 10400.0000     0.0000     0.9109     0.3412     1.6058     0.9653
[1] 1.050e+04 0.000e+00 9.828e-01 7.371e-01 1.228e+00 8.036e-01
[1] 10600.0000     0.0000     0.8442     0.5912     1.5034     0.9495
[1] 10700.0000     0.0000     0.9346     1.2274     0.8218     1.0990
[1] 10800.0000     0.0024     0.8310     0.8287     1.1717     0.9940
[1] 10900.0000     0.0000     0.9660     0.6447     1.3841     1.1970
[1] 11000.0000     0.0866     0.8555     0.4220     1.5637     1.1761
[1] 11100.0000     0.0000     0.8214    -0.0302     1.9621     1.0422
[1] 11200.0000     0.1071     0.9398    -0.6078     2.5872     0.9513
[1] 11300.0000     0.0000     0.8936    -0.6071     2.6084     1.0961
[1] 11400.0000     0.0000     0.9548     0.3243     1.6699     1.0047
[1] 11500.0000     0.0000     0.9619     0.1187     1.8486     0.9110
[1] 11600.0000     0.0000     0.9104    -0.8899     2.8904     0.8269
[1] 11700.0000     0.0000     0.9616     0.3727     1.6703     1.1733
[1] 11800.0000     0.0000     0.8027    -0.7972     2.7998     0.8530
[1] 11900.0000     0.0000     0.8460    -1.0416     3.0299     0.8150
[1] 12000.0000     0.0000     0.8014    -0.3770     2.3657     1.0595
[1] 12100.0000     0.0000     0.8666    -0.7763     2.7415     0.9630
[1] 1.220e+04 1.000e+00 8.496e-01 7.423e-01 1.282e+00 8.460e-01
[1] 12300.0000     0.0000     0.8010     0.2211     1.8157     0.8810
[1] 12400.0000     0.1508     0.8019    -0.9441     2.9907     1.1971
[1] 12500.0000     0.0000     0.8059     0.0654     1.9535     1.1427
[1] 12600.0000     0.0000     0.8126    -0.6203     2.6690     1.1805
[1] 12700.0000     0.0000     0.9614    -0.1869     2.0389     0.8958
[1] 12800.0000     0.0000     0.8257    -0.3283     2.3697     0.8904
[1] 12900.0000     0.0203     0.8545    -0.1508     2.2012     1.0312
[1] 13000.0000     0.0000     0.8069     0.0050     1.9891     1.0997
[1] 13100.0000     0.0000     0.9404     1.4718     0.5636     0.9822
[1] 13200.0000     0.0000     0.8843     0.4614     1.5381     0.9997
[1] 13300.0000     0.0000     0.8427    -0.9825     2.9309     1.0281
[1] 13400.0000     0.0000     0.8092    -0.6881     2.6998     1.1676
[1] 13500.0000     0.0000     0.8466    -0.6530     2.6778     0.8143
[1] 13600.0000     0.0000     0.8917     0.4023     1.6372     1.0301
[1] 13700.0000     0.0000     0.9094    -0.2134     2.2311     0.8623
[1] 13800.0000     0.0000     0.9432    -0.2542     2.2402     1.1717
[1] 13900.0000     0.0000     0.8573    -0.0162     2.0300     0.8372
[1] 14000.0000     0.0000     0.9588     0.0555     1.8848     0.9662
[1] 14100.0000     0.0000     0.8844     0.5163     1.3451     1.1867
[1] 14200.0000     0.0000     0.8479     0.6837     1.2475     0.8739
[1] 14300.0000     0.0000     0.9227    -0.7973     2.7625     1.0001
[1] 14400.0000     0.0033     0.8623     0.2514     1.7155     0.8985
[1] 14500.0000     0.2219     0.8647     0.6817     1.3590     1.0877
[1] 14600.0000     0.0000     0.9670     0.9153     1.0480     1.1151
[1] 14700.0000     0.0000     0.9923    -0.0005     1.9249     1.0723
[1] 14800.0000     0.0000     0.9433     1.4934     0.3996     0.9182
[1] 14900.0000     0.0008     0.9582     0.7388     1.3115     1.0321
[1] 15000.0000     0.0202     0.8279     0.1012     1.9520     1.0826
[1] 15100.0000     1.0000     0.8292    -0.3561     2.4295     0.9249
[1] 15200.0000     0.0000     0.8242     0.8293     1.1821     1.0800
[1] 15300.0000     0.6463     0.9517     0.6801     1.3815     1.1636
[1] 15400.0000     0.0041     0.8397    -0.5904     2.6433     1.1015
[1] 15500.0000     0.0000     0.8727    -1.2303     3.2465     1.1104
[1] 15600.0000     0.0000     0.8520    -0.5933     2.6632     1.1912
[1] 15700.0000     0.0000     0.8475    -0.1232     2.0612     0.9690
[1] 15800.0000     0.0000     0.9108     0.0104     1.9534     0.9068
[1] 15900.0000     0.0000     0.8876     0.0369     1.8971     0.9067
[1] 16000.0000     0.0007     0.8124    -0.4692     2.4954     1.1160
[1] 16100.0000     0.0000     0.8125     0.5985     1.4054     0.8885
[1] 16200.0000     0.0000     0.9466     0.9124     1.0399     0.9477
[1] 1.630e+04 0.000e+00 9.158e-01 2.595e-01 1.789e+00 9.491e-01
[1] 16400.0000     0.0000     0.9401     0.1276     1.8331     0.9237
[1] 16500.0000     0.8227     0.9407     0.0386     2.0326     0.9877
[1] 16600.0000     0.0000     0.8294    -0.4880     2.5580     0.8835
[1] 16700.0000     0.0000     0.8462     0.3571     1.6094     0.9538
[1] 16800.0000     0.0000     0.8621     0.5001     1.4328     1.1596
[1] 16900.0000     0.0000     0.8138     0.0738     1.8574     1.1004
[1] 17000.0000     0.0000     0.9790    -0.1551     2.1631     0.8822
[1] 17100.0000     0.0000     0.9305     1.0080     1.0358     0.9283
[1] 1.720e+04 0.000e+00 9.497e-01 1.432e+00 4.995e-01 8.252e-01
[1] 17300.0000     1.0000     0.8396     0.3836     1.6023     1.0131
[1] 17400.0000     0.0000     0.8593     0.0278     2.0134     1.1450
[1] 17500.0000     0.0000     0.9677    -0.5840     2.6165     1.1479
[1] 17600.0000     0.0000     0.8280     0.0251     1.9345     1.1486
[1] 17700.0000     0.0000     0.8794     0.4394     1.5275     0.9707
[1] 17800.0000     0.0001     0.9383    -0.3520     2.3936     1.0084
[1] 17900.0000     0.0000     0.9083    -0.0553     2.0497     0.9495
[1] 18000.0000     1.0000     0.9109    -0.2109     2.2350     0.8712
[1] 18100.0000     0.0000     0.8802    -0.3790     2.4178     0.9893
[1] 18200.0000     0.0002     0.9199     0.5934     1.3741     1.1845
[1] 18300.0000     0.0000     0.9012     0.2066     1.8211     1.0710
[1] 18400.0000     0.0000     0.9529    -0.9181     2.9700     0.8173
[1] 18500.0000     0.0000     0.8451     0.2496     1.7992     0.9054
[1] 18600.0000     0.0000     0.8656    -0.5106     2.5608     0.8624
[1] 18700.0000     0.0000     0.8080     0.1942     1.9408     0.9308
[1] 18800.0000     0.0000     0.8537     0.5924     1.4131     0.9005
[1] 18900.0000     0.0000     0.9024    -0.1089     2.0622     1.0613
[1] 19000.0000     0.0000     0.8366    -0.6424     2.6125     0.8015
[1] 19100.0000     0.0000     0.8878     0.4026     1.4788     1.0323
[1] 19200.0000     0.0000     0.8001    -0.1614     2.0878     0.9641
[1] 19300.0000     0.0000     0.8035    -0.2064     2.1605     1.0886
[1] 19400.0000     0.0000     0.9330    -0.0859     2.0633     1.0363
[1] 19500.0000     0.0000     0.9654     0.4977     1.5239     0.9669
[1] 19600.0000     1.0000     0.9648    -0.9708     3.0193     1.1447
[1] 19700.0000     0.0000     0.8982     0.0220     1.8972     1.1826
[1] 19800.0000     0.0000     0.9408     0.3177     1.6692     0.9927
[1] 19900.0000     0.0000     0.9981    -0.1322     2.1852     1.0280
[1] 20000.0000     0.0000     0.8708    -0.5368     2.5542     1.0213
[1] 20100.0000     0.0000     0.9080     0.7731     1.2755     1.0402
[1] 20200.0000     0.8365     0.9840    -0.2176     2.2248     1.1380
[1] 20300.0000     0.0000     0.8028    -0.0456     2.1150     0.9708
[1] 2.040e+04 2.600e-03 9.072e-01 2.000e-04 1.985e+00 9.991e-01
[1] 20500.0000     0.0000     0.9083    -1.0770     3.1278     0.8030
[1] 20600.0000     0.7577     0.9169    -0.4413     2.4773     1.1057
[1] 20700.0000     1.0000     0.8107     0.2571     1.6648     1.0874
[1] 20800.0000     0.0000     0.9606    -0.8506     2.9046     1.0886
[1] 20900.0000     0.0000     0.9109     0.0602     1.9661     0.9980
[1] 21000.0000     0.0000     0.9912     0.6743     1.3470     1.0875
[1] 21100.0000     0.0000     0.9732    -0.8362     2.7835     0.8253
[1] 21200.0000     0.0230     0.8263    -0.4386     2.4514     1.1324
[1] 21300.0000     0.0000     0.8399    -1.2454     3.1540     1.0171
[1] 21400.0000     0.0000     0.9719     0.1438     1.8341     0.9071
[1] 21500.0000     0.0000     0.9375    -0.2953     2.2476     1.0777
[1] 21600.0000     0.0000     0.8420     0.3512     1.6565     0.8926
[1] 21700.0000     0.0000     0.8258    -0.1144     2.1478     1.1265
[1] 21800.0000     0.0000     0.8709    -0.4991     2.5238     1.0601
[1] 21900.0000     0.0000     0.9408     0.6782     1.2298     0.9421
[1] 22000.0000     0.0000     0.8850     0.0173     1.9802     0.9555
[1] 22100.0000     0.0000     0.9825    -0.4951     2.4841     1.1195
[1] 22200.0000     0.0000     0.9349    -0.3654     2.2962     0.9881
[1] 22300.0000     0.0001     0.8584    -0.1341     2.1366     0.9367
[1] 22400.0000     0.0000     0.9494    -0.0237     2.0336     0.9207
[1] 22500.0000     0.0015     0.9610     1.1238     0.9040     0.9963
[1] 22600.0000     0.0000     0.8257     0.5507     1.4552     1.1053
[1] 22700.0000     0.0000     0.8271    -0.1051     2.0168     1.1968
[1] 22800.0000     0.0028     0.8616    -0.6333     2.7463     1.1425
[1] 22900.0000     0.0000     0.9207     0.4313     1.4789     0.8362
[1] 23000.0000     0.0000     0.9652    -0.1438     2.0731     1.0264
[1] 23100.0000     0.0000     0.9231    -0.2220     2.1503     0.8179
[1] 23200.0000     0.0000     0.8288    -0.6875     2.7104     0.8616
[1] 23300.0000     0.4325     0.8966    -0.1496     2.1720     1.0199
[1] 23400.0000     0.0000     0.9703     0.0309     1.9738     0.9326
[1] 23500.0000     0.0000     0.8934     0.2284     1.8515     1.1391
[1] 23600.0000     0.0000     0.8360     0.4900     1.5594     0.8406
[1] 23700.0000     0.0000     0.8580     0.5645     1.4284     0.8494
[1] 23800.0000     0.0000     0.9509    -0.0737     1.9703     0.9516
[1] 23900.0000     0.0000     0.8157     0.3597     1.6344     0.8034
[1] 24000.0000     0.0000     0.9653    -0.0529     2.0181     0.9324
[1] 24100.0000     0.0000     0.8643    -1.6587     3.6753     0.9462
[1] 24200.0000     0.0000     0.8399     0.4826     1.4034     1.0287
[1] 24300.0000     0.0000     0.8207     0.0435     1.9453     1.1509
[1] 24400.0000     0.2299     0.9165    -0.1325     2.1428     0.9785
[1] 24500.0000     0.0000     0.9064     0.1773     1.7524     0.8345
[1] 24600.0000     0.0000     0.9062     0.2907     1.6746     0.8877
[1] 24700.0000     0.0000     0.9574     0.1324     1.7578     1.0919
[1] 24800.0000     0.0000     0.8109    -0.0527     2.0557     1.1899
[1] 2.490e+04 0.000e+00 9.495e-01 1.597e-01 1.788e+00 8.626e-01
[1] 25000.0000     0.0000     0.9628    -0.4482     2.4064     0.9362
[1] 25100.0000     0.0000     0.9605     1.2288     0.7282     1.0743
[1] 25200.0000     0.0000     0.8184     0.2123     1.8213     0.8574
[1] 25300.0000     0.9697     0.8151     0.1090     1.8173     1.0748
[1] 25400.0000     1.0000     0.8988    -0.9176     2.9160     1.0888
[1] 25500.0000     0.0000     0.8147     0.4853     1.4970     1.1844
[1] 25600.0000     0.0000     0.8978    -0.0252     2.0250     1.1142
[1] 25700.0000     0.0000     0.8060     0.8181     1.2325     0.8422
[1] 25800.0000     0.0000     0.8043    -0.7505     2.6276     0.8730
[1] 25900.0000     1.0000     0.8632    -0.4445     2.4561     1.1254
[1] 26000.0000     1.0000     0.9492    -0.9692     3.0098     1.0058
[1] 26100.0000     0.0000     0.9196    -0.4255     2.3776     1.1722
[1] 26200.0000     0.0000     0.9529    -0.1015     2.0807     1.0017
[1] 26300.0000     0.0000     0.8530    -0.8643     2.8823     1.0678
[1] 26400.0000     0.0000     0.8767     0.2543     1.6628     0.8041
[1] 26500.0000     0.0012     0.9903     0.0186     2.0388     1.1966
[1] 26600.0000     0.0000     0.9293    -1.1143     3.2676     0.8497
[1] 26700.0000     0.0001     0.9890    -0.1022     2.0151     0.9390
[1] 26800.0000     0.0000     0.8544    -1.1102     3.1479     0.9528
[1] 26900.0000     0.0000     0.9586     0.2101     1.7229     1.0279
[1] 27000.0000     0.0000     0.8102     0.2447     1.7193     1.1325
[1] 27100.0000     0.5822     0.8553     0.2890     1.7279     1.0993
[1] 27200.0000     0.0000     0.8628    -0.5622     2.5745     1.0265
[1] 27300.0000     0.0000     0.9326     0.1724     1.8128     0.8298
[1] 27400.0000     0.0000     0.9843     0.3814     1.6198     1.1629
[1] 27500.0000     0.0000     0.8677     0.6634     1.3326     0.9516
[1] 27600.0000     0.0000     0.8732     1.6933     0.3299     0.9172
[1] 27700.0000     0.0000     0.8768     0.4980     1.5709     1.0202
[1] 27800.0000     0.0000     0.8338    -0.1885     2.2036     0.9440
[1] 27900.0000     0.4490     0.9296     0.4083     1.6267     0.8843
[1] 28000.0000     0.0000     0.8025    -0.6475     2.6562     0.9240
[1] 28100.0000     0.0000     0.9262     0.7196     1.3461     1.0710
[1] 28200.0000     0.0000     0.9683     0.1933     1.8098     0.8917
[1] 28300.0000     0.0000     0.9886    -0.3352     2.3244     1.1843
[1] 28400.0000     1.0000     0.9594     0.1486     1.8535     0.8105
[1] 28500.0000     0.0000     0.8824     0.4568     1.5037     0.8003
[1] 28600.0000     0.0000     0.9856     0.1699     1.7424     1.1641
[1] 28700.0000     0.0000     0.8546    -0.9734     2.8894     0.9787
[1] 28800.0000     0.0000     0.8104    -0.4128     2.4367     1.1940
[1] 28900.0000     0.0000     0.9137     1.0091     1.0284     0.8478
[1] 29000.0000     0.0000     0.9277     0.4056     1.6030     1.1735
[1] 29100.0000     0.0000     0.8445     0.0317     2.0149     0.8871
[1] 29200.0000     0.0568     0.9367     0.8106     1.1817     1.1465
[1] 29300.0000     0.0019     0.9749     1.5626     0.3989     0.9782
[1] 29400.0000     0.0000     0.9394     0.8451     1.2093     1.1754
[1] 29500.0000     0.0000     0.8094    -0.7183     2.7042     0.8253
[1] 29600.0000     0.0000     0.8335     0.4068     1.5922     1.1940
[1] 29700.0000     0.0000     0.9991    -0.0239     2.0063     0.9357
[1] 29800.0000     0.0000     0.8030    -0.7422     2.8064     0.9421
[1] 29900.0000     0.7469     0.9798     0.0100     2.0338     1.0014
[1] 30000.0000     0.0000     0.9561     1.0979     0.8517     1.0811
[1] 0.06531739
Time difference of 11.01732 hours
null device 
          1 
