[1] "El numero de nodos X particion es: 10"
[1] "Model = M2 / Data = sim_data/datasetSVIExponential13.Rdata"
[1] 100.0000   0.4586   0.9429   0.1327   1.8884   1.1970
[1] 200.0000   0.0002   0.8487   0.1643   1.8341   0.8384
[1] 300.0000   0.8053   0.8776   0.0993   1.9572   1.0665
[1] 400.0000   0.0039   0.9217  -0.5003   2.4901   0.9692
[1] 500.0000   0.0000   0.8350   0.9823   1.0538   0.9084
[1] 600.0000   0.0080   0.8988   0.0045   2.0208   1.1191
[1] 700.0000   0.0000   0.8999   0.9424   1.1294   1.0702
[1] 800.0000   0.0000   0.9662   0.9928   1.0771   1.0931
[1] 900.0000   0.0000   0.9606   0.5494   1.4491   1.0158
[1] 1000.0000    0.0000    0.8209   -0.5671    2.6142    0.9374
[1] 1100.0000    0.0000    0.9319    1.0698    0.9480    0.8930
[1] 1200.0000    0.4291    0.8603    0.7748    1.3306    0.9164
[1] 1300.0000    0.0000    0.9498   -0.2115    2.1715    1.1653
[1] 1400.0000    0.0000    0.9303   -1.6784    3.5874    1.1894
[1] 1500.0000    0.0000    0.9584   -0.3160    2.3363    1.0940
[1] 1600.0000    0.0000    0.9658   -0.6058    2.6062    1.0950
[1] 1700.0000    0.0000    0.8163    0.3442    1.6236    0.8247
[1] 1800.0000    0.0000    0.8314    0.8768    1.2067    0.9945
[1] 1900.0000    0.0000    0.8411   -0.9199    2.9579    1.0047
[1] 2000.0000    0.0000    0.8550    0.6581    1.4537    1.0762
[1] 2100.0000    0.0000    0.8676   -0.8073    2.8050    0.9194
[1] 2200.0000    0.0000    0.8668    0.4807    1.6325    1.0989
[1] 2300.0000    0.0000    0.9142    0.5296    1.4351    0.8527
[1] 2400.0000    0.0000    0.9355    0.4155    1.5581    1.1578
[1] 2500.0000    0.0150    0.8909    0.6329    1.3490    1.1217
[1] 2600.0000    0.0000    0.9100   -0.0463    2.1136    1.1442
[1] 2700.0000    0.0000    0.9115   -1.4047    3.4338    1.0018
[1] 2800.0000    0.0179    0.9382    0.0315    2.0622    1.1558
[1] 2900.0000    0.0000    0.9341   -0.4928    2.4091    0.9034
[1] 3000.0000    0.0000    0.8454   -0.2412    2.2800    0.9669
[1] 3100.0000    0.0000    0.9411    0.1460    1.7410    0.9915
[1] 3200.0000    0.0000    0.9190   -0.1429    2.2145    0.9575
[1] 3300.0000    0.0000    0.9312    0.3097    1.6672    0.9302
[1] 3400.0000    0.3291    0.8983    1.0400    1.0285    1.1525
[1] 3500.0000    0.0000    0.9256   -0.0963    2.0309    1.1684
[1] 3600.0000    0.0000    0.9625    0.0850    1.9330    0.8525
[1] 3700.0000    0.4765    0.9950    0.6479    1.4072    1.0085
[1] 3800.0000    0.0000    0.8306    0.4722    1.5651    0.8349
[1] 3900.0000    0.0000    0.8589   -0.4517    2.5329    1.1364
[1] 4000.0000    0.0000    0.9448   -0.6287    2.6655    1.0791
[1] 4100.0000    0.0000    0.8388   -0.9068    2.9448    0.8864
[1] 4200.0000    0.0000    0.9756   -0.8271    2.7564    0.9752
[1] 4300.0000    0.0441    0.8028   -0.8564    2.8866    0.9927
[1] 4400.0000    0.0000    0.8091    0.8758    1.1348    1.0451
[1] 4500.0000    0.2097    0.8404   -0.0236    2.0527    1.1577
[1] 4600.0000    0.0000    0.9525    0.4750    1.6005    1.1110
[1] 4700.0000    0.0000    0.8528   -0.7743    2.7334    0.8411
[1] 4800.0000    0.0000    0.8006   -1.0300    3.0415    0.9390
[1] 4900.0000    0.0000    0.9924   -1.3646    3.4470    1.1836
[1] 5000.0000    0.0000    0.9988   -1.1813    3.0757    0.9542
[1] 5100.0000    0.0000    0.9679   -1.1133    3.0890    1.1951
[1] 5200.0000    0.0000    0.8381   -0.4570    2.5799    0.9753
[1] 5300.0000    0.0000    0.8845   -0.2236    2.2033    1.0022
[1] 5400.0000    0.0000    0.8536    0.1398    1.8850    0.9337
[1] 5500.0000    0.0000    0.8506    0.8227    1.1117    1.1979
[1] 5600.0000    0.0000    0.9929   -0.0125    1.9176    1.1085
[1] 5700.0000    0.0000    0.9445    0.9559    1.1261    1.0237
[1] 5800.0000    0.0000    0.8612   -0.1057    2.1992    1.0327
[1] 5900.0000    0.0000    0.9433    0.3537    1.5826    0.8670
[1] 6000.0000    0.0000    0.9870    0.2898    1.6332    1.0819
[1] 6100.0000    0.0000    0.8793    0.8710    1.0804    0.8792
[1] 6200.0000    0.0000    0.8741    0.1720    1.8301    0.8043
[1] 6300.0000    0.0000    0.9569   -0.7781    2.7580    0.8080
[1] 6400.0000    0.0000    0.9599   -0.3698    2.4531    0.9947
[1] 6500.0000    0.0000    0.9084   -0.1132    2.1142    1.0918
[1] 6600.0000    0.0000    0.8710   -0.1735    2.1136    0.9001
[1] 6700.0000    0.0000    0.9231   -0.8289    2.9720    1.1521
[1] 6800.0000    0.0946    0.8794    0.3351    1.7015    0.9381
[1] 6900.0000    0.0000    0.8857   -0.7684    2.8376    0.9847
[1] 7000.0000    0.0000    0.8521   -0.1221    2.1556    1.0680
[1] 7100.0000    0.0000    0.9857    0.2616    1.7462    1.0571
[1] 7200.0000    0.0000    0.8247   -0.2073    2.2977    0.8913
[1] 7300.0000    0.0000    0.9346   -0.2963    2.3680    1.1740
[1] 7400.0000    0.0000    0.9512   -0.4804    2.5200    0.8676
[1] 7500.0000    0.0000    0.8475   -1.6613    3.6406    1.0597
[1] 7600.0000    0.0000    0.9493   -0.5123    2.5499    0.9281
[1] 7700.0000    0.0000    0.8440   -1.1032    3.1072    0.8976
[1] 7800.0000    0.0000    0.9477    0.0562    1.8883    0.8206
[1] 7900.0000    0.0000    0.9654   -0.2023    2.1212    1.1831
[1] 8000.0000    0.0000    0.9309   -0.6265    2.5845    1.0835
[1] 8100.0000    0.0000    0.8250   -0.3476    2.3558    1.1136
[1] 8200.0000    0.0000    0.9110   -0.3930    2.4063    0.9989
[1] 8300.0000    0.0000    0.8222   -0.4147    2.4336    0.8438
[1] 8400.0000    0.0000    0.9658    0.4137    1.5464    0.9286
[1] 8500.0000    0.0000    0.8693   -0.6999    2.7597    1.1264
[1] 8600.0000    0.0438    0.9662   -1.0101    3.1366    0.9487
[1] 8700.0000    0.0000    0.8940   -1.3967    3.4018    1.0236
[1] 8800.0000    0.0000    0.8601   -0.0542    1.9999    0.8170
[1] 8900.0000    0.0000    0.8674    0.0284    2.0140    1.0474
[1] 9000.0000    0.0000    0.8301    1.0393    0.9500    1.1387
[1] 9100.0000    0.0000    0.8755    0.8014    1.2254    0.8812
[1] 9200.0000    0.0000    0.8777    0.3429    1.7084    1.1489
[1] 9300.0000    0.0000    0.9734   -0.0977    2.0011    1.1056
[1] 9400.0000    0.0000    0.8413    0.6729    1.2708    1.0761
[1] 9500.0000    0.0000    0.8817   -1.3360    3.3191    1.0875
[1] 9600.0000    0.0000    0.8149   -0.2626    2.2736    0.9056
[1] 9700.0000    0.0000    0.8918    1.4822    0.4873    0.8845
[1] 9800.0000    0.0000    0.8667    0.5055    1.4755    0.9410
[1] 9900.0000    0.0000    0.9369    2.1165   -0.0116    1.1404
[1] 10000.0000     1.0000     0.8618    -0.6634     2.7009     0.8032
[1] 10100.0000     0.0000     0.9390    -0.6462     2.6667     1.0815
[1] 10200.0000     0.0000     0.8458    -0.0090     1.9708     1.1044
[1] 10300.0000     0.4393     0.9549     0.5189     1.4913     0.8021
[1] 10400.0000     0.0000     0.9109    -0.4516     2.4391     0.9653
[1] 10500.0000     0.0000     0.9035     0.4437     1.5144     0.9966
[1] 10600.0000     0.0000     0.9864     0.2852     1.6864     0.9817
[1] 10700.0000     0.0000     0.8398     0.5890     1.4351     1.0590
[1] 10800.0000     1.0000     0.8056     0.0978     1.9889     0.8503
[1] 10900.0000     0.0000     0.9660     0.1151     1.9263     1.1970
[1] 11000.0000     0.1333     0.8012     0.6157     1.5119     0.9407
[1] 11100.0000     0.0000     0.8214    -0.2624     2.2102     1.0422
[1] 11200.0000     0.1187     0.9398    -0.8306     2.8246     0.9513
[1] 11300.0000     0.0000     0.8936    -0.8299     2.8455     1.0961
[1] 11400.0000     0.0000     0.9548     0.7227     1.3081     1.0047
[1] 11500.0000     0.0000     0.8034     0.8128     1.1922     0.8501
[1] 11600.0000     0.0000     0.9104    -0.6906     2.7171     0.8269
[1] 11700.0000     0.0000     0.8925     0.4237     1.6292     0.9798
[1] 11800.0000     0.0000     0.8027    -0.7363     2.7487     0.8530
[1] 11900.0000     0.0000     0.8934    -1.0786     3.0727     1.0759
[1] 12000.0000     0.0000     0.8014    -0.4207     2.4155     1.0595
[1] 12100.0000     0.0000     0.8005    -0.5523     2.5185     0.8375
[1] 12200.0000     0.0795     0.9853     0.1439     1.9148     1.1443
[1] 12300.0000     0.0000     0.8010     0.1607     1.8901     0.8810
[1] 12400.0000     0.1622     0.8019    -0.9886     3.0486     1.1971
[1] 12500.0000     0.0000     0.8059     0.0080     2.0251     1.1427
[1] 12600.0000     0.0000     0.8126    -0.1354     2.2754     1.1805
[1] 12700.0000     0.0000     0.9614     0.2751     1.5816     0.8958
[1] 12800.0000     0.0000     0.8257     0.1341     1.9095     0.8904
[1] 12900.0000     0.0409     0.9204     1.0143     1.0464     0.8219
[1] 13000.0000     0.0000     0.8069     0.8160     1.1330     1.0997
[1] 13100.0000     0.0000     0.9404     0.9210     1.0871     0.9822
[1] 13200.0000     0.0000     0.8843    -0.4846     2.5706     0.9997
[1] 13300.0000     0.0000     0.9271    -0.3090     2.2382     0.8364
[1] 13400.0000     0.0000     0.8092    -0.6045     2.6093     1.1676
[1] 13500.0000     0.0000     0.8466    -0.3033     2.2795     0.8143
[1] 13600.0000     0.0000     0.8917     0.7664     1.2227     1.0301
[1] 13700.0000     0.0000     0.8951    -0.9082     2.8773     1.0363
[1] 13800.0000     0.0000     0.9432    -0.2544     2.2368     1.1717
[1] 13900.0000     0.0000     0.8573    -0.0196     2.0293     0.8372
[1] 14000.0000     0.0000     0.9588     0.2872     1.7192     0.9662
[1] 14100.0000     0.0000     0.8411     0.7340     1.1688     1.1804
[1] 14200.0000     0.0000     0.8479     0.3987     1.5368     0.8739
[1] 14300.0000     0.0000     0.9227    -1.0697     3.0403     1.0001
[1] 14400.0000     0.0034     0.8623     0.1087     1.8704     0.8985
[1] 14500.0000     0.5382     0.9833     1.0344     0.9652     1.1771
[1] 14600.0000     0.0000     0.8570     0.5389     1.3915     1.1138
[1] 14700.0000     0.0000     0.8974     0.2880     1.6358     1.0871
[1] 14800.0000     0.0000     0.9988     1.1147     0.8469     0.9067
[1] 14900.0000     0.0053     0.9582     0.3029     1.7251     1.0321
[1] 15000.0000     0.0000     0.9447    -0.1118     2.0449     0.8911
[1] 15100.0000     1.0000     0.8292     0.2105     1.7988     0.9249
[1] 15200.0000     0.0000     0.8734     0.8557     1.1488     0.8767
[1] 15300.0000     0.2170     0.9517     0.7093     1.3446     1.1636
[1] 15400.0000     0.0015     0.8397    -0.5367     2.5838     1.1015
[1] 15500.0000     0.0000     0.9734    -1.0858     3.1694     1.1714
[1] 15600.0000     0.0000     0.8520    -0.1464     2.1774     1.1912
[1] 15700.0000     0.0000     0.8475    -0.5522     2.5107     0.9690
[1] 15800.0000     0.0000     0.9108    -0.4211     2.4048     0.9068
[1] 15900.0000     0.0000     0.8841    -0.0193     2.0266     0.8192
[1] 16000.0000     0.0001     0.8124    -0.6740     2.6800     1.1160
[1] 16100.0000     0.0000     0.8125     0.5832     1.3951     0.8885
[1] 16200.0000     0.0000     0.9466     0.8907     1.0365     0.9477
[1] 1.630e+04 0.000e+00 9.158e-01 2.059e-01 1.839e+00 9.491e-01
[1] 16400.0000     0.0000     0.8807     0.1286     1.9046     0.8691
[1] 16500.0000     0.5662     0.9646    -0.1178     2.0738     1.1820
[1] 16600.0000     0.0000     0.8294    -1.0184     3.0709     0.8835
[1] 16700.0000     0.0000     0.9635     0.7946     1.1289     0.8336
[1] 16800.0000     0.0000     0.9358     0.1451     1.8853     0.9778
[1] 16900.0000     0.0000     0.8138     0.2390     1.7059     1.1004
[1] 17000.0000     0.0000     0.9790    -0.4769     2.4986     0.8822
[1] 17100.0000     0.0000     0.9305     0.6675     1.3868     0.9283
[1] 17200.0000     0.0000     0.9497     1.0855     0.8573     0.8252
[1] 17300.0000     1.0000     0.8396     0.0642     1.9338     1.0131
[1] 17400.0000     0.0000     0.8593     0.1983     1.8552     1.1450
[1] 17500.0000     0.0000     0.9677    -0.0127     2.0277     1.1479
[1] 17600.0000     0.0000     0.8280     0.2186     1.7686     1.1486
[1] 17700.0000     0.0000     0.8794     0.6205     1.3731     0.9707
[1] 17800.0000     0.0000     0.8771    -0.9646     3.0530     0.9481
[1] 17900.0000     0.0000     0.8750    -0.4016     2.4503     0.9636
[1] 18000.0000     1.0000     0.9109    -0.5071     2.5312     0.8712
[1] 18100.0000     0.0000     0.8802    -0.6718     2.7108     0.9893
[1] 18200.0000     0.0284     0.8582     0.4353     1.4867     0.9652
[1] 18300.0000     0.0000     0.9012     0.5329     1.4953     1.0710
[1] 18400.0000     0.0000     0.9529     0.0432     2.0103     0.8173
[1] 18500.0000     0.0000     0.9525     0.1688     1.8131     0.9333
[1] 18600.0000     0.0000     0.8656     0.2639     1.7877     0.8624
[1] 18700.0000     0.0000     0.8080     0.0214     2.0163     0.9308
[1] 18800.0000     0.0000     0.8635     0.1966     1.7819     1.1693
[1] 18900.0000     0.0000     0.9024     0.0746     1.8989     1.0613
[1] 19000.0000     0.0000     0.8366    -0.4487     2.4394     0.8015
[1] 19100.0000     0.0000     0.8878     0.5734     1.3287     1.0323
[1] 19200.0000     0.0000     0.8001     0.0212     1.9259     0.9641
[1] 19300.0000     0.0000     0.8035    -0.0228     1.9971     1.0886
[1] 19400.0000     0.0000     0.9330    -0.5058     2.5210     1.0363
[1] 19500.0000     0.0000     0.9654    -0.2621     2.2554     0.9669
[1] 19600.0000     0.5461     0.9162    -1.4442     3.4932     0.8038
[1] 19700.0000     0.0000     0.8982    -0.4628     2.3822     1.1826
[1] 19800.0000     0.0000     0.9408     0.2067     1.8603     0.9927
[1] 19900.0000     0.0000     0.9981    -0.5677     2.6120     1.0280
[1] 20000.0000     0.0000     0.8708    -0.4509     2.4485     1.0213
[1] 20100.0000     0.0000     0.9080     0.2516     1.8273     1.0402
[1] 20200.0000     1.0000     0.9840     0.3111     1.7519     1.1380
[1] 20300.0000     0.0000     0.8028     0.0856     2.0045     0.9708
[1] 20400.0000     0.0045     0.9072     0.1308     1.8756     0.9991
[1] 20500.0000     0.0000     0.8964    -0.4252     2.5123     1.1285
[1] 20600.0000     1.0000     0.9169     0.0415     1.9899     1.1057
[1] 20700.0000     1.0000     0.8107     0.3598     1.5761     1.0874
[1] 20800.0000     0.0000     0.9606    -0.4955     2.5606     1.0886
[1] 20900.0000     0.0000     0.9109     0.3964     1.6403     0.9980
[1] 21000.0000     0.0000     0.9912     0.9698     1.0339     1.0875
[1] 21100.0000     0.0000     0.9732    -0.3972     2.3798     0.8253
[1] 21200.0000     0.0210     0.9704     0.0757     1.9352     1.1667
[1] 21300.0000     0.0000     0.8399    -0.7191     2.6282     1.0171
[1] 21400.0000     0.0000     0.9719    -0.0392     2.0162     0.9071
[1] 21500.0000     0.0000     0.9375     0.1468     1.8090     1.0777
[1] 21600.0000     0.0000     0.8010    -0.1933     2.2198     1.1966
[1] 21700.0000     0.0000     0.8258    -0.6502     2.7028     1.1265
[1] 21800.0000     0.0000     0.8218    -0.0291     2.1536     1.1739
[1] 21900.0000     0.0000     0.9408     0.1101     1.8392     0.9421
[1] 2.200e+04 0.000e+00 8.850e-01 1.098e+00 9.188e-01 9.555e-01
[1] 22100.0000     0.0000     0.9825    -0.2873     2.2927     1.1195
[1] 22200.0000     0.0000     0.9349    -0.1598     2.1075     0.9881
[1] 22300.0000     0.0001     0.8584     0.0679     1.9499     0.9367
[1] 22400.0000     0.0000     0.9494     0.1686     1.8259     0.9207
[1] 22500.0000     0.0019     0.9610     0.7368     1.2953     0.9963
[1] 22600.0000     0.0000     0.8858     1.3713     0.7625     0.9064
[1] 22700.0000     0.0000     0.8271     0.6200     1.3089     1.1968
[1] 22800.0000     0.0001     0.9630     0.3179     1.7813     0.9437
[1] 22900.0000     0.0000     0.9207     1.5815     0.3911     0.8362
[1] 23000.0000     0.0000     0.9491     1.3677     0.6347     0.8538
[1] 23100.0000     0.0000     0.9231     0.2629     1.7644     0.8179
[1] 23200.0000     0.0000     0.8288    -0.3227     2.3424     0.8616
[1] 23300.0000     0.2084     0.8966    -0.1622     2.1688     1.0199
[1] 2.340e+04 0.000e+00 9.418e-01 4.085e-01 1.588e+00 8.205e-01
[1] 23500.0000     0.0000     0.8934    -0.5482     2.5626     1.1391
[1] 23600.0000     0.0000     0.8360     0.4938     1.4964     0.8406
[1] 23700.0000     0.0000     0.8580    -0.3022     2.3174     0.8494
[1] 23800.0000     0.0000     0.9509    -0.1631     2.1121     0.9516
[1] 23900.0000     0.0000     0.8328    -0.4296     2.4548     0.9967
[1] 24000.0000     0.0000     0.9653    -0.8454     2.8427     0.9324
[1] 24100.0000     0.0000     0.8643    -2.2359     4.2411     0.9462
[1] 24200.0000     0.0000     0.8399    -0.3929     2.2924     1.0287
[1] 24300.0000     0.0000     0.9879    -0.8453     2.8560     1.1930
[1] 24400.0000     1.0000     0.9947     0.8038     1.2045     0.9697
[1] 24500.0000     0.0000     0.9064     0.7742     1.1903     0.8345
[1] 24600.0000     0.0000     0.9062     0.2520     1.7158     0.8877
[1] 24700.0000     0.0000     0.9025    -0.6648     2.6906     0.8040
[1] 24800.0000     0.0000     0.8109     0.8573     1.1746     1.1899
[1] 24900.0000     0.0000     0.9495    -0.0986     2.0562     0.8626
[1] 25000.0000     0.0000     0.9628     0.3438     1.6681     0.9362
[1] 25100.0000     0.0000     0.9605     1.0165     0.9479     1.0743
[1] 25200.0000     0.0000     0.8184    -0.0319     2.0782     0.8574
[1] 25300.0000     0.6915     0.8151    -0.1381     2.0738     1.0748
[1] 25400.0000     1.0000     0.8988    -0.3149     2.3095     1.0888
[1] 25500.0000     0.0000     0.8147     0.4338     1.5478     1.1844
[1] 25600.0000     0.0000     0.8978    -0.0896     2.0904     1.1142
[1] 25700.0000     0.0000     0.8060     0.7754     1.2757     0.8422
[1] 25800.0000     0.0000     0.8043    -0.4505     2.3371     0.8730
[1] 25900.0000     1.0000     0.8632    -0.1117     2.1505     1.1254
[1] 26000.0000     1.0000     0.9492    -0.6499     2.7193     1.0058
[1] 26100.0000     0.0000     0.9196    -0.3762     2.2191     1.1722
[1] 26200.0000     0.0000     0.9768    -0.9496     2.9073     0.9801
[1] 26300.0000     0.0000     0.8530    -0.8823     2.9423     1.0678
[1] 26400.0000     0.0000     0.8767    -0.1913     2.0970     0.8041
[1] 26500.0000     0.0081     0.8556    -0.3355     2.3672     0.8038
[1] 26600.0000     0.0000     0.9293    -1.3718     3.5615     0.8497
[1] 26700.0000     0.0000     0.8184    -0.8885     2.8438     0.9177
[1] 26800.0000     0.0000     0.8448    -2.4270     4.3757     0.8652
[1] 26900.0000     0.0000     0.9184    -0.2688     2.2316     1.1619
[1] 27000.0000     0.0000     0.8102     0.0668     1.9346     1.1325
[1] 27100.0000     0.9331     0.9280    -0.2331     2.2851     1.0348
[1] 27200.0000     0.0000     0.8802     0.7290     1.2749     0.8416
[1] 27300.0000     0.0000     0.8270    -0.4995     2.5157     1.1347
[1] 27400.0000     0.0000     0.8943     0.0930     1.9525     1.1962
[1] 27500.0000     0.0000     0.8677     0.5493     1.4462     0.9516
[1] 27600.0000     0.0000     0.8732     1.6397     0.4453     0.9172
[1] 27700.0000     0.0000     0.8317     1.0355     0.9644     1.1846
[1] 27800.0000     0.0000     0.8338     0.9481     1.0627     0.9440
[1] 27900.0000     1.0000     0.8904     0.2362     1.7661     0.9276
[1] 28000.0000     0.0000     0.8025    -0.4404     2.4568     0.9240
[1] 28100.0000     0.0000     0.9262     0.9913     1.0822     1.0710
[1] 28200.0000     0.0000     0.9683     0.4395     1.5693     0.8917
[1] 28300.0000     0.0000     0.9886    -0.1154     2.1108     1.1843
[1] 28400.0000     1.0000     0.9594    -0.6222     2.5689     0.8105
[1] 28500.0000     0.0000     0.8678     1.2431     0.7582     0.8688
[1] 28600.0000     0.0000     0.9856     0.2346     1.6597     1.1641
[1] 28700.0000     0.0000     0.9675    -1.0032     3.0393     1.1579
[1] 28800.0000     0.0000     0.8104     0.1495     1.9387     1.1940
[1] 28900.0000     0.0000     0.9137     1.0579     0.9934     0.8478
[1] 29000.0000     0.0000     0.9277     0.3781     1.6490     1.1735
[1] 29100.0000     0.0000     0.8445    -0.0126     2.0802     0.8871
[1] 29200.0000     0.0076     0.9367     0.3431     1.5623     1.1465
[1] 29300.0000     0.0019     0.9749     1.4144     0.5734     0.9782
[1] 29400.0000     0.0000     0.9394     1.0260     0.8962     1.1754
[1] 29500.0000     0.0000     0.8094    -0.7338     2.7091     0.8253
[1] 29600.0000     0.0000     0.8335     0.4406     1.5465     1.1940
[1] 29700.0000     0.0000     0.9991    -0.0089     1.9794     0.9357
[1] 29800.0000     0.0000     0.9203    -1.0559     3.0487     0.9519
[1] 29900.0000     0.9927     0.9798    -0.2753     2.3077     1.0014
[1] 30000.0000     0.0000     0.8841     0.6676     1.2910     1.0036
[1] 0.06823727
Time difference of 10.95641 hours
null device 
          1 
