[1] "El numero de nodos X particion es: 10"
[1] "Model = M1 / Data = sim_data/datasetSVCExponential9.Rdata"
[1] 100.0000   1.0000   0.8291   0.0826   1.9469   0.9331
[1] 200.0000   1.0000   0.9804   0.0246   1.8984   1.0297
[1] 300.0000   0.4905   0.8776  -0.1129   1.8851   1.0665
[1] 400.0000   0.0474   0.9217  -0.0986   1.8177   0.9692
[1] 500.0000   0.3983   0.8902  -0.2035   1.6724   0.8863
[1] 600.0000   0.0000   0.8693  -0.0073   1.7815   1.0610
[1] 700.0000   1.0000   0.8087  -0.1527   1.7661   1.0605
[1] 800.0000   1.0000   0.8954  -0.0520   1.8656   1.1490
[1] 900.0000   0.1120   0.9543  -0.3238   1.6853   0.9829
[1] 1000.0000    0.2355    0.8568   -0.0830    1.8080    0.8983
[1] 1100.0000    0.1773    0.9031   -0.1962    1.7145    1.0781
[1] 1200.0000    0.0807    0.8467    0.0112    1.8959    1.0747
[1] 1300.0000    0.9501    0.8617   -0.1772    1.7686    1.0550
[1] 1400.0000    0.0000    0.9303   -0.2251    1.7719    1.1894
[1] 1500.0000    0.0000    0.9672    0.1161    1.9774    1.1986
[1] 1600.0000    0.2675    0.8673    0.0332    1.9648    0.9237
[1] 1700.0000    0.0000    0.9259   -0.0950    1.7705    1.0764
[1] 1800.0000    0.0000    0.9234   -0.1051    1.9520    1.1307
[1] 1900.0000    0.1933    0.9957    0.0787    1.9762    1.1822
[1] 2000.0000    0.0787    0.9978   -0.1600    1.7091    1.1535
[1] 2100.0000    1.0000    0.8081   -0.0522    1.9154    0.9300
[1] 2200.0000    1.0000    0.8897   -0.0790    1.8305    1.0133
[1] 2300.0000    0.0947    0.8377   -0.1069    1.8893    0.8487
[1] 2400.0000    0.0152    0.9355   -0.0634    1.7653    1.1578
[1] 2500.0000    0.0219    0.8529   -0.0389    1.9171    0.9541
[1] 2600.0000    0.0912    0.9658   -0.1475    1.8132    1.0023
[1] 2700.0000    0.1964    0.8044   -0.1751    1.7694    1.0835
[1] 2800.0000    0.0153    0.9204    0.0468    1.9810    1.0405
[1] 2900.0000    0.0002    0.8994   -0.2612    1.6696    1.0050
[1] 3000.0000    0.0425    0.9297    0.0203    1.9047    1.1984
[1] 3100.0000    0.4100    0.8708    0.0166    1.8911    0.9667
[1] 3200.0000    0.3914    0.9371    0.0664    1.9795    1.1278
[1] 3300.0000    0.0000    0.9877   -0.1716    1.7386    0.9428
[1] 3400.0000    0.0011    0.9079   -0.1275    1.7481    0.8348
[1] 3500.0000    0.8431    0.9338   -0.1258    1.8409    0.8830
[1] 3600.0000    0.0815    0.9027   -0.1604    1.7777    1.1569
[1] 3700.0000    0.0002    0.9950    0.0993    1.9415    1.0085
[1] 3800.0000    0.0001    0.8653   -0.2014    1.7023    0.9884
[1] 3900.0000    0.0082    0.9030   -0.1558    1.7955    0.9530
[1] 4000.0000    0.4285    0.9388   -0.1321    1.7111    0.8131
[1] 4100.0000    1.0000    0.9426   -0.0146    1.8490    0.8764
[1] 4200.0000    0.6263    0.9756   -0.1242    1.8226    0.9752
[1] 4300.0000    0.0000    0.9986   -0.0506    1.8722    0.9026
[1] 4400.0000    0.1032    0.9571    0.1063    1.9825    0.9932
[1] 4500.0000    1.0000    0.8410    0.0405    1.9227    1.1520
[1] 4600.0000    0.1467    0.8009   -0.1939    1.7187    0.9214
[1] 4700.0000    0.0172    0.9516   -0.0298    1.9645    1.1937
[1] 4800.0000    0.0807    0.8985   -0.1508    1.7161    0.9827
[1] 4900.0000    0.4446    0.8201    0.0876    1.9455    1.1747
[1] 5000.0000    1.0000    0.9273   -0.1140    1.7709    1.0348
[1] 5100.0000    1.0000    0.8496   -0.1845    1.7879    0.8317
[1] 5200.0000    0.0054    0.8350    0.0090    2.0314    1.0935
[1] 5300.0000    1.0000    0.8379   -0.0960    1.7935    1.0434
[1] 5400.0000    0.8672    0.8333   -0.0093    1.8967    0.9811
[1] 5500.0000    0.7565    0.9295    0.0009    1.8302    1.1335
[1] 5600.0000    0.0270    0.9095   -0.4060    1.6425    0.9324
[1] 5700.0000    0.1299    0.9403   -0.1831    1.6686    0.9236
[1] 5800.0000    0.1506    0.8612   -0.1024    1.8870    1.0327
[1] 5900.0000    0.2233    0.8706   -0.1108    1.8073    1.1672
[1] 6000.0000    0.6875    0.8325   -0.2821    1.7034    0.8825
[1] 6100.0000    0.1046    0.9517    0.1382    1.9722    0.9216
[1] 6200.0000    1.0000    0.8336   -0.3587    1.5665    0.9759
[1] 6300.0000    0.0117    0.8959   -0.2038    1.8278    1.1826
[1] 6400.0000    0.4454    0.9022    0.0247    1.8324    0.8332
[1] 6500.0000    0.0250    0.8697   -0.1270    1.8197    0.9040
[1] 6600.0000    0.0070    0.8918   -0.2262    1.7829    1.0184
[1] 6700.0000    0.0003    0.9726   -0.2772    1.6518    1.0730
[1] 6800.0000    1.0000    0.8496   -0.0532    1.9215    0.9728
[1] 6900.0000    0.0504    0.8556   -0.2016    1.7260    1.1638
[1] 7000.0000    0.0003    0.8011   -0.0783    1.8498    1.0228
[1] 7100.0000    1.0000    0.8440   -0.0540    1.8687    0.9302
[1] 7200.0000    0.0045    0.8989   -0.0675    1.8488    0.9392
[1] 7300.0000    0.0008    0.8821   -0.0888    1.8779    0.9361
[1] 7400.0000    0.0000    0.8164   -0.2166    1.6939    0.8600
[1] 7500.0000    0.0572    0.8682   -0.0408    1.9359    0.9160
[1] 7600.0000    0.0528    0.8332   -0.1532    1.7743    1.0877
[1] 7700.0000    0.0032    0.8552   -0.0910    1.8009    1.0850
[1] 7800.0000    0.0008    0.8139   -0.1656    1.7844    0.8702
[1] 7900.0000    0.6308    0.8037   -0.0723    1.8609    1.1632
[1] 8000.0000    0.8419    0.9186   -0.1803    1.7111    1.0026
[1] 8100.0000    0.9990    0.9280    0.1439    2.0731    1.0020
[1] 8200.0000    0.0000    0.8989   -0.0008    1.8756    1.1363
[1] 8300.0000    0.0004    0.8896    0.1632    2.0413    1.1748
[1] 8400.0000    0.7510    0.8563   -0.1148    1.7370    1.0967
[1] 8500.0000    0.0021    0.8507   -0.2061    1.7331    1.0895
[1] 8600.0000    0.2757    0.9835   -0.0552    1.8954    0.9563
[1] 8700.0000    0.6616    0.8293   -0.1063    1.7387    0.8767
[1] 8800.0000    1.0000    0.9324   -0.1039    1.7990    0.8066
[1] 8900.0000    0.4642    0.9431   -0.1718    1.8307    1.1381
[1] 9000.0000    0.2646    0.9025   -0.0110    1.8785    0.9096
[1] 9100.0000    0.3098    0.8799   -0.0273    1.8824    0.8591
[1] 9200.0000    1.0000    0.9069   -0.0809    1.8958    1.1995
[1] 9300.0000    0.0002    0.9856   -0.0998    1.7429    1.1370
[1] 9400.0000    0.2718    0.8458    0.0206    1.8514    1.0091
[1] 9500.0000    0.0000    0.9329   -0.1067    1.8496    0.8817
[1] 9600.0000    0.6351    0.9566   -0.1964    1.7539    1.1182
[1] 9700.0000    0.1806    0.8614   -0.0632    1.8625    0.9692
[1] 9800.0000    0.1335    0.8196   -0.0571    1.7923    0.9680
[1] 9900.0000    0.0000    0.8466    0.0744    1.9193    0.8248
[1] 10000.0000     0.6363     0.9167    -0.3408     1.6651     1.1877
[1] 10100.0000     1.0000     0.9049    -0.0238     1.8776     1.0751
[1] 10200.0000     0.0000     0.9084    -0.0856     1.8360     0.8386
[1] 10300.0000     0.0288     0.8120     0.0574     1.9063     0.8804
[1] 10400.0000     0.2547     0.9337     0.0190     1.8803     1.0990
[1] 10500.0000     1.0000     0.8159     0.1416     1.9443     1.1284
[1] 10600.0000     0.0636     0.9579     0.1397     2.0921     1.1829
[1] 10700.0000     0.1003     0.8531    -0.1914     1.8172     0.8181
[1] 10800.0000     0.7035     0.8541    -0.0960     1.8911     0.9792
[1] 10900.0000     0.0000     0.8264    -0.1312     1.8986     1.1140
[1] 11000.0000     0.4329     0.8012    -0.1052     1.9088     0.9407
[1] 11100.0000     0.0001     0.8902     0.1920     2.1446     0.9114
[1] 11200.0000     1.0000     0.9412    -0.0550     1.9337     0.8257
[1] 11300.0000     0.8416     0.9738    -0.1292     1.7558     1.1215
[1] 11400.0000     1.0000     0.9866    -0.1142     1.8061     0.8664
[1] 11500.0000     0.0000     0.9311    -0.1584     1.8405     0.8792
[1] 11600.0000     0.9324     0.9382    -0.3464     1.6092     0.8033
[1] 11700.0000     0.5246     0.9810    -0.2995     1.7422     0.9386
[1] 11800.0000     0.0245     0.9849    -0.1386     1.7029     1.0283
[1] 11900.0000     0.4138     0.8272     0.0163     1.8825     0.8962
[1] 12000.0000     0.0086     0.8543    -0.1740     1.7587     1.1591
[1] 12100.0000     0.1860     0.9452    -0.0302     1.8808     0.8400
[1] 12200.0000     1.0000     0.8496    -0.1929     1.6978     0.8460
[1] 12300.0000     0.0068     0.9623    -0.0714     1.7366     1.1420
[1] 12400.0000     1.0000     0.8046    -0.1937     1.7323     0.8797
[1] 12500.0000     0.1149     0.9120     0.1031     2.0212     1.1259
[1] 12600.0000     0.3546     0.9564     0.0582     1.8409     1.1675
[1] 12700.0000     0.0004     0.9486     0.1340     1.9898     0.8166
[1] 12800.0000     0.0034     0.9108    -0.1461     1.7470     1.0765
[1] 12900.0000     0.2183     0.9378    -0.3951     1.5113     1.1252
[1] 13000.0000     0.0312     0.8069     0.0051     1.9005     1.0997
[1] 13100.0000     0.0026     0.9404    -0.1302     1.7836     0.9822
[1] 13200.0000     0.0783     0.9589    -0.2776     1.6735     1.1555
[1] 13300.0000     1.0000     0.9675     0.0378     1.9841     1.1190
[1] 13400.0000     0.0000     0.9801     0.0640     1.8371     1.0073
[1] 13500.0000     0.0003     0.8240    -0.1146     1.8243     1.0099
[1] 13600.0000     0.0065     0.8917    -0.1324     1.6831     1.0301
[1] 13700.0000     1.0000     0.8314    -0.0853     1.8336     0.8589
[1] 13800.0000     0.0000     0.8418    -0.1211     1.7589     1.1127
[1] 13900.0000     0.6797     0.8125    -0.0740     1.8333     1.1546
[1] 14000.0000     0.6529     0.9598    -0.0308     1.7902     0.8043
[1] 14100.0000     0.0002     0.9236     0.0021     1.9061     0.9106
[1] 14200.0000     0.0329     0.9171    -0.0525     1.8307     0.8964
[1] 14300.0000     0.0190     0.8359    -0.1879     1.7666     1.0907
[1] 14400.0000     1.0000     0.8984    -0.0408     1.8124     1.1866
[1] 14500.0000     0.4988     0.9833     0.0528     1.8340     1.1771
[1] 14600.0000     0.0000     0.8329    -0.1554     1.7877     0.9630
[1] 14700.0000     1.0000     0.8840    -0.0516     1.8350     1.0394
[1] 14800.0000     0.0000     0.8106    -0.3507     1.6527     1.0978
[1] 14900.0000     0.4144     0.9850    -0.0133     1.9371     1.1438
[1] 15000.0000     0.0000     0.9486    -0.1860     1.7361     0.9418
[1] 15100.0000     0.0425     0.9112    -0.1622     1.7834     1.0503
[1] 15200.0000     0.3336     0.9896     0.0501     1.8859     1.1186
[1] 15300.0000     0.0712     0.8296    -0.0354     1.9232     1.1944
[1] 15400.0000     1.0000     0.9829    -0.1074     1.7960     1.0368
[1] 15500.0000     0.7643     0.8761    -0.1368     1.7457     0.9901
[1] 15600.0000     0.5720     0.9912    -0.1885     1.7343     1.0551
[1] 15700.0000     0.0001     0.9705     0.1622     2.0302     0.8969
[1] 15800.0000     1.0000     0.9774     0.0333     1.9028     1.1822
[1] 15900.0000     0.0000     0.9524    -0.0454     1.9299     1.0855
[1] 16000.0000     0.6924     0.9761    -0.2231     1.7494     1.0600
[1] 16100.0000     1.0000     0.9477    -0.0508     1.9516     0.9420
[1] 16200.0000     1.0000     0.8455    -0.0854     1.8278     1.0509
[1] 16300.0000     0.1879     0.9320    -0.1268     1.8432     1.0407
[1] 16400.0000     0.3158     0.8090    -0.1106     1.8260     0.8978
[1] 16500.0000     0.1371     0.9894    -0.1150     1.8073     0.9222
[1] 16600.0000     0.3018     0.8568    -0.1496     1.7679     1.0645
[1] 16700.0000     0.1310     0.8804    -0.1197     1.8253     1.1815
[1] 16800.0000     0.0789     0.8165    -0.3164     1.5895     1.0376
[1] 16900.0000     0.0541     0.9014    -0.2268     1.7322     0.8459
[1] 17000.0000     0.6593     0.8355     0.0046     1.9351     0.9526
[1] 17100.0000     0.0033     0.9262     0.1070     1.9029     0.9696
[1] 17200.0000     0.3061     0.9497    -0.2740     1.6474     0.8252
[1] 17300.0000     0.9470     0.8396    -0.3450     1.6435     1.0131
[1] 17400.0000     1.0000     0.9623    -0.0323     1.9795     1.1696
[1] 17500.0000     1.0000     0.9645    -0.1222     1.7365     0.9956
[1] 17600.0000     0.0329     0.8678     0.0112     1.8662     1.1651
[1] 17700.0000     0.0150     0.8922    -0.1393     1.7348     1.0234
[1] 17800.0000     1.0000     0.9968    -0.0546     1.8553     0.8268
[1] 17900.0000     0.0066     0.8644     0.0128     1.9317     1.0507
[1] 18000.0000     0.8897     0.9109     0.0182     1.8929     0.8712
[1] 18100.0000     0.2552     0.8667     0.0122     1.8795     1.1867
[1] 18200.0000     1.0000     0.8073     0.0797     1.9707     0.9256
[1] 18300.0000     0.0392     0.9706    -0.0571     1.8648     1.1685
[1] 18400.0000     0.0006     0.9243    -0.3815     1.6541     1.1066
[1] 18500.0000     0.0172     0.8611    -0.2181     1.7878     0.9812
[1] 18600.0000     0.0191     0.8932    -0.0115     1.9604     0.8460
[1] 18700.0000     0.4832     0.9071     0.0612     1.9734     1.1143
[1] 18800.0000     0.0048     0.9415    -0.0630     1.9383     0.8205
[1] 18900.0000     0.0000     0.8387    -0.2754     1.7175     0.8037
[1] 19000.0000     1.0000     0.8087    -0.0742     1.8526     1.1060
[1] 19100.0000     0.0396     0.8142    -0.2079     1.7250     1.0716
[1] 19200.0000     0.9391     0.8319    -0.1603     1.6787     1.0132
[1] 19300.0000     0.1389     0.8940     0.0832     1.9049     1.1248
[1] 19400.0000     0.2120     0.8040     0.0462     1.8895     1.1551
[1] 19500.0000     0.0014     0.8243     0.1051     1.9879     0.8751
[1] 19600.0000     0.2025     0.8098    -0.0860     1.8486     1.1951
[1] 19700.0000     0.0093     0.8143     0.0341     1.8979     0.8081
[1] 19800.0000     0.1391     0.8317     0.1222     2.0318     1.0742
[1] 19900.0000     0.4608     0.9981     0.2012     2.1329     1.0280
[1] 20000.0000     0.1764     0.8545    -0.2453     1.7161     0.8923
[1] 20100.0000     0.0000     0.8622     0.0565     2.0142     0.8640
[1] 20200.0000     1.0000     0.9840    -0.0282     1.9251     1.1380
[1] 20300.0000     0.0005     0.8028    -0.2900     1.7466     0.9708
[1] 20400.0000     1.0000     0.8446    -0.0644     1.8256     1.0333
[1] 20500.0000     0.0024     0.8964    -0.0939     1.8682     1.1285
[1] 20600.0000     0.2185     0.8909    -0.1421     1.7930     1.1489
[1] 20700.0000     0.5729     0.8107     0.1354     1.9319     1.0874
[1] 20800.0000     1.0000     0.9981     0.0427     2.0154     1.0246
[1] 20900.0000     0.0000     0.8547    -0.0781     1.8763     0.9562
[1] 21000.0000     0.6536     0.8708    -0.0461     1.8862     1.1617
[1] 21100.0000     0.0860     0.9291    -0.1132     1.7836     1.1428
[1] 21200.0000     0.2052     0.8263    -0.0909     1.8228     1.1324
[1] 21300.0000     0.0001     0.8214    -0.0127     1.7605     1.0391
[1] 21400.0000     1.0000     0.8276     0.0064     1.9036     0.8233
[1] 21500.0000     0.0003     0.8906    -0.0491     1.8375     0.8206
[1] 21600.0000     0.8672     0.9634    -0.1222     1.8439     0.9473
[1] 21700.0000     0.5213     0.9973    -0.1824     1.7802     0.9605
[1] 21800.0000     0.5354     0.8778     0.1026     2.0988     1.0685
[1] 21900.0000     0.3131     0.9598     0.0191     1.9856     0.8497
[1] 22000.0000     0.1885     0.8850     0.0125     1.8627     0.9555
[1] 22100.0000     0.1681     0.8953     0.0098     1.9127     0.9321
[1] 22200.0000     0.4434     0.8579    -0.2287     1.7528     0.8534
[1] 22300.0000     0.0409     0.9726    -0.1583     1.9045     0.8521
[1] 22400.0000     1.0000     0.9971    -0.0136     1.9129     0.9354
[1] 22500.0000     0.0027     0.8239    -0.1364     1.8530     1.1368
[1] 22600.0000     0.0022     0.9196     0.0259     1.9251     1.0596
[1] 22700.0000     0.0030     0.8271    -0.0468     1.8384     1.1968
[1] 22800.0000     0.2825     0.8972    -0.2185     1.6240     1.0231
[1] 22900.0000     0.1627     0.8804    -0.1292     1.8119     0.9211
[1] 23000.0000     0.0000     0.8997    -0.0318     1.7553     0.9381
[1] 23100.0000     0.4077     0.8119     0.0802     1.9355     1.0551
[1] 23200.0000     0.0743     0.9573     0.0250     1.9589     1.0522
[1] 23300.0000     0.0001     0.9727     0.0130     1.9453     0.9482
[1] 23400.0000     0.5438     0.8888     0.0620     1.8815     1.0444
[1] 23500.0000     1.0000     0.9916     0.0249     1.8688     1.1297
[1] 23600.0000     0.9461     0.8573    -0.0980     1.8912     0.9429
[1] 23700.0000     0.1990     0.9328    -0.1813     1.7818     1.0180
[1] 23800.0000     0.8635     0.9299    -0.1355     1.6623     1.0580
[1] 23900.0000     0.9107     0.8722     0.0082     1.8273     0.8735
[1] 24000.0000     0.0267     0.9851    -0.0180     1.9057     1.0873
[1] 24100.0000     1.0000     0.9214    -0.0865     1.9528     0.8541
[1] 24200.0000     0.3110     0.8447    -0.2050     1.7009     0.9276
[1] 24300.0000     0.6527     0.8163     0.0383     1.9885     1.0906
[1] 24400.0000     1.0000     0.9947    -0.0789     1.7965     0.9697
[1] 24500.0000     0.0146     0.8969    -0.0301     1.8795     1.0480
[1] 24600.0000     0.0002     0.9237    -0.0996     1.8081     1.0127
[1] 24700.0000     0.3268     0.9195    -0.2688     1.5846     0.8781
[1] 24800.0000     0.0001     0.8460    -0.1216     1.7932     0.9489
[1] 24900.0000     1.0000     0.8569    -0.1674     1.7683     1.1414
[1] 25000.0000     1.0000     0.8801     0.0781     1.9901     0.8235
[1] 25100.0000     0.8925     0.8419    -0.1411     1.8312     0.8544
[1] 25200.0000     0.0668     0.8495     0.0725     2.0163     1.1739
[1] 25300.0000     0.0003     0.9779    -0.1301     1.8411     0.8977
[1] 25400.0000     0.0928     0.8633    -0.2873     1.6604     1.0600
[1] 25500.0000     0.5270     0.8159    -0.0634     1.7813     1.0385
[1] 25600.0000     0.0711     0.9926     0.1307     1.9743     0.9855
[1] 25700.0000     0.2331     0.8976    -0.2736     1.6916     0.9408
[1] 25800.0000     0.0352     0.9689    -0.0902     1.8420     1.1962
[1] 25900.0000     0.0001     0.8683     0.0667     1.8702     0.8098
[1] 26000.0000     0.4011     0.9492    -0.1117     1.7282     1.0058
[1] 26100.0000     0.1262     0.9326    -0.1144     1.8517     1.0189
[1] 26200.0000     0.3704     0.8601    -0.1260     1.8750     0.9041
[1] 26300.0000     0.6004     0.8623    -0.3787     1.6426     1.0835
[1] 26400.0000     0.0996     0.8855     0.1522     1.9537     1.0131
[1] 26500.0000     0.0665     0.8034    -0.3718     1.5831     1.1338
[1] 26600.0000     0.2623     0.8720    -0.2543     1.6631     0.9170
[1] 26700.0000     0.1426     0.9721    -0.1219     1.7939     0.8075
[1] 26800.0000     0.1327     0.8697    -0.0757     1.8610     1.1281
[1] 26900.0000     0.0013     0.9241     0.0882     2.0070     1.0646
[1] 27000.0000     0.7743     0.8977    -0.1277     1.8385     0.8661
[1] 27100.0000     0.0005     0.8095    -0.1167     1.7746     1.0497
[1] 27200.0000     0.0121     0.8628    -0.1763     1.7898     1.0265
[1] 27300.0000     0.0008     0.9608    -0.0763     1.7855     0.8492
[1] 27400.0000     0.1075     0.8725    -0.1496     1.7206     1.1899
[1] 27500.0000     1.0000     0.8366    -0.1303     1.7725     1.0805
[1] 27600.0000     0.0001     0.8069     0.1690     2.0107     0.9996
[1] 27700.0000     0.0668     0.8620     0.0914     2.0730     1.0941
[1] 27800.0000     0.0000     0.8358    -0.0322     1.9201     1.1051
[1] 27900.0000     0.5072     0.8774     0.0356     1.9134     1.0564
[1] 28000.0000     0.0001     0.9003    -0.1518     1.8022     0.9918
[1] 28100.0000     0.0000     0.8536    -0.1089     1.8594     0.8286
[1] 28200.0000     0.7117     0.9271     0.0416     1.9404     0.9591
[1] 28300.0000     0.0101     0.8937    -0.2131     1.6956     1.0178
[1] 28400.0000     0.6499     0.9594    -0.0924     1.7725     0.8105
[1] 28500.0000     1.0000     0.8206     0.0198     1.9652     1.0447
[1] 28600.0000     0.0080     0.9775     0.0118     1.8909     0.9079
[1] 28700.0000     0.2190     0.9045    -0.0966     1.7969     1.0095
[1] 28800.0000     1.0000     0.9743    -0.0970     1.8056     0.8723
[1] 28900.0000     0.7184     0.8662    -0.3331     1.6551     0.8550
[1] 29000.0000     0.3759     0.9401    -0.0693     1.8621     1.1755
[1] 29100.0000     0.0033     0.9156    -0.0125     1.9350     0.8172
[1] 29200.0000     0.0003     0.8470    -0.1338     1.8214     0.8568
[1] 29300.0000     0.0280     0.8435    -0.2069     1.6629     1.1245
[1] 29400.0000     0.0476     0.9512     0.0619     1.9137     1.1262
[1] 29500.0000     0.0010     0.8346    -0.1381     1.7764     0.9665
[1] 29600.0000     0.0334     0.8135    -0.0781     1.8249     0.8030
[1] 29700.0000     0.0248     0.8203    -0.1735     1.7198     1.1249
[1] 29800.0000     0.7824     0.8701    -0.0511     1.9086     0.8024
[1] 29900.0000     1.0000     0.9798    -0.1594     1.7977     1.0014
[1] 30000.0000     0.1699     0.8172    -0.0644     1.8519     1.1626
[1] 0.3563857
Time difference of 3.651007 hours
null device 
          1 
