[1] "El numero de nodos X particion es: 10"
[1] "Model = M1 / Data = sim_data/datasetSVIExponential29.Rdata"
[1] 100.0000   0.4449   0.9429   0.1139   1.8204   1.1970
[1] 200.0000   0.5744   0.9592  -0.1380   2.0964   1.1736
[1] 300.0000   1.0000   0.8776  -0.0234   1.9595   1.0665
[1] 400.0000   0.0794   0.9217  -0.1702   2.1309   0.9692
[1] 500.0000   0.0000   0.8380  -0.0804   2.0510   0.8203
[1] 600.0000   1.0000   0.9748  -0.3108   2.2247   1.0386
[1] 700.0000   0.0884   0.8009   0.0775   1.8848   0.8720
[1] 800.0000   0.2255   0.9313  -0.0057   1.8430   1.0430
[1] 900.0000   0.0612   0.9578  -0.0351   1.8439   0.9628
[1] 1000.0000    0.0000    0.8209    0.1441    1.8051    0.9374
[1] 1100.0000    0.0000    0.9319    0.7175    1.2337    0.8930
[1] 1200.0000    0.3160    0.8603    0.1024    1.9388    0.9164
[1] 1300.0000    0.1497    0.9805   -0.2899    2.2340    0.8049
[1] 1400.0000    0.0000    0.9303   -0.2506    2.1685    1.1894
[1] 1500.0000    0.0409    0.9694    0.5837    1.2852    1.1238
[1] 1600.0000    0.0000    0.8718   -1.1412    3.0551    1.0625
[1] 1700.0000    0.0000    0.9419   -0.4767    2.4613    1.0966
[1] 1800.0000    0.0000    0.9376    0.3012    1.6392    0.8302
[1] 1900.0000    0.0000    0.9875   -0.2585    2.2329    0.8532
[1] 2000.0000    0.0000    0.9400    0.0528    1.9114    1.1109
[1] 2100.0000    0.0000    0.9372   -0.0648    1.9662    0.8634
[1] 2200.0000    0.0000    0.8668    0.4799    1.4943    1.0989
[1] 2300.0000    0.0001    0.9906    0.1466    1.6992    0.8768
[1] 2400.0000    0.0000    0.9355   -0.0638    2.0352    1.1578
[1] 2500.0000    0.1112    0.9668    0.0969    1.7986    0.8029
[1] 2600.0000    0.0000    0.8617   -0.6154    2.5101    0.8044
[1] 2700.0000    0.0000    0.8492    0.0818    1.9030    0.9140
[1] 2800.0000    0.0397    0.9382    0.1854    1.7318    1.1558
[1] 2900.0000    0.0006    0.9982   -0.3562    2.2414    0.9626
[1] 3000.0000    0.0000    0.8454   -0.1330    2.0732    0.9669
[1] 3100.0000    0.0004    0.8265    0.1976    1.8133    1.1652
[1] 3200.0000    0.0000    0.9190    0.1505    1.7938    0.9575
[1] 3300.0000    0.0000    0.9797    0.1912    1.7893    1.0744
[1] 3400.0000    0.4097    0.8983    0.5249    1.4200    1.1525
[1] 3500.0000    0.0000    0.9256    0.2856    1.6004    1.1684
[1] 3600.0000    0.0000    0.9027   -0.3836    2.3501    1.1569
[1] 3700.0000    1.0000    0.9624    0.3639    1.6008    0.8094
[1] 3800.0000    0.0000    0.9791    0.4888    1.4435    1.0179
[1] 3900.0000    0.0000    0.9030   -0.1519    2.1028    0.9530
[1] 4000.0000    0.0086    0.8393    0.1988    1.8279    0.9996
[1] 4100.0000    0.0000    0.8388   -0.4902    2.4408    0.8864
[1] 4200.0000    0.0000    0.9756   -1.0038    2.8834    0.9752
[1] 4300.0000    0.1841    0.8028   -0.1739    2.1345    0.9927
[1] 4400.0000    0.0000    0.9459    0.1093    1.8236    1.1887
[1] 4500.0000    1.0000    0.8410    0.1052    1.7974    1.1520
[1] 4600.0000    0.0006    0.9525    0.2625    1.7070    1.1110
[1] 4700.0000    0.0000    0.8536   -0.3245    2.2943    0.9410
[1] 4800.0000    0.0000    0.8660   -0.4933    2.4439    1.0939
[1] 4900.0000    0.0000    0.8114   -0.5739    2.5237    0.8255
[1] 5000.0000    0.0579    0.8074   -0.3459    2.2158    1.0307
[1] 5100.0000    0.0000    0.9679   -0.0553    1.9795    1.1951
[1] 5200.0000    0.0000    0.8045   -0.1174    1.9731    1.1433
[1] 5300.0000    0.0000    0.8845    0.2477    1.6601    1.0022
[1] 5400.0000    0.0000    0.9713    0.0911    1.7134    1.1011
[1] 5500.0000    0.0000    0.8506    0.4207    1.5053    1.1979
[1] 5600.0000    0.0000    0.8117   -0.0581    1.9980    0.9121
[1] 5700.0000    0.0000    0.8882   -0.1689    2.0767    1.0651
[1] 5800.0000    0.0000    0.8612   -0.1324    2.0909    1.0327
[1] 5900.0000    0.0000    0.8278    0.4987    1.4368    1.0767
[1] 6000.0000    0.0000    0.8790    0.2794    1.7441    1.0590
[1] 6100.0000    0.0000    0.9100   -0.0454    1.8886    1.1509
[1] 6200.0000    0.0000    0.8235    0.2952    1.5857    1.1329
[1] 6300.0000    0.0000    0.9569   -0.0145    1.9782    0.8080
[1] 6400.0000    0.0000    0.9918   -0.3576    2.3844    1.1860
[1] 6500.0000    0.0521    0.9084   -0.1661    2.1117    1.0918
[1] 6600.0000    0.0000    0.8401    0.0889    1.8138    1.0889
[1] 6700.0000    0.0000    0.8204   -0.4409    2.3610    0.9264
[1] 6800.0000    0.4991    0.8794    0.0596    1.8826    0.9381
[1] 6900.0000    0.0000    0.8556   -0.3943    2.3721    1.1638
[1] 7000.0000    0.0000    0.9736    0.0290    1.9043    1.0588
[1] 7100.0000    0.0000    0.9857   -0.2683    2.1973    1.0571
[1] 7200.0000    0.0000    0.8247   -0.0391    2.0386    0.8913
[1] 7300.0000    0.0000    0.9346    0.5753    1.4021    1.1740
[1] 7400.0000    0.0000    0.9512   -0.3670    2.2634    0.8676
[1] 7500.0000    0.0000    0.9989   -0.8938    2.6764    1.1081
[1] 7600.0000    0.0000    0.9493   -0.2587    2.2535    0.9281
[1] 7700.0000    0.0000    0.8348   -1.0520    2.9238    1.0869
[1] 7800.0000    0.0002    0.8350   -0.3507    2.3163    1.1361
[1] 7900.0000    0.0000    0.8037    0.1060    1.7809    1.1632
[1] 8000.0000    0.0000    0.9309    0.0767    1.7695    1.0835
[1] 8100.0000    0.0000    0.8250   -0.0841    1.9727    1.1136
[1] 8200.0000    0.0000    0.9207   -0.0923    2.1178    1.1282
[1] 8300.0000    0.0000    0.8896   -0.4430    2.4822    1.1748
[1] 8400.0000    0.0000    0.9658   -0.2409    2.1699    0.9286
[1] 8500.0000    0.0000    0.8325    0.1360    1.8073    1.0750
[1] 8600.0000    0.0072    0.9564   -0.4676    2.3852    0.9963
[1] 8700.0000    0.0000    0.8940    0.5106    1.3805    1.0236
[1] 8800.0000    0.0000    0.8601    0.3533    1.5666    0.8170
[1] 8900.0000    0.0000    0.8674    0.5728    1.4062    1.0474
[1] 9000.0000    0.0000    0.9268    0.3325    1.5650    0.8237
[1] 9100.0000    0.0000    0.9806   -0.0457    1.9165    1.0696
[1] 9200.0000    0.0000    0.8777   -0.1634    2.1295    1.1489
[1] 9300.0000    0.0000    0.8689    0.3376    1.5924    0.9976
[1] 9400.0000    0.0000    0.9163    0.5763    1.3087    0.8003
[1] 9500.0000    0.0000    0.8817   -0.6290    2.5515    1.0875
[1] 9600.0000    0.0002    0.8149   -0.0637    2.0176    0.9056
[1] 9700.0000    0.0000    0.9657    0.6213    1.3474    0.9166
[1] 9800.0000    0.0000    0.9462    0.0001    1.8993    1.1275
[1] 9900.0000    0.0000    0.8192    0.6549    1.2173    0.8099
[1] 10000.0000     1.0000     0.8618    -0.3680     2.3130     0.8032
[1] 10100.0000     1.0000     0.9049    -0.1313     2.1350     1.0751
[1] 10200.0000     1.0000     0.9808    -0.1729     2.0913     0.8342
[1] 10300.0000     0.4769     0.9290     0.0549     1.9321     0.8292
[1] 10400.0000     0.0000     0.9434     0.0951     1.7888     1.1753
[1] 10500.0000     0.2423     0.8159     0.1703     1.6247     1.1284
[1] 1.060e+04 0.000e+00 8.442e-01 1.571e-01 1.828e+00 9.495e-01
[1] 10700.0000     0.0000     0.9346     0.5655     1.4351     1.0990
[1] 10800.0000     1.0000     0.8056     0.0410     1.8836     0.8503
[1] 10900.0000     0.0000     0.9660     0.4075     1.5745     1.1970
[1] 11000.0000     0.1996     0.8012    -0.0363     2.0750     0.9407
[1] 11100.0000     0.0000     0.9587    -0.0208     1.9345     0.9308
[1] 11200.0000     1.0000     0.9412    -0.5174     2.5246     0.8257
[1] 11300.0000     0.0000     0.9481    -0.1742     2.0349     1.1448
[1] 11400.0000     0.0029     0.9548     0.4546     1.4628     1.0047
[1] 11500.0000     0.0000     0.8034     0.1111     1.8057     0.8501
[1] 11600.0000     0.0014     0.9545    -0.2697     2.1522     0.8083
[1] 11700.0000     1.0000     0.8766    -0.0542     2.0438     0.9110
[1] 11800.0000     0.0000     0.8027    -0.0405     1.8558     0.8530
[1] 11900.0000     0.0000     0.9637    -0.6158     2.5197     0.8690
[1] 12000.0000     0.0000     0.8056     0.0337     1.8886     1.1142
[1] 12100.0000     0.0003     0.8005    -0.4439     2.2844     0.8375
[1] 12200.0000     0.1656     0.9853     0.4753     1.5126     1.1443
[1] 12300.0000     0.0031     0.8010    -0.1261     2.0611     0.8810
[1] 12400.0000     1.0000     0.8046    -0.3024     2.2799     0.8797
[1] 12500.0000     0.0000     0.8870     0.0397     1.8607     1.1524
[1] 12600.0000     0.0000     0.9359    -0.3997     2.4106     1.1279
[1] 12700.0000     0.0184     0.9614    -0.2941     2.1308     0.8958
[1] 12800.0000     0.0000     0.8032    -1.0066     3.0030     0.9473
[1] 12900.0000     1.0000     0.8565     0.1002     1.7831     0.9935
[1] 13000.0000     0.0000     0.8069     0.2976     1.6447     1.0997
[1] 13100.0000     0.0000     0.9339     0.7295     1.1895     1.1193
[1] 13200.0000     0.0015     0.8843    -0.7202     2.6945     0.9997
[1] 13300.0000     0.0000     0.9222     0.0745     1.9081     0.8801
[1] 13400.0000     0.0000     0.9676     0.4495     1.5118     1.1418
[1] 13500.0000     0.0000     0.8466    -0.5148     2.4362     0.8143
[1] 13600.0000     0.0000     0.8917     0.0378     1.9632     1.0301
[1] 13700.0000     0.0000     0.8708    -0.0845     2.0272     1.0127
[1] 13800.0000     0.0000     0.9275    -0.3355     2.2749     1.0955
[1] 13900.0000     0.0004     0.8573     0.0822     1.8706     0.8372
[1] 14000.0000     0.0000     0.9588     0.2353     1.7134     0.9662
[1] 14100.0000     0.0000     0.8844    -0.0327     1.8392     1.1867
[1] 14200.0000     0.0002     0.8479     0.6096     1.2482     0.8739
[1] 14300.0000     0.0000     0.8548    -0.7698     2.7111     0.8231
[1] 14400.0000     0.1590     0.8623    -0.2646     2.1782     0.8985
[1] 14500.0000     0.3679     0.9963    -0.0782     1.9799     1.0788
[1] 14600.0000     0.0000     0.8570    -0.0779     1.9674     1.1138
[1] 14700.0000     0.0000     0.8974    -0.0555     1.9413     1.0871
[1] 14800.0000     0.0000     0.8106     0.0069     1.8594     1.0978
[1] 14900.0000     0.0632     0.8051    -0.0137     1.9998     1.0614
[1] 15000.0000     0.0272     0.9447     0.1222     1.7866     0.8911
[1] 15100.0000     0.1836     0.8384    -0.1297     2.1316     0.8510
[1] 15200.0000     0.0000     0.8242     0.1421     1.8212     1.0800
[1] 15300.0000     1.0000     0.8282     0.0270     1.8699     1.1177
[1] 15400.0000     1.0000     0.9829    -0.4253     2.3252     1.0368
[1] 15500.0000     0.0000     0.9734    -0.5048     2.4407     1.1714
[1] 15600.0000     0.0000     0.8520    -0.6067     2.5596     1.1912
[1] 15700.0000     0.0000     0.8475    -0.4346     2.3817     0.9690
[1] 15800.0000     0.0133     0.8834    -0.2472     2.1591     0.9061
[1] 15900.0000     0.0000     0.9431     0.0121     1.8461     0.8611
[1] 16000.0000     0.4342     0.9761    -0.3625     2.2185     1.0600
[1] 16100.0000     0.0000     0.8906     0.4538     1.4295     0.9023
[1] 16200.0000     0.0000     0.9466     0.4131     1.4909     0.9477
[1] 16300.0000     0.0000     0.9327    -0.0920     2.0751     0.9714
[1] 16400.0000     0.0000     0.8699     0.0392     1.8593     0.9170
[1] 16500.0000     0.2388     0.9894    -0.1012     2.0594     0.9222
[1] 16600.0000     0.0045     0.8568    -0.7605     2.7262     1.0645
[1] 16700.0000     0.0000     0.9287     0.2852     1.5775     0.9633
[1] 16800.0000     0.0000     0.8165     0.1037     1.8781     1.0376
[1] 16900.0000     0.0000     0.8583    -0.0836     1.9407     0.9158
[1] 17000.0000     0.0000     0.9790    -0.2568     2.1246     0.8822
[1] 17100.0000     0.0000     0.9262     0.7412     1.2644     0.9696
[1] 17200.0000     0.0116     0.9497    -0.1199     2.0479     0.8252
[1] 17300.0000     1.0000     0.8396     0.0234     1.9645     1.0131
[1] 17400.0000     0.0000     0.8593    -0.2216     2.2009     1.1450
[1] 17500.0000     0.0000     0.9677    -0.0375     2.0132     1.1479
[1] 17600.0000     0.0000     0.8280     0.3818     1.5183     1.1486
[1] 17700.0000     0.0000     0.8794     0.1164     1.9026     0.9707
[1] 17800.0000     0.0157     0.9571    -0.5327     2.5520     0.9258
[1] 17900.0000     0.0000     0.9083     0.1018     1.8268     0.9495
[1] 18000.0000     0.6315     0.9109    -0.0986     2.0880     0.8712
[1] 18100.0000     0.0000     0.8667    -0.1902     2.1865     1.1867
[1] 1.820e+04 1.072e-01 8.582e-01 6.101e-01 1.277e+00 9.652e-01
[1] 18300.0000     0.0000     0.9928    -0.1727     2.0726     1.1096
[1] 18400.0000     0.0000     0.9121    -0.0224     1.9798     0.9764
[1] 18500.0000     0.0000     0.8451    -0.0962     2.0308     0.9054
[1] 18600.0000     0.0000     0.8656    -0.0536     2.0581     0.8624
[1] 18700.0000     0.0000     0.8690    -0.3266     2.1647     0.9055
[1] 18800.0000     0.0000     0.8537    -0.3852     2.3097     0.9005
[1] 18900.0000     0.0000     0.9024    -0.2486     2.1869     1.0613
[1] 19000.0000     0.0003     0.8770     0.0643     1.8802     1.0394
[1] 19100.0000     0.0000     0.8142    -0.2536     2.0641     1.0716
[1] 19200.0000     0.0000     0.8001     0.3171     1.5846     0.9641
[1] 19300.0000     0.0000     0.8411    -0.0203     1.8936     0.9272
[1] 19400.0000     0.0000     0.8040    -0.3236     2.3096     1.1551
[1] 19500.0000     0.0000     0.8527    -0.0228     1.9677     1.1208
[1] 19600.0000     0.4188     0.9162    -0.3417     2.1609     0.8038
[1] 19700.0000     0.0000     0.8143     0.2696     1.6534     0.8081
[1] 1.980e+04 0.000e+00 9.911e-01 5.879e-01 1.359e+00 9.546e-01
[1] 19900.0000     0.0000     0.9981    -0.0733     1.9874     1.0280
[1] 20000.0000     0.0000     0.8708    -0.1323     2.0813     1.0213
[1] 20100.0000     0.0000     0.9794     0.1462     1.8206     1.1721
[1] 20200.0000     0.8068     0.9840    -0.1755     2.0824     1.1380
[1] 20300.0000     0.0000     0.8028    -0.1142     2.1306     0.9708
[1] 20400.0000     0.0410     0.9596    -0.0624     1.9402     1.0259
[1] 20500.0000     0.0000     0.8964     0.2371     1.6957     1.1285
[1] 20600.0000     0.9941     0.9169    -0.0290     1.9861     1.1057
[1] 20700.0000     0.9331     0.8107    -0.0851     2.0994     1.0874
[1] 20800.0000     0.0000     0.9606    -0.2739     2.2550     1.0886
[1] 20900.0000     0.1010     0.9109    -0.3352     2.2022     0.9980
[1] 21000.0000     0.0000     0.9912     0.3062     1.5853     1.0875
[1] 21100.0000     0.0000     0.9732    -0.6862     2.6374     0.8253
[1] 21200.0000     0.9550     0.9611    -0.0324     1.9187     0.8029
[1] 21300.0000     1.0000     0.9067     0.3485     1.7327     0.8492
[1] 21400.0000     0.0309     0.8276    -0.3688     2.1498     0.8233
[1] 21500.0000     0.0000     0.9322    -0.4435     2.3132     1.1668
[1] 21600.0000     0.0152     0.8420     0.2895     1.6499     0.8926
[1] 21700.0000     0.0000     0.8449    -0.1309     2.0806     0.9351
[1] 21800.0000     0.0006     0.8660    -0.3582     2.3604     1.1387
[1] 21900.0000     0.0000     0.9084     0.3114     1.5842     1.1067
[1] 22000.0000     0.0000     0.8850     0.3289     1.5487     0.9555
[1] 22100.0000     0.0000     0.9825    -0.1324     2.0196     1.1195
[1] 22200.0000     0.0000     0.8403    -0.2896     2.1743     1.1277
[1] 22300.0000     0.5930     0.9726     0.7507     1.2883     0.8521
[1] 22400.0000     0.0002     0.8145    -0.2697     2.1832     0.8604
[1] 22500.0000     0.1703     0.8623    -0.0262     1.9816     0.8008
[1] 22600.0000     0.0000     0.8858     0.1751     1.7607     0.9064
[1] 22700.0000     0.0000     0.8271    -0.0771     1.9533     1.1968
[1] 22800.0000     0.0448     0.8972    -0.0910     1.8749     1.0231
[1] 22900.0000     0.0000     0.9207     0.4109     1.4324     0.8362
[1] 23000.0000     0.0000     0.9955    -0.3274     2.2249     0.9113
[1] 23100.0000     0.0000     0.9231    -0.2627     2.1613     0.8179
[1] 23200.0000     0.0001     0.9586    -0.2422     2.1120     1.0581
[1] 23300.0000     0.1843     0.8966     0.2180     1.7324     1.0199
[1] 23400.0000     0.0002     0.8223    -0.2466     2.2108     1.0249
[1] 23500.0000     0.0000     0.8934    -0.8749     2.7319     1.1391
[1] 23600.0000     0.0000     0.8360    -0.0527     1.9822     0.8406
[1] 23700.0000     0.0000     0.9328     0.1577     1.8449     1.0180
[1] 23800.0000     0.0000     0.8154    -0.0580     1.9534     1.1666
[1] 23900.0000     0.0193     0.8157     0.4757     1.4434     0.8034
[1] 24000.0000     0.0000     0.9801    -0.0196     1.8891     1.1551
[1] 24100.0000     0.0000     0.8747    -0.5265     2.3972     1.0767
[1] 24200.0000     0.0000     0.8399     0.1674     1.6670     1.0287
[1] 24300.0000     0.0000     0.8894    -0.3304     2.2388     0.9198
[1] 24400.0000     0.0919     0.9020     0.9875     0.9787     1.0534
[1] 24500.0000     0.0000     0.9407     0.9431     0.9251     1.0416
[1] 24600.0000     0.0000     0.9062    -0.2529     2.2412     0.8877
[1] 24700.0000     0.0113     0.9574    -0.3286     2.2270     1.0919
[1] 24800.0000     0.0879     0.8109    -0.0004     1.9059     1.1899
[1] 24900.0000     0.0944     0.9495     0.0879     1.8702     0.8626
[1] 25000.0000     1.0000     0.8801    -0.0835     1.9672     0.8235
[1] 2.510e+04 1.200e-03 9.102e-01 4.848e-01 1.450e+00 9.221e-01
[1] 25200.0000     0.0000     0.9920    -0.2481     2.1904     0.8420
[1] 25300.0000     1.0000     0.8151    -0.0173     1.8928     1.0748
[1] 25400.0000     1.0000     0.8988    -0.3473     2.2679     1.0888
[1] 25500.0000     0.0000     0.8147     0.0349     1.8960     1.1844
[1] 25600.0000     0.0000     0.9526    -0.3474     2.2352     1.1706
[1] 25700.0000     0.0000     0.8702     0.0517     1.7644     1.0667
[1] 25800.0000     0.0000     0.8043     0.1547     1.8124     0.8730
[1] 25900.0000     0.8733     0.8632     0.0837     1.8089     1.1254
[1] 26000.0000     0.6115     0.9492    -0.0297     2.0221     1.0058
[1] 26100.0000     0.0000     0.9375    -0.1518     2.0186     0.9726
[1] 26200.0000     0.0000     0.9529    -0.1319     1.9839     1.0017
[1] 26300.0000     0.0000     0.9342    -0.1286     1.9478     1.1434
[1] 26400.0000     0.0000     0.8767     0.2137     1.6475     0.8041
[1] 26500.0000     0.0745     0.8136    -0.1259     2.1124     0.8843
[1] 26600.0000     0.0000     0.9293    -0.1738     2.1605     0.8497
[1] 26700.0000     0.2686     0.8892     0.0494     2.0022     0.9428
[1] 26800.0000     0.0000     0.8448    -0.8616     2.7851     0.8652
[1] 26900.0000     0.0000     0.9586     0.4397     1.5897     1.0279
[1] 27000.0000     0.0000     0.8280     0.0517     1.8887     0.9596
[1] 27100.0000     0.2527     0.8095    -0.1571     2.1309     1.0497
[1] 27200.0000     0.0023     0.8628     0.0857     1.8489     1.0265
[1] 27300.0000     0.0000     0.8270    -0.2063     2.0934     1.1347
[1] 27400.0000     0.0000     0.8725     0.2540     1.7597     1.1899
[1] 27500.0000     0.0000     0.8463     0.4278     1.5422     0.8762
[1] 27600.0000     0.0000     0.8732     0.4515     1.5482     0.9172
[1] 27700.0000     0.0000     0.8317     0.1377     1.7985     1.1846
[1] 27800.0000     0.0000     0.8358     0.5356     1.3802     1.1051
[1] 27900.0000     0.7488     0.8904    -0.1137     2.1079     0.9276
[1] 28000.0000     0.0000     0.8025    -0.2192     2.1567     0.9240
[1] 28100.0000     0.0000     0.9262    -0.6299     2.5294     1.0710
[1] 28200.0000     0.0000     0.9693     0.1788     1.7656     0.8876
[1] 28300.0000     0.0000     0.9886    -0.3111     2.2287     1.1843
[1] 28400.0000     0.4510     0.9594    -0.0698     2.0922     0.8105
[1] 28500.0000     0.0000     0.9130     0.2266     1.6755     1.1129
[1] 28600.0000     0.0003     0.9856     0.1729     1.6119     1.1641
[1] 28700.0000     0.0000     0.8546    -0.2405     2.2091     0.9787
[1] 28800.0000     0.0060     0.8104     0.0202     1.9511     1.1940
[1] 28900.0000     0.0000     0.9040    -0.2867     2.1064     0.8375
[1] 29000.0000     0.0000     0.9277     0.0345     1.9007     1.1735
[1] 29100.0000     0.0000     0.9089    -0.4748     2.4152     0.8717
[1] 29200.0000     0.0421     0.9367     0.3869     1.4881     1.1465
[1] 29300.0000     0.8673     0.9064     0.1713     1.6686     1.0368
[1] 29400.0000     0.0519     0.9394     0.5722     1.2761     1.1754
[1] 29500.0000     0.0000     0.8510    -0.4871     2.4321     0.8942
[1] 29600.0000     0.0001     0.8335     0.1061     1.7966     1.1940
[1] 29700.0000     0.0001     0.8240     0.2069     1.7896     1.1041
[1] 2.980e+04 0.000e+00 8.503e-01 2.753e-01 1.666e+00 9.822e-01
[1] 29900.0000     0.8367     0.9798    -0.0453     2.0117     1.0014
[1] 30000.0000     0.0029     0.9561     0.5241     1.3703     1.0811
[1] 0.1285149
Time difference of 3.942039 hours
null device 
          1 
