[1] "El numero de nodos X particion es: 10"
[1] "Model = M1 / Data = sim_data/datasetSVIExponential3.Rdata"
[1] 100.0000   0.9252   0.8291   0.0617   1.9868   0.9331
[1] 200.0000   0.0200   0.9592   0.1452   1.8293   1.1736
[1] 300.0000   0.6998   0.8776   0.0599   2.0118   1.0665
[1] 400.0000   0.0292   0.9217  -0.1433   2.1508   0.9692
[1] 500.0000   0.0000   0.8380   0.0092   2.0740   0.8203
[1] 600.0000   0.5624   0.9748  -0.3750   2.3074   1.0386
[1] 700.0000   0.0816   0.9506  -0.0860   2.0839   1.0413
[1] 800.0000   0.0000   0.9840   0.6483   1.3736   0.9131
[1] 900.0000   0.0000   0.9344  -0.3118   2.2367   1.0036
[1] 1000.0000    0.0000    0.8209   -0.3861    2.4180    0.9374
[1] 1100.0000    0.0000    0.9319    0.6280    1.3074    0.8930
[1] 1200.0000    0.1307    0.8544    1.2286    0.8533    0.9984
[1] 1300.0000    0.0238    0.9805   -0.6051    2.6646    0.8049
[1] 1400.0000    0.0000    0.8099   -1.1760    3.1519    1.1384
[1] 1500.0000    0.0000    0.9584   -0.2945    2.3471    1.0940
[1] 1600.0000    0.0000    0.9658   -0.6950    2.6829    1.0950
[1] 1700.0000    0.0000    0.9419   -0.0678    2.1499    1.0966
[1] 1800.0000    0.0000    0.8314    0.2722    1.8041    0.9945
[1] 1900.0000    0.0000    0.9875   -0.7976    2.8598    0.8532
[1] 2000.0000    0.0000    0.9400   -0.2713    2.3623    1.1109
[1] 2100.0000    0.0000    0.8123   -1.1318    3.1064    1.1618
[1] 2200.0000    0.0000    0.8668   -0.0925    2.1645    1.0989
[1] 2300.0000    0.0000    0.9142   -0.1047    2.0750    0.8527
[1] 2400.0000    0.0000    0.9355    0.3092    1.7019    1.1578
[1] 2500.0000    0.0122    0.8909    0.9405    1.0299    1.1217
[1] 2600.0000    0.0000    0.8617   -0.6903    2.6740    0.8044
[1] 2700.0000    0.0000    0.8492   -0.3585    2.4053    0.9140
[1] 2800.0000    0.0093    0.9382   -0.0019    2.0450    1.1558
[1] 2900.0000    0.0000    0.9057   -0.8047    2.7869    0.9581
[1] 3000.0000    0.0000    0.8454   -0.3783    2.4210    0.9669
[1] 3100.0000    0.0000    0.9411   -0.2126    2.1544    0.9915
[1] 3200.0000    0.0000    0.9190    0.0769    1.9764    0.9575
[1] 3300.0000    0.0000    0.9312    0.2105    1.7976    0.9302
[1] 3400.0000    0.4347    0.8983    0.7240    1.4067    1.1525
[1] 3500.0000    0.0000    0.8568    0.3562    1.6322    1.0820
[1] 3600.0000    0.0000    0.8412    0.2276    1.7773    0.8625
[1] 3700.0000    0.4797    0.9950    1.0481    1.0179    1.0085
[1] 3800.0000    0.0000    0.9791    1.2331    0.7859    1.0179
[1] 3900.0000    0.0000    0.9991   -0.5972    2.6393    0.8391
[1] 4000.0000    0.0000    0.9448   -0.9687    3.0427    1.0791
[1] 4100.0000    0.0000    0.8388   -0.6625    2.7092    0.8864
[1] 4200.0000    0.0000    0.9756   -0.5974    2.5540    0.9752
[1] 4300.0000    0.3655    0.8741   -0.9478    2.9381    1.1249
[1] 4400.0000    0.0000    0.9983    0.0575    1.9283    1.0333
[1] 4500.0000    0.2491    0.8410    0.3837    1.7414    1.1520
[1] 4600.0000    0.0000    0.9525    0.5948    1.5043    1.1110
[1] 4700.0000    0.0000    0.8528   -0.4274    2.4410    0.8411
[1] 4800.0000    0.0000    0.8660   -0.7807    2.8162    1.0939
[1] 4900.0000    0.0000    0.8114   -0.6291    2.6307    0.8255
[1] 5000.0000    0.0334    0.9988   -1.3279    3.2340    0.9542
[1] 5100.0000    0.0000    0.9679   -1.4329    3.4227    1.1951
[1] 5200.0000    0.0000    0.8051    0.5035    1.4870    0.8965
[1] 5300.0000    0.0000    0.8665    0.5238    1.4964    1.0916
[1] 5400.0000    0.0000    0.8536    1.2915    0.7727    0.9337
[1] 5500.0000    0.0000    0.8506    0.6439    1.4238    1.1979
[1] 5600.0000    0.0000    0.9929    0.1935    1.7814    1.1085
[1] 5700.0000    0.0000    0.8882    0.4099    1.6596    1.0651
[1] 5800.0000    0.0000    0.8612   -0.4875    2.5732    1.0327
[1] 5900.0000    0.0000    0.8278    0.4578    1.5786    1.0767
[1] 6000.0000    0.0000    0.9870    1.2161    0.7383    1.0819
[1] 6100.0000    0.0000    0.9572   -0.8161    2.7984    0.9060
[1] 6200.0000    0.0000    0.8235   -0.4753    2.4258    1.1329
[1] 6300.0000    0.0000    0.9569    0.1761    1.9996    0.8080
[1] 6400.0000    0.0000    0.9924   -0.4300    2.3863    1.0322
[1] 6500.0000    0.0075    0.9084    0.7324    1.3819    1.0918
[1] 6600.0000    0.0000    0.8710    0.0795    1.8422    0.9001
[1] 6700.0000    0.0000    0.9599   -1.4806    3.4481    0.9404
[1] 6800.0000    0.3144    0.8794    0.2798    1.7884    0.9381
[1] 6900.0000    0.0000    0.9290   -1.1996    3.2224    1.0476
[1] 7000.0000    0.0000    0.8521   -0.0855    2.0937    1.0680
[1] 7100.0000    0.0000    0.9857    0.4607    1.6295    1.0571
[1] 7200.0000    0.0000    0.8247    0.0375    2.0952    0.8913
[1] 7300.0000    0.0000    0.9346    0.4622    1.6064    1.1740
[1] 7400.0000    0.0000    0.8045   -0.2962    2.3251    0.8734
[1] 7500.0000    0.0000    0.8475   -1.2725    3.2719    1.0597
[1] 7600.0000    0.0000    0.8332   -0.0041    2.1031    1.0877
[1] 7700.0000    0.0000    0.8440   -0.2195    2.2129    0.8976
[1] 7800.0000    0.0000    0.8350   -0.3388    2.4318    1.1361
[1] 7900.0000    0.0000    0.9654   -0.3624    2.3284    1.1831
[1] 8000.0000    0.0000    0.9309    0.2758    1.6553    1.0835
[1] 8100.0000    0.0000    0.8483   -0.3789    2.3368    0.8203
[1] 8200.0000    0.0000    0.9207   -0.4287    2.4418    1.1282
[1] 8300.0000    0.0000    0.8222   -0.3125    2.3747    0.8438
[1] 8400.0000    0.0000    0.9658   -0.4911    2.4216    0.9286
[1] 8500.0000    0.0000    0.8325   -0.1927    2.2774    1.0750
[1] 8600.0000    0.0004    0.9564   -1.0394    3.1131    0.9963
[1] 8700.0000    0.0000    0.8940   -0.1753    2.1883    1.0236
[1] 8800.0000    0.0000    0.9735   -0.3942    2.3377    1.0381
[1] 8900.0000    0.0000    0.8674    0.2870    1.7733    1.0474
[1] 9000.0000    0.0000    0.8301    1.2286    0.7793    1.1387
[1] 9100.0000    0.0000    0.8755    0.0474    1.9929    0.8812
[1] 9200.0000    0.0000    0.8129   -0.5092    2.5678    1.1264
[1] 9300.0000    0.0000    0.8689    0.3798    1.7303    0.9976
[1] 9400.0000    0.0000    0.9737    1.4313    0.5006    1.0570
[1] 9500.0000    0.0000    0.8817   -0.1496    2.1139    1.0875
[1] 9600.0000    0.0000    0.8149   -0.0272    2.0702    0.9056
[1] 9700.0000    0.0000    0.9657    0.6847    1.3513    0.9166
[1] 9800.0000    0.0000    0.9514   -0.7286    2.6849    1.0521
[1] 9900.0000    0.0000    0.9369    0.7570    1.3076    1.1404
[1] 10000.0000     0.7800     0.8618    -0.7052     2.7805     0.8032
[1] 10100.0000     1.0000     0.9049    -0.1274     2.2378     1.0751
[1] 10200.0000     0.0000     0.8133     0.3968     1.5762     1.1117
[1] 10300.0000     0.1083     0.9549     1.0118     1.1017     0.8021
[1] 10400.0000     0.0000     0.9109    -0.4792     2.4831     0.9653
[1] 10500.0000     0.0000     0.9828     0.3827     1.6496     0.8036
[1] 10600.0000     0.0000     0.8442    -0.1549     2.2546     0.9495
[1] 10700.0000     0.0000     0.8398     0.2322     1.8155     1.0590
[1] 10800.0000     0.0277     0.8310    -0.1194     2.1250     0.9940
[1] 10900.0000     0.0000     0.9660     0.4849     1.6119     1.1970
[1] 11000.0000     0.0054     0.8555     0.9396     1.1602     1.1761
[1] 1.110e+04 0.000e+00 9.587e-01 4.500e-03 1.976e+00 9.308e-01
[1] 11200.0000     0.0227     0.9645    -0.5108     2.4478     0.8187
[1] 11300.0000     0.0000     0.9481    -1.3550     3.2786     1.1448
[1] 11400.0000     0.0000     0.9548     0.3143     1.7410     1.0047
[1] 11500.0000     0.0000     0.8034    -0.1774     2.2419     0.8501
[1] 11600.0000     0.0000     0.9104    -0.4337     2.4822     0.8269
[1] 11700.0000     0.0002     0.8224     0.1360     1.9013     0.8539
[1] 11800.0000     0.0000     0.8027     0.1098     1.9953     0.8530
[1] 11900.0000     0.0000     0.9123    -0.7136     2.7398     1.0901
[1] 12000.0000     0.0000     0.8014    -0.1177     2.1435     1.0595
[1] 12100.0000     0.0000     0.8005    -1.3119     3.3254     0.8375
[1] 12200.0000     0.4132     0.8496     0.4467     1.6453     0.8460
[1] 12300.0000     0.0000     0.8010    -0.0055     2.0549     0.8810
[1] 12400.0000     1.0000     0.8046    -0.9586     3.0221     0.8797
[1] 12500.0000     0.0000     0.8870    -0.5914     2.5489     1.1524
[1] 12600.0000     0.0000     0.8126    -0.6856     2.7394     1.1805
[1] 12700.0000     0.0000     0.9614     0.1126     1.7678     0.8958
[1] 12800.0000     0.0000     0.8257    -0.0179     2.0727     0.8904
[1] 12900.0000     0.0543     0.9204     0.7998     1.2698     0.8219
[1] 13000.0000     0.0000     0.8069     0.6157     1.3502     1.0997
[1] 13100.0000     0.0000     0.9404     1.2516     0.7730     0.9822
[1] 13200.0000     0.0000     0.8843    -0.0562     2.1544     0.9997
[1] 13300.0000     0.0000     0.9271    -0.2442     2.2072     0.8364
[1] 13400.0000     0.0000     0.8092    -0.5200     2.5537     1.1676
[1] 13500.0000     0.0000     0.8466    -0.7400     2.8057     0.8143
[1] 13600.0000     0.0000     0.8917     0.6584     1.3917     1.0301
[1] 13700.0000     0.0000     0.8421    -0.3021     2.3543     0.9544
[1] 13800.0000     0.0000     0.8787    -0.9362     2.9494     1.0611
[1] 13900.0000     0.0000     0.8214    -0.0824     2.1032     1.1853
[1] 1.400e+04 0.000e+00 9.588e-01 2.045e-01 1.813e+00 9.662e-01
[1] 14100.0000     0.0000     0.8411     0.6220     1.2985     1.1804
[1] 14200.0000     0.0000     0.8479     0.3095     1.6417     0.8739
[1] 14300.0000     0.0000     0.9227    -1.0593     3.0442     1.0001
[1] 14400.0000     0.0063     0.8623     0.0399     1.9522     0.8985
[1] 14500.0000     0.6235     0.9833     0.9039     1.1069     1.1771
[1] 14600.0000     0.0000     0.8570     0.4421     1.5044     1.1138
[1] 14700.0000     0.0000     0.8974     0.2087     1.7319     1.0871
[1] 14800.0000     0.0000     0.9988     1.0968     0.8814     0.9067
[1] 14900.0000     0.0104     0.9582     0.3395     1.7011     1.0321
[1] 15000.0000     0.0001     0.9447    -0.0478     1.9999     0.8911
[1] 15100.0000     1.0000     0.8292     0.2530     1.7702     0.9249
[1] 15200.0000     0.0000     0.8734     0.7077     1.3557     0.8767
[1] 15300.0000     1.0000     0.8282     0.1858     1.7604     1.1177
[1] 15400.0000     0.0078     0.8397    -0.1411     2.2075     1.1015
[1] 15500.0000     0.0000     0.9734    -1.6008     3.6481     1.1714
[1] 15600.0000     0.0000     0.8520    -1.0160     3.1121     1.1912
[1] 15700.0000     0.0000     0.8475    -0.5808     2.5541     0.9690
[1] 15800.0000     0.0000     0.9108    -0.4568     2.4538     0.9068
[1] 15900.0000     0.0000     0.8841    -0.0765     2.0957     0.8192
[1] 16000.0000     0.0002     0.8124    -0.6959     2.7142     1.1160
[1] 16100.0000     0.0000     0.8125     0.4939     1.4975     0.8885
[1] 16200.0000     0.0000     0.9466     0.7849     1.1581     0.9477
[1] 16300.0000     0.0000     0.9158     0.1373     1.9174     0.9491
[1] 16400.0000     0.0000     0.9401    -0.6737     2.7177     0.9237
[1] 16500.0000     0.3635     0.9646    -0.9075     2.8780     1.1820
[1] 16600.0000     0.0000     0.8294    -1.7689     3.8328     0.8835
[1] 16700.0000     0.0000     0.9635    -0.0148     1.9513     0.8336
[1] 16800.0000     0.0000     0.8621    -0.2388     2.1802     1.1596
[1] 16900.0000     0.0000     0.8583    -0.0362     2.0317     0.9158
[1] 17000.0000     0.0000     0.9790    -0.1135     2.1217     0.8822
[1] 17100.0000     0.0000     0.9305     1.3977     0.7164     0.9283
[1] 17200.0000     0.0000     0.9497     0.4555     1.5902     0.8252
[1] 17300.0000     1.0000     0.8396    -0.0435     2.0438     1.0131
[1] 17400.0000     0.0000     0.8593     0.0865     1.9676     1.1450
[1] 17500.0000     0.0000     0.9677    -0.4902     2.5369     1.1479
[1] 17600.0000     0.0000     0.8280     0.0828     1.8946     1.1486
[1] 17700.0000     0.0000     0.8794     0.5781     1.4215     0.9707
[1] 17800.0000     0.0000     0.9383    -0.1025     2.2664     1.0084
[1] 17900.0000     0.0000     0.9083     0.5339     1.5351     0.9495
[1] 18000.0000     1.0000     0.9109    -0.1067     2.1587     0.8712
[1] 18100.0000     0.0000     0.8802    -0.2662     2.3324     0.9893
[1] 18200.0000     0.0001     0.8582     1.9108     0.0912     0.9652
[1] 18300.0000     0.0000     0.8120     0.0621     1.9986     1.0717
[1] 18400.0000     0.0000     0.9529     0.6155     1.4288     0.8173
[1] 18500.0000     0.0000     0.8451     0.4702     1.6258     0.9054
[1] 18600.0000     0.0000     0.8656    -0.0223     2.1084     0.8624
[1] 18700.0000     0.0000     0.8080    -0.5348     2.6005     0.9308
[1] 18800.0000     0.0000     0.8537     0.0076     2.0918     0.9005
[1] 18900.0000     0.0000     0.9024    -1.2084     3.1509     1.0613
[1] 19000.0000     0.0000     0.8366    -1.5517     3.5717     0.8015
[1] 19100.0000     0.0000     0.9728    -0.1030     2.0516     0.8217
[1] 19200.0000     0.0000     0.8001    -0.3867     2.4103     0.9641
[1] 19300.0000     0.0000     0.8035    -0.0669     2.0559     1.0886
[1] 19400.0000     0.0000     0.9330    -0.5527     2.5819     1.0363
[1] 19500.0000     0.0000     0.9654    -0.3076     2.3152     0.9669
[1] 19600.0000     0.5334     0.9162    -1.4968     3.5582     0.8038
[1] 19700.0000     0.0000     0.8982    -0.5094     2.4424     1.1826
[1] 19800.0000     0.0000     0.9408     0.1642     1.9183     0.9927
[1] 19900.0000     0.0000     0.9981    -0.6149     2.6732     1.0280
[1] 20000.0000     0.0000     0.8708    -0.4974     2.5090     1.0213
[1] 20100.0000     0.0000     0.9080     0.0700     1.9992     1.0402
[1] 20200.0000     1.0000     0.9840     0.1744     1.8888     1.1380
[1] 20300.0000     0.0000     0.9921     0.2721     1.7913     1.1096
[1] 2.040e+04 3.400e-03 9.072e-01 4.647e-01 1.550e+00 9.991e-01
[1] 20500.0000     0.0000     0.9083    -0.6120     2.6910     0.8030
[1] 20600.0000     1.0000     0.9169     0.0157     2.0488     1.1057
[1] 20700.0000     0.9532     0.8107    -0.1196     2.1768     1.0874
[1] 20800.0000     0.0000     0.9606    -0.4853     2.5458     1.0886
[1] 20900.0000     0.0001     0.9109     0.4120     1.6214     0.9980
[1] 21000.0000     0.0000     0.9912     0.9493     1.0549     1.0875
[1] 21100.0000     0.0000     0.9732    -0.4264     2.4073     0.8253
[1] 21200.0000     0.0283     0.9704    -0.1870     2.2212     1.1667
[1] 21300.0000     0.0000     0.8399    -0.9852     2.9161     1.0171
[1] 21400.0000     0.0000     0.9719     0.3858     1.6137     0.9071
[1] 21500.0000     0.0000     0.9375    -0.0493     2.0234     1.0777
[1] 21600.0000     0.0000     0.8420     0.2414     1.7779     0.8926
[1] 21700.0000     0.0000     0.8258    -0.2188     2.2635     1.1265
[1] 21800.0000     0.0000     0.8709    -0.4292     2.4514     1.0601
[1] 21900.0000     0.0000     0.9408     0.0776     1.8785     0.9421
[1] 2.200e+04 0.000e+00 8.850e-01 1.071e+00 9.549e-01 9.555e-01
[1] 22100.0000     0.0000     0.9825    -0.3221     2.3336     1.1195
[1] 22200.0000     0.0000     0.9349    -0.1939     2.1477     0.9881
[1] 22300.0000     0.0002     0.8584     0.0351     1.9896     0.9367
[1] 22400.0000     0.0000     0.9494     0.1363     1.8653     0.9207
[1] 22500.0000     0.0017     0.9610     0.7076     1.3328     0.9963
[1] 22600.0000     0.0000     0.8858     1.3457     0.7982     0.9064
[1] 22700.0000     0.0000     0.8271     0.2384     1.6912     1.1968
[1] 22800.0000     0.0000     0.9630    -0.0645     2.1643     0.9437
[1] 22900.0000     0.0000     0.9207     0.7085     1.2225     0.8362
[1] 23000.0000     0.0000     0.9652     0.4523     1.5961     1.0264
[1] 23100.0000     0.0000     0.9231    -0.2079     2.1745     0.8179
[1] 23200.0000     0.0000     0.8288    -0.6730     2.7339     0.8616
[1] 23300.0000     0.6417     0.9627     0.6369     1.3462     0.8504
[1] 23400.0000     0.0000     0.8015    -0.3297     2.3846     0.8904
[1] 23500.0000     0.0000     0.9561     0.2490     1.7903     1.0572
[1] 23600.0000     0.0000     0.8360     0.8821     1.1256     0.8406
[1] 23700.0000     0.0000     0.9977     0.8184     1.1798     0.9083
[1] 23800.0000     0.0000     0.9509     0.7252     1.1672     0.9516
[1] 23900.0000     0.0000     0.8157     0.4524     1.5916     0.8034
[1] 24000.0000     0.0000     0.9801    -0.2761     2.2315     1.1551
[1] 24100.0000     0.0000     0.8289    -1.2548     3.3107     0.9877
[1] 24200.0000     0.0000     0.8399    -0.4652     2.3738     1.0287
[1] 24300.0000     0.0000     0.9879    -0.9071     2.9228     1.1930
[1] 24400.0000     0.0081     0.9020     0.8260     1.3313     1.0534
[1] 24500.0000     0.0000     0.9064     0.8665     1.1105     0.8345
[1] 24600.0000     0.0000     0.9062     0.3558     1.6225     0.8877
[1] 24700.0000     0.0000     0.9025    -0.2951     2.3149     0.8040
[1] 24800.0000     0.0000     0.8109     0.6422     1.4366     1.1899
[1] 24900.0000     0.0000     0.9495    -0.2908     2.2940     0.8626
[1] 25000.0000     0.0001     0.9628    -0.1794     2.1995     0.9362
[1] 25100.0000     0.0000     0.9523     0.5956     1.3654     1.1803
[1] 25200.0000     0.0000     0.8184    -0.0441     2.0657     0.8574
[1] 25300.0000     1.0000     0.8151    -0.4545     2.4906     1.0748
[1] 25400.0000     1.0000     0.8988    -0.1743     2.1925     1.0888
[1] 25500.0000     0.0000     0.8147     0.5553     1.4532     1.1844
[1] 25600.0000     0.0000     0.8978     0.0452     1.9799     1.1142
[1] 25700.0000     0.0000     0.8662     0.1180     1.9064     1.1677
[1] 2.580e+04 0.000e+00 8.043e-01 2.501e-01 1.689e+00 8.730e-01
[1] 25900.0000     0.6961     0.8632    -0.0153     1.9698     1.1254
[1] 26000.0000     0.3098     0.9492    -0.6924     2.8235     1.0058
[1] 26100.0000     0.0000     0.9196    -0.1454     2.0662     1.1722
[1] 26200.0000     0.0000     0.9768    -0.2309     2.1962     0.9801
[1] 26300.0000     0.0000     0.8530    -0.4365     2.5016     1.0678
[1] 26400.0000     0.0000     0.8767     0.2282     1.6917     0.8041
[1] 26500.0000     0.0231     0.8885    -0.3991     2.4292     1.0349
[1] 26600.0000     0.0000     0.9293    -1.3954     3.5731     0.8497
[1] 26700.0000     0.0006     0.9890     0.2924     1.6315     0.9390
[1] 26800.0000     0.0000     0.8448    -1.1035     3.0809     0.8652
[1] 26900.0000     0.0000     0.9184    -0.1356     2.0921     1.1619
[1] 27000.0000     0.0000     0.8794     0.2035     1.7969     0.8948
[1] 27100.0000     1.0000     0.9280    -0.0808     2.1279     1.0348
[1] 27200.0000     0.0000     0.8628    -0.4084     2.4659     1.0265
[1] 27300.0000     0.0000     0.9185    -0.3597     2.3261     0.9822
[1] 27400.0000     0.0000     0.9754    -0.1198     2.1184     1.0598
[1] 27500.0000     0.0000     0.8301     0.1083     1.8891     0.9239
[1] 2.760e+04 0.000e+00 8.732e-01 1.138e+00 9.474e-01 9.172e-01
[1] 27700.0000     0.0000     0.8317     0.5702     1.4335     1.1846
[1] 2.780e+04 0.000e+00 8.338e-01 4.886e-01 1.525e+00 9.440e-01
[1] 27900.0000     1.0000     0.8904    -0.1767     2.1803     0.9276
[1] 28000.0000     0.0000     0.9328     0.0739     2.0128     0.9314
[1] 28100.0000     0.0000     0.9922     0.0514     2.0322     0.8593
[1] 28200.0000     0.0000     0.9683    -0.4629     2.4847     0.8917
[1] 28300.0000     0.0000     0.9886    -0.4235     2.4032     1.1843
[1] 28400.0000     1.0000     0.9594    -0.5816     2.6073     0.8105
[1] 28500.0000     0.0000     0.8678     1.0273     0.9630     0.8688
[1] 28600.0000     0.0000     0.9775     0.3325     1.6291     0.9079
[1] 28700.0000     0.0000     0.9675    -0.2827     2.3053     1.1579
[1] 2.880e+04 0.000e+00 8.104e-01 3.200e-01 1.733e+00 1.194e+00
[1] 28900.0000     0.0000     0.9137     0.7357     1.4116     0.8478
[1] 29000.0000     0.0000     0.9692    -0.8122     2.6807     0.9910
[1] 29100.0000     0.0000     0.8240    -0.4522     2.4976     1.0266
[1] 29200.0000     0.0695     0.9371     0.6114     1.3971     1.1436
[1] 29300.0000     0.1003     0.9749     0.7482     1.3217     0.9782
[1] 29400.0000     0.0000     0.9394     1.0129     0.9208     1.1754
[1] 29500.0000     0.0000     0.8294     0.2876     1.8459     1.1769
[1] 29600.0000     0.0000     0.8335     0.0172     1.9229     1.1940
[1] 29700.0000     0.0000     0.9991    -0.5055     2.4980     0.9357
[1] 29800.0000     0.0000     0.8030    -1.2895     3.3801     0.9421
[1] 29900.0000     0.8163     0.9798     0.2643     1.7913     1.0014
[1] 30000.0000     0.0000     0.9561     1.3235     0.6414     1.0811
[1] 0.0724371
Time difference of 3.79383 hours
null device 
          1 
