[1] "El numero de nodos X particion es: 10"
[1] "Model = M1 / Data = sim_data/datasetSVCExponential28.Rdata"
[1] 100.0000   1.0000   0.8291   0.0063   2.1157   0.9331
[1] 200.0000   0.5384   0.8487  -0.1078   1.9839   0.8384
[1] 300.0000   0.7908   0.8776  -0.1736   1.9757   1.0665
[1] 400.0000   0.3816   0.9217  -0.1497   1.9111   0.9692
[1] 500.0000   1.0000   0.8902  -0.2343   1.8835   0.8863
[1] 600.0000   0.0001   0.8693  -0.0876   1.9236   1.0610
[1] 700.0000   0.4073   0.8009  -0.3424   1.7560   0.8720
[1] 800.0000   0.3734   0.8830  -0.1575   2.0187   0.9772
[1] 900.0000   1.0000   0.9357  -0.3222   1.7944   1.0743
[1] 1000.0000    0.2346    0.8568   -0.2419    1.8573    0.8983
[1] 1100.0000    0.1271    0.8326   -0.2498    1.8253    1.0285
[1] 1200.0000    0.0415    0.8467   -0.0606    2.0176    1.0747
[1] 1300.0000    0.7919    0.8617   -0.3015    1.8458    1.0550
[1] 1400.0000    0.0000    0.9303   -0.1795    2.0181    1.1894
[1] 1500.0000    0.0000    0.9672   -0.1773    1.9524    1.1986
[1] 1600.0000    0.8493    0.9427   -0.1831    2.0367    1.0957
[1] 1700.0000    0.0000    0.9259   -0.2486    1.8374    1.0764
[1] 1800.0000    0.0000    0.9234   -0.2040    2.0009    1.1307
[1] 1900.0000    0.5238    0.9957   -0.1687    1.9689    1.1822
[1] 2000.0000    0.0993    0.9978   -0.1932    1.8852    1.1535
[1] 2100.0000    0.4149    0.8081   -0.0954    2.0739    0.9300
[1] 2200.0000    0.9414    0.8897   -0.1549    1.9587    1.0133
[1] 2300.0000    0.0028    0.8377   -0.2029    1.9314    0.8487
[1] 2400.0000    0.0131    0.9355   -0.1481    1.8713    1.1578
[1] 2500.0000    0.2978    0.8529   -0.1145    2.0772    0.9541
[1] 2600.0000    0.7697    0.9658   -0.2849    1.9074    1.0023
[1] 2700.0000    0.2128    0.8044   -0.2556    1.8792    1.0835
[1] 2800.0000    0.1973    0.8906   -0.3876    1.8306    0.8787
[1] 2900.0000    0.0004    0.8994   -0.4008    1.7215    1.0050
[1] 3000.0000    0.0206    0.9297    0.0165    2.1255    1.1984
[1] 3100.0000    0.2320    0.8265   -0.1217    1.9605    1.1652
[1] 3200.0000    0.0547    0.9371   -0.1294    1.9531    1.1278
[1] 3300.0000    0.0000    0.9877   -0.1477    1.9469    0.9428
[1] 3400.0000    0.0014    0.9079   -0.3371    1.7293    0.8348
[1] 3500.0000    1.0000    0.9338   -0.1523    2.0416    0.8830
[1] 3600.0000    0.0239    0.9027   -0.2246    1.8861    1.1569
[1] 3700.0000    0.0002    0.9950   -0.0162    2.0147    1.0085
[1] 3800.0000    0.0002    0.8653   -0.2916    1.8199    0.9884
[1] 3900.0000    0.0006    0.8514   -0.2740    1.8258    1.1876
[1] 4000.0000    0.3264    0.9388   -0.2071    1.7790    0.8131
[1] 4100.0000    1.0000    0.9426   -0.1670    1.8977    0.8764
[1] 4200.0000    0.8673    0.8436   -0.2710    1.8449    0.9733
[1] 4300.0000    0.0000    0.9986   -0.2083    1.9280    0.9026
[1] 4400.0000    0.1577    0.9571   -0.0619    2.0245    0.9932
[1] 4500.0000    1.0000    0.8410   -0.0625    2.0194    1.1520
[1] 4600.0000    0.0158    0.8039   -0.2071    1.8230    1.1669
[1] 4700.0000    0.0000    0.9863    0.0251    2.0569    1.1102
[1] 4800.0000    0.1009    0.8985   -0.1969    1.8971    0.9827
[1] 4900.0000    0.6452    0.8201    0.0183    2.1107    1.1747
[1] 5000.0000    1.0000    0.9273   -0.2371    1.8331    1.0348
[1] 5100.0000    0.6253    0.8496   -0.2198    1.9679    0.8317
[1] 5200.0000    0.0106    0.8350   -0.1263    2.0886    1.0935
[1] 5300.0000    1.0000    0.8379   -0.1278    1.9438    1.0434
[1] 5400.0000    1.0000    0.8515   -0.1206    1.9968    1.1120
[1] 5500.0000    0.0014    0.8506   -0.2000    1.8459    1.1979
[1] 5600.0000    0.0323    0.8407   -0.4279    1.7826    1.1085
[1] 5700.0000    0.1090    0.9403   -0.2237    1.8116    0.9236
[1] 5800.0000    0.0860    0.8612   -0.1534    2.0486    1.0327
[1] 5900.0000    0.2132    0.8706   -0.2610    1.8422    1.1672
[1] 6000.0000    0.5409    0.8325   -0.3598    1.8230    0.8825
[1] 6100.0000    0.0675    0.9025    0.0174    2.0751    0.9119
[1] 6200.0000    1.0000    0.8336   -0.4097    1.6823    0.9759
[1] 6300.0000    0.0206    0.8959   -0.1921    1.9997    1.1826
[1] 6400.0000    0.5514    0.9022   -0.1084    1.9028    0.8332
[1] 6500.0000    0.4782    0.8697   -0.1986    1.9866    0.9040
[1] 6600.0000    0.0043    0.8860   -0.4072    1.7872    1.0301
[1] 6700.0000    0.0015    0.9726   -0.3801    1.7459    1.0730
[1] 6800.0000    0.9315    0.8496   -0.3320    1.8169    0.9728
[1] 6900.0000    0.0667    0.8556   -0.3026    1.8166    1.1638
[1] 7000.0000    0.0044    0.8011   -0.2050    1.8763    1.0228
[1] 7100.0000    1.0000    0.8440   -0.2681    1.8178    0.9302
[1] 7200.0000    0.0114    0.8989   -0.2105    1.9058    0.9392
[1] 7300.0000    0.0006    0.8821   -0.1997    1.9826    0.9361
[1] 7400.0000    0.0000    0.8164   -0.3184    1.7852    0.8600
[1] 7500.0000    0.0739    0.8682   -0.1484    2.0227    0.9160
[1] 7600.0000    1.0000    0.8898   -0.2588    1.8049    1.1032
[1] 7700.0000    0.0046    0.8552   -0.2250    1.8673    1.0850
[1] 7800.0000    0.0008    0.8139   -0.2193    1.9065    0.8702
[1] 7900.0000    0.6284    0.8037   -0.1748    1.9553    1.1632
[1] 8000.0000    0.2013    0.9186   -0.4187    1.6442    1.0026
[1] 8100.0000    0.0328    0.9084   -0.0670    2.0355    1.0684
[1] 8200.0000    0.0000    0.8989   -0.1293    1.9508    1.1363
[1] 8300.0000    0.0009    0.8222    0.0464    2.1301    0.8438
[1] 8400.0000    0.7182    0.8563   -0.2751    1.9879    1.0967
[1] 8500.0000    0.0189    0.8716   -0.2316    1.9115    1.1821
[1] 8600.0000    0.4407    0.9214   -0.1919    1.9954    1.0135
[1] 8700.0000    0.4508    0.8293   -0.2351    1.7789    0.8767
[1] 8800.0000    1.0000    0.9324   -0.2228    1.8648    0.8066
[1] 8900.0000    0.4913    0.9431   -0.2783    1.9162    1.1381
[1] 9000.0000    0.1662    0.9025   -0.1339    1.9644    0.9096
[1] 9100.0000    0.5338    0.9156   -0.0859    2.0487    1.0916
[1] 9200.0000    0.5893    0.9069   -0.1580    2.0308    1.1995
[1] 9300.0000    0.0009    0.9856   -0.2384    1.8075    1.1370
[1] 9400.0000    0.2238    0.8458   -0.0674    1.9569    1.0091
[1] 9500.0000    0.0000    0.9329   -0.2557    1.9028    0.8817
[1] 9600.0000    0.7785    0.9566   -0.2431    1.8907    1.1182
[1] 9700.0000    0.0458    0.8614   -0.1511    1.9160    0.9692
[1] 9800.0000    0.1746    0.8196   -0.1946    1.8399    0.9680
[1] 9900.0000    0.0000    0.8466   -0.0170    2.0299    0.8248
[1] 10000.0000     1.0000     0.8618    -0.2477     1.8084     0.8032
[1] 10100.0000     0.9706     0.9049    -0.1061     1.9767     1.0751
[1] 10200.0000     0.0019     0.9084    -0.2186     1.8406     0.8386
[1] 10300.0000     0.0171     0.8120    -0.0900     1.9269     0.8804
[1] 10400.0000     0.0937     0.9337    -0.1519     1.9018     1.0990
[1] 10500.0000     1.0000     0.8159    -0.0077     2.0227     1.1284
[1] 10600.0000     0.2337     0.8330     0.0163     2.1796     0.9483
[1] 10700.0000     0.0000     0.8531    -0.1546     1.9245     0.8181
[1] 10800.0000     0.7385     0.8541    -0.1326     2.0257     0.9792
[1] 10900.0000     0.0000     0.8264    -0.1438     2.0789     1.1140
[1] 11000.0000     0.4687     0.8012    -0.1595     2.0499     0.9407
[1] 11100.0000     0.0009     0.8902     0.0057     2.1463     0.9114
[1] 11200.0000     1.0000     0.9412    -0.2287     1.9301     0.8257
[1] 11300.0000     0.7550     0.9738    -0.2087     1.8445     1.1215
[1] 11400.0000     1.0000     0.9866    -0.1388     1.9475     0.8664
[1] 11500.0000     0.0000     0.9311    -0.2197     1.9247     0.8792
[1] 11600.0000     1.0000     0.9382    -0.4443     1.6648     0.8033
[1] 11700.0000     0.6262     0.9810    -0.3580     1.8597     0.9386
[1] 11800.0000     0.0380     0.8440    -0.2459     1.7953     0.8198
[1] 11900.0000     0.3814     0.8272    -0.0985     1.9682     0.8962
[1] 12000.0000     0.0136     0.8543    -0.2790     1.8475     1.1591
[1] 12100.0000     0.1049     0.9452    -0.0614     2.0570     0.8400
[1] 12200.0000     1.0000     0.8496    -0.3140     1.7524     0.8460
[1] 12300.0000     0.0067     0.9623    -0.1473     1.8299     1.1420
[1] 12400.0000     1.0000     0.8046    -0.3144     1.7977     0.8797
[1] 12500.0000     0.2900     0.9120    -0.0428     2.1029     1.1259
[1] 12600.0000     0.5520     0.9564    -0.0365     1.9487     1.1675
[1] 12700.0000     0.0000     0.9486    -0.0130     2.1026     0.8166
[1] 12800.0000     0.0078     0.9108    -0.2863     1.8277     1.0765
[1] 12900.0000     0.0159     0.8554    -0.4482     1.7301     0.9712
[1] 13000.0000     0.0285     0.8069    -0.0545     2.0325     1.0997
[1] 13100.0000     0.0019     0.9404    -0.2208     1.9020     0.9822
[1] 13200.0000     0.0051     0.9589    -0.3357     1.7322     1.1555
[1] 13300.0000     0.5130     0.8522    -0.1506     1.9097     1.0074
[1] 13400.0000     0.0000     0.9485    -0.0538     1.8836     1.0271
[1] 13500.0000     0.0002     0.8240    -0.2353     1.9280     1.0099
[1] 13600.0000     0.0073     0.8917    -0.2645     1.7440     1.0301
[1] 13700.0000     1.0000     0.8314    -0.1553     1.9303     0.8589
[1] 13800.0000     0.0000     0.8418    -0.2616     1.8048     1.1127
[1] 13900.0000     1.0000     0.8104    -0.1924     1.9377     0.8994
[1] 14000.0000     0.8883     0.9598    -0.1562     1.9168     0.8043
[1] 14100.0000     0.0005     0.9236    -0.1378     1.9690     0.9106
[1] 14200.0000     0.1080     0.9171    -0.1621     1.9019     0.8964
[1] 14300.0000     0.0171     0.8359    -0.3539     1.7991     1.0907
[1] 14400.0000     1.0000     0.8984    -0.0985     1.9746     1.1866
[1] 14500.0000     0.0006     0.8302    -0.1691     1.9501     1.1813
[1] 14600.0000     0.0000     0.8084    -0.2191     1.9020     0.8928
[1] 14700.0000     1.0000     0.8840    -0.1836     1.9056     1.0394
[1] 14800.0000     0.0000     0.8106    -0.3809     1.7592     1.0978
[1] 14900.0000     0.6385     0.9485    -0.1176     2.0345     1.1960
[1] 15000.0000     0.0000     0.9486    -0.2506     1.8328     0.9418
[1] 15100.0000     0.0359     0.9112    -0.2966     1.8255     1.0503
[1] 15200.0000     0.3029     0.9896    -0.0471     1.9957     1.1186
[1] 15300.0000     0.1279     0.8856    -0.2121     1.9311     0.9730
[1] 15400.0000     0.5478     0.8005    -0.1632     1.9757     0.8812
[1] 15500.0000     0.8655     0.8761    -0.1444     1.8666     0.9901
[1] 15600.0000     0.6739     0.9912    -0.2638     1.8620     1.0551
[1] 15700.0000     0.0000     0.9705     0.0132     2.0544     0.8969
[1] 15800.0000     1.0000     0.9774    -0.0627     2.0019     1.1822
[1] 15900.0000     0.0000     0.9524    -0.1866     1.9994     1.0855
[1] 16000.0000     1.0000     0.9761    -0.2561     1.8833     1.0600
[1] 16100.0000     1.0000     0.9477    -0.2695     1.8220     0.9420
[1] 16200.0000     1.0000     0.8455    -0.2600     1.8473     1.0509
[1] 16300.0000     0.2767     0.9029     0.0211     2.0369     1.0365
[1] 16400.0000     0.5182     0.8090    -0.1265     1.9890     0.8978
[1] 16500.0000     0.0725     0.9894    -0.0733     2.0646     0.9222
[1] 16600.0000     1.0000     0.9292    -0.3248     1.8081     1.0485
[1] 16700.0000     0.1516     0.8804    -0.2100     1.9329     1.1815
[1] 16800.0000     0.4248     0.8165    -0.2775     1.7779     1.0376
[1] 16900.0000     0.0708     0.8221    -0.2289     1.8168     1.1575
[1] 17000.0000     0.5174     0.8355    -0.0447     2.0449     0.9526
[1] 17100.0000     0.0374     0.9262    -0.0192     2.0400     0.9696
[1] 17200.0000     0.3905     0.9497    -0.3550     1.7548     0.8252
[1] 17300.0000     0.8890     0.8396    -0.4628     1.7092     1.0131
[1] 17400.0000     0.6007     0.9623    -0.0220     2.0972     1.1696
[1] 17500.0000     1.0000     0.9645    -0.2815     1.7807     0.9956
[1] 17600.0000     0.0139     0.8018    -0.1666     1.9046     1.0705
[1] 17700.0000     0.1344     0.8382    -0.1276     1.8459     1.1091
[1] 17800.0000     0.5447     0.9877    -0.1975     1.9076     1.0638
[1] 17900.0000     0.0021     0.8644    -0.2458     1.9005     1.0507
[1] 18000.0000     0.8596     0.9109    -0.0996     2.0345     0.8712
[1] 18100.0000     0.0038     0.9137    -0.1745     1.9923     0.9014
[1] 18200.0000     1.0000     0.8073    -0.0080     2.0808     0.9256
[1] 18300.0000     0.0615     0.9706    -0.1562     1.9623     1.1685
[1] 18400.0000     0.0025     0.9243    -0.4214     1.8298     1.1066
[1] 18500.0000     0.0317     0.8611    -0.3121     1.8725     0.9812
[1] 18600.0000     0.0682     0.8932    -0.0710     2.0636     0.8460
[1] 18700.0000     0.0482     0.8557    -0.1355     2.0047     0.9105
[1] 18800.0000     0.0136     0.9415    -0.1398     2.0493     0.8205
[1] 18900.0000     0.0001     0.8297    -0.1540     1.9781     0.8354
[1] 19000.0000     1.0000     0.8087    -0.0136     2.0642     1.1060
[1] 19100.0000     0.0190     0.8142    -0.1865     1.9366     1.0716
[1] 19200.0000     1.0000     0.8319    -0.2004     1.8293     1.0132
[1] 19300.0000     0.5599     0.8940    -0.1784     1.8742     1.1248
[1] 19400.0000     0.1788     0.8040    -0.2635     1.8090     1.1551
[1] 1.950e+04 1.000e-04 8.243e-01 8.400e-02 2.122e+00 8.751e-01
[1] 19600.0000     0.0854     0.8098    -0.2285     1.9451     1.1951
[1] 19700.0000     0.1226     0.8143    -0.1679     1.9472     0.8081
[1] 19800.0000     0.0984     0.8317     0.0503     2.1628     1.0742
[1] 19900.0000     0.4276     0.9981     0.0105     2.1502     1.0280
[1] 20000.0000     0.2998     0.9729    -0.3099     1.8452     0.8904
[1] 20100.0000     0.0000     0.8622    -0.1413     1.9716     0.8640
[1] 20200.0000     0.2575     0.9282    -0.0998     1.9887     0.9678
[1] 20300.0000     0.0008     0.8028    -0.3434     1.8835     0.9708
[1] 20400.0000     1.0000     0.8446    -0.2117     1.8737     1.0333
[1] 20500.0000     0.0042     0.8964    -0.1918     1.9668     1.1285
[1] 20600.0000     0.2000     0.8909    -0.2203     1.9171     1.1489
[1] 20700.0000     0.7750     0.8107     0.0211     2.0690     1.0874
[1] 20800.0000     1.0000     0.9981    -0.2531     1.9204     1.0246
[1] 20900.0000     0.0000     0.8285    -0.2162     1.9025     0.8493
[1] 21000.0000     0.1855     0.8708    -0.2647     1.8739     1.1617
[1] 21100.0000     0.1119     0.9291    -0.1859     1.9162     1.1428
[1] 21200.0000     0.4103     0.8263    -0.1096     1.9811     1.1324
[1] 21300.0000     0.0007     0.8214    -0.1495     1.8349     1.0391
[1] 21400.0000     1.0000     0.8276    -0.0952     2.0153     0.8233
[1] 21500.0000     0.0163     0.8906    -0.0820     2.0419     0.8206
[1] 21600.0000     0.7391     0.8069    -0.0910     1.9724     0.8555
[1] 21700.0000     0.1356     0.9180    -0.3235     1.7912     0.9753
[1] 21800.0000     0.6129     0.8778    -0.0833     2.1264     1.0685
[1] 21900.0000     0.4411     0.9598    -0.1061     2.0471     0.8497
[1] 22000.0000     0.2221     0.8850    -0.0608     1.9690     0.9555
[1] 22100.0000     0.0355     0.8953    -0.0884     2.0746     0.9321
[1] 22200.0000     0.3013     0.8579    -0.3420     1.8759     0.8534
[1] 22300.0000     0.0549     0.9726    -0.2812     1.9730     0.8521
[1] 22400.0000     0.5743     0.8145    -0.3017     1.8801     0.8604
[1] 22500.0000     0.0010     0.8239    -0.2110     1.9430     1.1368
[1] 22600.0000     0.0000     0.8433    -0.1216     2.1144     1.1055
[1] 22700.0000     0.0155     0.8271    -0.1680     1.8982     1.1968
[1] 22800.0000     0.2077     0.8972    -0.3210     1.6984     1.0231
[1] 22900.0000     0.2162     0.8804    -0.2422     1.8868     0.9211
[1] 23000.0000     0.0000     0.8997    -0.1513     1.8319     0.9381
[1] 23100.0000     0.4074     0.8119    -0.0276     2.0270     1.0551
[1] 23200.0000     0.2887     0.9573    -0.1442     1.9608     1.0522
[1] 23300.0000     0.0001     0.8508    -0.0684     2.0399     0.8720
[1] 23400.0000     0.5940     0.8888    -0.0706     1.9489     1.0444
[1] 23500.0000     0.0840     0.8245    -0.0342     2.0452     0.8555
[1] 23600.0000     0.0465     0.8176    -0.2236     1.9054     0.8266
[1] 23700.0000     0.1261     0.9328    -0.3198     1.8190     1.0180
[1] 23800.0000     0.5926     0.9299    -0.2881     1.7513     1.0580
[1] 23900.0000     0.6602     0.9920    -0.0084     1.9973     1.0485
[1] 24000.0000     0.0469     0.9851    -0.1585     1.9641     1.0873
[1] 24100.0000     1.0000     0.9214    -0.2153     1.9793     0.8541
[1] 24200.0000     0.1210     0.8467    -0.2222     1.9334     0.8230
[1] 24300.0000     0.2988     0.9595    -0.2715     1.8581     0.9607
[1] 24400.0000     1.0000     0.9947    -0.1715     1.8897     0.9697
[1] 24500.0000     0.0283     0.8969    -0.1464     1.9602     1.0480
[1] 24600.0000     0.0003     0.8781    -0.1404     1.9658     0.8812
[1] 24700.0000     0.4676     0.9195    -0.0962     1.9356     0.8781
[1] 24800.0000     0.0003     0.8460    -0.1278     1.9792     0.9489
[1] 24900.0000     0.2246     0.8023    -0.1841     1.9486     1.0260
[1] 25000.0000     1.0000     0.8801    -0.0329     2.0838     0.8235
[1] 25100.0000     0.8435     0.8419    -0.2403     1.9245     0.8544
[1] 25200.0000     0.0505     0.9507    -0.0930     2.0986     0.9719
[1] 25300.0000     0.0016     0.9779    -0.2199     1.9340     0.8977
[1] 25400.0000     0.0880     0.9621    -0.3719     1.7483     0.9516
[1] 25500.0000     1.0000     0.8159    -0.2256     1.8421     1.0385
[1] 25600.0000     0.0646     0.9926    -0.0084     2.0493     0.9855
[1] 25700.0000     0.1222     0.8976    -0.4139     1.7239     0.9408
[1] 25800.0000     0.0352     0.9689    -0.1714     1.9569     1.1962
[1] 25900.0000     0.0005     0.9087    -0.0464     1.9571     0.8861
[1] 26000.0000     1.0000     0.9492    -0.2337     1.8623     1.0058
[1] 26100.0000     0.0818     0.8951    -0.1976     1.9773     0.8249
[1] 26200.0000     0.5700     0.8601    -0.1783     2.0064     0.9041
[1] 26300.0000     0.3940     0.8448    -0.3352     1.6934     0.9973
[1] 26400.0000     0.2249     0.8855     0.0061     2.0277     1.0131
[1] 26500.0000     0.0670     0.8034    -0.3940     1.7355     1.1338
[1] 26600.0000     0.2995     0.8720    -0.3197     1.7973     0.9170
[1] 26700.0000     0.2412     0.8892    -0.2077     2.0052     0.9428
[1] 26800.0000     0.8579     0.9542    -0.2758     1.7941     1.1594
[1] 26900.0000     0.0050     0.9241    -0.0641     2.0411     1.0646
[1] 27000.0000     0.7322     0.9266    -0.1533     1.9628     0.8932
[1] 27100.0000     0.0007     0.8095    -0.1694     1.9250     1.0497
[1] 27200.0000     0.0443     0.8628    -0.2359     1.9016     1.0265
[1] 27300.0000     0.0065     0.9608    -0.2361     1.8661     0.8492
[1] 27400.0000     0.1120     0.8725    -0.2987     1.7824     1.1899
[1] 27500.0000     0.2321     0.9635    -0.1961     1.8786     1.1809
[1] 27600.0000     0.0048     0.8069    -0.1609     1.9150     0.9996
[1] 27700.0000     0.0286     0.8620     0.0852     2.2317     1.0941
[1] 27800.0000     0.0000     0.8358    -0.1166     1.9891     1.1051
[1] 27900.0000     0.6726     0.8774    -0.1290     1.9654     1.0564
[1] 28000.0000     0.0001     0.9003    -0.2068     1.9203     0.9918
[1] 28100.0000     0.0000     0.9262    -0.1673     1.9226     1.0710
[1] 28200.0000     0.7124     0.9271    -0.0443     2.0640     0.9591
[1] 28300.0000     0.0412     0.8510    -0.1376     1.9297     0.8048
[1] 28400.0000     0.8176     0.9594    -0.2628     1.8095     0.8105
[1] 28500.0000     1.0000     0.8206    -0.1012     2.0451     1.0447
[1] 28600.0000     0.0014     0.9775    -0.1876     1.9405     0.9079
[1] 28700.0000     0.2196     0.9045    -0.2294     1.8592     1.0095
[1] 28800.0000     0.8115     0.9743    -0.1964     1.9681     0.8723
[1] 28900.0000     0.6467     0.8662    -0.3978     1.7777     0.8550
[1] 29000.0000     1.0000     0.8095    -0.1503     1.9275     1.0816
[1] 29100.0000     0.0128     0.9156    -0.1464     1.9848     0.8172
[1] 29200.0000     0.0011     0.8505    -0.3975     1.7534     0.9156
[1] 29300.0000     0.0186     0.9749    -0.2953     1.7832     0.9782
[1] 29400.0000     0.0214     0.9512    -0.0669     1.9285     1.1262
[1] 29500.0000     0.0001     0.9711    -0.3222     1.8394     0.9025
[1] 29600.0000     0.0043     0.8267    -0.1763     1.9743     1.0464
[1] 29700.0000     0.0146     0.9571    -0.2237     1.8204     0.9736
[1] 29800.0000     0.9714     0.8701    -0.1993     1.9570     0.8024
[1] 29900.0000     0.7443     0.9798    -0.1274     1.9497     1.0014
[1] 30000.0000     0.1246     0.8172    -0.3094     1.7950     1.1626
[1] 0.3729451
Time difference of 3.76866 hours
null device 
          1 
