[1] "El numero de nodos X particion es: 10"
[1] "Model = M2 / Data = sim_data/datasetSVIExponential23.Rdata"
[1] 100.0000   0.8539   0.8291   0.0617   1.9868   0.9331
[1] 200.0000   0.0833   0.8487   0.0717   1.9124   0.8384
[1] 300.0000   0.1746   0.8776  -0.0150   2.1952   1.0665
[1] 400.0000   0.0333   0.9217  -0.1324   2.1946   0.9692
[1] 500.0000   0.0000   0.8380   0.2249   1.8667   0.8203
[1] 600.0000   0.5690   0.9748   0.1849   1.7693   1.0386
[1] 700.0000   0.1732   0.9506   0.0264   1.9807   1.0413
[1] 800.0000   0.0047   0.9313  -0.3760   2.3401   1.0430
[1] 900.0000   0.0000   0.9606  -0.1080   2.0895   1.0158
[1] 1000.0000    0.0000    0.8209    0.0797    1.9546    0.9374
[1] 1100.0000    0.0000    0.9319    0.7813    1.2034    0.8930
[1] 1200.0000    0.6971    0.8603    0.1677    1.9182    0.9164
[1] 1300.0000    0.1067    0.9805   -0.1819    2.2120    0.8049
[1] 1400.0000    0.0000    0.9303   -0.1424    2.1463    1.1894
[1] 1500.0000    0.0102    0.9694    0.7122    1.2553    1.1238
[1] 1600.0000    0.0000    0.8718   -0.7812    2.7654    1.0625
[1] 1700.0000    0.0000    0.8745   -0.1820    2.2426    0.9148
[1] 1800.0000    0.0000    0.9376   -0.1110    2.1445    0.8302
[1] 1900.0000    0.0000    0.9875    0.0138    2.0495    0.8532
[1] 2000.0000    0.0001    0.9400    0.1109    1.9393    1.1109
[1] 2100.0000    0.0000    0.9372    0.0802    1.9050    0.8634
[1] 2200.0000    0.0404    0.8580    0.3343    1.5616    1.0161
[1] 2300.0000    0.0061    0.8951    0.0291    1.9618    0.9529
[1] 2400.0000    0.0000    0.9355   -0.0115    2.0557    1.1578
[1] 2500.0000    0.1426    0.9668    0.1323    1.8453    0.8029
[1] 2600.0000    0.0000    0.8617   -0.5018    2.4767    0.8044
[1] 2700.0000    0.0000    0.8492    0.1209    1.9370    0.9140
[1] 2800.0000    0.0282    0.9382    0.3121    1.6631    1.1558
[1] 2900.0000    0.0010    0.9982   -0.2466    2.2070    0.9626
[1] 3000.0000    0.0000    0.8318   -0.2495    2.2628    1.1464
[1] 3100.0000    0.0005    0.8265    0.1554    1.9199    1.1652
[1] 3200.0000    0.0000    0.9190    0.1144    1.9014    0.9575
[1] 3300.0000    0.0000    0.9797    0.1383    1.7067    1.0744
[1] 3400.0000    0.3964    0.8983    0.5813    1.4832    1.1525
[1] 3500.0000    0.0386    0.8568    0.2513    1.8419    1.0820
[1] 3600.0000    0.0000    0.9134   -0.4251    2.5349    0.9896
[1] 3700.0000    1.0000    0.9624    0.6538    1.4229    0.8094
[1] 3800.0000    0.0000    0.9791    0.6310    1.3908    1.0179
[1] 3900.0000    0.0000    0.9030   -0.2287    2.2310    0.9530
[1] 4000.0000    0.1031    0.9388    0.1014    1.7596    0.8131
[1] 4100.0000    0.0000    0.8388   -0.3611    2.4016    0.8864
[1] 4200.0000    0.0000    0.9756   -0.8180    2.7951    0.9752
[1] 4300.0000    0.0692    0.8028   -0.4016    2.4097    0.9927
[1] 4400.0000    0.0000    0.9459   -0.2052    2.2253    1.1887
[1] 4500.0000    0.9500    0.8410   -0.0201    2.0613    1.1520
[1] 4600.0000    0.0070    0.9525    0.2257    1.8059    1.1110
[1] 4700.0000    0.0000    0.8536   -0.4184    2.4573    0.9410
[1] 4800.0000    0.0000    0.8660   -0.5704    2.5924    1.0939
[1] 4900.0000    0.0000    0.8114   -0.2914    2.2990    0.8255
[1] 5000.0000    1.0000    0.9273   -0.1949    2.2754    1.0348
[1] 5100.0000    0.0000    0.9679    0.0806    1.9501    1.1951
[1] 5200.0000    0.0000    0.8350   -0.1042    2.3106    1.0935
[1] 5300.0000    0.0000    0.8845    0.0371    1.9606    1.0022
[1] 5400.0000    0.0000    0.9713    0.0380    1.8333    1.1011
[1] 5500.0000    0.0000    0.8506    0.7001    1.3491    1.1979
[1] 5600.0000    0.0000    0.8117    0.0116    1.9959    0.9121
[1] 5700.0000    0.0001    0.9545   -0.1866    2.1835    0.8805
[1] 5800.0000    0.0000    0.8612   -0.2366    2.2643    1.0327
[1] 5900.0000    0.0000    0.8278    0.5356    1.4734    1.0767
[1] 6000.0000    0.0000    0.8790    0.4637    1.6367    1.0590
[1] 6100.0000    0.0000    0.9100    0.0648    1.8966    1.1509
[1] 6200.0000    0.0158    0.9400   -0.0768    1.9773    0.8404
[1] 6300.0000    0.0000    0.9569    0.0054    2.0067    0.8080
[1] 6400.0000    0.0000    0.9885   -0.3090    2.4055    0.8165
[1] 6500.0000    0.4243    0.9084   -0.7293    2.7703    1.0918
[1] 6600.0000    0.0000    0.8710   -0.0631    2.0659    0.9001
[1] 6700.0000    0.0000    0.8204   -0.4009    2.3636    0.9264
[1] 6800.0000    0.0621    0.8794    0.2732    1.6632    0.9381
[1] 6900.0000    0.0000    0.8556   -0.4264    2.4948    1.1638
[1] 7000.0000    0.0000    0.9736    0.3454    1.6959    1.0588
[1] 7100.0000    0.0000    0.9857   -0.3043    2.2708    1.0571
[1] 7200.0000    0.0000    0.8247    0.1639    1.9129    0.8913
[1] 7300.0000    0.0000    0.9946    0.2314    1.8023    1.1299
[1] 7400.0000    0.0000    0.9512   -0.3062    2.2627    0.8676
[1] 7500.0000    0.0004    0.9989   -0.9074    2.7464    1.1081
[1] 7600.0000    0.0000    0.9493   -0.2411    2.3139    0.9281
[1] 7700.0000    0.0001    0.8348   -0.7362    2.6811    1.0869
[1] 7800.0000    0.0621    0.8694   -0.0644    2.1798    1.1175
[1] 7900.0000    0.0000    0.8037    0.0223    1.9488    1.1632
[1] 8000.0000    0.0000    0.9309    0.1520    1.7994    1.0835
[1] 8100.0000    0.0000    0.8483   -0.1499    2.1092    0.8203
[1] 8200.0000    0.0002    0.9207   -0.2490    2.2269    1.1282
[1] 8300.0000    0.0001    0.8222   -0.2157    2.2502    0.8438
[1] 8400.0000    0.0000    0.9658   -0.0190    2.0273    0.9286
[1] 8500.0000    0.0000    0.8325   -0.0563    2.1026    1.0750
[1] 8600.0000    0.8474    0.9214   -0.6732    2.6247    1.0135
[1] 8700.0000    0.0000    0.8940    0.0600    2.0005    1.0236
[1] 8800.0000    0.0000    0.9735   -0.2423    2.2288    1.0381
[1] 8900.0000    0.0001    0.8674    0.4162    1.6251    1.0474
[1] 9000.0000    0.0000    0.8638    0.5779    1.3680    1.1683
[1] 9100.0000    0.0000    0.8755    0.0976    1.8959    0.8812
[1] 9200.0000    0.0000    0.8777    0.0965    1.9461    1.1489
[1] 9300.0000    0.0000    0.8689   -0.0982    2.1289    0.9976
[1] 9400.0000    0.0000    0.8413    0.6370    1.3577    1.0761
[1] 9500.0000    0.0000    0.8295   -0.0039    1.9623    0.9364
[1] 9600.0000    0.0007    0.8149    0.0172    2.0268    0.9056
[1] 9700.0000    0.0000    0.9657    0.8522    1.2260    0.9166
[1] 9800.0000    0.0000    0.9462   -0.1659    2.1564    1.1275
[1] 9900.0000    0.0000    0.9876    0.8253    1.1962    0.9739
[1] 10000.0000     0.7297     0.9718    -0.1703     2.1790     0.8376
[1] 10100.0000     0.9599     0.9049    -0.2823     2.3757     1.0751
[1] 10200.0000     1.0000     0.9808    -0.3216     2.3337     0.8342
[1] 10300.0000     0.1886     0.9549     0.9474     1.0988     0.8021
[1] 10400.0000     0.0000     0.9434     0.1458     1.8256     1.1753
[1] 10500.0000     0.2634     0.8159     0.2190     1.6664     1.1284
[1] 10600.0000     0.0000     0.8442     0.0279     2.0267     0.9495
[1] 10700.0000     0.0000     0.9346     0.3845     1.6992     1.0990
[1] 1.080e+04 1.000e+00 8.056e-01 1.413e-01 1.874e+00 8.503e-01
[1] 10900.0000     0.0000     0.9660     0.2730     1.7746     1.1970
[1] 11000.0000     0.2299     0.8012     0.1420     1.9787     0.9407
[1] 1.110e+04 0.000e+00 8.902e-01 1.120e-02 2.048e+00 9.114e-01
[1] 11200.0000     0.2190     0.8258     0.1251     1.8221     1.0628
[1] 11300.0000     0.0000     0.9481    -0.8282     2.7639     1.1448
[1] 11400.0000     0.0140     0.9548     0.5327     1.4992     1.0047
[1] 11500.0000     0.0000     0.8061    -0.0907     2.1071     1.1646
[1] 11600.0000     0.0566     0.9382    -0.1963     2.0802     0.8033
[1] 11700.0000     1.0000     0.8766     0.0495     2.0297     0.9110
[1] 11800.0000     0.0000     0.8027     0.4194     1.5313     0.8530
[1] 11900.0000     0.0000     0.8460    -0.4345     2.4487     0.8150
[1] 12000.0000     0.0000     0.8056    -0.0566     2.0699     1.1142
[1] 12100.0000     0.0000     0.8666    -0.1367     2.0986     0.9630
[1] 1.220e+04 2.367e-01 8.496e-01 4.887e-01 1.616e+00 8.460e-01
[1] 12300.0000     0.0005     0.8247     0.2583     1.7355     0.9293
[1] 12400.0000     0.6356     0.8046    -0.0336     2.1235     0.8797
[1] 12500.0000     0.0000     0.8870     0.0593     1.9321     1.1524
[1] 12600.0000     0.0000     0.9359    -0.3729     2.4717     1.1279
[1] 12700.0000     0.0136     0.9614    -0.2690     2.1969     0.8958
[1] 12800.0000     0.0000     0.8810    -0.8860     2.9278     1.0848
[1] 12900.0000     0.3263     0.9204     0.0416     2.0043     0.8219
[1] 13000.0000     0.0000     0.8069     0.2486     1.7442     1.0997
[1] 13100.0000     0.0000     0.9339     0.8512     1.1781     1.1193
[1] 13200.0000     0.0254     0.8843    -0.1686     2.1652     0.9997
[1] 13300.0000     0.2968     0.8522    -0.4720     2.3509     1.0074
[1] 13400.0000     0.0000     0.9676     0.2805     1.7388     1.1418
[1] 13500.0000     0.0000     0.8466    -0.6529     2.6310     0.8143
[1] 13600.0000     0.0000     0.8917     0.4393     1.6153     1.0301
[1] 13700.0000     0.0000     0.8951    -0.4619     2.4740     1.0363
[1] 13800.0000     0.0000     0.9432    -0.0410     2.0705     1.1717
[1] 13900.0000     0.0000     0.8495     0.1764     1.8095     1.0802
[1] 14000.0000     0.0000     0.9588    -0.0058     2.0611     0.9662
[1] 14100.0000     0.0000     0.8844     0.0563     1.8586     1.1867
[1] 14200.0000     0.0001     0.8479     0.6754     1.2911     0.8739
[1] 14300.0000     0.0000     0.8548    -0.8566     2.8668     0.8231
[1] 14400.0000     0.4736     0.8171    -0.3015     2.3387     1.1588
[1] 14500.0000     0.4405     0.9833     0.3949     1.5892     1.1771
[1] 14600.0000     0.0020     0.9850     0.5627     1.4587     0.9950
[1] 14700.0000     0.0000     0.8974    -0.0538     2.0382     1.0871
[1] 14800.0000     0.0000     0.8106     0.0076     1.9580     1.0978
[1] 14900.0000     0.3113     0.8051    -0.0460     2.0659     1.0614
[1] 15000.0000     0.0022     0.9447    -0.1003     2.0671     0.8911
[1] 15100.0000     0.1762     0.8384    -0.0303     2.1125     0.8510
[1] 15200.0000     0.0000     0.8242     0.1300     1.9007     1.0800
[1] 15300.0000     0.4671     0.9517     0.7232     1.2809     1.1636
[1] 15400.0000     1.0000     0.9829    -0.0974     2.1224     1.0368
[1] 15500.0000     0.0000     0.8279    -0.9541     2.9071     0.8509
[1] 15600.0000     0.0000     0.8520    -0.7875     2.7668     1.1912
[1] 15700.0000     0.0000     0.8475    -0.0124     2.0139     0.9690
[1] 15800.0000     0.0057     0.9108     0.3316     1.6669     0.9068
[1] 15900.0000     0.0000     0.9431     0.1634     1.7929     0.8611
[1] 16000.0000     0.0574     0.9938    -0.2032     2.2193     0.9671
[1] 16100.0000     0.0000     0.9566     0.4196     1.6282     1.0234
[1] 16200.0000     0.0013     0.9466    -0.1341     2.0840     0.9477
[1] 16300.0000     0.0000     0.9327    -0.1724     2.2347     0.9714
[1] 16400.0000     0.0000     0.9401    -0.3160     2.3608     0.9237
[1] 16500.0000     0.5168     0.9028     0.2184     1.8078     0.9055
[1] 16600.0000     0.0020     0.8294    -0.0184     2.1117     0.8835
[1] 16700.0000     0.0000     0.9287     0.1727     1.7906     0.9633
[1] 16800.0000     0.0000     0.8165     0.1894     1.8725     1.0376
[1] 16900.0000     0.0000     0.9190     0.1793     1.7906     0.9241
[1] 17000.0000     0.0000     0.9790    -0.2535     2.2301     0.8822
[1] 17100.0000     0.0041     0.9305     0.8266     1.1811     0.9283
[1] 17200.0000     0.0191     0.9497     0.4855     1.5492     0.8252
[1] 17300.0000     1.0000     0.8396     0.0167     2.0318     1.0131
[1] 17400.0000     0.0000     0.8593     0.0637     2.0146     1.1450
[1] 17500.0000     0.0000     0.9677    -0.0629     2.0576     1.1479
[1] 17600.0000     0.0000     0.8242     0.3224     1.6304     0.9225
[1] 17700.0000     0.0000     0.8794     0.1676     1.8599     0.9707
[1] 17800.0000     0.0454     0.9571    -0.6302     2.7056     0.9258
[1] 1.790e+04 0.000e+00 9.083e-01 3.176e-01 1.682e+00 9.495e-01
[1] 18000.0000     0.4083     0.9109    -0.2268     2.3241     0.8712
[1] 18100.0000     0.0000     0.9461    -0.0996     2.0813     0.9222
[1] 18200.0000     0.0006     0.8142     0.8341     1.2468     0.8298
[1] 18300.0000     0.0000     0.9928     0.0201     1.9749     1.1096
[1] 18400.0000     0.0000     0.9121     0.1846     1.8691     0.9764
[1] 18500.0000     0.0000     0.8451     0.1097     1.9204     0.9054
[1] 18600.0000     0.0000     0.8121    -0.0518     2.0745     0.9608
[1] 18700.0000     0.0000     0.8080    -0.0954     2.1790     0.9308
[1] 18800.0000     0.0000     0.8537    -0.0520     2.0217     0.9005
[1] 18900.0000     0.0000     0.9918    -0.2563     2.2157     0.9887
[1] 19000.0000     0.0009     0.8366    -0.0313     2.0801     0.8015
[1] 19100.0000     0.0000     0.8142    -0.1480     2.0456     1.0716
[1] 19200.0000     0.0000     0.8001     0.4315     1.5624     0.9641
[1] 19300.0000     0.0000     0.8411     0.0885     1.8742     0.9272
[1] 19400.0000     0.0000     0.8040    -0.2488     2.3284     1.1551
[1] 19500.0000     0.0000     0.8527    -0.0829     2.0811     1.1208
[1] 1.960e+04 6.823e-01 9.162e-01 3.530e-02 1.910e+00 8.038e-01
[1] 19700.0000     0.0000     0.8143     0.4123     1.5881     0.8081
[1] 1.980e+04 0.000e+00 9.911e-01 5.856e-01 1.432e+00 9.546e-01
[1] 19900.0000     0.0000     0.9981    -0.0760     2.1340     1.0280
[1] 20000.0000     0.0000     0.8708    -0.0540     2.0725     1.0213
[1] 20100.0000     0.0000     0.9794     0.1440     1.9155     1.1721
[1] 20200.0000     0.8602     0.9840    -0.2127     2.2324     1.1380
[1] 20300.0000     0.0000     0.8028     0.2376     1.8427     0.9708
[1] 20400.0000     0.0469     0.9596     0.2479     1.7178     1.0259
[1] 20500.0000     0.0000     0.8964     0.3389     1.6707     1.1285
[1] 20600.0000     0.5320     0.9169     0.0047     2.0869     1.1057
[1] 20700.0000     0.9310     0.8107    -0.0083     2.0944     1.0874
[1] 20800.0000     0.0000     0.9606    -0.2386     2.2805     1.0886
[1] 20900.0000     0.0223     0.9109    -0.0398     2.0652     0.9980
[1] 21000.0000     0.0000     0.8369     0.3673     1.6428     1.0355
[1] 21100.0000     0.0000     0.9732    -0.0962     2.0500     0.8253
[1] 21200.0000     1.0000     0.9611     0.1064     1.8592     0.8029
[1] 21300.0000     0.0000     0.8782    -0.5408     2.5145     1.0748
[1] 21400.0000     0.0113     0.9719    -0.3618     2.3340     0.9071
[1] 21500.0000     0.0000     0.9375    -0.6456     2.6018     1.0777
[1] 21600.0000     0.0045     0.8420    -0.2098     2.2503     0.8926
[1] 21700.0000     0.0000     0.8449    -0.6025     2.5910     0.9351
[1] 21800.0000     0.0466     0.8417    -0.1051     2.1047     1.0310
[1] 21900.0000     0.0000     0.8416     0.2749     1.7228     1.1370
[1] 22000.0000     0.0000     0.8850     0.0577     1.8927     0.9555
[1] 22100.0000     0.0000     0.9825    -0.2235     2.2042     1.1195
[1] 22200.0000     0.0000     0.8403    -0.3819     2.3589     1.1277
[1] 22300.0000     0.4417     0.9726     0.2402     1.8741     0.8521
[1] 22400.0000     0.0000     0.8145    -0.4674     2.4461     0.8604
[1] 22500.0000     0.1994     0.8623     0.4624     1.6257     0.8008
[1] 22600.0000     0.0000     0.8858     0.2061     1.7807     0.9064
[1] 22700.0000     0.0000     0.8271     0.3186     1.6602     1.1968
[1] 22800.0000     0.0713     0.8972     0.0005     1.8808     1.0231
[1] 22900.0000     0.0000     0.8286     0.3519     1.5772     0.9190
[1] 23000.0000     0.0000     0.9955     0.0550     1.9387     0.9113
[1] 23100.0000     0.0000     0.9231    -0.0815     2.0874     0.8179
[1] 23200.0000     0.0007     0.9586    -0.3764     2.3111     1.0581
[1] 23300.0000     0.2788     0.8966     0.1856     1.8550     1.0199
[1] 23400.0000     0.0004     0.8223    -0.1931     2.2533     1.0249
[1] 23500.0000     0.0000     0.8934    -0.8418     2.8332     1.1391
[1] 2.360e+04 0.000e+00 8.360e-01 1.115e-01 1.901e+00 8.406e-01
[1] 23700.0000     0.0000     0.9328    -0.1560     2.2264     1.0180
[1] 23800.0000     0.0000     0.9509     0.0119     1.9267     0.9516
[1] 23900.0000     0.0325     0.8157     0.6124     1.3843     0.8034
[1] 24000.0000     0.0000     0.9801    -0.1267     2.0581     1.1551
[1] 24100.0000     0.0000     0.8747    -0.9082     2.8372     1.0767
[1] 24200.0000     0.0000     0.8562     0.3418     1.5747     0.9310
[1] 24300.0000     0.0000     0.9879    -0.4690     2.5083     1.1930
[1] 24400.0000     0.5558     0.9947     0.2067     1.8708     0.9697
[1] 24500.0000     0.0000     0.9407     0.5111     1.4401     1.0416
[1] 24600.0000     0.0000     0.9062    -0.2428     2.3152     0.8877
[1] 24700.0000     0.0127     0.9574    -0.3174     2.3012     1.0919
[1] 24800.0000     0.1148     0.8109     0.0064     1.9864     1.1899
[1] 24900.0000     0.0915     0.9495     0.0936     1.9514     0.8626
[1] 25000.0000     1.0000     0.8801    -0.0755     2.0464     0.8235
[1] 25100.0000     0.0016     0.9102     0.4851     1.5396     0.9221
[1] 25200.0000     0.0000     0.9920    -0.2311     2.3031     0.8420
[1] 25300.0000     0.8828     0.8151     0.0069     1.9158     1.0748
[1] 25400.0000     0.9583     0.8988     0.1475     1.8386     1.0888
[1] 25500.0000     0.0000     0.8303     0.0892     1.9421     1.1248
[1] 25600.0000     0.0000     0.9526    -0.2510     2.2275     1.1706
[1] 25700.0000     0.0000     0.8060     0.3497     1.6688     0.8422
[1] 25800.0000     0.0000     0.8043    -0.0632     2.0724     0.8730
[1] 25900.0000     1.0000     0.8632    -0.0402     2.0382     1.1254
[1] 26000.0000     0.2611     0.9492    -0.0970     2.2182     1.0058
[1] 26100.0000     0.0000     0.9097    -0.1483     2.0946     1.1652
[1] 26200.0000     0.0042     0.9529    -0.1847     2.2051     1.0017
[1] 26300.0000     0.0000     0.9342    -0.0385     2.0154     1.1434
[1] 26400.0000     0.0000     0.8767    -0.0820     2.0192     0.8041
[1] 26500.0000     0.1398     0.8136     0.1588     1.8742     0.8843
[1] 26600.0000     0.0000     0.9293    -0.1943     2.2700     0.8497
[1] 26700.0000     0.1733     0.9890     0.1231     1.8377     0.9390
[1] 26800.0000     0.0000     0.8448    -0.7638     2.7692     0.8652
[1] 26900.0000     0.0000     0.9586     0.5180     1.5992     1.0279
[1] 27000.0000     0.0000     0.8280     0.1353     1.8922     0.9596
[1] 27100.0000     0.5924     0.8095     0.1247     1.9555     1.0497
[1] 27200.0000     0.0394     0.8628     0.4020     1.6559     1.0265
[1] 27300.0000     0.0000     0.9754    -0.2644     2.3164     0.9688
[1] 27400.0000     0.0000     0.9269     0.2323     1.8139     1.0000
[1] 27500.0000     0.0000     0.8463     0.4026     1.6145     0.8762
[1] 27600.0000     0.0000     0.8732     0.3630     1.6754     0.9172
[1] 27700.0000     0.0000     0.8219     0.0993     1.9677     0.8500
[1] 27800.0000     0.0000     0.8358     0.7529     1.3518     1.1051
[1] 27900.0000     1.0000     0.8904    -0.0587     2.0888     0.9276
[1] 28000.0000     0.0000     0.8025     0.0173     2.0387     0.9240
[1] 28100.0000     0.0000     0.9262     0.4333     1.6161     1.0710
[1] 28200.0000     0.0000     0.9693    -0.2116     2.2393     0.8876
[1] 28300.0000     0.0000     0.9886    -0.5836     2.5611     1.1843
[1] 28400.0000     0.5613     0.9594    -0.1293     2.2355     0.8105
[1] 28500.0000     0.0000     0.8824     0.3299     1.6829     0.8003
[1] 2.860e+04 0.000e+00 9.775e-01 9.300e-03 1.892e+00 9.079e-01
[1] 28700.0000     0.0000     0.8546    -0.2375     2.2456     0.9787
[1] 28800.0000     0.0003     0.8104     0.4948     1.5098     1.1940
[1] 28900.0000     0.0000     0.9040    -0.0960     2.0307     0.8375
[1] 29000.0000     0.0000     0.9692    -0.2666     2.1878     0.9910
[1] 29100.0000     0.0000     0.9089    -0.5711     2.5767     0.8717
[1] 29200.0000     0.0484     0.9367     0.6511     1.3715     1.1465
[1] 29300.0000     1.0000     0.9064     0.3032     1.6542     1.0368
[1] 29400.0000     0.0809     0.9394     0.3461     1.5868     1.1754
[1] 29500.0000     0.0000     0.8510    -0.3104     2.3770     0.8942
[1] 29600.0000     0.0006     0.8035     0.1492     1.8192     1.0772
[1] 29700.0000     0.0002     0.8240     0.2685     1.8163     1.1041
[1] 29800.0000     0.0000     0.8503     0.3360     1.6948     0.9822
[1] 29900.0000     0.9369     0.9798     0.0191     2.0347     1.0014
[1] 30000.0000     0.0041     0.9561     0.5819     1.4042     1.0811
[1] 0.1310748
Time difference of 10.5931 hours
null device 
          1 
