[1] "El numero de nodos X particion es: 10"
[1] "Model = M1 / Data = sim_data/datasetSVCMatern14.Rdata"
[1] 100.0000   1.0000   0.8291   0.0701   2.0171   0.9331
[1] 200.0000   1.0000   0.9804  -0.0664   1.8989   1.0297
[1] 300.0000   0.7299   0.8776  -0.1808   1.8663   1.0665
[1] 400.0000   0.7158   0.8233  -0.0938   1.9765   1.0774
[1] 500.0000   0.7781   0.8902  -0.1499   1.8276   0.8863
[1] 600.0000   0.0002   0.8693  -0.0145   1.8612   1.0610
[1] 700.0000   1.0000   0.8087  -0.1715   1.8566   1.0605
[1] 800.0000   1.0000   0.8954  -0.1640   1.8546   1.1490
[1] 900.0000   0.2328   0.9357  -0.1860   1.9333   1.0743
[1] 1000.0000    0.6716    0.9692    0.0505    2.0565    0.9576
[1] 1100.0000    0.3549    0.9726   -0.3027    1.6767    1.0201
[1] 1200.0000    0.3433    0.8603   -0.0560    2.0312    0.9164
[1] 1300.0000    0.0722    0.9151   -0.1943    1.9159    0.9862
[1] 1400.0000    0.0000    0.9546   -0.2157    1.7765    0.8056
[1] 1500.0000    0.0002    0.9672   -0.0517    1.9690    1.1986
[1] 1600.0000    0.8739    0.9427   -0.1256    1.9314    1.0957
[1] 1700.0000    0.0000    0.9259   -0.0958    1.8318    1.0764
[1] 1800.0000    0.0000    0.9234   -0.0612    1.9938    1.1307
[1] 1900.0000    0.3137    0.9957    0.0806    2.0761    1.1822
[1] 2000.0000    0.0969    0.9978   -0.0584    1.8919    1.1535
[1] 2100.0000    0.9718    0.8081   -0.0789    1.9798    0.9300
[1] 2200.0000    0.6261    0.8580    0.0704    2.0062    1.0161
[1] 2300.0000    0.0388    0.8377   -0.0773    1.9679    0.8487
[1] 2400.0000    0.0377    0.9764    0.0411    1.8529    1.0594
[1] 2500.0000    0.4580    0.8529   -0.0184    2.0544    0.9541
[1] 2600.0000    0.0154    0.8146   -0.2492    1.7132    0.8232
[1] 2700.0000    0.1662    0.8044   -0.1006    1.9110    1.0835
[1] 2800.0000    0.0286    0.9204   -0.0114    1.9956    1.0405
[1] 2900.0000    0.0005    0.8470   -0.3121    1.6777    0.8434
[1] 3000.0000    0.0082    0.9297   -0.0454    1.9565    1.1984
[1] 3100.0000    0.0464    0.8038   -0.0040    2.0145    1.1109
[1] 3200.0000    0.1475    0.9371   -0.0549    1.9520    1.1278
[1] 3300.0000    0.0000    0.9877   -0.0713    1.9105    0.9428
[1] 3400.0000    0.0010    0.9079   -0.2463    1.6830    0.8348
[1] 3500.0000    1.0000    0.9338    0.0090    2.0940    0.8830
[1] 3600.0000    0.0260    0.9027   -0.0993    1.8828    1.1569
[1] 3700.0000    0.0001    0.9950    0.0242    1.9259    1.0085
[1] 3800.0000    0.0000    0.8653   -0.1652    1.7939    0.9884
[1] 3900.0000    0.0020    0.8514   -0.2138    1.7728    1.1876
[1] 4000.0000    0.4092    0.9388   -0.0873    1.7831    0.8131
[1] 4100.0000    1.0000    0.9426    0.1215    2.0066    0.8764
[1] 4200.0000    1.0000    0.8436   -0.0876    1.9266    0.9733
[1] 4300.0000    0.0000    0.9986   -0.0343    1.9534    0.9026
[1] 4400.0000    0.1967    0.9571    0.0366    2.0092    0.9932
[1] 4500.0000    1.0000    0.8410    0.0690    1.9873    1.1520
[1] 4600.0000    0.0348    0.8039   -0.1418    1.7875    1.1669
[1] 4700.0000    0.0003    0.8767    0.1437    2.1557    1.1619
[1] 4800.0000    0.1652    0.8536   -0.2730    1.7952    1.1437
[1] 4900.0000    0.6530    0.8201    0.1932    2.1788    1.1747
[1] 5000.0000    1.0000    0.9273   -0.1570    1.7900    1.0348
[1] 5100.0000    0.3145    0.9679   -0.2299    1.7638    1.1951
[1] 5200.0000    0.0033    0.8350    0.0340    2.1559    1.0935
[1] 5300.0000    0.8561    0.8379   -0.1655    1.8114    1.0434
[1] 5400.0000    0.4700    0.8333   -0.1377    1.8697    0.9811
[1] 5500.0000    0.4856    0.8940   -0.1656    1.8870    1.1671
[1] 5600.0000    0.1574    0.8407   -0.2696    1.8334    1.1085
[1] 5700.0000    0.1083    0.9403   -0.1422    1.7681    0.9236
[1] 5800.0000    0.4182    0.8520    0.0368    2.0716    1.0482
[1] 5900.0000    1.0000    0.8759   -0.2019    1.8054    1.0113
[1] 6000.0000    0.1926    0.8924   -0.1076    1.8093    1.0716
[1] 6100.0000    0.0850    0.9517    0.1833    2.0863    0.9216
[1] 6200.0000    1.0000    0.8336   -0.2446    1.7353    0.9759
[1] 6300.0000    0.0159    0.8959   -0.0789    1.9870    1.1826
[1] 6400.0000    0.2738    0.9022   -0.0768    1.8149    0.8332
[1] 6500.0000    0.0981    0.8697   -0.0337    1.9997    0.9040
[1] 6600.0000    0.0131    0.8918   -0.2044    1.8763    1.0184
[1] 6700.0000    0.0000    0.9290   -0.3082    1.6219    1.1408
[1] 6800.0000    0.8835    0.8496   -0.1413    1.8905    0.9728
[1] 6900.0000    0.1229    0.8556   -0.1257    1.8721    1.1638
[1] 7000.0000    0.0094    0.8011   -0.0672    1.8858    1.0228
[1] 7100.0000    1.0000    0.8440   -0.0707    1.9275    0.9302
[1] 7200.0000    0.0052    0.9645   -0.0086    1.9988    0.9109
[1] 7300.0000    0.0003    0.8821   -0.0986    1.9740    0.9361
[1] 7400.0000    0.0000    0.8164   -0.2483    1.6661    0.8600
[1] 7500.0000    0.0850    0.9538    0.1248    2.1259    1.0728
[1] 7600.0000    0.0416    0.8332   -0.1387    1.8459    1.0877
[1] 7700.0000    0.0032    0.8552   -0.2185    1.7460    1.0850
[1] 7800.0000    0.0001    0.8139   -0.1584    1.8296    0.8702
[1] 7900.0000    0.3069    0.8037   -0.1805    1.8546    1.1632
[1] 8000.0000    0.3659    0.9186   -0.2791    1.6581    1.0026
[1] 8100.0000    0.0397    0.9084    0.0324    1.9982    1.0684
[1] 8200.0000    0.0000    0.9803    0.0238    2.0099    0.8647
[1] 8300.0000    0.0016    0.8397    0.1716    2.1525    1.0813
[1] 8400.0000    1.0000    0.9278   -0.0442    1.9075    0.8107
[1] 8500.0000    0.0003    0.9939   -0.1361    1.8232    1.0648
[1] 8600.0000    0.2618    0.9835   -0.0711    1.9539    0.9563
[1] 8700.0000    1.0000    0.8293   -0.0457    1.9114    0.8767
[1] 8800.0000    1.0000    0.9324   -0.1319    1.8300    0.8066
[1] 8900.0000    0.9298    0.9431   -0.2605    1.7963    1.1381
[1] 9000.0000    0.1839    0.9025   -0.0920    1.8334    0.9096
[1] 9100.0000    0.6396    0.9156    0.0180    2.0418    1.0916
[1] 9200.0000    1.0000    0.9069   -0.0854    1.9606    1.1995
[1] 9300.0000    0.0022    0.9856   -0.0810    1.8808    1.1370
[1] 9400.0000    0.1802    0.8458    0.0799    1.9817    1.0091
[1] 9500.0000    0.0000    0.9329   -0.1493    1.9591    0.8817
[1] 9600.0000    0.6255    0.9566   -0.2558    1.7506    1.1182
[1] 9700.0000    0.0053    0.8614    0.0528    1.9291    0.9692
[1] 9800.0000    0.1175    0.8196   -0.0430    1.8802    0.9680
[1] 9900.0000    0.0000    0.8466    0.0913    2.0184    0.8248
[1] 10000.0000     1.0000     0.8618    -0.3065     1.6345     0.8032
[1] 10100.0000     1.0000     0.9049     0.0040     1.9698     1.0751
[1] 10200.0000     0.0027     0.9084    -0.1078     1.8089     0.8386
[1] 10300.0000     0.0061     0.8120     0.0428     1.9015     0.8804
[1] 10400.0000     0.0101     0.8213    -0.0449     1.9494     1.0055
[1] 10500.0000     1.0000     0.8159     0.1679     2.0484     1.1284
[1] 10600.0000     0.1481     0.8330     0.1495     2.2041     0.9483
[1] 10700.0000     0.0000     0.8531    -0.0363     1.9176     0.8181
[1] 10800.0000     0.5521     0.8541    -0.0057     2.0477     0.9792
[1] 10900.0000     0.0000     0.8264    -0.1247     1.9791     1.1140
[1] 11000.0000     0.3440     0.8012    -0.0977     1.9903     0.9407
[1] 11100.0000     0.0001     0.9709     0.0888     2.1368     0.9321
[1] 11200.0000     0.9601     0.9412    -0.0990     1.9707     0.8257
[1] 11300.0000     0.7805     0.9738    -0.1242     1.8339     1.1215
[1] 11400.0000     1.0000     0.9866    -0.1223     1.8541     0.8664
[1] 11500.0000     0.0000     0.9311    -0.1043     1.9150     0.8792
[1] 11600.0000     1.0000     0.9382    -0.2271     1.7736     0.8033
[1] 11700.0000     0.3982     0.9810    -0.1737     1.9283     0.9386
[1] 11800.0000     0.0148     0.9849    -0.1381     1.7603     1.0283
[1] 11900.0000     0.5907     0.8272     0.0108     1.9588     0.8962
[1] 12000.0000     0.0104     0.8543    -0.1517     1.8400     1.1591
[1] 12100.0000     0.0420     0.9452    -0.0638     1.9762     0.8400
[1] 12200.0000     0.0022     0.8279    -0.0583     1.8096     0.8199
[1] 12300.0000     0.0409     0.8229    -0.0134     1.9115     0.9137
[1] 12400.0000     1.0000     0.8046    -0.2192     1.7943     0.8797
[1] 12500.0000     0.1414     0.8027     0.1416     2.1456     1.0313
[1] 12600.0000     1.0000     0.9564     0.0111     1.9133     1.1675
[1] 12700.0000     0.0002     0.9486     0.1689     2.1068     0.8166
[1] 12800.0000     0.0042     0.9108    -0.2070     1.7797     1.0765
[1] 12900.0000     0.0261     0.8621    -0.3936     1.6330     0.8185
[1] 13000.0000     0.0808     0.8069    -0.0456     1.9428     1.0997
[1] 13100.0000     0.0003     0.9404    -0.0943     1.9202     0.9822
[1] 13200.0000     0.0037     0.9589    -0.2233     1.7241     1.1555
[1] 13300.0000     0.2583     0.8522    -0.0407     1.9116     1.0074
[1] 13400.0000     0.0000     0.9485     0.0400     1.8469     1.0271
[1] 13500.0000     0.0001     0.8240     0.0082     2.0251     1.0099
[1] 13600.0000     0.0032     0.8917    -0.1804     1.6880     1.0301
[1] 13700.0000     1.0000     0.8314    -0.0763     1.9142     0.8589
[1] 13800.0000     0.0000     0.8418    -0.1761     1.8495     1.1127
[1] 13900.0000     0.6028     0.8125    -0.1392     1.8207     1.1546
[1] 14000.0000     0.7684     0.9598    -0.0061     1.9305     0.8043
[1] 14100.0000     0.0003     0.9236     0.0837     2.0466     0.9106
[1] 14200.0000     0.1305     0.9171    -0.0149     1.9095     0.8964
[1] 14300.0000     0.0047     0.8548    -0.1697     1.9041     0.8231
[1] 14400.0000     0.7266     0.8984    -0.0921     1.9545     1.1866
[1] 14500.0000     0.0006     0.8302     0.0146     2.0248     1.1813
[1] 14600.0000     0.0000     0.8329    -0.1837     1.9180     0.9630
[1] 14700.0000     1.0000     0.8840    -0.0443     1.9104     1.0394
[1] 14800.0000     0.0000     0.8106    -0.3163     1.6941     1.0978
[1] 14900.0000     0.5715     0.8873    -0.0104     1.9815     1.1324
[1] 15000.0000     0.0000     0.9486    -0.2425     1.7480     0.9418
[1] 15100.0000     0.1132     0.9112    -0.1874     1.8510     1.0503
[1] 15200.0000     0.6605     0.9896     0.0472     1.9800     1.1186
[1] 15300.0000     0.0503     0.8296    -0.0032     2.0435     1.1944
[1] 15400.0000     0.9929     0.9829     0.0323     2.0836     1.0368
[1] 15500.0000     0.5794     0.9973    -0.0565     1.9079     0.8711
[1] 15600.0000     0.6665     0.9912    -0.1700     1.8430     1.0551
[1] 1.570e+04 0.000e+00 9.705e-01 1.471e-01 2.077e+00 8.969e-01
[1] 15800.0000     0.3459     0.9774    -0.1770     1.7054     1.1822
[1] 15900.0000     0.0000     0.9524    -0.0407     2.0012     1.0855
[1] 16000.0000     1.0000     0.9761    -0.2009     1.8025     1.0600
[1] 16100.0000     1.0000     0.9477    -0.0007     2.0802     0.9420
[1] 16200.0000     0.6713     0.8455    -0.0118     1.9269     1.0509
[1] 16300.0000     0.0398     0.9320    -0.0331     1.9875     1.0407
[1] 16400.0000     0.5206     0.8090    -0.0820     1.9318     0.8978
[1] 16500.0000     0.1021     0.9894    -0.0866     1.9111     0.9222
[1] 16600.0000     1.0000     0.9292    -0.2005     1.8221     1.0485
[1] 16700.0000     0.5140     0.9070    -0.0632     2.0039     1.1930
[1] 16800.0000     0.0362     0.8165    -0.2958     1.6953     1.0376
[1] 16900.0000     0.4030     0.8583    -0.0691     1.9421     0.9158
[1] 17000.0000     0.5991     0.8355     0.0320     2.0425     0.9526
[1] 17100.0000     0.0145     0.9262     0.1077     2.0399     0.9696
[1] 17200.0000     0.2703     0.9497    -0.1618     1.8108     0.8252
[1] 17300.0000     0.0544     0.9564    -0.2791     1.7212     0.9524
[1] 17400.0000     1.0000     0.9623     0.0158     2.1165     1.1696
[1] 17500.0000     1.0000     0.9645    -0.1844     1.7316     0.9956
[1] 17600.0000     0.0929     0.9193    -0.0140     1.8934     0.8193
[1] 17700.0000     0.0219     0.8922    -0.1603     1.7969     1.0234
[1] 17800.0000     1.0000     0.9968    -0.0572     1.8987     0.8268
[1] 17900.0000     0.0504     0.8644    -0.0947     1.8510     1.0507
[1] 18000.0000     0.9830     0.9109    -0.0731     1.8954     0.8712
[1] 18100.0000     0.0273     0.9137     0.0704     2.0772     0.9014
[1] 18200.0000     1.0000     0.8073     0.0481     1.9835     0.9256
[1] 18300.0000     0.0008     0.9706    -0.1761     1.9027     1.1685
[1] 18400.0000     0.0030     0.9243    -0.2844     1.8429     1.1066
[1] 18500.0000     0.0349     0.8064    -0.1896     1.8560     1.1050
[1] 18600.0000     0.0241     0.8932     0.0701     2.1085     0.8460
[1] 18700.0000     0.1519     0.9071     0.1603     2.1617     1.1143
[1] 18800.0000     0.0026     0.9415    -0.1128     1.9749     0.8205
[1] 18900.0000     0.0001     0.8387    -0.2056     1.8049     0.8037
[1] 1.900e+04 1.000e+00 8.087e-01 8.810e-02 2.175e+00 1.106e+00
[1] 19100.0000     0.0246     0.8142    -0.1325     1.8635     1.0716
[1] 19200.0000     1.0000     0.8319    -0.0835     1.8126     1.0132
[1] 19300.0000     0.3531     0.8940    -0.0858     1.8918     1.1248
[1] 19400.0000     0.7511     0.8507    -0.0950     1.9902     0.9744
[1] 19500.0000     0.0007     0.8243     0.2123     2.1618     0.8751
[1] 19600.0000     0.0622     0.9711    -0.0585     2.0000     1.0171
[1] 19700.0000     0.0909     0.8143     0.0153     2.0142     0.8081
[1] 19800.0000     0.0998     0.8317     0.2144     2.2172     1.0742
[1] 19900.0000     0.5447     0.9981     0.1571     2.1536     1.0280
[1] 20000.0000     0.7243     0.9729    -0.2740     1.7806     0.8904
[1] 20100.0000     0.0000     0.8622    -0.0121     1.9737     0.8640
[1] 20200.000     1.000     0.984    -0.030     1.992     1.138
[1] 20300.0000     0.0095     0.8028    -0.3528     1.6979     0.9708
[1] 20400.0000     1.0000     0.8446    -0.0885     1.9141     1.0333
[1] 20500.0000     0.0012     0.8964    -0.1233     1.9265     1.1285
[1] 20600.0000     0.2345     0.8909    -0.1149     1.8858     1.1489
[1] 20700.0000     0.9418     0.8107     0.1559     2.0955     1.0874
[1] 20800.0000     1.0000     0.9981     0.0729     2.1428     1.0246
[1] 20900.0000     0.0000     0.8285    -0.0918     1.8943     0.8493
[1] 21000.0000     0.1571     0.8708    -0.1465     1.8524     1.1617
[1] 21100.0000     0.1282     0.9291    -0.0715     1.8935     1.1428
[1] 21200.0000     1.0000     0.9611    -0.0420     1.9337     0.8029
[1] 21300.0000     0.0002     0.8214    -0.0157     1.8439     1.0391
[1] 21400.0000     0.8581     0.8276    -0.0229     1.9317     0.8233
[1] 21500.0000     0.0289     0.8906    -0.0328     2.0019     0.8206
[1] 21600.0000     1.0000     0.9634    -0.1147     1.9124     0.9473
[1] 21700.0000     0.2342     0.9973    -0.1646     1.8413     0.9605
[1] 21800.0000     0.6946     0.8380     0.1189     2.1329     1.0649
[1] 21900.0000     0.7677     0.9598     0.0312     2.0303     0.8497
[1] 22000.0000     0.7073     0.8874     0.0226     1.9219     1.0182
[1] 22100.0000     0.3110     0.8953     0.0273     1.9849     0.9321
[1] 22200.0000     0.2280     0.8918    -0.1595     1.9038     1.1042
[1] 22300.0000     0.0299     0.9726    -0.1995     1.9579     0.8521
[1] 22400.0000     1.0000     0.9971     0.0454     2.0501     0.9354
[1] 22500.0000     0.0010     0.8239    -0.0434     2.0078     1.1368
[1] 22600.0000     0.0015     0.9196     0.0215     1.9988     1.0596
[1] 22700.0000     0.0002     0.8271    -0.1614     1.8200     1.1968
[1] 22800.0000     0.0889     0.8972    -0.1132     1.7415     1.0231
[1] 22900.0000     0.1285     0.8804    -0.1915     1.8259     0.9211
[1] 23000.0000     0.0003     0.8188    -0.0981     1.8928     1.0070
[1] 23100.0000     0.3694     0.8119     0.0534     1.9565     1.0551
[1] 23200.0000     0.0739     0.8437     0.0408     2.0489     0.8877
[1] 2.330e+04 0.000e+00 9.727e-01 7.180e-02 2.072e+00 9.482e-01
[1] 23400.0000     0.2210     0.8888     0.0541     1.9022     1.0444
[1] 23500.0000     0.1238     0.8245    -0.0183     1.9745     0.8555
[1] 23600.0000     0.0065     0.9324    -0.1117     1.9291     0.8634
[1] 23700.0000     0.2030     0.8580    -0.1753     1.7827     0.8494
[1] 23800.0000     1.0000     0.9299    -0.0018     1.8672     1.0580
[1] 23900.0000     0.8108     0.8722     0.0245     1.9745     0.8735
[1] 24000.0000     0.0289     0.9851    -0.0091     1.9881     1.0873
[1] 24100.0000     1.0000     0.9214    -0.1545     1.9280     0.8541
[1] 24200.0000     0.0079     0.9331    -0.1785     1.9701     1.1419
[1] 24300.0000     1.0000     0.8163    -0.1056     1.9436     1.0906
[1] 24400.0000     1.0000     0.9947    -0.0514     1.8927     0.9697
[1] 24500.0000     0.0093     0.8969    -0.0008     1.9836     1.0480
[1] 24600.0000     0.0001     0.9237    -0.0729     1.9052     1.0127
[1] 24700.0000     0.3684     0.9195    -0.2483     1.6596     0.8781
[1] 24800.0000     0.0003     0.8460    -0.0552     1.9482     0.9489
[1] 24900.0000     0.0200     0.9802    -0.0976     2.0044     0.9496
[1] 25000.0000     1.0000     0.8801     0.1082     2.0937     0.8235
[1] 25100.0000     0.2437     0.8622    -0.0055     1.9772     0.8281
[1] 25200.0000     0.1102     0.8495    -0.0456     2.0052     1.1739
[1] 25300.0000     0.0001     0.9779    -0.1426     1.9075     0.8977
[1] 25400.0000     0.9834     0.8988    -0.2029     1.7052     1.0888
[1] 25500.0000     0.3325     0.8303    -0.0865     1.9009     1.1248
[1] 25600.0000     0.0885     0.9926     0.1348     2.0439     0.9855
[1] 25700.0000     0.1887     0.8976    -0.2847     1.7501     0.9408
[1] 25800.0000     0.0318     0.9689    -0.0448     1.9554     1.1962
[1] 25900.0000     0.0003     0.8683     0.0691     1.9576     0.8098
[1] 26000.0000     0.6500     0.9492    -0.1478     1.7761     1.0058
[1] 26100.0000     0.0503     0.8951    -0.0942     1.9768     0.8249
[1] 26200.0000     0.8127     0.8601    -0.0426     2.0108     0.9041
[1] 26300.0000     0.9617     0.8623    -0.2474     1.8289     1.0835
[1] 26400.0000     0.1312     0.8855     0.1755     2.0565     1.0131
[1] 26500.0000     0.0572     0.8034    -0.4172     1.5881     1.1338
[1] 26600.0000     1.0000     0.8531    -0.1644     1.7292     1.1347
[1] 26700.0000     0.1442     0.9721    -0.0446     1.9309     0.8075
[1] 26800.0000     0.0725     0.8173    -0.1407     1.8719     0.9752
[1] 26900.0000     0.0087     0.9241     0.0229     2.0067     1.0646
[1] 27000.0000     0.7746     0.8977    -0.1196     1.9142     0.8661
[1] 27100.0000     0.0043     0.8095    -0.0319     1.8965     1.0497
[1] 27200.0000     0.0185     0.8304    -0.0379     1.9942     0.8580
[1] 27300.0000     0.0012     0.9608    -0.1482     1.8162     0.8492
[1] 27400.0000     0.2529     0.8806    -0.2537     1.6913     1.0468
[1] 27500.0000     0.3096     0.9635    -0.0904     1.8850     1.1809
[1] 27600.0000     0.0006     0.8069     0.1042     2.0473     0.9996
[1] 27700.0000     0.0040     0.8768     0.1283     2.1323     1.0202
[1] 27800.0000     0.0000     0.8358     0.0790     2.0848     1.1051
[1] 27900.0000     0.5428     0.8913     0.0040     1.9579     0.8389
[1] 28000.0000     0.0000     0.9003    -0.0467     1.9585     0.9918
[1] 28100.0000     0.0000     0.9262    -0.2217     1.8021     1.0710
[1] 28200.0000     0.5900     0.9920     0.0848     2.0771     1.1206
[1] 28300.0000     0.0018     0.8937    -0.0810     1.9031     1.0178
[1] 28400.0000     1.0000     0.9594    -0.0750     1.8839     0.8105
[1] 28500.0000     1.0000     0.8206    -0.0303     2.0041     1.0447
[1] 28600.0000     0.0004     0.9775    -0.1265     1.8861     0.9079
[1] 28700.0000     0.1728     0.8497    -0.0803     1.8689     1.1155
[1] 28800.0000     1.0000     0.9743    -0.1702     1.8171     0.8723
[1] 28900.0000     0.8712     0.8662    -0.2214     1.7874     0.8550
[1] 29000.0000     0.2265     0.8251    -0.0774     1.9027     0.9007
[1] 29100.0000     0.0049     0.9156    -0.0453     1.9744     0.8172
[1] 29200.0000     0.0064     0.9889    -0.3121     1.7571     1.0979
[1] 29300.0000     0.0056     0.9749    -0.0584     1.9013     0.9782
[1] 29400.0000     0.0416     0.9512    -0.0484     1.8583     1.1262
[1] 29500.0000     0.0015     0.8346    -0.1382     1.8279     0.9665
[1] 29600.0000     0.0018     0.8267     0.0798     2.1036     1.0464
[1] 29700.0000     0.0107     0.9571    -0.1277     1.8037     0.9736
[1] 29800.0000     0.7011     0.8701    -0.0860     2.0021     0.8024
[1] 29900.0000     1.0000     0.9798    -0.1104     1.8880     1.0014
[1] 30000.0000     0.1160     0.8172    -0.1102     1.8673     1.1626
[1] 0.350306
Time difference of 4.614091 hours
null device 
          1 
