[1] "El numero de nodos X particion es: 10"
[1] "Model = M2 / Data = sim_data/datasetSVCExponential15.Rdata"
[1] 100.0000   0.3088   0.9429   0.0177   2.1696   1.1970
[1] 200.0000   1.0000   0.9804   0.2202   2.1657   1.0297
[1] 300.0000   0.4021   0.8776   0.1386   2.2903   1.0665
[1] 400.0000   0.0254   0.9217   0.2913   2.3031   0.9692
[1] 500.0000   0.0882   0.9813   0.2180   2.2640   0.8492
[1] 600.0000   0.0041   0.8693   0.3210   2.1595   1.0610
[1] 700.0000   1.0000   0.8087   0.1527   2.3041   1.0605
[1] 800.0000   1.0000   0.8954   0.1495   2.2913   1.1490
[1] 900.0000   1.0000   0.9357   0.1264   2.2272   1.0743
[1] 1000.0000    1.0000    0.9692    0.1985    2.3199    0.9576
[1] 1100.0000    0.2525    0.9750    0.2537    2.1861    0.9937
[1] 1200.0000    0.6599    0.8603    0.1975    2.2775    0.9164
[1] 1300.0000    0.6593    0.8617    0.1784    2.2648    1.0550
[1] 1400.0000    0.8051    0.9303    0.0944    2.2482    1.1894
[1] 1500.0000    0.1162    0.9672    0.1711    2.2582    1.1986
[1] 1600.0000    0.0446    0.9998    0.1636    2.3299    1.1214
[1] 1700.0000    0.2093    0.8185    0.2238    2.1458    1.1630
[1] 1800.0000    0.0171    0.9234    0.1494    2.2745    1.1307
[1] 1900.0000    0.1324    0.9875    0.2377    2.2434    0.8532
[1] 2000.0000    0.1268    0.9978    0.2197    2.2084    1.1535
[1] 2100.0000    0.0272    0.9372    0.2644    2.1664    0.8634
[1] 2200.0000    0.1475    0.8580    0.2667    2.3416    1.0161
[1] 2300.0000    0.6711    0.9707    0.2464    2.1483    1.1994
[1] 2400.0000    0.6034    0.9764    0.2767    2.1944    1.0594
[1] 2500.0000    0.5782    0.9002    0.2550    2.2036    1.1531
[1] 2600.0000    0.2487    0.9658    0.1532    2.1468    1.0023
[1] 2700.0000    1.0000    0.8052    0.1154    2.2299    0.8603
[1] 2800.0000    0.6360    0.8906    0.1489    2.2778    0.8787
[1] 2900.0000    0.1308    0.8994    0.1774    2.1925    1.0050
[1] 3000.0000    1.0000    0.9623    0.2090    2.3144    1.1476
[1] 3100.0000    0.9080    0.8038    0.2029    2.1628    1.1109
[1] 3200.0000    0.2774    0.9371    0.2445    2.2420    1.1278
[1] 3300.0000    0.3375    0.9877    0.1788    2.1439    0.9428
[1] 3400.0000    0.3496    0.8983    0.1804    2.0925    1.1525
[1] 3500.0000    1.0000    0.9338    0.1978    2.1768    0.8830
[1] 3600.0000    0.0760    0.9676    0.2228    2.2633    1.0085
[1] 3700.0000    0.2678    0.9950    0.2417    2.2506    1.0085
[1] 3800.0000    0.1324    0.9791    0.1430    2.0921    1.0179
[1] 3900.0000    1.0000    0.8173    0.2413    2.2016    1.1134
[1] 4000.0000    1.0000    0.9388    0.2297    2.1642    0.8131
[1] 4100.0000    0.6713    0.9193    0.3338    2.2001    1.0337
[1] 4200.0000    0.4182    0.9756    0.1622    2.3244    0.9752
[1] 4300.0000    0.0026    0.9986    0.1627    2.2363    0.9026
[1] 4400.0000    0.0767    0.9571    0.2857    2.2633    0.9932
[1] 4500.0000    0.6429    0.8410    0.2431    2.2588    1.1520
[1] 4600.0000    0.4316    0.9525    0.2084    2.2354    1.1110
[1] 4700.0000    0.0042    0.9516    0.2275    2.1969    1.1937
[1] 4800.0000    0.4831    0.8536    0.0888    2.2450    1.1437
[1] 4900.0000    0.1152    0.9222    0.2789    2.3090    0.9837
[1] 5000.0000    1.0000    0.9273    0.1744    2.2275    1.0348
[1] 5100.0000    0.3138    0.9679    0.2311    2.2138    1.1951
[1] 5200.0000    0.1033    0.8350    0.1646    2.3409    1.0935
[1] 5300.0000    1.0000    0.8379    0.1771    2.2932    1.0434
[1] 5400.0000    0.3597    0.9974    0.2000    2.2568    1.1725
[1] 5500.0000    0.4003    0.8506    0.1991    2.1970    1.1979
[1] 5600.0000    0.0241    0.9095    0.0663    2.3090    0.9324
[1] 5700.0000    0.9869    0.9639    0.2229    2.1921    1.0846
[1] 5800.0000    0.6182    0.8520    0.2805    2.2558    1.0482
[1] 5900.0000    0.6037    0.8759    0.1854    2.1084    1.0113
[1] 6000.0000    1.0000    0.8325    0.1675    2.1831    0.8825
[1] 6100.0000    0.0186    0.9025    0.2890    2.2661    0.9119
[1] 6200.0000    0.4762    0.8336    0.3175    2.1086    0.9759
[1] 6300.0000    0.1957    0.8421    0.2579    2.3171    0.8693
[1] 6400.0000    0.3152    0.9022    0.1722    2.1622    0.8332
[1] 6500.0000    1.0000    0.9478    0.1909    2.2124    1.0656
[1] 6600.0000    0.2840    0.8918    0.1770    2.2469    1.0184
[1] 6700.0000    0.0946    0.8229    0.2387    2.1681    1.0410
[1] 6800.0000    0.4905    0.9525    0.1641    2.1984    0.9997
[1] 6900.0000    0.7961    0.9401    0.1956    2.1549    0.9220
[1] 7000.0000    0.0779    0.9977    0.1951    2.2459    1.0944
[1] 7100.0000    0.1751    0.8440    0.2750    2.3065    0.9302
[1] 7200.0000    0.4223    0.9061    0.1440    2.2516    0.9318
[1] 7300.0000    1.0000    0.9616    0.2332    2.2681    0.8824
[1] 7400.0000    0.1783    0.8164    0.1438    2.2101    0.8600
[1] 7500.0000    0.3231    0.9538    0.2513    2.2199    1.0728
[1] 7600.0000    1.0000    0.8898    0.1773    2.1877    1.1032
[1] 7700.0000    0.3301    0.9975    0.2153    2.1914    1.1871
[1] 7800.0000    0.0803    0.9829    0.2414    2.2352    1.0003
[1] 7900.0000    0.4204    0.8037    0.1641    2.2339    1.1632
[1] 8000.0000    0.2012    0.9186    0.1315    2.1160    1.0026
[1] 8100.0000    0.6429    0.8687    0.1463    2.3122    1.0506
[1] 8200.0000    0.0178    0.9803    0.2365    2.2564    0.8647
[1] 8300.0000    0.1776    0.8896    0.2590    2.3077    1.1748
[1] 8400.0000    0.2085    0.9658    0.1863    2.2355    0.9286
[1] 8500.0000    0.0182    0.8507    0.1066    2.1337    1.0895
[1] 8600.0000    0.2852    0.8918    0.0822    2.2553    1.0114
[1] 8700.0000    0.7831    0.8293    0.1813    2.1903    0.8767
[1] 8800.0000    1.0000    0.9324    0.2973    2.2156    0.8066
[1] 8900.0000    1.0000    0.9431    0.1966    2.2318    1.1381
[1] 9000.0000    0.3977    0.9025    0.2530    2.2335    0.9096
[1] 9100.0000    1.0000    0.9156    0.1627    2.2474    1.0916
[1] 9200.0000    0.4320    0.9676    0.1092    2.1876    0.9842
[1] 9300.0000    0.0083    0.9915    0.2711    2.2734    0.9316
[1] 9400.0000    0.4877    0.8458    0.2680    2.1642    1.0091
[1] 9500.0000    0.0145    0.8817    0.1310    2.2319    1.0875
[1] 9600.0000    1.0000    0.9566    0.1297    2.2053    1.1182
[1] 9700.0000    0.1125    0.9939    0.2599    2.1320    0.9010
[1] 9800.0000    0.1403    0.9462    0.2468    2.1615    1.1275
[1] 9900.0000    0.0011    0.9529    0.2341    2.1808    0.9335
[1] 1.000e+04 9.884e-01 8.618e-01 1.420e-01 2.123e+00 8.032e-01
[1] 10100.0000     1.0000     0.9049     0.1996     2.2785     1.0751
[1] 10200.0000     0.8896     0.9808     0.0908     2.1984     0.8342
[1] 10300.0000     0.3294     0.8120     0.2929     2.1561     0.8804
[1] 10400.0000     0.0455     0.9274     0.2476     2.2423     0.8733
[1] 10500.0000     0.6418     0.8159     0.2585     2.2680     1.1284
[1] 10600.0000     1.0000     0.8189     0.2955     2.2073     1.1530
[1] 10700.0000     0.5893     0.8531     0.1616     2.2601     0.8181
[1] 10800.0000     0.3366     0.9785     0.2319     2.2375     1.1554
[1] 10900.0000     0.1945     0.8264     0.2367     2.3193     1.1140
[1] 11000.0000     0.2457     0.8012     0.1967     2.2907     0.9407
[1] 1.110e+04 2.130e-02 9.709e-01 2.209e-01 2.347e+00 9.321e-01
[1] 1.120e+04 8.453e-01 9.412e-01 1.635e-01 2.233e+00 8.257e-01
[1] 11300.0000     0.8739     0.9738     0.1537     2.2258     1.1215
[1] 1.140e+04 1.000e+00 9.866e-01 2.549e-01 2.159e+00 8.664e-01
[1] 11500.0000     0.0008     0.9311     0.1653     2.1727     0.8792
[1] 11600.0000     0.3807     0.9382     0.0694     2.0882     0.8033
[1] 11700.0000     0.8106     0.9810     0.1623     2.1541     0.9386
[1] 11800.0000     0.0805     0.8440     0.2017     2.1819     0.8198
[1] 1.190e+04 8.340e-02 9.675e-01 2.760e-01 2.301e+00 9.621e-01
[1] 12000.0000     1.0000     0.9595     0.1987     2.2493     1.1960
[1] 1.210e+04 9.117e-01 9.650e-01 1.172e-01 2.263e+00 9.420e-01
[1] 12200.0000     0.4935     0.8496     0.1991     2.1865     0.8460
[1] 1.230e+04 3.044e-01 9.623e-01 2.940e-01 2.206e+00 1.142e+00
[1] 12400.0000     1.0000     0.8046     0.1517     2.2378     0.8797
[1] 12500.0000     0.0753     0.9120     0.3299     2.2655     1.1259
[1] 12600.0000     0.8188     0.9564     0.2008     2.1758     1.1675
[1] 1.270e+04 7.000e-04 9.486e-01 2.720e-01 2.420e+00 8.166e-01
[1] 12800.0000     0.0518     0.9087     0.1743     2.2370     1.0631
[1] 12900.0000     0.3298     0.8554     0.0666     2.0967     0.9712
[1] 13000.0000     0.1320     0.9696     0.2255     2.1283     0.9346
[1] 13100.0000     0.1716     0.9404     0.0930     2.2047     0.9822
[1] 13200.0000     0.1748     0.9801     0.2045     2.1229     0.8746
[1] 13300.0000     0.3834     0.9324     0.3028     2.2890     1.1427
[1] 13400.0000     0.0547     0.9485     0.2066     2.1023     1.0271
[1] 13500.0000     0.0139     0.8240     0.1738     2.2799     1.0099
[1] 13600.0000     0.0270     0.8917     0.2151     2.1292     1.0301
[1] 13700.0000     1.0000     0.8314     0.2423     2.2494     0.8589
[1] 1.380e+04 6.397e-01 8.254e-01 2.778e-01 2.199e+00 9.444e-01
[1] 13900.0000     0.6016     0.9575     0.2592     2.2178     1.0672
[1] 14000.0000     1.0000     0.9598     0.2170     2.2433     0.8043
[1] 1.410e+04 1.100e-03 9.236e-01 3.407e-01 2.346e+00 9.106e-01
[1] 14200.0000     1.0000     0.9100     0.2715     2.1996     1.1948
[1] 14300.0000     1.0000     0.9874     0.1689     2.2618     0.9095
[1] 14400.0000     1.0000     0.8984     0.1730     2.2076     1.1866
[1] 14500.0000     1.0000     0.9833     0.2051     2.1917     1.1771
[1] 14600.0000     0.0615     0.8329     0.2112     2.2206     0.9630
[1] 14700.0000     1.0000     0.8840     0.2309     2.2006     1.0394
[1] 14800.0000     0.0358     0.8106     0.1672     2.1672     1.0978
[1] 14900.0000     1.0000     0.9485     0.1946     2.2648     1.1960
[1] 15000.0000     0.0003     0.9486     0.1596     2.1929     0.9418
[1] 15100.0000     0.1906     0.9112     0.2733     2.2855     1.0503
[1] 15200.0000     0.7992     0.9896     0.2943     2.2497     1.1186
[1] 15300.0000     1.0000     0.8282     0.2241     2.2138     1.1177
[1] 15400.0000     1.0000     0.9829     0.2464     2.2057     1.0368
[1] 15500.0000     1.0000     0.8761     0.2380     2.1932     0.9901
[1] 15600.0000     1.0000     0.9912     0.2210     2.1768     1.0551
[1] 15700.0000     0.8047     0.9225     0.3542     2.2333     0.9294
[1] 15800.0000     0.4851     0.9774     0.2577     2.1661     1.1822
[1] 15900.0000     0.0016     0.9524     0.1696     2.2895     1.0855
[1] 16000.0000     1.0000     0.9761     0.1799     2.2274     1.0600
[1] 16100.0000     0.1475     0.8350     0.2556     2.1734     1.1328
[1] 16200.0000     1.0000     0.8455     0.1714     2.2422     1.0509
[1] 16300.0000     1.0000     0.9029     0.2259     2.3191     1.0365
[1] 16400.0000     1.0000     0.8844     0.2291     2.2105     1.1913
[1] 16500.0000     0.7829     0.9407     0.2358     2.2768     0.9877
[1] 16600.0000     0.5093     0.8568     0.0778     2.2455     1.0645
[1] 16700.0000     0.8896     0.9070     0.1640     2.2494     1.1930
[1] 16800.0000     1.0000     0.9593     0.1201     2.1865     0.8375
[1] 16900.0000     0.0209     0.8221     0.1436     2.1764     1.1575
[1] 17000.0000     0.0732     0.9815     0.2829     2.2664     0.9010
[1] 17100.0000     0.0713     0.9262     0.3310     2.1915     0.9696
[1] 17200.0000     0.4064     0.9497     0.1417     2.2178     0.8252
[1] 17300.0000     0.4626     0.8396     0.0678     2.1354     1.0131
[1] 17400.0000     0.4442     0.9623     0.2465     2.3810     1.1696
[1] 17500.0000     1.0000     0.9645     0.1553     2.2147     0.9956
[1] 17600.0000     0.0583     0.9193     0.1380     2.2274     0.8193
[1] 17700.0000     0.0086     0.8794     0.1698     2.0834     0.9707
[1] 17800.0000     1.0000     0.9968     0.1969     2.2361     0.8268
[1] 17900.0000     0.1424     0.9291     0.1380     2.2155     0.9192
[1] 18000.0000     0.7281     0.9109     0.3426     2.2299     0.8712
[1] 18100.0000     0.4744     0.9137     0.2447     2.2888     0.9014
[1] 18200.0000     0.1501     0.8127     0.3351     2.2983     0.8547
[1] 18300.0000     0.4928     0.9706     0.2373     2.2955     1.1685
[1] 18400.0000     0.0002     0.9243     0.1447     2.1753     1.1066
[1] 1.850e+04 1.000e+00 8.751e-01 2.387e-01 2.222e+00 8.892e-01
[1] 18600.0000     0.1849     0.8932     0.2839     2.3382     0.8460
[1] 18700.0000     0.1905     0.9071     0.3060     2.3154     1.1143
[1] 18800.0000     0.4204     0.9134     0.1893     2.2752     1.0933
[1] 18900.0000     0.0615     0.9734     0.1612     2.2143     1.0104
[1] 19000.0000     1.0000     0.8087     0.1671     2.3783     1.1060
[1] 19100.0000     0.4650     0.9272     0.1679     2.3319     0.8583
[1] 19200.0000     0.3440     0.8319     0.2215     2.0738     1.0132
[1] 19300.0000     0.1070     0.8716     0.2232     2.2435     0.9230
[1] 19400.0000     1.0000     0.8507     0.2156     2.2016     0.9744
[1] 19500.0000     0.0055     0.9633     0.2859     2.1718     1.1823
[1] 19600.0000     0.5667     0.8948     0.1776     2.3161     1.0740
[1] 19700.0000     0.7710     0.8293     0.2334     2.1392     1.0022
[1] 19800.0000     0.3515     0.9869     0.2223     2.2413     0.9076
[1] 1.990e+04 7.861e-01 9.981e-01 2.288e-01 2.357e+00 1.028e+00
[1] 20000.0000     1.0000     0.9605     0.2167     2.2509     0.8244
[1] 20100.0000     0.0468     0.8622     0.2091     2.2189     0.8640
[1] 2.020e+04 4.894e-01 9.840e-01 1.244e-01 2.278e+00 1.138e+00
[1] 20300.0000     1.0000     0.9019     0.2167     2.1543     1.0263
[1] 20400.0000     0.4171     0.9596     0.1829     2.2172     1.0259
[1] 20500.0000     0.1671     0.9905     0.2234     2.2412     1.0353
[1] 20600.0000     0.8551     0.9169     0.1872     2.2741     1.1057
[1] 20700.0000     0.3038     0.9923     0.2684     2.2441     1.0695
[1] 20800.0000     1.0000     0.9981     0.2038     2.3143     1.0246
[1] 20900.0000     1.0000     0.9455     0.1795     2.2817     1.1141
[1] 21000.0000     0.2808     0.9655     0.2513     2.2397     1.0997
[1] 21100.0000     0.0281     0.9440     0.1652     2.1848     1.0640
[1] 2.120e+04 1.000e+00 9.611e-01 2.105e-01 2.180e+00 8.029e-01
[1] 21300.0000     0.8149     0.8214     0.2029     2.2163     1.0391
[1] 21400.0000     0.6821     0.8276     0.2203     2.2331     0.8233
[1] 21500.0000     0.1597     0.8291     0.2593     2.1628     1.0581
[1] 21600.0000     1.0000     0.9634     0.1157     2.2059     0.9473
[1] 21700.0000     0.0901     0.9973     0.1909     2.1165     0.9605
[1] 21800.0000     0.4708     0.9447     0.2619     2.2494     1.0321
[1] 21900.0000     0.1823     0.9598     0.3382     2.3025     0.8497
[1] 22000.0000     0.3292     0.8850     0.2219     2.1849     0.9555
[1] 22100.0000     1.0000     0.8517     0.2101     2.2344     0.9777
[1] 2.220e+04 5.690e-01 8.579e-01 1.476e-01 2.219e+00 8.534e-01
[1] 22300.0000     0.7670     0.9726     0.1261     2.2555     0.8521
[1] 22400.0000     1.0000     0.9971     0.1672     2.1579     0.9354
[1] 22500.0000     1.0000     0.9879     0.2892     2.2116     0.8971
[1] 22600.0000     0.0468     0.8433     0.1757     2.3526     1.1055
[1] 22700.0000     0.0793     0.8271     0.1821     2.2568     1.1968
[1] 22800.0000     0.5668     0.8972     0.1773     2.1662     1.0231
[1] 22900.0000     0.7139     0.8804     0.1641     2.1113     0.9211
[1] 23000.0000     0.0237     0.8997     0.3226     2.1946     0.9381
[1] 23100.0000     0.1616     0.8119     0.2846     2.3153     1.0551
[1] 23200.0000     0.2586     0.9832     0.2459     2.2366     0.9881
[1] 23300.0000     0.1016     0.9904     0.2885     2.2918     1.1810
[1] 23400.0000     0.6454     0.8888     0.1656     2.1979     1.0444
[1] 23500.0000     1.0000     0.9916     0.2155     2.2398     1.1297
[1] 23600.0000     1.0000     0.8573     0.2031     2.2522     0.9429
[1] 23700.0000     0.3207     0.9328     0.2112     2.2146     1.0180
[1] 2.380e+04 7.559e-01 9.299e-01 1.670e-01 2.137e+00 1.058e+00
[1] 23900.0000     0.3062     0.9920     0.3082     2.2053     1.0485
[1] 24000.0000     0.0274     0.9851     0.2623     2.2532     1.0873
[1] 24100.0000     1.0000     0.9214     0.1508     2.2387     0.8541
[1] 24200.0000     0.3106     0.9331     0.1075     2.2399     1.1419
[1] 24300.0000     0.2540     0.9595     0.1724     2.2292     0.9607
[1] 24400.0000     0.4988     0.9947     0.3124     2.1745     0.9697
[1] 24500.0000     0.1836     0.9726     0.2228     2.3218     1.0605
[1] 24600.0000     0.3251     0.9866     0.1486     2.1679     1.1519
[1] 24700.0000     0.8900     0.9195     0.2214     2.2354     0.8781
[1] 24800.0000     0.1360     0.9368     0.2392     2.2242     1.1498
[1] 24900.0000     0.2072     0.9802     0.1407     2.2312     0.9496
[1] 25000.0000     0.7783     0.8801     0.2846     2.2556     0.8235
[1] 25100.0000     0.3173     0.9249     0.2015     2.2955     1.0516
[1] 25200.0000     0.1155     0.9507     0.2627     2.2642     0.9719
[1] 25300.0000     0.2491     0.9779     0.1305     2.1313     0.8977
[1] 25400.0000     0.2271     0.9621     0.2591     2.2364     0.9516
[1] 25500.0000     0.5788     0.8159     0.2529     2.1782     1.0385
[1] 25600.0000     0.0093     0.9926     0.2879     2.2696     0.9855
[1] 25700.0000     0.0435     0.9659     0.1778     2.2572     0.9398
[1] 25800.0000     0.0736     0.9689     0.2285     2.2575     1.1962
[1] 25900.0000     0.0435     0.9827     0.2587     2.1441     0.8279
[1] 26000.0000     0.7972     0.9492     0.2226     2.1857     1.0058
[1] 26100.0000     0.1391     0.9935     0.1729     2.2556     1.0009
[1] 26200.0000     1.0000     0.8601     0.2507     2.1993     0.9041
[1] 26300.0000     0.4900     0.8448     0.1014     2.1874     0.9973
[1] 26400.0000     1.0000     0.8855     0.2380     2.1602     1.0131
[1] 26500.0000     0.3076     0.9611     0.1702     2.1370     1.0834
[1] 26600.0000     0.1977     0.9993     0.1979     2.1731     1.0988
[1] 26700.0000     0.6786     0.8892     0.2725     2.2776     0.9428
[1] 26800.0000     1.0000     0.9542     0.1745     2.1989     1.1594
[1] 26900.0000     0.1343     0.8955     0.1470     2.2331     1.0592
[1] 27000.0000     1.0000     0.8977     0.2246     2.2825     0.8661
[1] 27100.0000     0.2797     0.8095     0.1774     2.2207     1.0497
[1] 2.720e+04 1.725e-01 8.135e-01 1.469e-01 2.322e+00 8.529e-01
[1] 27300.0000     0.0114     0.9608     0.0637     2.1993     0.8492
[1] 27400.0000     0.3388     0.8806     0.1697     2.1366     1.0468
[1] 27500.0000     0.3672     0.9534     0.2059     2.1492     0.8238
[1] 27600.0000     0.2070     0.9931     0.1788     2.2294     0.8297
[1] 27700.0000     0.2656     0.8620     0.3538     2.2613     1.0941
[1] 2.780e+04 1.480e-02 8.828e-01 1.971e-01 2.322e+00 1.103e+00
[1] 27900.0000     1.0000     0.8904     0.2061     2.3248     0.9276
[1] 28000.0000     0.0002     0.9430     0.2468     2.1902     0.9743
[1] 28100.0000     0.0106     0.8536     0.1825     2.2965     0.8286
[1] 28200.0000     0.4384     0.9342     0.2978     2.2252     1.1245
[1] 28300.0000     0.5112     0.8510     0.2037     2.1972     0.8048
[1] 28400.0000     1.0000     0.9594     0.1597     2.2602     0.8105
[1] 28500.0000     0.1984     0.8257     0.3268     2.1657     0.8766
[1] 28600.0000     0.2799     0.9775     0.1895     2.2068     0.9079
[1] 28700.0000     1.0000     0.9143     0.2306     2.1809     0.8158
[1] 28800.0000     1.0000     0.9743     0.2180     2.1788     0.8723
[1] 28900.0000     0.5699     0.9432     0.0957     2.2864     0.8112
[1] 29000.0000     0.1657     0.9401     0.2324     2.2118     1.1755
[1] 29100.0000     1.0000     0.9799     0.2077     2.3014     1.1704
[1] 29200.0000     0.0244     0.9367     0.1981     2.1439     1.1465
[1] 29300.0000     1.0000     0.9064     0.1629     2.2056     1.0368
[1] 29400.0000     0.0841     0.9512     0.3157     2.1035     1.1262
[1] 29500.0000     0.5572     0.9853     0.2698     2.2219     0.8054
[1] 29600.0000     0.5639     0.9770     0.2352     2.3012     1.1651
[1] 29700.0000     0.1024     0.8808     0.1630     2.1256     0.9901
[1] 29800.0000     0.5772     0.8701     0.2396     2.2722     0.8024
[1] 29900.0000     1.0000     0.9798     0.1649     2.2791     1.0014
[1] 30000.0000     0.7143     0.9214     0.2605     2.2188     0.9341
[1] 0.5042598
Time difference of 10.97072 hours
null device 
          1 
