[1] "El numero de nodos X particion es: 10"
[1] "Model = M1 / Data = sim_data/datasetSVCExponential13.Rdata"
[1] 100.0000   1.0000   0.8291   0.0486   2.1189   0.9331
[1] 200.0000   0.2063   0.8487   0.1648   2.1646   0.8384
[1] 300.0000   0.5915   0.8776  -0.0618   2.0654   1.0665
[1] 400.0000   0.2874   0.9217   0.0834   2.1037   0.9692
[1] 500.0000   1.0000   0.8902  -0.0035   2.0498   0.8863
[1] 600.0000   0.0012   0.8693   0.0747   2.0337   1.0610
[1] 700.0000   1.0000   0.8087  -0.1086   1.9009   1.0605
[1] 800.0000   0.5934   0.8830   0.0724   2.1369   0.9772
[1] 900.0000   1.0000   0.9357  -0.1245   1.9967   1.0743
[1] 1000.0000    0.3894    0.8568   -0.0261    2.0323    0.8983
[1] 1100.0000    0.2137    0.8326   -0.1231    1.9472    1.0285
[1] 1200.0000    1.0000    0.8603    0.0256    2.1250    0.9164
[1] 1300.0000    1.0000    0.8617    0.0361    2.1125    1.0550
[1] 1400.0000    0.0001    0.9303    0.0318    2.1491    1.1894
[1] 1500.0000    0.0001    0.9672    0.1666    2.2203    1.1986
[1] 1600.0000    0.6024    0.8673    0.1432    2.1659    0.9237
[1] 1700.0000    0.0000    0.9259    0.0137    2.0187    1.0764
[1] 1800.0000    0.0000    0.9234    0.0889    2.2149    1.1307
[1] 1900.0000    0.2990    0.9875    0.1667    2.1467    0.8532
[1] 2000.0000    0.1185    0.9978    0.0593    2.0653    1.1535
[1] 2100.0000    0.8126    0.8081    0.1554    2.2267    0.9300
[1] 2200.0000    0.9328    0.8897    0.0903    2.1201    1.0133
[1] 2300.0000    0.5764    0.9707    0.1726    2.1030    1.1994
[1] 2400.0000    0.0724    0.9764    0.1366    2.0399    1.0594
[1] 2500.0000    0.0309    0.8529    0.0622    2.1387    0.9541
[1] 2600.0000    0.4618    0.9658   -0.0602    2.0432    1.0023
[1] 2700.0000    0.2206    0.8044    0.0040    2.0750    1.0835
[1] 2800.0000    0.3780    0.8906   -0.1328    2.0059    0.8787
[1] 2900.0000    0.0009    0.8994   -0.1989    1.8657    1.0050
[1] 3000.0000    0.0303    0.9297    0.1365    2.1707    1.1984
[1] 3100.0000    0.5585    0.8265    0.1253    2.1244    1.1652
[1] 3200.0000    0.3933    0.9371    0.1250    2.1797    1.1278
[1] 3300.0000    0.0000    0.9877    0.0870    2.0940    0.9428
[1] 3400.0000    0.0046    0.9079   -0.0695    1.9476    0.8348
[1] 3500.0000    1.0000    0.9338    0.1274    2.2466    0.8830
[1] 3600.0000    0.2950    0.8553    0.1049    2.0428    1.1349
[1] 3700.0000    0.0006    0.9950    0.2091    2.1812    1.0085
[1] 3800.0000    0.0000    0.8653    0.0086    2.0202    0.9884
[1] 3900.0000    0.0061    0.8514   -0.1256    1.9342    1.1876
[1] 4000.0000    0.3072    0.9388    0.0102    1.9404    0.8131
[1] 4100.0000    0.3110    0.8388    0.1956    2.1841    0.8864
[1] 4200.0000    0.5521    0.9756   -0.0620    2.0598    0.9752
[1] 4300.0000    0.0000    0.9986    0.0334    2.0757    0.9026
[1] 4400.0000    0.1604    0.9571    0.1356    2.1292    0.9932
[1] 4500.0000    1.0000    0.8410    0.0990    2.0979    1.1520
[1] 4600.0000    0.0899    0.8009    0.0192    2.0414    0.9214
[1] 4700.0000    0.0351    0.9516    0.1088    2.2243    1.1937
[1] 4800.0000    0.1114    0.8985    0.0217    2.0682    0.9827
[1] 4900.0000    0.8578    0.8201    0.2369    2.2625    1.1747
[1] 5000.0000    0.5173    0.9273    0.1849    2.1127    1.0348
[1] 5100.0000    0.2493    0.9679   -0.0291    2.0362    1.1951
[1] 5200.0000    0.0050    0.8350    0.1166    2.2880    1.0935
[1] 5300.0000    1.0000    0.8379    0.0838    2.0954    1.0434
[1] 5400.0000    0.8996    0.8515    0.0739    2.1583    1.1120
[1] 5500.0000    0.0025    0.8506   -0.0230    1.9604    1.1979
[1] 5600.0000    0.0738    0.8407   -0.2601    1.9406    1.1085
[1] 5700.0000    0.2415    0.9403   -0.0128    1.9962    0.9236
[1] 5800.0000    0.7081    0.8520    0.1621    2.2098    1.0482
[1] 5900.0000    0.2457    0.8706   -0.0250    2.0178    1.1672
[1] 6000.0000    1.0000    0.8325   -0.0735    2.0394    0.8825
[1] 6100.0000    0.1198    0.9517    0.2568    2.2284    0.9216
[1] 6200.0000    1.0000    0.8336   -0.2105    1.8474    0.9759
[1] 6300.0000    0.0066    0.8959   -0.0250    2.1550    1.1826
[1] 6400.0000    0.4339    0.9022    0.1587    2.0845    0.8332
[1] 6500.0000    0.4016    0.8697    0.0502    2.1636    0.9040
[1] 6600.0000    0.0171    0.8918   -0.0509    2.0723    1.0184
[1] 6700.0000    0.0032    0.9726   -0.0756    1.9908    1.0730
[1] 6800.0000    1.0000    0.8496   -0.0011    2.0679    0.9728
[1] 6900.0000    0.0682    0.8556   -0.0145    2.0272    1.1638
[1] 7000.0000    0.0036    0.8011    0.0901    2.1185    1.0228
[1] 7100.0000    1.0000    0.8440   -0.0528    1.9621    0.9302
[1] 7200.0000    0.0088    0.9645    0.0718    2.1172    0.9109
[1] 7300.0000    0.0007    0.8821   -0.0078    2.1083    0.9361
[1] 7400.0000    0.0000    0.8045   -0.1481    1.9251    0.8734
[1] 7500.0000    0.1376    0.8682    0.0528    2.1393    0.9160
[1] 7600.0000    0.1246    0.8332   -0.0038    2.0620    1.0877
[1] 7700.0000    0.0117    0.8552   -0.0687    1.9553    1.0850
[1] 7800.0000    0.0000    0.8812    0.0419    1.9913    1.0536
[1] 7900.0000    0.6193    0.8037    0.0597    2.1178    1.1632
[1] 8000.0000    0.3736    0.9186   -0.1202    1.9156    1.0026
[1] 8100.0000    0.3563    0.8687    0.0620    2.1557    1.0506
[1] 8200.0000    0.0000    0.8098    0.2072    2.2089    0.9449
[1] 8300.0000    0.0017    0.8397    0.2827    2.3041    1.0813
[1] 8400.0000    1.0000    0.9278   -0.0010    2.1735    0.8107
[1] 8500.0000    0.0012    0.9939   -0.0684    1.9739    1.0648
[1] 8600.0000    0.6641    0.9214    0.0647    2.1584    1.0135
[1] 8700.0000    0.2785    0.8293   -0.0528    1.9014    0.8767
[1] 8800.0000    1.0000    0.9324    0.0062    2.1187    0.8066
[1] 8900.0000    0.3687    0.9431   -0.0198    2.1135    1.1381
[1] 9000.0000    1.0000    0.9825   -0.0570    2.0381    1.0066
[1] 9100.0000    0.5306    0.9156    0.2174    2.2547    1.0916
[1] 9200.0000    0.1150    0.8777    0.0070    2.0331    1.1489
[1] 9300.0000    0.0021    0.9856    0.0476    2.0607    1.1370
[1] 9400.0000    0.2062    0.8458    0.1909    2.1558    1.0091
[1] 9500.0000    0.0000    0.9329   -0.0081    2.1065    0.8817
[1] 9600.0000    0.4226    0.8149   -0.0299    2.0456    0.9056
[1] 9700.0000    0.0732    0.8614    0.0575    2.0754    0.9692
[1] 9800.0000    0.1562    0.8196    0.0513    2.0257    0.9680
[1] 9900.0000    0.0000    0.9529    0.1765    2.1062    0.9335
[1] 10000.0000     0.6990     0.9167    -0.2428     1.8923     1.1877
[1] 10100.0000     1.0000     0.9049     0.1088     2.1306     1.0751
[1] 10200.0000     0.0010     0.9084    -0.0043     1.9970     0.8386
[1] 10300.0000     0.0325     0.8120     0.2178     2.1941     0.8804
[1] 10400.0000     0.0607     0.8213     0.1288     2.1626     1.0055
[1] 10500.0000     1.0000     0.8159     0.2200     2.1801     1.1284
[1] 10600.0000     0.1330     0.8330     0.2266     2.3194     0.9483
[1] 1.070e+04 2.000e-04 8.531e-01 1.161e-01 2.168e+00 8.181e-01
[1] 1.080e+04 6.962e-01 8.541e-01 8.470e-02 2.202e+00 9.792e-01
[1] 10900.0000     0.0000     0.8264     0.0243     2.1846     1.1140
[1] 11000.0000     0.6342     0.8012    -0.0011     2.1347     0.9407
[1] 11100.0000     0.0001     0.8902     0.2574     2.3513     0.9114
[1] 1.120e+04 1.000e+00 9.412e-01 6.640e-02 2.156e+00 8.257e-01
[1] 11300.0000     0.8234     0.9738     0.0468     2.0566     1.1215
[1] 11400.0000     0.7268     0.8271    -0.0148     2.0644     1.1322
[1] 11500.0000     0.0000     0.9311     0.0055     2.1024     0.8792
[1] 11600.0000     0.5118     0.9382    -0.1072     1.9974     0.8033
[1] 11700.0000     0.7239     0.9810    -0.0883     2.0474     0.9386
[1] 11800.0000     0.0456     0.9849    -0.0107     1.9763     1.0283
[1] 11900.0000     0.3649     0.8272     0.1387     2.1298     0.8962
[1] 12000.0000     0.0066     0.8543    -0.0590     2.0108     1.1591
[1] 12100.0000     0.0945     0.9452     0.0466     2.1178     0.8400
[1] 12200.0000     0.0261     0.9853     0.0874     2.0750     1.1443
[1] 12300.0000     0.0331     0.8229     0.1818     2.1509     0.9137
[1] 12400.0000     1.0000     0.8046    -0.1242     1.9484     0.8797
[1] 12500.0000     0.2193     0.8027     0.2238     2.2987     1.0313
[1] 12600.0000     1.0000     0.9564     0.1749     2.1031     1.1675
[1] 12700.0000     0.0032     0.9486     0.2408     2.2106     0.8166
[1] 12800.0000     0.0063     0.9108    -0.0614     1.9891     1.0765
[1] 12900.0000     0.0059     0.8554    -0.2790     1.8664     0.9712
[1] 13000.0000     0.0226     0.8069     0.2188     2.2392     1.0997
[1] 13100.0000     0.0017     0.9404     0.0152     2.0659     0.9822
[1] 13200.0000     0.0996     0.9589    -0.1566     1.9235     1.1555
[1] 13300.0000     1.0000     0.9675     0.1802     2.2495     1.1190
[1] 13400.0000     0.0000     0.9485     0.0888     1.9624     1.0271
[1] 13500.0000     0.0001     0.8240    -0.0325     2.0726     1.0099
[1] 13600.0000     0.0043     0.8917    -0.0627     1.8870     1.0301
[1] 13700.0000     0.8398     0.8314    -0.0172     2.0108     0.8589
[1] 13800.0000     0.0000     0.9275     0.0291     2.1001     1.0955
[1] 13900.0000     0.1924     0.8125    -0.0829     2.0144     1.1546
[1] 14000.0000     0.9310     0.9598     0.0461     2.0319     0.8043
[1] 14100.0000     0.0002     0.9236     0.1232     2.1602     0.9106
[1] 14200.0000     0.0451     0.9171     0.1273     2.1287     0.8964
[1] 14300.0000     0.0197     0.8359     0.0181     2.0998     1.0907
[1] 14400.0000     0.7037     0.8984     0.0240     2.1156     1.1866
[1] 14500.0000     0.0023     0.8302     0.0597     2.1429     1.1813
[1] 14600.0000     0.0000     0.8084    -0.0916     2.0379     0.8928
[1] 14700.0000     1.0000     0.8840     0.0681     2.0890     1.0394
[1] 14800.0000     0.0000     0.8106    -0.2246     1.9093     1.0978
[1] 14900.0000     0.7145     0.9485     0.1079     2.1955     1.1960
[1] 15000.0000     0.0000     0.9486    -0.0082     2.0136     0.9418
[1] 15100.0000     0.0257     0.9112    -0.0308     2.0294     1.0503
[1] 15200.0000     0.3854     0.9896     0.1571     2.1295     1.1186
[1] 15300.0000     0.0495     0.8856    -0.0048     2.1034     0.9730
[1] 15400.0000     0.6712     0.9829     0.1416     2.2229     1.0368
[1] 15500.0000     0.4754     0.8658    -0.0319     2.0466     0.9865
[1] 15600.0000     0.9915     0.9912     0.0571     2.0748     1.0551
[1] 15700.0000     0.0001     0.8668     0.1778     2.1784     1.0399
[1] 15800.0000     1.0000     0.9774     0.1213     2.1098     1.1822
[1] 15900.0000     0.0000     0.9524     0.0227     2.1462     1.0855
[1] 16000.0000     0.2963     0.9761    -0.0446     2.0803     1.0600
[1] 16100.0000     1.0000     0.9477     0.0569     2.1689     0.9420
[1] 16200.0000     1.0000     0.8455    -0.0094     2.0545     1.0509
[1] 16300.0000     1.0000     0.9029     0.1863     2.1678     1.0365
[1] 16400.0000     0.4502     0.8090     0.0090     2.0893     0.8978
[1] 16500.0000     0.1089     0.9894     0.0632     2.1213     0.9222
[1] 16600.0000     1.0000     0.9292    -0.0865     2.0091     1.0485
[1] 16700.0000     0.4094     0.9070     0.0222     2.1471     1.1930
[1] 16800.0000     0.0748     0.8165    -0.0819     1.9596     1.0376
[1] 16900.0000     0.0714     0.8221     0.0098     1.9834     1.1575
[1] 17000.0000     0.8187     0.8355     0.1144     2.1505     0.9526
[1] 17100.0000     0.1194     0.9262     0.2097     2.2425     0.9696
[1] 17200.0000     0.4538     0.9233     0.0218     2.0588     0.8592
[1] 17300.0000     1.0000     0.8396    -0.2184     1.8880     1.0131
[1] 17400.0000     0.7144     0.9623     0.1563     2.2972     1.1696
[1] 17500.0000     1.0000     0.9645    -0.0847     1.9281     0.9956
[1] 17600.0000     0.0177     0.8018     0.0964     2.0897     1.0705
[1] 17700.0000     0.0399     0.8922    -0.0566     1.9819     1.0234
[1] 17800.0000     1.0000     0.9968     0.0869     2.1255     0.8268
[1] 17900.0000     0.1408     0.8644     0.0605     2.0492     1.0507
[1] 18000.0000     0.7354     0.9109     0.2170     2.2799     0.8712
[1] 18100.0000     0.0006     0.9137    -0.0590     2.0509     0.9014
[1] 18200.0000     1.0000     0.8073     0.1971     2.2103     0.9256
[1] 18300.0000     0.0048     0.9706    -0.0224     2.0806     1.1685
[1] 18400.0000     0.0043     0.9243    -0.1839     2.0098     1.1066
[1] 18500.0000     0.0345     0.8299    -0.1530     1.9405     1.0883
[1] 1.860e+04 6.410e-02 8.932e-01 1.268e-01 2.193e+00 8.460e-01
[1] 18700.0000     0.6242     0.9071     0.1226     2.2030     1.1143
[1] 18800.0000     0.0349     0.9134     0.0667     2.1445     1.0933
[1] 18900.0000     0.0003     0.8387    -0.1697     1.9197     0.8037
[1] 19000.0000     1.0000     0.8087     0.1500     2.2539     1.1060
[1] 19100.0000     0.0018     0.8142    -0.0410     2.0744     1.0716
[1] 19200.0000     1.0000     0.8319     0.0590     2.0179     1.0132
[1] 19300.0000     0.0846     0.8940     0.2231     2.1759     1.1248
[1] 19400.0000     0.1790     0.8040    -0.0471     1.9606     1.1551
[1] 19500.0000     0.0001     0.8243     0.3149     2.2772     0.8751
[1] 19600.0000     0.1616     0.9711    -0.0221     2.0604     1.0171
[1] 1.970e+04 6.000e-03 8.143e-01 1.274e-01 2.103e+00 8.081e-01
[1] 19800.0000     0.1207     0.8317     0.2330     2.2743     1.0742
[1] 19900.0000     0.4317     0.9981     0.2925     2.3596     1.0280
[1] 20000.0000     0.2137     0.9729    -0.0898     2.0005     0.8904
[1] 20100.0000     0.0000     0.8622     0.1371     2.1571     0.8640
[1] 20200.0000     1.0000     0.9840     0.1299     2.2247     1.1380
[1] 20300.0000     0.0009     0.8028    -0.1738     1.9844     0.9708
[1] 20400.0000     1.0000     0.8446     0.0315     2.0531     1.0333
[1] 20500.0000     0.0022     0.8964     0.0522     2.1471     1.1285
[1] 20600.0000     0.1560     0.8909    -0.0018     2.0749     1.1489
[1] 20700.0000     0.7497     0.8107     0.2397     2.2108     1.0874
[1] 20800.0000     1.0000     0.9981     0.0256     2.2101     1.0246
[1] 20900.0000     0.0000     0.8285    -0.0056     2.0446     0.8493
[1] 21000.0000     0.2232     0.8708    -0.0185     2.0536     1.1617
[1] 21100.0000     0.4848     0.8682    -0.0374     2.0980     1.1577
[1] 21200.0000     0.3256     0.8263     0.1067     2.1302     1.1324
[1] 21300.0000     0.0005     0.8214     0.1294     2.0609     1.0391
[1] 2.140e+04 1.000e+00 8.276e-01 7.810e-02 2.131e+00 8.233e-01
[1] 21500.0000     0.0434     0.8906     0.0679     2.1548     0.8206
[1] 21600.0000     0.3861     0.8069     0.0856     2.1052     0.8555
[1] 21700.0000     0.0866     0.9180    -0.0491     1.9841     0.9753
[1] 21800.0000     0.4982     0.8380     0.2302     2.3458     1.0649
[1] 2.190e+04 2.529e-01 9.598e-01 2.253e-01 2.279e+00 8.497e-01
[1] 22000.0000     0.1776     0.8213     0.0942     2.0861     1.0483
[1] 22100.0000     0.3105     0.8953     0.1394     2.1608     0.9321
[1] 22200.0000     0.6395     0.8579    -0.0376     2.0648     0.8534
[1] 22300.0000     0.0264     0.9726    -0.0829     2.1218     0.8521
[1] 22400.0000     0.4617     0.8145    -0.1047     2.0170     0.8604
[1] 22500.0000     0.0031     0.8239    -0.0326     2.0841     1.1368
[1] 22600.0000     0.0045     0.8207     0.1849     2.2087     0.8039
[1] 22700.0000     0.0009     0.8271     0.0780     2.1176     1.1968
[1] 22800.0000     0.1950     0.8972     0.1067     2.0480     1.0231
[1] 22900.0000     0.2618     0.8804     0.0015     2.0549     0.9211
[1] 2.300e+04 0.000e+00 8.997e-01 2.372e-01 2.134e+00 9.381e-01
[1] 23100.0000     0.4438     0.8119     0.1840     2.1524     1.0551
[1] 2.320e+04 3.470e-02 8.437e-01 1.037e-01 2.201e+00 8.877e-01
[1] 23300.0000     0.0000     0.9727     0.2477     2.2501     0.9482
[1] 23400.0000     0.3361     0.8888     0.1426     2.0706     1.0444
[1] 23500.0000     1.0000     0.9916     0.1405     2.1514     1.1297
[1] 23600.0000     0.9789     0.8573    -0.0068     2.1178     0.9429
[1] 23700.0000     0.2352     0.9328    -0.0400     2.0507     1.0180
[1] 23800.0000     0.8629     0.9299     0.0027     1.9502     1.0580
[1] 23900.0000     0.6749     0.9920     0.2494     2.1864     1.0485
[1] 24000.0000     0.3061     0.9240     0.0501     2.0583     0.9790
[1] 24100.0000     1.0000     0.9214     0.0319     2.1458     0.8541
[1] 24200.0000     0.1175     0.8467     0.0739     2.1572     0.8230
[1] 24300.0000     0.4099     0.9762    -0.0227     2.0299     1.0932
[1] 24400.0000     1.0000     0.9947     0.0063     2.0123     0.9697
[1] 24500.0000     0.0390     0.8969     0.0882     2.1432     1.0480
[1] 24600.0000     0.0000     0.8781     0.0788     2.1384     0.8812
[1] 24700.0000     0.1945     0.8340     0.1094     2.1447     1.1974
[1] 24800.0000     0.0001     0.8460     0.1148     2.1545     0.9489
[1] 24900.0000     0.0130     0.9126     0.0077     2.1914     1.0268
[1] 2.500e+04 1.000e+00 8.801e-01 1.829e-01 2.215e+00 8.235e-01
[1] 25100.0000     0.5018     0.8622     0.1101     2.1304     0.8281
[1] 25200.0000     0.0519     0.8495     0.2104     2.2878     1.1739
[1] 25300.0000     0.0001     0.9779    -0.1021     2.0343     0.8977
[1] 25400.0000     0.2237     0.9621    -0.0962     1.9896     0.9516
[1] 25500.0000     0.2040     0.8303     0.0451     2.0640     1.1248
[1] 25600.0000     0.0558     0.9926     0.2576     2.2392     0.9855
[1] 25700.0000     0.4486     0.8976    -0.0863     2.0941     0.9408
[1] 25800.0000     0.0267     0.9689     0.0683     2.1305     1.1962
[1] 25900.0000     0.0006     0.8683     0.2265     2.1787     0.8098
[1] 26000.0000     1.0000     0.9492    -0.0213     2.0006     1.0058
[1] 26100.0000     0.0526     0.8951     0.0962     2.1928     0.8249
[1] 26200.0000     0.5005     0.8601     0.0567     2.1788     0.9041
[1] 26300.0000     0.6245     0.8623    -0.2410     1.9173     1.0835
[1] 26400.0000     0.0994     0.8855     0.1058     2.0233     1.0131
[1] 26500.0000     0.0317     0.8034    -0.1663     1.8975     1.1338
[1] 26600.0000     0.2403     0.8720    -0.1384     1.9134     0.9170
[1] 26700.0000     0.1468     0.9721    -0.0093     2.0414     0.8075
[1] 26800.0000     0.1903     0.8173    -0.0250     2.0719     0.9752
[1] 26900.0000     0.0018     0.9241     0.1902     2.2390     1.0646
[1] 27000.0000     1.0000     0.8977     0.0749     2.1319     0.8661
[1] 27100.0000     0.0013     0.8095     0.0327     2.0421     1.0497
[1] 27200.0000     0.0190     0.8628    -0.0115     2.0781     1.0265
[1] 27300.0000     0.0035     0.9608    -0.0294     2.0089     0.8492
[1] 27400.0000     0.2118     0.8806    -0.1199     1.8842     1.0468
[1] 27500.0000     1.0000     0.8366     0.0818     2.0898     1.0805
[1] 27600.0000     0.0001     0.8069     0.2858     2.2511     0.9996
[1] 27700.0000     0.0489     0.8620     0.2877     2.3661     1.0941
[1] 27800.0000     0.0000     0.8358     0.1275     2.1564     1.1051
[1] 27900.0000     0.5403     0.8774     0.1934     2.2046     1.0564
[1] 28000.0000     0.0001     0.9003    -0.0142     2.0613     0.9918
[1] 28100.0000     0.0003     0.9262    -0.0945     1.9084     1.0710
[1] 28200.0000     0.8190     0.9271     0.1746     2.2112     0.9591
[1] 28300.0000     0.0522     0.8510     0.0492     2.0476     0.8048
[1] 28400.0000     0.8366     0.9594    -0.1099     1.9043     0.8105
[1] 28500.0000     0.6856     0.8206     0.2135     2.2959     1.0447
[1] 28600.0000     0.0514     0.9775    -0.0772     1.9359     0.9079
[1] 28700.0000     0.1040     0.9045    -0.0263     1.9786     1.0095
[1] 28800.0000     0.9605     0.9743     0.0744     2.1673     0.8723
[1] 28900.0000     1.0000     0.9689    -0.0266     2.0281     1.0738
[1] 29000.0000     1.0000     0.8095     0.1263     2.1409     1.0816
[1] 29100.0000     0.0539     0.9836     0.2224     2.2254     1.0211
[1] 29200.0000     0.0010     0.8505    -0.1743     1.9290     0.9156
[1] 29300.0000     0.0910     0.9373     0.0932     2.0729     0.8252
[1] 29400.0000     0.0196     0.9512     0.1005     2.0314     1.1262
[1] 29500.0000     0.0007     0.9711    -0.1032     1.9498     0.9025
[1] 29600.0000     0.0016     0.8267     0.0825     2.1690     1.0464
[1] 29700.0000     0.0062     0.8203     0.0003     1.9754     1.1249
[1] 29800.0000     0.7004     0.8701     0.0849     2.1756     0.8024
[1] 29900.0000     1.0000     0.9798    -0.0140     2.0197     1.0014
[1] 30000.0000     0.0472     0.8172     0.0312     2.0410     1.1626
[1] 0.3667053
Time difference of 3.787538 hours
null device 
          1 
