[1] "El numero de nodos X particion es: 10"
[1] "Model = M1 / Data = sim_data/datasetSVIMatern25.Rdata"
[1] 100.0000   0.4853   0.9429   0.0387   1.9183   1.1970
[1] 200.0000   1.0000   0.9804  -0.0571   2.0414   1.0297
[1] 300.0000   0.8735   0.8776  -0.0927   2.1070   1.0665
[1] 400.0000   0.0255   0.9217  -0.0031   2.1130   0.9692
[1] 500.0000   0.2288   0.9813   0.0857   1.9890   0.8492
[1] 600.0000   1.0000   0.9748   0.1751   1.8097   1.0386
[1] 700.0000   0.0234   0.9396   0.0937   2.0448   1.0960
[1] 800.0000   0.2251   0.9313  -0.2244   2.1892   1.0430
[1] 900.0000   1.0000   0.9357  -0.0831   2.1521   1.0743
[1] 1000.0000    0.0000    0.8568   -0.1795    2.1849    0.8983
[1] 1100.0000    0.0000    0.9319    0.2664    1.6841    0.8930
[1] 1200.0000    0.7240    0.8603    0.3151    1.7413    0.9164
[1] 1300.0000    0.5660    0.8617   -0.1566    2.0830    1.0550
[1] 1400.0000    0.0000    0.9303   -0.4902    2.4816    1.1894
[1] 1500.0000    0.1872    0.9694    0.3336    1.5835    1.1238
[1] 1600.0000    0.0000    0.9098   -0.3912    2.4138    0.9715
[1] 1700.0000    0.0000    0.9419   -0.0692    2.1081    1.0966
[1] 1800.0000    0.0000    0.9376   -0.1035    2.0696    0.8302
[1] 1900.0000    0.0003    0.9875   -0.1441    2.0279    0.8532
[1] 2000.0000    1.0000    0.8107   -0.0109    2.0362    0.8113
[1] 2100.0000    0.0000    0.9372    0.0022    1.9834    0.8634
[1] 2200.0000    0.0009    0.8668    0.3049    1.6715    1.0989
[1] 2300.0000    0.0018    0.9479    0.7169    1.1617    0.9070
[1] 2400.0000    0.0024    0.9355   -0.1197    2.0807    1.1578
[1] 2500.0000    0.1461    0.9668    0.1115    1.8072    0.8029
[1] 2600.0000    0.0000    0.9109   -0.0952    1.9965    1.0545
[1] 2700.0000    0.0000    0.9335   -0.0471    2.1005    0.9591
[1] 2800.0000    0.0176    0.9382    0.2056    1.7122    1.1558
[1] 2900.0000    0.0411    0.8668   -0.2330    2.2209    1.0498
[1] 3000.0000    0.0000    0.9425    0.0383    1.9511    1.0830
[1] 3100.0000    0.0016    0.8265    0.0446    1.9765    1.1652
[1] 3200.0000    0.0000    0.9309    0.2068    1.7308    1.1600
[1] 3300.0000    0.0000    0.9797    0.1348    1.7174    1.0744
[1] 3400.0000    1.0000    0.8983    0.1300    1.8455    1.1525
[1] 3500.0000    0.0001    0.9256   -0.0500    2.0010    1.1684
[1] 3600.0000    0.0000    0.9027    0.1479    1.8675    1.1569
[1] 3700.0000    0.6710    0.9624    0.6528    1.3936    0.8094
[1] 3800.0000    0.0000    0.8653    0.4162    1.5215    0.9884
[1] 3900.0000    0.0000    0.9837   -0.3032    2.2780    1.1370
[1] 4000.0000    0.0332    0.9388   -0.3561    2.1778    0.8131
[1] 4100.0000    0.0000    0.8388   -0.0823    2.0834    0.8864
[1] 4200.0000    0.0000    0.9756   -0.1250    2.0835    0.9752
[1] 4300.0000    1.0000    0.8741   -0.1724    2.1476    1.1249
[1] 4400.0000    0.0000    0.9459   -0.2438    2.2118    1.1887
[1] 4500.0000    1.0000    0.8410    0.0954    1.8748    1.1520
[1] 4600.0000    0.0030    0.9525    0.1897    1.8459    1.1110
[1] 4700.0000    0.0000    0.9709   -0.5481    2.4663    1.0444
[1] 4800.0000    0.0000    0.8977   -0.6403    2.7047    0.9517
[1] 4900.0000    0.0000    0.9924   -0.1831    2.2112    1.1836
[1] 5000.0000    0.4874    0.9273   -0.5603    2.6516    1.0348
[1] 5100.0000    0.0000    0.9679   -0.0591    2.0537    1.1951
[1] 5200.0000    0.0000    0.8350   -0.1498    2.3431    1.0935
[1] 5300.0000    0.0000    0.8821   -0.0488    1.9901    1.0013
[1] 5400.0000    0.0001    0.9354   -0.2885    2.1832    1.1012
[1] 5500.0000    0.0000    0.8506   -0.0177    1.9475    1.1979
[1] 5600.0000    0.0000    0.9328   -0.4700    2.4746    1.1365
[1] 5700.0000    0.0000    0.9445   -0.4621    2.4800    1.0237
[1] 5800.0000    0.0000    0.8612   -0.3317    2.3458    1.0327
[1] 5900.0000    0.0000    0.8072    0.1755    1.8224    1.1666
[1] 6000.0000    0.0000    0.8790    0.5403    1.5421    1.0590
[1] 6100.0000    0.0000    0.8793    0.2562    1.7732    0.8792
[1] 6200.0000    0.0027    0.8235    0.2516    1.6377    1.1329
[1] 6300.0000    0.0000    0.9569   -0.0121    2.0558    0.8080
[1] 6400.0000    0.0000    0.9918   -0.4780    2.5591    1.1860
[1] 6500.0000    0.0449    0.9145   -0.6754    2.6137    0.8046
[1] 6600.0000    0.0000    0.8918   -0.4314    2.5208    1.0184
[1] 6700.0000    0.0000    0.8204   -0.5548    2.4911    0.9264
[1] 6800.0000    0.3034    0.8794    0.1221    1.8524    0.9381
[1] 6900.0000    0.0000    0.9607   -0.3805    2.4008    0.8534
[1] 7000.0000    0.0000    0.8521    0.3292    1.6334    1.0680
[1] 7100.0000    0.0000    0.9857   -0.3837    2.3220    1.0571
[1] 7200.0000    0.0000    0.8214   -0.0318    1.9892    1.1383
[1] 7300.0000    0.0000    0.9346    0.4861    1.5162    1.1740
[1] 7400.0000    0.0000    0.9512   -0.4235    2.3566    0.8676
[1] 7500.0000    0.0012    0.9989   -0.6229    2.4222    1.1081
[1] 7600.0000    0.0000    0.9493   -0.3508    2.3028    0.9281
[1] 7700.0000    0.0000    0.8348   -0.7067    2.6387    1.0869
[1] 7800.0000    0.0000    0.9477   -0.0971    2.0765    0.8206
[1] 7900.0000    0.0000    0.9654   -0.1923    2.1578    1.1831
[1] 8000.0000    0.0000    0.9260    0.1897    1.9089    1.1228
[1] 8100.0000    0.0000    0.9055    0.0661    1.9653    1.0588
[1] 8200.0000    0.0302    0.8808   -0.4445    2.3484    1.1030
[1] 8300.0000    0.0000    0.8896   -0.2308    2.2842    1.1748
[1] 8400.0000    0.0000    0.9658   -0.1714    2.1645    0.9286
[1] 8500.0000    0.0000    0.8325    0.1019    1.8858    1.0750
[1] 8600.0000    1.0000    0.9214   -0.4640    2.3988    1.0135
[1] 8700.0000    0.0000    0.8940    0.0398    1.9624    1.0236
[1] 8800.0000    0.0000    0.9879    0.4772    1.5344    0.8443
[1] 8900.0000    0.0097    0.8674    0.5113    1.4575    1.0474
[1] 9000.0000    0.0000    0.8301    0.3145    1.6365    1.1387
[1] 9100.0000    0.0000    0.9806   -0.1119    2.0234    1.0696
[1] 9200.0000    0.0000    0.8777    0.0020    1.9994    1.1489
[1] 9300.0000    0.0000    0.8689    0.4569    1.5308    0.9976
[1] 9400.0000    0.0000    0.9163    0.4324    1.5169    0.8003
[1] 9500.0000    0.0000    0.8817    0.1318    1.7966    1.0875
[1] 9600.0000    1.0000    0.9566    0.0283    1.8238    1.1182
[1] 9700.0000    0.0000    0.9657    0.7881    1.1831    0.9166
[1] 9800.0000    0.0000    0.9462    0.0048    1.9539    1.1275
[1] 9900.0000    0.0000    0.9876    1.1675    0.8054    0.9739
[1] 10000.0000     0.4028     0.9984    -0.4318     2.3900     0.9987
[1] 10100.0000     0.7056     0.9049    -0.0701     2.1290     1.0751
[1] 10200.0000     0.2725     0.9808    -0.3218     2.2204     0.8342
[1] 10300.0000     0.3972     0.9549     0.6157     1.3946     0.8021
[1] 10400.0000     0.0000     0.9434     0.0487     1.9052     1.1753
[1] 10500.0000     0.0018     0.8159     0.4381     1.3445     1.1284
[1] 10600.0000     0.0000     0.8442    -0.1920     2.1902     0.9495
[1] 10700.0000     0.0000     0.9346     0.3366     1.7357     1.0990
[1] 10800.0000     0.4968     0.9785     0.1583     1.7654     1.1554
[1] 10900.0000     0.0000     0.9660     0.4382     1.6036     1.1970
[1] 11000.0000     0.2359     0.8012     0.3740     1.6994     0.9407
[1] 11100.0000     0.0000     0.9587    -0.2496     2.2371     0.9308
[1] 11200.0000     1.0000     0.9412    -0.4136     2.4655     0.8257
[1] 11300.0000     0.0000     0.9481    -0.1333     2.1134     1.1448
[1] 11400.0000     0.0006     0.9548     0.1842     1.7373     1.0047
[1] 11500.0000     0.0000     0.8061    -0.0528     2.0464     1.1646
[1] 11600.0000     0.0183     0.9382    -0.1590     1.9953     0.8033
[1] 11700.0000     0.1806     0.9616     0.0974     1.8599     1.1733
[1] 11800.0000     0.0000     0.8027    -0.0386     1.9659     0.8530
[1] 11900.0000     0.0000     0.8934    -0.5865     2.4741     1.0759
[1] 12000.0000     0.0000     0.8056    -0.0622     2.0688     1.1142
[1] 12100.0000     0.0001     0.8666    -0.2818     2.2129     0.9630
[1] 12200.0000     0.1439     0.9853     0.1251     1.9013     1.1443
[1] 12300.0000     0.0331     0.9057    -0.0268     2.0426     1.1159
[1] 12400.0000     0.3102     0.8046    -0.0322     2.1169     0.8797
[1] 12500.0000     0.0000     0.9939     0.4200     1.6333     0.9707
[1] 12600.0000     0.0000     0.9359    -0.4392     2.4794     1.1279
[1] 12700.0000     0.0000     0.9614    -0.0312     2.0893     0.8958
[1] 12800.0000     0.0000     0.9902    -0.0670     2.0607     0.9345
[1] 12900.0000     0.3555     0.9204     0.4197     1.5732     0.8219
[1] 13000.0000     0.0000     0.9313     0.0203     1.9577     1.1678
[1] 13100.0000     0.0003     0.9339     0.9212     1.0398     1.1193
[1] 13200.0000     0.0628     0.8843    -0.6419     2.6255     0.9997
[1] 13300.0000     0.3527     0.8522    -0.2038     2.0683     1.0074
[1] 13400.0000     0.0000     0.9676     0.4090     1.5716     1.1418
[1] 13500.0000     0.0000     0.8358    -0.4912     2.4311     1.1234
[1] 13600.0000     0.0000     0.8917     0.1064     1.8533     1.0301
[1] 13700.0000     0.0000     0.9943     0.1747     1.8240     1.1132
[1] 13800.0000     0.0000     0.9275    -0.2553     2.2399     1.0955
[1] 13900.0000     0.0000     0.8495     0.3178     1.6365     1.0802
[1] 14000.0000     0.0000     0.9588    -0.0391     2.0583     0.9662
[1] 14100.0000     0.0000     0.9764    -0.2433     2.1457     1.0409
[1] 1.420e+04 2.000e-04 8.479e-01 3.065e-01 1.637e+00 8.739e-01
[1] 14300.0000     0.0000     0.8359    -0.4766     2.4343     1.0907
[1] 14400.0000     1.0000     0.8984    -0.1202     2.0429     1.1866
[1] 14500.0000     0.4858     0.9833     0.4244     1.5434     1.1771
[1] 14600.0000     0.0000     0.9670    -0.0389     1.9569     1.1151
[1] 14700.0000     0.0000     0.8974    -0.5639     2.4622     1.0871
[1] 14800.0000     0.0000     0.8106     0.0191     1.8876     1.0978
[1] 14900.0000     0.0766     0.9550     0.1527     1.9157     1.1652
[1] 15000.0000     0.0048     0.9447    -0.2189     2.1935     0.8911
[1] 15100.0000     0.1032     0.9010    -0.0149     2.0759     1.1031
[1] 15200.0000     0.0000     0.8242     0.2506     1.7986     1.0800
[1] 15300.0000     0.7320     0.9517     0.0980     1.9409     1.1636
[1] 15400.0000     1.0000     0.9829    -0.1791     2.1039     1.0368
[1] 15500.0000     0.0000     0.9734    -0.8128     2.8375     1.1714
[1] 15600.0000     0.0000     0.8520    -0.6126     2.5839     1.1912
[1] 1.570e+04 0.000e+00 8.475e-01 1.670e-02 2.005e+00 9.690e-01
[1] 15800.0000     0.0105     0.9687     0.3927     1.5857     1.0771
[1] 15900.0000     0.0000     0.8560    -0.0406     1.9783     0.9619
[1] 16000.0000     0.3949     0.9761    -0.5430     2.4592     1.0600
[1] 16100.0000     0.0000     0.9566     0.3026     1.7203     1.0234
[1] 16200.0000     0.0028     0.9466     0.4117     1.5091     0.9477
[1] 16300.0000     0.0000     0.9327    -0.0606     2.0556     0.9714
[1] 16400.0000     0.0000     0.9401    -0.2948     2.3075     0.9237
[1] 16500.0000     0.3308     0.9894     0.0799     1.9324     0.9222
[1] 16600.0000     0.0173     0.8568    -0.5506     2.5723     1.0645
[1] 1.670e+04 0.000e+00 9.287e-01 1.185e-01 1.794e+00 9.633e-01
[1] 16800.0000     0.0000     0.8165    -0.0538     2.0804     1.0376
[1] 16900.0000     0.0000     0.8583     0.2564     1.6892     0.9158
[1] 17000.0000     0.0000     0.9790    -0.3016     2.2505     0.8822
[1] 17100.0000     0.0266     0.9305     0.6077     1.3443     0.9283
[1] 17200.0000     0.1035     0.9497     0.2118     1.8177     0.8252
[1] 17300.0000     0.8137     0.8396    -0.0043     2.0348     1.0131
[1] 17400.0000     0.0000     0.9604     0.0351     2.0349     0.9058
[1] 17500.0000     0.0000     0.9983     0.2773     1.8759     0.9809
[1] 17600.0000     0.0000     0.9563    -0.0001     2.0217     1.0643
[1] 1.770e+04 0.000e+00 8.794e-01 2.039e-01 1.822e+00 9.707e-01
[1] 17800.0000     1.0000     0.9968    -0.4781     2.5029     0.8268
[1] 17900.0000     0.0176     0.9083     0.2044     1.8444     0.9495
[1] 18000.0000     1.0000     0.9109    -0.2638     2.2374     0.8712
[1] 18100.0000     0.0000     0.9461    -0.2440     2.1802     0.9222
[1] 18200.0000     0.0059     0.8142     0.8208     1.1999     0.8298
[1] 18300.0000     0.0000     0.9928     0.0364     2.0162     1.1096
[1] 18400.0000     0.0000     0.9514    -0.4344     2.4260     1.1388
[1] 18500.0000     0.0000     0.9671    -0.1949     2.1394     0.9710
[1] 18600.0000     0.0021     0.8121    -0.3516     2.3047     0.9608
[1] 18700.0000     0.0000     0.8080    -0.1421     2.2020     0.9308
[1] 18800.0000     0.0000     0.8537     0.0367     1.9049     0.9005
[1] 18900.0000     0.0000     0.9918    -0.1854     2.0886     0.9887
[1] 19000.0000     0.0000     0.8366    -0.1920     2.1400     0.8015
[1] 19100.0000     0.0000     0.8142     0.1529     1.7387     1.0716
[1] 19200.0000     0.0000     0.9220     0.3037     1.5982     1.1567
[1] 19300.0000     0.0000     0.9918    -0.1494     2.0919     0.8386
[1] 19400.0000     0.0000     0.8040     0.0560     1.9575     1.1551
[1] 19500.0000     0.0000     0.9654    -0.1697     2.1484     0.9669
[1] 19600.0000     0.9847     0.9648    -0.6726     2.5593     1.1447
[1] 19700.0000     0.6848     0.8293    -0.0391     2.1715     1.0022
[1] 19800.0000     0.0000     0.9911     0.4336     1.5541     0.9546
