[1] "El numero de nodos X particion es: 10"
[1] "Model = M2 / Data = sim_data/datasetSVCMatern3.Rdata"
[1] 100.0000   0.0001   0.9429   0.0120   1.9993   1.1970
[1] 200.0000   0.3061   0.9592  -0.0175   2.0029   1.1736
[1] 300.0000   0.0948   0.8776  -0.0028   2.0061   1.0665
[1] 400.0000   0.0014   0.9953   0.0074   1.9738   1.1112
[1] 500.0000   0.0020   0.9947   0.0578   2.0395   1.1446
[1] 600.0000   1.0000   0.9748   0.0314   1.8933   1.0386
[1] 700.0000   0.0010   0.9912  -0.1057   1.9750   1.0784
[1] 800.0000   0.1761   0.9999  -0.1445   1.8689   1.0968
[1] 900.0000   0.1091   0.9806  -0.1338   1.8408   1.1985
[1] 1000.0000    0.1486    0.9837   -0.0944    1.7860    1.0972
[1] 1100.0000    0.2638    0.9949   -0.0218    1.9301    1.1046
[1] 1200.0000    0.0011    0.9484   -0.0381    1.7934    1.1699
[1] 1300.0000    0.0101    0.9498   -0.0050    1.8156    1.1653
[1] 1400.0000    0.0006    0.9303   -0.1357    1.9043    1.1894
[1] 1500.0000    0.0000    0.9672   -0.0897    1.8708    1.1986
[1] 1600.0000    0.2143    0.9634   -0.0656    2.0188    1.1612
[1] 1700.0000    0.0000    0.9871   -0.1341    1.8282    1.1811
[1] 1800.0000    0.0306    0.9886   -0.0457    1.8662    1.1888
[1] 1900.0000    0.1588    0.9957   -0.0572    1.8716    1.1822
[1] 2000.0000    0.0000    0.9978    0.0073    1.8778    1.1535
[1] 2100.0000    0.0000    0.9401    0.0266    1.8628    1.0501
[1] 2200.0000    0.0031    0.9727   -0.0258    1.9406    1.1727
[1] 2300.0000    0.0163    0.9390    0.0209    1.7886    1.1946
[1] 2400.0000    0.2966    0.9764    0.0337    1.8778    1.0594
[1] 2500.0000    0.0172    0.9991    0.0830    1.9464    1.1106
[1] 2600.0000    0.0000    0.9901   -0.1418    1.8651    1.1640
[1] 2700.0000    0.0000    0.9797    0.0013    1.8249    1.0929
[1] 2800.0000    0.0009    0.9098   -0.1169    1.8269    1.1572
[1] 2900.0000    0.0014    0.9982   -0.0886    1.8205    0.9626
[1] 3000.0000    1.0000    0.9623   -0.0782    1.8769    1.1476
[1] 3100.0000    0.0206    0.9751    0.0376    1.8907    1.0618
[1] 3200.0000    0.0747    0.9371   -0.0474    1.8446    1.1278
[1] 3300.0000    0.0138    0.9877    0.0234    1.8450    0.9428
[1] 3400.0000    0.0215    0.9912   -0.1060    1.8319    1.1933
[1] 3500.0000    0.0028    0.9339   -0.0956    1.8380    1.1722
[1] 3600.0000    0.0043    0.9538   -0.0505    1.8270    1.1717
[1] 3700.0000    0.0127    0.9950   -0.2035    1.8653    1.0085
[1] 3800.0000    0.0062    0.9380   -0.0752    1.8750    1.1005
[1] 3900.0000    0.0023    0.9884   -0.2007    1.7773    1.1762
[1] 4000.0000    0.0004    0.9594   -0.0780    1.8811    1.1967
[1] 4100.0000    0.0084    0.9779   -0.0305    1.8602    0.9562
[1] 4200.0000    0.0827    0.9756   -0.0177    2.1189    0.9752
[1] 4300.0000    0.0000    0.9305   -0.1306    1.9850    1.1545
[1] 4400.0000    0.0002    0.9882    0.0646    1.8548    1.1147
[1] 4500.0000    0.0198    0.9575   -0.0946    1.8806    1.1253
[1] 4600.0000    0.0003    0.9998   -0.0645    1.7880    1.1768
[1] 4700.0000    0.0331    0.9516   -0.0490    2.0182    1.1937
[1] 4800.0000    0.0046    0.9473   -0.0130    1.8648    1.1404
[1] 4900.0000    0.0094    0.9345   -0.0449    1.9642    1.1584
[1] 5000.0000    0.0319    0.9955   -0.0952    1.9763    1.1626
[1] 5100.0000    0.0000    0.9679    0.0087    1.9037    1.1951
[1] 5200.0000    0.0018    0.8440   -0.1132    1.9925    1.1937
[1] 5300.0000    0.0006    0.9403   -0.0424    1.8850    1.1561
[1] 5400.0000    0.0009    0.9974   -0.1884    1.8164    1.1725
[1] 5500.0000    0.0551    0.9982   -0.0361    1.9727    1.1248
[1] 5600.0000    0.0001    0.9595   -0.1829    2.0599    1.1319
[1] 5700.0000    0.7934    0.9979   -0.1033    1.8582    1.0573
[1] 5800.0000    0.0022    0.9611   -0.1249    1.9289    1.1298
[1] 5900.0000    0.0002    0.9936   -0.1669    1.8915    1.1548
[1] 6000.0000    0.0000    0.9624   -0.0802    1.7977    1.0171
[1] 6100.0000    0.0002    0.9546    0.0202    1.9344    1.1594
[1] 6200.0000    0.0003    0.9932   -0.0978    1.8203    1.1327
[1] 6300.000    0.000    0.956   -0.063    1.872    1.195
[1] 6400.0000    0.0001    0.9918   -0.0606    1.8784    1.1860
[1] 6500.0000    0.0172    0.9717    0.0234    1.8851    1.1753
[1] 6600.0000    1.0000    0.9735   -0.1529    1.8561    1.1163
[1] 6700.0000    0.0860    0.9726   -0.1157    1.7607    1.0730
[1] 6800.0000    0.0012    0.9779    0.0279    1.9010    1.0978
[1] 6900.0000    0.0005    0.9976   -0.0217    1.8221    1.1697
[1] 7000.0000    0.0515    0.9977   -0.0609    1.8694    1.0944
[1] 7100.0000    0.0007    0.9857   -0.1508    1.9544    1.0571
[1] 7200.0000    0.0000    0.9995   -0.0168    1.9033    0.8671
[1] 7300.0000    0.0020    0.9946   -0.0886    1.9024    1.1299
[1] 7400.0000    0.5155    0.9154   -0.0980    1.9309    1.1958
[1] 7500.0000    0.0190    0.9538    0.0350    1.9315    1.0728
[1] 7600.0000    0.0008    0.9979    0.0019    1.7789    1.1442
[1] 7700.0000    0.0000    0.9975   -0.1022    1.8446    1.1871
[1] 7800.0000    0.0022    0.9739   -0.1391    1.8027    1.1301
[1] 7900.0000    0.0029    0.9654   -0.1857    1.8566    1.1831
[1] 8000.0000    0.0172    0.9576   -0.0402    1.9389    1.1932
[1] 8100.0000    0.0084    0.9661   -0.0599    1.9006    1.1507
[1] 8200.0000    0.0000    0.9518    0.0166    1.9512    1.1546
[1] 8300.0000    0.0058    0.9429   -0.0269    1.9407    1.1344
[1] 8400.0000    0.0002    0.9405   -0.0519    1.8870    1.1556
[1] 8500.0000    0.0021    0.9939   -0.1478    1.8365    1.0648
[1] 8600.0000    0.0097    0.9489   -0.1671    1.9312    1.1696
[1] 8700.0000    0.0000    0.9367   -0.0913    1.7213    1.1943
[1] 8800.0000    0.0007    0.9657   -0.0203    1.7924    1.1608
[1] 8900.0000    0.6559    0.9431   -0.0372    1.8535    1.1381
[1] 9000.0000    0.0072    0.9878   -0.0652    1.8005    1.0272
[1] 9100.0000    0.0419    0.9305   -0.0219    1.9081    1.1953
[1] 9200.0000    0.1753    0.9966   -0.0374    1.8810    1.1317
[1] 9300.0000    0.0002    0.9734   -0.0391    1.8161    1.1056
[1] 9400.0000    0.0000    0.9943    0.0422    1.8570    1.0986
[1] 9500.0000    0.5227    0.9477   -0.0866    1.9460    1.0427
[1] 9600.0000    1.0000    0.9566   -0.1204    1.9018    1.1182
[1] 9700.0000    0.0309    0.9791   -0.0621    1.9222    1.1886
[1] 9800.0000    0.0000    0.9959   -0.0445    1.9234    1.1171
[1] 9900.0000    0.0001    0.9197   -0.0063    1.9009    1.1953
[1] 10000.0000     0.0000     0.9167    -0.1657     1.8874     1.1877
[1] 10100.0000     0.0278     0.9550    -0.0825     1.7454     1.1705
[1] 10200.0000     0.0032     0.9985    -0.0816     1.7613     1.1837
[1] 10300.0000     0.0095     0.9685    -0.0734     1.8245     1.1817
[1] 10400.0000     0.0000     0.9777    -0.0291     1.8738     1.1669
[1] 10500.0000     0.0023     0.8159     0.0132     1.7950     1.1284
[1] 10600.0000     0.0005     0.9579    -0.0939     1.9193     1.1829
[1] 10700.0000     0.0000     0.9608     0.0555     1.9277     1.1293
[1] 10800.0000     0.0000     0.9785    -0.1505     1.8352     1.1554
[1] 10900.0000     0.0000     0.9660    -0.0445     1.9672     1.1970
[1] 11000.0000     0.0000     0.9541    -0.1092     1.8691     1.1588
[1] 11100.0000     0.0434     0.9810    -0.0133     1.9509     1.0898
[1] 11200.0000     0.0003     0.9988    -0.1519     1.7840     1.1855
[1] 11300.0000     1.0000     0.9738     0.0180     1.8576     1.1215
[1] 11400.0000     0.0294     0.9830    -0.0245     1.8617     1.0526
[1] 11500.0000     0.0000     0.8735    -0.1146     1.7963     1.1067
[1] 11600.0000     0.0001     0.9852    -0.1557     1.8282     1.1710
[1] 11700.0000     0.0016     0.9114     0.0103     1.8629     1.1949
[1] 11800.0000     0.0000     0.9246    -0.0087     1.8734     1.1837
[1] 11900.0000     0.1105     0.9709    -0.0584     1.9193     1.1102
[1] 12000.0000     0.4336     0.9972    -0.0269     1.8885     1.1404
[1] 12100.0000     0.0167     0.9940     0.0064     1.9505     1.0808
[1] 12200.0000     0.0002     0.9853    -0.1704     1.9943     1.1443
[1] 12300.0000     0.0455     0.9623     0.0227     1.8649     1.1420
[1] 12400.0000     0.0000     0.9803    -0.0349     1.8718     1.0988
[1] 12500.0000     0.0025     0.9481     0.0442     1.9562     1.1908
[1] 12600.0000     0.8304     0.9564    -0.1339     1.7862     1.1675
[1] 12700.0000     0.0000     0.9917    -0.1385     1.9417     1.0988
[1] 12800.0000     0.0004     0.9108    -0.0782     1.8358     1.0765
[1] 12900.0000     0.0022     0.9378    -0.0949     1.8420     1.1252
[1] 13000.0000     0.0786     0.9313    -0.0813     1.9438     1.1678
[1] 13100.0000     0.0081     0.9667    -0.1176     1.9585     1.1263
[1] 13200.0000     0.0019     0.9589    -0.0855     1.7021     1.1555
[1] 13300.0000     0.2433     0.9277     0.0452     1.9751     1.1855
[1] 13400.0000     0.6721     0.9322     0.0046     1.7434     1.1312
[1] 13500.0000     0.0000     0.9671    -0.0133     1.9683     0.9422
[1] 13600.0000     0.0000     0.9811    -0.1092     1.8330     1.0983
[1] 13700.0000     0.0000     0.9708    -0.0464     1.7575     1.1901
[1] 13800.0000     0.0002     0.9502    -0.0945     1.9087     1.0488
[1] 13900.0000     0.0000     0.9916    -0.1147     1.8596     1.1838
[1] 14000.0000     0.0011     0.9987    -0.0447     1.8761     1.1083
[1] 14100.0000     0.0139     0.9803    -0.0805     1.8411     1.0983
[1] 14200.0000     1.0000     0.9100    -0.1407     1.7702     1.1948
[1] 14300.0000     0.0091     0.9946    -0.0996     1.8450     1.1737
[1] 14400.0000     0.0992     0.9946    -0.0996     1.8450     1.1737
[1] 14500.0000     0.1437     0.9496    -0.0634     1.8421     1.1844
[1] 14600.0000     0.0000     0.9646    -0.0834     1.7928     1.1720
[1] 14700.0000     0.0094     0.9359    -0.0411     1.8422     1.1879
[1] 14800.0000     0.0203     0.9461     0.0206     1.7003     1.1950
[1] 14900.0000     1.0000     0.9485    -0.0357     1.8717     1.1960
[1] 15000.0000     0.0001     0.9853    -0.0299     1.8188     1.1126
[1] 15100.0000     0.0000     0.9643    -0.0336     1.9243     1.1574
[1] 15200.0000     0.1809     0.9934    -0.0382     1.8406     1.0834
[1] 15300.0000     0.0087     0.9803    -0.1139     1.7605     1.0391
[1] 15400.0000     0.1444     0.9966    -0.0653     1.8172     1.1885
[1] 15500.0000     0.0007     0.9969    -0.1420     1.9355     1.1403
[1] 15600.0000     0.1561     0.9579    -0.1100     1.8105     1.1521
[1] 15700.0000     0.0029     0.9332    -0.0473     1.9103     1.1784
[1] 15800.0000     0.0883     0.9803    -0.0045     1.7969     1.1971
[1] 15900.0000     0.0000     0.9524    -0.0881     1.9368     1.0855
[1] 16000.0000     0.2444     0.9761    -0.0164     2.0887     1.0600
[1] 16100.0000     0.0027     0.9304    -0.0808     1.9366     1.0894
[1] 16200.0000     0.0010     0.9829    -0.0033     1.9551     1.1448
[1] 16300.0000     0.0209     0.9793    -0.1459     1.8032     1.1641
[1] 16400.0000     0.0720     0.9797    -0.0786     1.8347     1.0271
[1] 16500.0000     0.0569     0.9646    -0.0418     1.8163     1.1820
[1] 16600.0000     0.6163     0.9300    -0.1119     1.7520     1.1365
[1] 16700.0000     0.0988     0.9862    -0.0846     1.9844     1.1746
[1] 16800.0000     0.0467     0.9378     0.0197     1.8268     1.0931
[1] 16900.0000     0.2052     0.9993    -0.0475     1.9424     1.1521
[1] 17000.0000     0.0001     0.9932    -0.0839     1.9118     1.1603
[1] 17100.0000     0.0005     0.9215    -0.0476     1.8599     1.0634
[1] 17200.0000     0.0001     0.9648    -0.0471     1.7480     1.0628
[1] 17300.0000     0.0008     0.9491    -0.0874     1.8212     1.1870
[1] 17400.0000     1.0000     0.9623    -0.1406     1.8073     1.1696
[1] 17500.0000     0.0845     0.9937    -0.0877     1.8445     1.1555
[1] 17600.0000     0.0299     0.9860    -0.0188     1.8408     1.1792
[1] 17700.0000     0.0008     0.9825    -0.1304     1.8826     1.1215
[1] 17800.0000     0.0202     0.9877    -0.1480     1.7840     1.0638
[1] 17900.0000     0.3066     0.9881    -0.1838     1.9164     1.1028
[1] 18000.0000     0.0095     0.9379    -0.0677     1.8825     1.0547
[1] 18100.0000     0.0001     0.9780    -0.0894     1.9098     1.1255
[1] 18200.0000     0.0000     0.9579    -0.0149     1.8111     1.0913
[1] 18300.0000     0.0008     0.9706    -0.1435     1.9372     1.1685
[1] 18400.0000     0.0000     0.9243    -0.2166     1.9315     1.1066
[1] 18500.0000     0.0091     0.8805    -0.0305     1.8938     1.1078
[1] 18600.0000     0.0079     0.9571    -0.0799     1.8789     1.0820
[1] 18700.0000     0.0133     0.9972    -0.0568     1.8767     1.0906
[1] 18800.0000     0.0017     0.9736     0.0082     1.9183     1.1906
[1] 18900.0000     0.0000     0.9702    -0.0015     1.9528     1.1854
[1] 19000.0000     0.0011     0.9259    -0.1179     1.8688     1.1781
[1] 19100.0000     0.0024     0.9457     0.0018     1.9294     1.0145
[1] 19200.0000     0.0022     0.9220     0.0076     1.8764     1.1567
[1] 19300.0000     0.1757     0.9937    -0.0737     1.8176     1.1956
[1] 19400.0000     0.0001     0.9750     0.0390     2.0153     1.1110
[1] 19500.0000     0.0371     0.9633    -0.0971     1.8710     1.1823
[1] 19600.0000     0.5796     0.9797    -0.1077     1.8919     1.1185
[1] 19700.0000     0.0111     0.8665    -0.0411     1.9732     1.1248
[1] 19800.0000     1.0000     0.9324    -0.0044     1.9802     1.1958
[1] 19900.0000     0.0103     0.9981    -0.0736     1.9499     1.0280
[1] 20000.0000     0.0010     0.9132    -0.0060     1.8568     1.1473
[1] 20100.0000     0.0100     0.9794     0.0390     1.8513     1.1721
[1] 20200.0000     0.7895     0.9840    -0.1680     1.8669     1.1380
[1] 20300.0000     0.4019     0.9770    -0.1631     1.7746     0.9882
[1] 20400.0000     0.0057     0.9596    -0.1083     1.9488     1.0259
[1] 20500.0000     0.0001     0.9905    -0.0855     1.9577     1.0353
[1] 20600.0000     0.0459     0.9981    -0.1254     1.8816     1.1462
[1] 20700.0000     0.0013     0.9923    -0.0386     1.9038     1.0695
[1] 20800.0000     1.0000     0.9981    -0.0449     1.9319     1.0246
[1] 20900.0000     0.0392     0.9761    -0.0329     1.8841     1.1465
[1] 21000.0000     0.0260     0.9912     0.0584     1.8710     1.0875
[1] 21100.0000     0.0008     0.9432    -0.1205     1.8021     1.1917
[1] 21200.0000     0.0013     0.9861    -0.0358     1.8496     1.1830
[1] 21300.0000     0.2666     0.8214    -0.0231     1.8900     1.0391
[1] 21400.0000     0.0000     0.9798    -0.1023     1.8025     1.1420
[1] 21500.0000     0.0022     0.9091    -0.0241     1.9445     1.1988
[1] 21600.0000     0.0495     0.9334    -0.0505     1.9520     1.1380
[1] 21700.0000     0.5493     0.9973     0.0900     1.8465     0.9605
[1] 21800.0000     1.0000     0.8733    -0.0232     1.8382     1.1912
[1] 21900.0000     0.0024     0.9832    -0.0095     1.8408     1.1273
[1] 22000.0000     0.0035     0.9614    -0.1184     1.8962     1.1684
[1] 22100.0000     0.0091     0.9862     0.0002     1.8777     0.9706
[1] 22200.0000     0.0001     0.9766    -0.1554     1.8228     1.0119
[1] 22300.0000     0.0294     0.9726    -0.1101     1.8701     0.8521
[1] 22400.0000     0.3177     0.9556    -0.0368     1.7775     1.0506
[1] 22500.0000     0.0007     0.9360     0.1233     1.9294     1.1244
[1] 22600.0000     0.0335     0.9490    -0.0823     1.9138     1.0906
[1] 22700.0000     0.0011     0.9920    -0.0377     1.8907     1.1651
[1] 22800.0000     0.0929     0.8972    -0.1152     1.8154     1.0231
[1] 22900.0000     0.1278     0.9936     0.0176     1.9438     1.1658
[1] 23000.0000     0.0008     0.9856    -0.0927     1.8348     1.1917
[1] 23100.0000     0.0002     0.9662     0.0021     1.9894     1.1055
[1] 23200.0000     0.0001     0.9586    -0.0321     1.9462     1.0581
[1] 23300.0000     0.0013     0.9905    -0.0541     1.9359     1.1869
[1] 23400.0000     0.0537     0.8888    -0.0442     1.9358     1.0444
[1] 23500.0000     1.0000     0.9916    -0.0085     1.8115     1.1297
[1] 23600.0000     0.0194     0.9485    -0.0549     1.8467     0.9403
[1] 23700.0000     0.0061     0.9508    -0.0440     1.8161     1.1015
[1] 23800.0000     0.0874     0.9669    -0.0262     1.9283     1.1998
[1] 23900.0000     0.0004     0.9920    -0.0670     1.9227     1.0485
[1] 24000.0000     0.0002     0.9851     0.0258     1.9412     1.0873
[1] 24100.0000     0.0029     0.9867     0.0062     1.9333     1.0857
[1] 24200.0000     0.0540     0.9847    -0.1253     1.9811     1.1679
[1] 24300.0000     0.0002     0.9835    -0.0661     1.9451     1.1829
[1] 24400.0000     0.2053     0.9803    -0.1027     1.9559     1.1881
[1] 24500.0000     0.0000     0.9726    -0.0155     2.0078     1.0605
[1] 24600.0000     0.0000     0.9866    -0.0879     2.0373     1.1519
[1] 24700.0000     0.0016     0.9730    -0.0489     1.9359     1.1829
[1] 24800.0000     0.0868     0.9634    -0.0945     1.8052     1.1841
[1] 24900.0000     0.0066     0.9308    -0.1560     2.0052     1.1784
[1] 25000.0000     0.0001     0.9970    -0.0031     1.9322     1.1590
[1] 25100.0000     0.0000     0.9974    -0.0841     1.7251     1.1252
[1] 25200.0000     0.0095     0.9240    -0.1048     1.8910     1.1619
[1] 25300.0000     0.0001     0.9787    -0.0775     1.9657     1.1404
[1] 25400.0000     0.0011     0.9909     0.0880     1.8343     1.1761
[1] 25500.0000     0.0004     0.9634    -0.1152     1.7825     1.1502
[1] 25600.0000     0.0000     0.9746    -0.1085     2.0152     1.1488
[1] 25700.0000     0.0001     0.9606    -0.0895     1.8541     1.1252
[1] 25800.0000     0.0022     0.9689    -0.0653     1.9260     1.1962
[1] 25900.0000     0.0160     0.9839    -0.1086     1.9058     1.1784
[1] 26000.0000     0.0378     0.9804    -0.0609     1.7849     1.1308
[1] 26100.0000     0.0005     0.9935    -0.0581     1.9405     1.0009
[1] 26200.0000     0.0000     0.9931    -0.1040     1.9225     1.1700
[1] 26300.0000     0.0262     0.9342     0.0304     1.8565     1.1434
[1] 26400.0000     0.0000     0.9921     0.1597     1.9222     1.1553
[1] 26500.0000     0.0306     0.9611    -0.0754     1.8223     1.0834
[1] 26600.0000     0.0493     0.9993     0.0179     1.9585     1.0988
[1] 26700.0000     0.0031     0.9438    -0.1321     1.7848     1.1874
[1] 26800.0000     0.0062     0.9994    -0.1463     1.8056     1.1742
[1] 26900.0000     0.0041     0.8955    -0.0280     1.8633     1.0592
[1] 27000.0000     0.0053     0.9303     0.0588     1.9599     1.1736
[1] 27100.0000     0.1015     0.9559    -0.0740     1.8367     1.0717
[1] 27200.0000     0.0000     0.9713    -0.2081     1.8715     1.0324
[1] 27300.0000     0.1257     0.9495    -0.1731     1.8841     1.1077
[1] 27400.0000     0.0027     0.9843    -0.0475     1.8740     1.1629
[1] 27500.0000     0.0003     0.9665     0.0085     1.9314     1.1723
[1] 27600.0000     0.0488     0.9722    -0.0868     1.8511     1.1921
[1] 27700.0000     0.0063     0.9491    -0.0690     1.8568     1.1275
[1] 27800.0000     0.0443     0.9766     0.0280     1.9937     1.1829
[1] 27900.0000     0.0008     0.9798    -0.0048     1.8881     1.1875
[1] 28000.0000     0.0000     0.9813    -0.0368     1.9319     1.1243
[1] 28100.0000     0.0250     0.9262    -0.0026     1.9407     1.0710
[1] 28200.0000     0.0086     0.9920    -0.0006     1.8503     1.1206
[1] 28300.0000     0.0000     0.9886    -0.1923     2.0185     1.1843
[1] 28400.0000     0.0020     0.9826    -0.1147     1.9349     1.1671
[1] 28500.0000     0.0000     0.9929     0.0473     1.9264     1.0716
[1] 28600.0000     0.0764     0.9856    -0.0818     1.7266     1.1641
[1] 28700.0000     0.0027     0.9102    -0.0716     1.9212     1.1106
[1] 28800.0000     0.0280     0.9898    -0.1019     1.8347     0.9966
[1] 28900.0000     1.0000     0.9689    -0.1355     1.8943     1.0738
[1] 29000.0000     0.0002     0.9902    -0.0328     1.9857     1.1485
[1] 29100.0000     0.6162     0.9799    -0.0242     2.0321     1.1704
[1] 29200.0000     0.0045     0.9367    -0.0290     1.8552     1.1465
[1] 29300.0000     0.0104     0.9631    -0.0224     1.9248     1.1728
[1] 29400.0000     0.0011     0.9512    -0.0918     1.7993     1.1262
[1] 29500.0000     0.0000     0.9688    -0.0421     1.8960     1.1567
[1] 29600.0000     0.3229     0.9770    -0.0263     1.9895     1.1651
[1] 29700.0000     0.0001     0.8693    -0.1056     1.7637     1.1692
[1] 29800.0000     0.0002     0.8980    -0.0804     1.8257     1.1905
[1] 29900.0000     0.3119     0.9798    -0.1135     1.9612     1.0014
[1] 30000.0000     0.0183     0.9561    -0.0082     1.9290     1.0811
[1] 0.1274749
Time difference of 11.47927 hours
null device 
          1 
