[1] "El numero de nodos X particion es: 10"
[1] "Model = M2 / Data = sim_data/datasetSVIMatern8.Rdata"
[1] 100.0000   0.8948   0.8291   0.0430   1.9454   0.9331
[1] 200.0000   0.4406   0.8487   0.0119   1.9717   0.8384
[1] 300.0000   0.7161   0.8776  -0.0352   2.0305   1.0665
[1] 400.0000   0.4320   0.9217  -0.1494   2.0993   0.9692
[1] 500.0000   0.0411   0.9813  -0.1831   2.1907   0.8492
[1] 600.0000   1.0000   0.9748   0.1128   1.8487   1.0386
[1] 700.0000   0.0242   0.8009   0.5691   1.4041   0.8720
[1] 800.0000   0.0000   0.8728   0.8140   1.1206   0.9084
[1] 900.0000   0.0000   0.8673   0.3974   1.5378   0.8963
[1] 1000.0000    0.0000    0.8209   -0.0686    2.0261    0.9374
[1] 1100.0000    0.0000    0.9319    1.5685    0.3600    0.8930
[1] 1200.0000    0.2234    0.8603    1.1196    0.9496    0.9164
[1] 1300.0000    1.0000    0.8617    0.2930    1.5308    1.0550
[1] 1400.0000    0.0000    0.9303   -0.1169    1.9381    1.1894
[1] 1500.0000    0.0000    0.9584    0.4815    1.4933    1.0940
[1] 1600.0000    0.0000    0.8026   -0.5092    2.4390    1.1341
[1] 1700.0000    0.0000    0.8163   -0.0950    1.9831    0.8247
[1] 1800.0000    0.0000    0.8314    0.0055    1.9815    0.9945
[1] 1900.0000    0.0000    0.9875   -0.8094    2.7864    0.8532
[1] 2000.0000    0.0000    0.9400   -0.2531    2.2232    1.1109
[1] 2100.0000    0.0000    0.8123   -1.3343    3.2269    1.1618
[1] 2200.0000    0.0000    0.8668   -0.0763    2.0856    1.0989
[1] 2300.0000    0.0000    0.9142   -0.0156    1.8749    0.8527
[1] 2400.0000    0.0000    0.9355   -0.3238    2.2609    1.1578
[1] 2500.0000    0.0113    0.8909    0.4894    1.4099    1.1217
[1] 2600.0000    0.0000    0.9100   -0.1824    2.1777    1.1442
[1] 2700.0000    0.0000    0.8334   -0.9656    2.8790    0.9547
[1] 2800.0000    0.0157    0.8113   -0.2051    2.2139    0.9151
[1] 2900.0000    0.0000    0.9057   -0.8511    2.7480    0.9581
[1] 3000.0000    0.0000    0.8454   -0.1133    2.1004    0.9669
[1] 3100.0000    0.0000    0.9514   -0.0764    2.0126    0.9478
[1] 3200.0000    0.0000    0.9190   -0.8345    2.8189    0.9575
[1] 3300.0000    0.0000    0.9312    0.0441    1.8718    0.9302
[1] 3400.0000    0.1747    0.9079    0.6757    1.3100    0.8348
[1] 3500.0000    0.0000    0.8568    0.8295    1.0493    1.0820
[1] 3600.0000    0.0000    0.8846    0.5733    1.3111    1.0977
[1] 3700.0000    0.6400    0.9624    0.2820    1.5889    0.8094
[1] 3800.0000    0.0000    0.8306    0.2346    1.6928    0.8349
[1] 3900.0000    0.0000    0.8349    0.1728    1.7510    1.1538
[1] 4000.0000    0.0000    0.9448   -0.1440    2.1015    1.0791
[1] 4100.0000    0.0000    0.8388   -0.8170    2.8189    0.8864
[1] 4200.0000    0.0000    0.9756   -0.7393    2.6332    0.9752
[1] 4300.0000    0.0380    0.8028   -0.8099    2.7552    0.9927
[1] 4400.0000    0.0000    0.8310   -0.3646    2.2678    1.1572
[1] 4500.0000    0.2226    0.8410   -0.3083    2.3498    1.1520
[1] 4600.0000    0.0000    0.9581    0.7498    1.2276    0.8180
[1] 4700.0000    0.0000    0.8536    0.7184    1.2466    0.9410
[1] 4800.0000    0.0000    0.8006   -0.1040    2.0395    0.9390
[1] 4900.0000    0.0000    0.8761   -0.0434    1.9902    1.0415
[1] 5000.0000    0.0000    0.8074    0.1688    1.6919    1.0307
[1] 5100.0000    0.0000    0.8192    0.1686    1.7221    0.8134
[1] 5200.0000    0.0000    0.8051    0.1306    1.9464    0.8965
[1] 5300.0000    0.0000    0.8845    0.2694    1.6694    1.0022
[1] 5400.0000    0.0000    0.9713    0.0336    1.7492    1.1011
[1] 5500.0000    0.0000    0.8506    0.9537    0.9470    1.1979
[1] 5600.0000    0.0000    0.8117    0.5851    1.2755    0.9121
[1] 5700.0000    0.0000    0.8882    0.4963    1.4848    1.0651
[1] 5800.0000    0.0000    0.8612   -0.5041    2.5721    1.0327
[1] 5900.0000    0.0000    0.8278    0.9969    0.9998    1.0767
[1] 6000.0000    0.0000    0.8887    1.0661    0.8049    0.8335
[1] 6100.0000    0.0000    0.9284    0.7030    1.2828    0.9188
[1] 6200.0000    0.0000    0.9400    0.3643    1.4775    0.8404
[1] 6300.0000    0.0000    0.9569    0.5109    1.5614    0.8080
[1] 6400.0000    0.0000    0.9924   -0.0866    1.9463    1.0322
[1] 6500.0000    0.0014    0.9084    0.0711    1.9204    1.0918
[1] 6600.0000    0.0000    0.8710   -0.2233    2.0910    0.9001
[1] 6700.0000    0.0000    0.8253   -0.9995    3.0270    0.9280
[1] 6800.0000    0.0855    0.8794    0.4887    1.4549    0.9381
[1] 6900.0000    0.0000    0.8857    0.1464    1.8477    0.9847
[1] 7000.0000    0.0000    0.8521    0.4980    1.4840    1.0680
[1] 7100.0000    0.0000    0.9544    1.0626    0.9447    0.9045
[1] 7200.0000    0.0000    0.8247    0.6024    1.4872    0.8913
[1] 7300.0000    0.0000    0.9604    0.4981    1.5009    0.9357
[1] 7400.0000    0.0000    0.8045   -0.0107    1.8751    0.8734
[1] 7500.0000    0.0000    0.8475   -2.0755    3.9234    1.0597
[1] 7600.0000    0.0000    0.8332   -0.8756    2.8907    1.0877
[1] 7700.0000    0.0000    0.8440   -0.7504    2.7250    0.8976
[1] 7800.0000    0.0000    0.8062    0.1624    1.7581    1.0261
[1] 7900.0000    0.0000    0.8303   -0.0475    1.9733    0.8084
[1] 8000.0000    0.0000    0.9309    0.5172    1.4163    1.0835
[1] 8100.0000    0.0000    0.8483   -0.1548    1.9898    0.8203
[1] 8200.0000    0.0000    0.9207   -0.5118    2.4711    1.1282
[1] 8300.0000    0.0000    0.8222   -0.4190    2.4260    0.8438
[1] 8400.0000    0.0000    0.9658    0.3219    1.5830    0.9286
[1] 8500.0000    0.0000    0.8901    0.1195    1.8679    0.8333
[1] 8600.0000    0.0011    0.9564   -1.0315    3.0267    0.9963
[1] 8700.0000    0.0000    0.8940   -0.8823    2.8068    1.0236
[1] 8800.0000    0.0000    0.8601    0.4114    1.4507    0.8170
[1] 8900.0000    0.0000    0.8248    0.6307    1.3142    1.0728
[1] 9000.0000    0.0000    0.9268    0.4488    1.4413    0.8237
[1] 9100.0000    0.0000    0.8755   -0.1183    2.0725    0.8812
[1] 9200.0000    0.0000    0.8129   -0.6887    2.6622    1.1264
[1] 9300.0000    0.0000    0.9734    0.8180    1.0406    1.1056
[1] 9400.0000    0.0000    0.8413    1.5485    0.3452    1.0761
[1] 9500.0000    0.0000    0.8817    0.0917    1.7779    1.0875
[1] 9600.0000    0.0000    0.8149   -0.1868    2.1466    0.9056
[1] 9700.0000    0.0000    0.9657    0.7883    1.1448    0.9166
[1] 9800.0000    0.0000    0.8196    0.2107    1.6958    0.8766
[1] 9900.0000    0.0000    0.9876    1.8258    0.0809    0.9739
[1] 10000.0000     0.5355     0.9718    -0.5211     2.4460     0.8376
[1] 10100.0000     0.0004     0.9390    -0.2425     2.1766     1.0815
[1] 10200.0000     0.0000     0.8133    -0.1091     2.0258     1.1117
[1] 10300.0000     0.1923     0.9549     1.5698     0.3678     0.8021
[1] 10400.0000     0.0000     0.8457     0.0567     1.8166     0.9047
[1] 10500.0000     0.0000     0.9828     0.4244     1.4636     0.8036
[1] 10600.0000     0.0000     0.8442     0.2892     1.7204     0.9495
[1] 10700.0000     0.0000     0.8398     0.6924     1.2617     1.0590
[1] 10800.0000     1.0000     0.8056     0.3791     1.6139     0.8503
[1] 10900.0000     0.0000     0.8191     0.4834     1.5037     0.8008
[1] 11000.0000     0.0047     0.8555     0.7780     1.2479     1.1761
[1] 11100.0000     0.0000     0.8902     0.3412     1.6398     0.9114
[1] 11200.0000     0.3329     0.8258    -0.7147     2.6652     1.0628
[1] 11300.0000     0.0000     0.8936    -0.7140     2.6850     1.0961
[1] 11400.0000     0.0030     0.9548     0.4608     1.5722     1.0047
[1] 11500.0000     0.0000     0.8477     0.1538     1.8191     0.8119
[1] 11600.0000     0.0000     0.9104    -0.1132     2.0706     0.8269
[1] 1.170e+04 2.100e-03 8.224e-01 2.536e-01 1.657e+00 8.539e-01
[1] 11800.0000     0.0000     0.8440    -0.3179     2.1087     0.8198
[1] 11900.0000     0.0000     0.8460    -0.0850     1.9893     0.8150
[1] 12000.0000     0.0000     0.8014    -0.2333     2.1727     1.0595
[1] 12100.0000     0.0000     0.8005    -0.9726     2.8244     0.8375
[1] 12200.0000     0.2791     0.8496     1.4026     0.5956     0.8460
[1] 12300.0000     0.0000     0.8010     0.6986     1.2787     0.8810
[1] 12400.0000     1.0000     0.8046    -0.0654     2.0268     0.8797
[1] 12500.0000     0.0000     0.8059     0.3906     1.5641     1.1427
[1] 12600.0000     0.0000     0.8126    -0.2541     2.2402     1.1805
[1] 12700.0000     0.0000     0.8779     0.0262     1.8255     0.8170
[1] 12800.0000     0.0000     0.9902    -0.9683     2.8574     0.9345
[1] 12900.0000     0.0161     0.9204    -0.2148     2.1882     0.8219
[1] 13000.0000     0.0000     0.8069    -0.0665     1.9857     1.0997
[1] 13100.0000     0.0000     0.9404     1.3247     0.6281     0.9822
[1] 13200.0000     0.0000     0.8843     0.0781     1.9465     0.9997
[1] 13300.0000     0.0000     0.9222    -0.7064     2.7253     0.8801
[1] 13400.0000     0.0000     0.8092    -0.1770     2.1154     1.1676
[1] 13500.0000     0.0000     0.8466     0.1117     1.7981     0.8143
[1] 13600.0000     0.0000     0.8917     0.4746     1.4232     1.0301
[1] 13700.0000     0.0000     0.8951     0.5889     1.3026     1.0363
[1] 13800.0000     0.0000     0.8787    -0.9764     2.9469     1.0611
[1] 13900.0000     0.0000     0.8573    -0.1776     2.1356     0.8372
[1] 1.400e+04 0.000e+00 9.588e-01 1.514e-01 1.733e+00 9.662e-01
[1] 14100.0000     0.0000     0.8844     0.5893     1.2182     1.1867
[1] 14200.0000     0.0000     0.8479     0.4713     1.4828     0.8739
[1] 14300.0000     0.0000     0.8548    -0.2278     2.1295     0.8231
[1] 14400.0000     0.0352     0.8623     0.1490     1.8027     0.8985
[1] 14500.0000     0.0783     0.8647     0.8401     1.1531     1.0877
[1] 14600.0000     0.0000     0.8570     0.4372     1.4146     1.1138
[1] 14700.0000     0.0000     0.8974    -0.0571     1.9348     1.0871
[1] 14800.0000     0.0000     0.8093     0.9935     0.8455     1.1283
[1] 14900.0000     0.0022     0.8051     0.7098     1.2678     1.0614
[1] 15000.0000     0.0009     0.9447    -0.2927     2.2092     0.8911
[1] 15100.0000     1.0000     0.8292     0.2689     1.6546     0.9249
[1] 15200.0000     0.0000     0.8242     1.0349     0.9366     1.0800
[1] 15300.0000     0.5649     0.8059     0.8631     1.1347     0.9091
[1] 15400.0000     0.0066     0.8005    -0.1698     2.1593     0.8812
[1] 15500.0000     0.0000     0.9734    -1.6618     3.6331     1.1714
[1] 15600.0000     0.0000     0.8520    -0.9919     2.9738     1.1912
[1] 15700.0000     0.0000     0.8475    -0.3300     2.2399     0.9690
[1] 15800.0000     0.0000     0.9108    -0.1344     2.0284     0.9068
[1] 15900.0000     0.0000     0.8841     0.2548     1.6615     0.8192
[1] 16000.0000     0.0003     0.8124    -0.2735     2.2108     1.1160
[1] 16100.0000     0.0000     0.8125     0.5065     1.4099     0.8885
[1] 16200.0000     0.0000     0.9466     0.8042     1.0622     0.9477
[1] 16300.0000     0.0000     0.9158     0.1857     1.7739     0.9491
[1] 16400.0000     0.0000     0.9401     0.0982     1.8402     0.9237
[1] 16500.0000     0.0417     0.9646    -0.3783     2.3584     1.1820
[1] 16600.0000     0.0000     0.8294    -0.6701     2.6926     0.8835
[1] 16700.0000     0.0000     0.8462     0.1312     1.7901     0.9538
[1] 16800.0000     0.0000     0.8621     0.2668     1.6221     1.1596
[1] 1.690e+04 0.000e+00 9.254e-01 9.670e-01 9.641e-01 9.648e-01
[1] 17000.0000     0.0000     0.9790    -0.1723     2.1549     0.8822
[1] 17100.0000     0.0000     0.9305     0.9316     1.0814     0.9283
[1] 1.720e+04 0.000e+00 9.497e-01 9.159e-01 9.791e-01 8.252e-01
[1] 17300.0000     1.0000     0.8396     1.9097     0.0200     1.0131
[1] 17400.0000     0.0000     0.8593     1.2294     0.7535     1.1450
[1] 17500.0000     0.0000     0.8131     0.7928     1.1753     0.9127
[1] 17600.0000     0.0000     0.8698     0.0830     1.8866     0.8781
[1] 17700.0000     0.0000     0.8794     0.3377     1.6462     0.9707
[1] 17800.0000     0.0131     0.9383    -0.4019     2.3251     1.0084
[1] 17900.0000     0.0000     0.9083    -0.0071     1.9302     0.9495
[1] 18000.0000     0.9005     0.9109     0.1992     1.7858     0.8712
[1] 18100.0000     0.0000     0.9461     0.1419     1.6817     0.9222
[1] 18200.0000     0.0074     0.8582     0.5602     1.3159     0.9652
[1] 18300.0000     0.0000     0.8120     0.2582     1.6504     1.0717
[1] 18400.0000     0.0000     0.9529    -0.0501     2.0395     0.8173
[1] 18500.0000     0.0000     0.9525     0.0717     1.8482     0.9333
[1] 18600.0000     0.0000     0.8121     0.1763     1.8252     0.9608
[1] 18700.0000     0.0000     0.8080    -0.6163     2.6980     0.9308
[1] 18800.0000     0.0000     0.8537     0.9470     1.0557     0.9005
[1] 18900.0000     0.0000     0.9024     0.2036     1.7309     1.0613
[1] 19000.0000     0.0000     0.8366     0.5083     1.3957     0.8015
[1] 19100.0000     0.0000     0.8142    -0.4476     2.2267     1.0716
[1] 19200.0000     0.0000     0.8001     0.1736     1.7359     0.9641
[1] 19300.0000     0.0000     0.8035     0.4829     1.3926     1.0886
[1] 19400.0000     0.0000     0.8040     0.8615     1.2311     1.1551
[1] 1.950e+04 0.000e+00 9.654e-01 9.569e-01 9.629e-01 9.669e-01
[1] 19600.0000     0.1909     0.9162    -0.6846     2.6190     0.8038
[1] 19700.0000     0.0000     0.8143     0.1901     1.6237     0.8081
[1] 19800.0000     0.0000     0.9408     0.3916     1.5865     0.9927
[1] 19900.0000     0.0000     0.9981    -0.1439     2.1110     1.0280
[1] 20000.0000     0.0000     0.8275    -0.3178     2.2372     0.8700
[1] 20100.0000     0.0000     0.9080     0.7490     1.2325     1.0402
[1] 20200.0000     0.1691     0.8367    -0.2194     2.1471     0.9269
[1] 2.030e+04 0.000e+00 8.457e-01 5.703e-01 1.403e+00 1.101e+00
[1] 20400.0000     0.0098     0.9072     0.7562     1.1697     0.9991
[1] 20500.0000     0.0000     0.8964    -0.9588     2.8381     1.1285
[1] 20600.0000     0.7396     0.9169     0.3180     1.6483     1.1057
[1] 20700.0000     1.0000     0.8107     0.2157     1.7506     1.0874
[1] 20800.0000     0.0000     0.8900    -0.7305     2.7533     0.8340
[1] 20900.0000     0.0001     0.8088     0.8936     1.0842     0.9600
[1] 21000.0000     0.0000     0.8369     0.3529     1.6567     1.0355
[1] 21100.0000     0.0000     0.9732    -0.1287     2.1622     0.8253
[1] 21200.0000     0.0405     0.8263    -0.0724     2.0183     1.1324
[1] 21300.0000     0.0000     0.8782    -0.4944     2.4613     1.0748
[1] 21400.0000     0.0005     0.9719    -0.3265     2.2633     0.9071
[1] 21500.0000     0.0000     0.8732    -0.2074     2.1160     1.0565
[1] 21600.0000     0.0000     0.8420    -0.1584     2.1054     0.8926
[1] 21700.0000     0.0000     0.8258    -0.6027     2.5751     1.1265
[1] 21800.0000     0.0002     0.8218    -0.4221     2.3199     1.1739
[1] 21900.0000     0.0000     0.9408     0.7952     1.0639     0.9421
[1] 2.200e+04 0.000e+00 8.850e-01 1.631e-01 1.783e+00 9.555e-01
[1] 22100.0000     0.0000     0.8953    -0.4262     2.3214     0.9321
[1] 22200.0000     0.0000     0.8403    -0.8819     2.7918     1.1277
[1] 22300.0000     0.0000     0.8584    -0.1251     2.0964     0.9367
[1] 22400.0000     0.0000     0.9494     0.5019     1.4202     0.9207
[1] 22500.0000     0.0008     0.9477     1.5152     0.4396     0.8999
[1] 22600.0000     0.0000     0.8858     1.1748     0.8769     0.9064
[1] 22700.0000     0.0000     0.8271     0.1801     1.6979     1.1968
[1] 22800.0000     0.0014     0.8616    -0.8104     2.8411     1.1425
[1] 2.290e+04 0.000e+00 9.207e-01 9.094e-01 9.437e-01 8.362e-01
[1] 23000.0000     0.0000     0.9652     0.1786     1.7486     1.0264
[1] 23100.0000     0.0000     0.9231    -0.4309     2.2859     0.8179
[1] 23200.0000     0.0000     0.8288     0.1839     1.8343     0.8616
[1] 23300.0000     0.0982     0.8966     0.3236     1.6001     1.0199
[1] 23400.0000     0.0000     0.8015     0.7567     1.2558     0.8904
[1] 23500.0000     0.0000     0.8934     0.0128     1.8567     1.1391
[1] 23600.0000     0.0000     0.8360     0.1008     1.8537     0.8406
[1] 23700.0000     0.0000     0.8580    -0.4509     2.3845     0.8494
[1] 23800.0000     0.0000     0.8954    -0.3829     2.2593     1.1339
[1] 23900.0000     0.0000     0.8157     0.2160     1.7297     0.8034
[1] 24000.0000     0.0000     0.9304     0.1284     1.7678     0.8086
[1] 24100.0000     0.0000     0.8289    -1.0699     3.0218     0.9877
[1] 24200.0000     0.0000     0.8399     0.4313     1.3877     1.0287
[1] 24300.0000     0.0000     0.8207    -0.8307     2.7797     1.1509
[1] 24400.0000     0.6062     0.9947     0.7355     1.2126     0.9697
[1] 24500.0000     0.0000     0.9064     1.0355     0.8328     0.8345
[1] 24600.0000     0.0000     0.9062     0.0454     1.8731     0.8877
[1] 24700.0000     0.0000     0.9574     0.1887     1.6546     1.0919
[1] 24800.0000     0.0000     0.8109     0.3298     1.6689     1.1899
[1] 24900.0000     0.0000     0.9495    -0.5869     2.4648     0.8626
[1] 25000.0000     0.0004     0.9628     0.0094     1.9303     0.9362
[1] 25100.0000     0.0000     0.8415     0.8087     1.0699     1.0265
[1] 25200.0000     0.0000     0.8184    -0.6715     2.6361     0.8574
[1] 25300.0000     1.0000     0.8151     0.4346     1.5352     1.0748
[1] 25400.0000     1.0000     0.8988    -0.4943     2.4263     1.0888
[1] 25500.0000     0.0000     0.8147     1.0941     0.8331     1.1844
[1] 25600.0000     0.0000     0.8112     0.0103     1.9707     0.8916
[1] 25700.0000     0.0000     0.8060     0.7252     1.2042     0.8422
[1] 25800.0000     0.0000     0.8043    -0.8304     2.6715     0.8730
[1] 25900.0000     1.0000     0.8632    -1.1423     3.0631     1.1254
[1] 26000.0000     0.4447     0.9492    -1.3739     3.4102     1.0058
[1] 26100.0000     0.0000     0.9196    -0.8752     2.6656     1.1722
[1] 26200.0000     0.0000     0.9529    -1.3085     3.1358     1.0017
