[1] "El numero de nodos X particion es: 10"
[1] "Model = M1 / Data = sim_data/datasetSVIMatern24.Rdata"
[1] 100.0000   0.4648   0.9429   0.0131   1.8018   1.1970
[1] 200.0000   1.0000   0.9804  -0.1667   2.0249   1.0297
[1] 300.0000   1.0000   0.8776  -0.0910   1.9283   1.0665
[1] 400.0000   0.0314   0.9217  -0.0862   1.9903   0.9692
[1] 500.0000   0.0000   0.8380   0.0917   1.8211   0.8203
[1] 600.0000   1.0000   0.9748  -0.3785   2.1763   1.0386
[1] 700.0000   0.0939   0.8009  -0.0005   1.8845   0.8720
[1] 800.0000   0.0237   0.9313  -0.3160   2.1155   1.0430
[1] 900.0000   0.0001   0.9344  -0.4865   2.2762   1.0036
[1] 1000.0000    0.0000    0.8568    0.0299    1.8486    0.8983
[1] 1100.0000    0.0000    0.9949    0.4023    1.4289    1.1046
[1] 1200.0000    0.7381    0.8603    0.1337    1.7884    0.9164
[1] 1300.0000    0.0610    0.9805   -0.5415    2.3882    0.8049
[1] 1400.0000    0.0000    0.9303   -0.5839    2.4624    1.1894
[1] 1500.0000    0.0001    0.9584    0.2702    1.6302    1.0940
[1] 1600.0000    0.0000    0.9998   -0.8025    2.7173    1.1214
[1] 1700.0000    0.0000    0.8745   -0.7570    2.6822    0.9148
[1] 1800.0000    0.0000    0.9376   -0.7506    2.6388    0.8302
[1] 1900.0000    0.0000    0.9875   -0.1271    2.0304    0.8532
[1] 2000.0000    0.0000    0.9400   -0.3266    2.2307    1.1109
[1] 2100.0000    0.0000    0.9401    0.0391    1.7204    1.0501
[1] 2200.0000    0.0000    0.8668    0.3172    1.6039    1.0989
[1] 2300.0000    0.0026    0.8228   -0.0391    1.8655    1.1776
[1] 2400.0000    0.0000    0.9355    0.2079    1.6670    1.1578
[1] 2500.0000    0.0237    0.8909    0.4105    1.3856    1.1217
[1] 2600.0000    0.0000    0.9483   -0.3297    2.0780    1.1376
[1] 2700.0000    0.0000    0.8492   -0.0838    1.9824    0.9140
[1] 2800.0000    0.0012    0.9382    0.2098    1.5726    1.1558
[1] 2900.0000    0.0012    0.9982   -0.5810    2.4063    0.9626
[1] 3000.0000    0.0000    0.9425    0.3884    1.4835    1.0830
[1] 3100.0000    0.0000    0.9787   -0.0520    1.8806    0.9283
[1] 3200.0000    0.0000    0.9190    0.1341    1.7424    0.9575
[1] 3300.0000    0.0000    0.9797    0.1785    1.7380    1.0744
[1] 3400.0000    0.4560    0.8983    0.5487    1.3314    1.1525
[1] 3500.0000    0.0000    0.9256   -0.0604    1.9197    1.1684
[1] 3600.0000    0.0000    0.8846   -0.4980    2.3833    1.0977
[1] 3700.0000    0.3512    0.9950    0.5202    1.4290    1.0085
[1] 3800.0000    0.0000    0.8653    0.1013    1.6545    0.9884
[1] 3900.0000    0.0000    0.9566   -0.3299    2.2016    1.1344
[1] 4000.0000    0.0000    0.9448    0.2515    1.6316    1.0791
[1] 4100.0000    0.0000    0.8388   -0.3544    2.2197    0.8864
[1] 4200.0000    0.0000    0.9756   -0.6712    2.4256    0.9752
[1] 4300.0000    0.2829    0.8741   -0.7277    2.5624    1.1249
[1] 4400.0000    0.0000    0.8077    0.3270    1.6147    1.0029
[1] 4500.0000    1.0000    0.8410    0.0717    1.7774    1.1520
[1] 4600.0000    0.0001    0.9525    0.0559    1.8739    1.1110
[1] 4700.0000    0.0000    0.9516   -0.5114    2.2664    1.1937
[1] 4800.0000    0.0000    0.8444   -0.6592    2.5221    1.1184
[1] 4900.0000    0.0000    0.9924   -0.3513    2.2340    1.1836
[1] 5000.0000    0.8182    0.9273   -0.7959    2.7621    1.0348
[1] 5100.0000    0.0000    0.9679   -0.0203    1.8221    1.1951
[1] 5200.0000    0.0000    0.8051    0.2145    1.6695    0.8965
[1] 5300.0000    0.0000    0.8845    0.3157    1.5297    1.0022
[1] 5400.0000    0.0000    0.9713   -0.1404    1.8762    1.1011
[1] 5500.0000    0.0000    0.8913    0.1198    1.7088    1.1131
[1] 5600.0000    0.0000    0.9328   -0.4875    2.3851    1.1365
[1] 5700.0000    0.0000    0.8961   -0.1218    1.9849    1.1119
[1] 5800.0000    0.0000    0.8612   -0.6200    2.4902    1.0327
[1] 5900.0000    0.0000    0.8278    0.2658    1.5868    1.0767
[1] 6000.0000    0.0000    0.9870    0.2076    1.6038    1.0819
[1] 6100.0000    0.0000    0.8793    0.1930    1.7240    0.8792
[1] 6200.0000    0.0000    0.8235    0.2456    1.5684    1.1329
[1] 6300.0000    0.0000    0.9569   -0.1454    2.0003    0.8080
[1] 6400.0000    0.0000    0.9918   -0.4378    2.3881    1.1860
[1] 6500.0000    0.1796    0.9084   -0.3737    2.2587    1.0918
[1] 6600.0000    0.0000    0.8918   -0.2975    2.2569    1.0184
[1] 6700.0000    0.0000    0.8253    0.2305    1.6557    0.9280
[1] 6800.0000    0.1912    0.8642    0.0245    1.8124    1.0905
[1] 6900.0000    0.0000    0.9267   -0.2756    2.2122    1.0380
[1] 7000.0000    0.0000    0.8521    0.1426    1.7099    1.0680
[1] 7100.0000    0.0000    0.9857   -0.6123    2.4045    1.0571
[1] 7200.0000    0.0000    0.8247   -0.0789    1.9728    0.8913
[1] 7300.0000    0.0000    0.9346    0.4093    1.4933    1.1740
[1] 7400.0000    0.0000    0.9512   -0.1836    1.9998    0.8676
[1] 7500.0000    0.0001    0.9989   -1.0045    2.6770    1.1081
[1] 7600.0000    0.0000    0.9493   -0.1870    2.0971    0.9281
[1] 7700.0000    0.0000    0.8348   -0.7185    2.4908    1.0869
[1] 7800.0000    0.0000    0.9477   -0.0196    1.8699    0.8206
[1] 7900.0000    0.0000    0.8037   -0.0792    1.8662    1.1632
[1] 8000.0000    0.0000    0.9309   -0.2018    1.9627    1.0835
[1] 8100.0000    0.0000    0.9710   -0.1319    1.9859    1.0872
[1] 8200.0000    0.0065    0.8808   -0.5924    2.3698    1.1030
[1] 8300.0000    0.0001    0.8222   -0.3060    2.1885    0.8438
[1] 8400.0000    0.0000    0.9658   -0.0793    1.9422    0.9286
[1] 8500.0000    0.0000    0.8325    0.1009    1.7666    1.0750
[1] 8600.0000    1.0000    0.9214   -0.5076    2.3085    1.0135
[1] 8700.0000    0.0000    0.8940    0.0725    1.7815    1.0236
[1] 8800.0000    0.0000    0.8601   -0.0778    1.9131    0.8170
[1] 8900.0000    0.0001    0.8674    0.6086    1.2886    1.0474
[1] 9000.0000    0.0000    0.8301   -0.0774    1.9360    1.1387
[1] 9100.0000    0.0000    0.9806    0.0430    1.7083    1.0696
[1] 9200.0000    0.0000    0.8777    0.1167    1.7193    1.1489
[1] 9300.0000    0.0000    0.8689   -0.0063    1.8595    0.9976
[1] 9400.0000    0.0000    0.9737    0.2037    1.6087    1.0570
[1] 9500.0000    0.0000    0.8817   -0.1139    1.9535    1.0875
[1] 9600.0000    0.8991    0.9566   -0.1849    1.9021    1.1182
[1] 9700.0000    0.0000    0.9657    0.6044    1.2433    0.9166
[1] 9800.0000    0.0000    0.9450    0.0278    1.8440    1.0855
[1] 9900.0000    0.0000    0.9142    0.6155    1.2034    0.9274
[1] 10000.0000     0.3998     0.9984    -0.2908     2.1384     0.9987
[1] 10100.0000     0.9104     0.9049    -0.4058     2.3398     1.0751
[1] 10200.0000     0.1134     0.9808    -0.6659     2.4334     0.8342
[1] 10300.0000     0.4566     0.9549     0.3046     1.5871     0.8021
[1] 10400.0000     0.0000     0.9434    -0.1227     1.9170     1.1753
[1] 10500.0000     0.0070     0.8159     0.4911     1.1798     1.1284
[1] 1.060e+04 0.000e+00 8.442e-01 9.910e-02 1.795e+00 9.495e-01
[1] 10700.0000     0.0000     0.9346     0.2914     1.6395     1.0990
[1] 10800.0000     0.0567     0.9785     0.0143     1.8669     1.1554
[1] 10900.0000     0.0000     0.9660     0.4294     1.5313     1.1970
[1] 11000.0000     0.2240     0.8012     0.1037     1.8628     0.9407
[1] 11100.0000     0.0000     0.8902    -0.0304     1.9338     0.9114
[1] 11200.0000     0.1951     0.9645    -0.0207     1.8010     0.8187
[1] 11300.0000     0.0000     0.9481    -0.7664     2.5642     1.1448
[1] 11400.0000     0.0002     0.9548     0.1052     1.6683     1.0047
[1] 11500.0000     0.0000     0.8061    -0.2906     2.1792     1.1646
[1] 11600.0000     0.0068     0.9382    -0.0753     1.7399     0.8033
[1] 11700.0000     0.1212     0.9895     0.1294     1.7134     1.1864
[1] 11800.0000     0.0000     0.8027    -0.0197     1.8078     0.8530
[1] 11900.0000     0.0000     0.8066    -0.0168     1.8906     1.0802
[1] 12000.0000     0.0000     0.8056    -0.0259     1.8956     1.1142
[1] 12100.0000     0.0000     0.8666    -0.7994     2.6098     0.9630
[1] 12200.0000     0.1780     0.9853     0.2535     1.6192     1.1443
[1] 12300.0000     0.0096     0.8010     0.0293     1.8294     0.8810
[1] 12400.0000     0.6023     0.8046    -0.2792     2.2040     0.8797
[1] 12500.0000     0.0000     0.9939    -0.2749     2.1880     0.9707
[1] 12600.0000     0.0000     0.9359    -0.7774     2.6804     1.1279
[1] 12700.0000     0.7405     0.9614    -0.2949     2.0011     0.8958
[1] 12800.0000     0.0000     0.9108    -0.1904     2.1240     1.0765
[1] 12900.0000     0.2434     0.9204     0.2523     1.6078     0.8219
[1] 13000.0000     0.0000     0.9313    -0.1655     2.0072     1.1678
[1] 13100.0000     0.0000     0.9339     1.0941     0.7612     1.1193
[1] 13200.0000     1.0000     0.9955    -0.0234     1.9776     0.8578
[1] 13300.0000     0.0000     0.8062    -0.5153     2.4555     1.1333
[1] 13400.0000     0.0000     0.9676     0.1859     1.6353     1.1418
[1] 13500.0000     0.0000     0.8466    -0.3536     2.1605     0.8143
[1] 13600.0000     0.0000     0.8917     0.0670     1.8014     1.0301
[1] 13700.0000     0.0000     0.9943    -0.2481     2.1283     1.1132
[1] 13800.0000     0.0000     0.9275    -0.3129     2.1691     1.0955
[1] 13900.0000     0.0006     0.8960     0.1489     1.7321     0.9798
[1] 14000.0000     0.0000     0.9588    -0.1890     2.0901     0.9662
[1] 14100.0000     0.0000     0.8844    -0.2884     1.9961     1.1867
[1] 14200.0000     0.0001     0.8479    -0.0542     1.8603     0.8739
[1] 14300.0000     0.0000     0.8359    -1.0442     2.8903     1.0907
[1] 14400.0000     0.2076     0.9825    -0.1815     2.0180     0.9794
[1] 14500.0000     1.0000     0.9833     0.2673     1.6230     1.1771
[1] 14600.0000     0.0107     0.9850     0.4714     1.4226     0.9950
[1] 14700.0000     0.0000     0.9923    -0.2061     2.0023     1.0723
[1] 14800.0000     0.0000     0.8106     0.2781     1.5251     1.0978
[1] 14900.0000     0.0764     0.9582    -0.3571     2.2782     1.0321
[1] 15000.0000     0.0168     0.9447     0.0161     1.8298     0.8911
[1] 15100.0000     0.3901     0.8384    -0.3515     2.2630     0.8510
[1] 15200.0000     0.0000     0.9307     0.0537     1.8819     0.9934
[1] 15300.0000     0.8338     0.9517     0.0757     1.8308     1.1636
[1] 15400.0000     1.0000     0.9829    -0.1479     2.0318     1.0368
[1] 15500.0000     0.0000     0.9734    -0.7615     2.6711     1.1714
[1] 15600.0000     0.0000     0.8520    -0.6338     2.4634     1.1912
[1] 15700.0000     0.0000     0.8475    -0.2110     2.0822     0.9690
[1] 15800.0000     0.0203     0.8834    -0.2198     2.0690     0.9061
[1] 15900.0000     0.0000     0.9431     0.0772     1.7235     0.8611
[1] 16000.0000     0.1393     0.9378    -0.5760     2.4592     1.1044
[1] 16100.0000     0.0000     0.9566     0.1084     1.7937     1.0234
[1] 16200.0000     0.0008     0.9466     0.2247     1.5702     0.9477
[1] 16300.0000     0.0000     0.9327    -0.2772     2.1468     0.9714
[1] 16400.0000     0.0000     0.8699    -0.3816     2.2200     0.9170
[1] 16500.0000     1.0000     0.9407     0.4495     1.3937     0.9877
[1] 16600.0000     0.0061     0.8568     0.1856     1.7452     1.0645
[1] 16700.0000     0.0000     0.9287    -0.2630     2.0653     0.9633
[1] 16800.0000     0.0000     0.8165    -0.2457     2.1491     1.0376
[1] 16900.0000     0.0000     0.8138    -0.0058     1.8240     1.1004
[1] 17000.0000     0.0000     0.9790    -0.5037     2.3005     0.8822
[1] 1.710e+04 2.500e-03 9.262e-01 1.217e-01 1.745e+00 9.696e-01
[1] 17200.0000     0.1620     0.9497    -0.0223     1.9323     0.8252
[1] 17300.0000     0.7052     0.8396    -0.2518     2.1608     1.0131
[1] 17400.0000     0.0000     0.8593    -0.3178     2.2092     1.1450
[1] 17500.0000     0.0000     0.9983     0.4526     1.5105     0.9809
[1] 17600.0000     0.0000     0.9563     0.2024     1.6922     1.0643
[1] 17700.0000     0.0000     0.8794    -0.0850     1.9945     0.9707
[1] 17800.0000     0.0235     0.9571    -0.6133     2.5567     0.9258
[1] 17900.0000     0.0001     0.9083    -0.0931     1.9662     0.9495
[1] 18000.0000     1.0000     0.9109    -0.2918     2.1353     0.8712
[1] 18100.0000     0.0000     0.9461    -0.2711     2.0755     0.9222
[1] 18200.0000     0.0021     0.8142     1.0453     0.8431     0.8298
[1] 18300.0000     0.0000     0.9928    -0.0232     1.9198     1.1096
[1] 18400.0000     0.0000     0.9121    -0.0547     1.9376     0.9764
[1] 18500.0000     0.0000     0.8451    -0.4291     2.3155     0.9054
[1] 18600.0000     0.0001     0.8121    -0.2136     2.0680     0.9608
[1] 18700.0000     0.0000     0.8176    -0.2179     1.9703     1.1379
[1] 1.880e+04 0.000e+00 8.537e-01 8.720e-02 1.728e+00 9.005e-01
[1] 18900.0000     0.0000     0.9024    -0.3359     2.1219     1.0613
[1] 19000.0000     0.0003     0.8770    -0.1841     2.0512     1.0394
[1] 19100.0000     0.0000     0.8142     0.1648     1.6185     1.0716
[1] 19200.0000     0.0000     0.8001     0.4069     1.4257     0.9641
[1] 19300.0000     0.0000     0.9918    -0.2131     2.0570     0.8386
[1] 19400.0000     0.0000     0.9097    -0.2218     2.2501     1.0433
[1] 19500.0000     0.0000     0.9654     0.0109     1.8337     0.9669
[1] 19600.0000     0.7672     0.9162    -0.4931     2.2404     0.8038
[1] 19700.0000     0.0022     0.9629    -0.1456     1.9190     0.8437
[1] 19800.0000     0.0000     0.9911     0.4162     1.4521     0.9546
[1] 19900.0000     0.0000     0.9981    -0.4706     2.3657     1.0280
[1] 20000.0000     0.0000     0.8708    -0.2271     2.0566     1.0213
[1] 20100.0000     0.0000     0.9794     0.2305     1.6159     1.1721
[1] 20200.0000     1.0000     0.9840    -0.3337     2.1679     1.1380
[1] 20300.0000     0.0000     0.8028    -0.0889     1.9235     0.9708
[1] 20400.0000     0.0694     0.9845    -0.0045     1.8336     1.1049
[1] 20500.0000     0.0000     0.8964    -0.0945     2.0042     1.1285
[1] 20600.0000     0.8214     0.9169     0.0032     1.9070     1.1057
[1] 20700.0000     0.9953     0.8107    -0.1225     2.0503     1.0874
[1] 20800.0000     0.0000     0.9606    -0.5802     2.4484     1.0886
[1] 20900.0000     0.0481     0.9109    -0.1866     2.0293     0.9980
[1] 21000.0000     0.0000     0.9912     0.4366     1.4226     1.0875
[1] 21100.0000     0.0000     0.9732    -0.0792     1.8445     0.8253
[1] 21200.0000     0.1143     0.9704     0.2988     1.5148     1.1667
[1] 21300.0000     0.0000     0.8782    -0.5555     2.4008     1.0748
[1] 21400.0000     0.0017     0.9631    -0.1527     1.9376     1.1232
[1] 21500.0000     0.0004     0.9322    -0.2509     2.1658     1.1668
[1] 21600.0000     0.0919     0.8420    -0.2759     2.1077     0.8926
[1] 21700.0000     0.0000     0.8449    -0.0691     1.9069     0.9351
[1] 21800.0000     0.0232     0.8660    -0.0280     1.8907     1.1387
[1] 21900.0000     0.0000     0.9424     0.2244     1.6491     1.1768
[1] 22000.0000     0.0000     0.8850     0.4544     1.4208     0.9555
[1] 22100.0000     0.0000     0.8953    -0.2452     2.0763     0.9321
[1] 22200.0000     0.0000     0.9218    -0.3198     2.1498     0.8208
[1] 22300.0000     1.0000     0.9726     0.0202     1.8764     0.8521
[1] 22400.0000     0.0023     0.9494    -0.2981     2.1620     0.9207
[1] 22500.0000     0.4148     0.8623     0.1923     1.7238     0.8008
[1] 22600.0000     0.0000     0.8858    -0.3708     2.2171     0.9064
[1] 22700.0000     0.0000     0.8271    -0.5233     2.3264     1.1968
[1] 22800.0000     0.0796     0.8972    -0.4731     2.1795     1.0231
[1] 22900.0000     0.0002     0.9207     0.0492     1.7573     0.8362
[1] 23000.0000     0.0000     0.9652    -0.3021     2.1509     1.0264
[1] 23100.0000     0.0000     0.9231    -0.1498     1.9318     0.8179
[1] 23200.0000     0.0029     0.9586    -0.4024     2.1557     1.0581
[1] 23300.0000     0.5193     0.9904    -0.0442     1.9564     1.1810
[1] 23400.0000     0.0004     0.8223    -0.2275     2.1176     1.0249
[1] 23500.0000     0.0000     0.8934    -0.8658     2.6436     1.1391
[1] 23600.0000     0.0000     0.8360    -0.1570     2.0150     0.8406
[1] 23700.0000     0.0000     0.8580     0.1303     1.7479     0.8494
[1] 23800.0000     0.0000     0.9509    -0.2377     2.0471     0.9516
[1] 23900.0000     0.0433     0.9638     0.3776     1.4459     1.0121
[1] 24000.0000     0.0000     0.9801     0.2307     1.5301     1.1551
[1] 24100.0000     0.0000     0.8747    -0.3603     2.1462     1.0767
[1] 24200.0000     0.0000     0.8399    -0.0012     1.7635     1.0287
[1] 24300.0000     0.0000     0.9879    -0.3298     2.1895     1.1930
[1] 24400.0000     0.1975     0.9020     0.3324     1.5985     1.0534
[1] 24500.0000     0.0000     0.9407     0.3147     1.4543     1.0416
[1] 24600.0000     0.0000     0.9062    -0.1313     1.9691     0.8877
[1] 24700.0000     0.0195     0.9574    -0.5386     2.3672     1.0919
[1] 24800.0000     0.5291     0.8109    -0.0430     1.8417     1.1899
[1] 24900.0000     0.0994     0.9495    -0.0448     1.9253     0.8626
[1] 25000.0000     0.1138     0.8801     0.0883     1.6624     0.8235
[1] 25100.0000     0.0046     0.9102     0.3335     1.5494     0.9221
[1] 25200.0000     0.0000     0.9920    -0.0896     1.9748     0.8420
[1] 25300.0000     0.9320     0.8151    -0.0468     1.8540     1.0748
[1] 25400.0000     1.0000     0.8988    -0.1905     2.0462     1.0888
[1] 25500.0000     0.0000     0.8147    -0.0370     1.9031     1.1844
[1] 25600.0000     0.0000     0.8519    -0.5047     2.3889     1.1459
[1] 25700.0000     0.0000     0.8060     0.0164     1.8655     0.8422
[1] 25800.0000     0.0000     0.8043    -0.5312     2.3809     0.8730
[1] 25900.0000     1.0000     0.8632    -0.3039     2.1371     1.1254
[1] 26000.0000     0.4460     0.9492    -0.1573     2.1081     1.0058
[1] 26100.0000     0.0000     0.9196    -0.0782     1.8851     1.1722
[1] 26200.0000     0.0000     0.9529    -0.2928     2.0595     1.0017
[1] 26300.0000     0.0002     0.9342    -0.0322     1.8833     1.1434
[1] 2.640e+04 0.000e+00 8.767e-01 2.641e-01 1.533e+00 8.041e-01
[1] 26500.0000     0.8114     0.9678     0.6488     1.2187     0.9418
[1] 26600.0000     0.0000     0.9293    -0.1184     2.0307     0.8497
[1] 26700.0000     0.1046     0.9890     0.0816     1.7237     0.9390
[1] 26800.0000     0.0000     0.8448    -0.8239     2.6770     0.8652
[1] 26900.0000     0.0000     0.9586     0.4842     1.4802     1.0279
[1] 27000.0000     0.0000     0.8280     0.0491     1.8249     0.9596
[1] 27100.0000     0.8493     0.9280    -0.3750     2.2828     1.0348
[1] 27200.0000     0.0207     0.8628     0.1912     1.7038     1.0265
[1] 27300.0000     0.0000     0.9754    -0.1338     2.0347     0.9688
[1] 27400.0000     0.0000     0.9269     0.3904     1.4759     1.0000
[1] 27500.0000     0.0000     0.8463     0.6487     1.2585     0.8762
[1] 27600.0000     0.0000     0.8732     0.4618     1.4141     0.9172
[1] 27700.0000     0.0000     0.8768     0.3364     1.5471     1.0202
[1] 27800.0000     0.0000     0.8358     0.6171     1.2702     1.1051
[1] 27900.0000     0.8435     0.8904    -0.0169     1.9170     0.9276
[1] 28000.0000     0.0000     0.8025    -0.3522     2.2455     0.9240
[1] 28100.0000     0.0000     0.9306    -0.3901     2.3419     0.8823
[1] 28200.0000     0.0000     0.9693    -0.1877     2.0519     0.8876
[1] 28300.0000     0.0000     0.9886    -0.4813     2.3076     1.1843
[1] 28400.0000     0.3708     0.9594     0.3113     1.6343     0.8105
[1] 28500.0000     0.0000     0.9130     0.4577     1.3577     1.1129
[1] 28600.0000     0.0004     0.9856     0.3566     1.3538     1.1641
[1] 28700.0000     0.0000     0.8546    -0.3639     2.1664     0.9787
[1] 28800.0000     0.0003     0.8104     0.3048     1.5259     1.1940
[1] 28900.0000     0.0000     0.9040    -0.4827     2.2545     0.8375
[1] 29000.0000     0.0000     0.9692    -0.5908     2.3366     0.9910
[1] 29100.0000     0.0000     0.9089    -0.7329     2.5677     0.8717
[1] 29200.0000     0.0492     0.9889     0.3359     1.4785     1.0979
[1] 29300.0000     1.0000     0.9064     0.0874     1.6979     1.0368
[1] 29400.0000     0.0015     0.9394     0.4187     1.4017     1.1754
[1] 29500.0000     0.0000     0.8510    -0.4266     2.3105     0.8942
[1] 2.960e+04 1.000e-04 8.335e-01 1.764e-01 1.667e+00 1.194e+00
[1] 29700.0000     0.0000     0.8240     0.2882     1.5977     1.1041
[1] 29800.0000     0.0000     0.8503    -0.0559     1.8500     0.9822
[1] 29900.0000     0.8879     0.9798     0.1620     1.7418     1.0014
[1] 30000.0000     0.0063     0.9561     1.0229     0.8303     1.0811
[1] 0.1279549
Time difference of 4.079393 hours
null device 
          1 
