[1] "El numero de nodos X particion es: 10"
[1] "Model = M2 / Data = sim_data/datasetSVCMatern6.Rdata"
[1] 100.0000   0.0000   0.9429   0.0213   1.8563   1.1970
[1] 200.0000   0.0035   0.9593  -0.0087   1.5905   1.1137
[1] 300.0000   0.2190   0.8776  -0.0303   1.6037   1.0665
[1] 400.0000   0.0000   0.9197  -0.2265   1.5511   0.9697
[1] 500.0000   0.0617   0.8922  -0.2564   1.6258   1.0611
[1] 600.0000   0.0000   0.8891  -0.2138   1.4168   0.8464
[1] 700.0000   0.0435   0.8121  -0.2216   1.4631   0.8234
[1] 800.0000   0.4164   0.8830  -0.2333   1.4960   0.9772
[1] 900.0000   0.0342   0.9578  -0.1819   1.4971   0.9628
[1] 1000.0000    0.0002    0.9945   -0.2655    1.4702    0.8801
[1] 1100.0000    0.0064    0.9750   -0.1747    1.5023    0.9937
[1] 1200.0000    1.0000    0.8603   -0.2139    1.5496    0.9164
[1] 1300.0000    0.1218    0.9996   -0.1293    1.6160    0.8127
[1] 1400.0000    0.6002    0.9303   -0.3168    1.5875    1.1894
[1] 1500.0000    0.0628    0.9942   -0.2533    1.5856    0.9196
[1] 1600.0000    0.0002    0.8983   -0.2743    1.5159    0.8621
[1] 1700.0000    0.0002    0.9937   -0.2359    1.5715    0.8095
[1] 1800.0000    0.0002    0.9234   -0.1731    1.5964    1.1307
[1] 1900.0000    0.1117    0.9875   -0.1186    1.4277    0.8532
[1] 2000.0000    1.0000    0.8107   -0.1641    1.5185    0.8113
[1] 2100.0000    0.0001    0.8967   -0.1934    1.4931    0.8513
[1] 2200.0000    0.0875    0.9767   -0.2394    1.5305    0.8274
[1] 2300.0000    0.0146    0.9479   -0.2845    1.5447    0.9070
[1] 2400.0000    0.6823    0.9764   -0.1074    1.5722    1.0594
[1] 2500.0000    0.5550    0.9002   -0.2609    1.4880    1.1531
[1] 2600.0000    0.0280    0.9479   -0.2303    1.5698    0.8038
[1] 2700.0000    0.1177    0.9335   -0.1352    1.5326    0.9591
[1] 2800.0000    0.1443    0.8906   -0.2421    1.6222    0.8787
[1] 2900.0000    0.0699    0.8994   -0.2733    1.5070    1.0050
[1] 3000.0000    0.3671    0.9623   -0.2698    1.6000    1.1476
[1] 3100.0000    0.0793    0.9787   -0.2236    1.6164    0.9283
[1] 3200.0000    0.0000    0.9624   -0.1604    1.4888    0.8773
[1] 3300.0000    0.0892    0.9877   -0.2552    1.4273    0.9428
[1] 3400.0000    0.0187    0.9079   -0.1704    1.5285    0.8348
[1] 3500.0000    1.0000    0.9338   -0.2684    1.6124    0.8830
[1] 3600.0000    0.5598    0.8553   -0.2176    1.5062    1.1349
[1] 3700.0000    0.5849    0.9624   -0.1360    1.4734    0.8094
[1] 3800.0000    0.3498    0.9791   -0.2875    1.4432    1.0179
[1] 3900.0000    0.0218    0.9030   -0.2263    1.5419    0.9530
[1] 4000.0000    1.0000    0.9388   -0.1850    1.4680    0.8131
[1] 4100.0000    0.4287    0.8706   -0.1710    1.5402    0.9194
[1] 4200.0000    0.0705    0.9756   -0.2042    1.5043    0.9752
[1] 4300.0000    0.0001    0.9986   -0.2090    1.5859    0.9026
[1] 4400.0000    0.0259    0.9571   -0.1868    1.6229    0.9932
[1] 4500.0000    0.0628    0.9418   -0.1846    1.6216    0.8522
[1] 4600.0000    0.0904    0.9581   -0.2152    1.4885    0.8180
[1] 4700.0000    0.0001    0.9709   -0.2382    1.5208    1.0444
[1] 4800.0000    0.0901    0.9940   -0.1545    1.5932    1.1699
[1] 4900.0000    0.0075    0.9222   -0.0843    1.6336    0.9837
[1] 5000.0000    1.0000    0.9273   -0.1312    1.5093    1.0348
[1] 5100.0000    0.4345    0.9679   -0.1894    1.5238    1.1951
[1] 5200.0000    0.1833    0.8350   -0.2699    1.6089    1.0935
[1] 5300.0000    0.0112    0.9448   -0.2435    1.5587    0.8814
[1] 5400.0000    0.2407    0.9974   -0.1475    1.6208    1.1725
[1] 5500.0000    0.3150    0.8506   -0.1906    1.4737    1.1979
[1] 5600.0000    0.0218    0.9989   -0.3562    1.6469    1.0046
[1] 5700.0000    0.4309    0.9545   -0.2565    1.5134    0.8805
[1] 5800.0000    0.3028    0.8520   -0.1895    1.6085    1.0482
[1] 5900.0000    1.0000    0.8759   -0.1664    1.5178    1.0113
[1] 6000.0000    1.0000    0.8325   -0.2792    1.5257    0.8825
[1] 6100.0000    0.0011    0.9025   -0.1222    1.5724    0.9119
[1] 6200.0000    0.8678    0.8336   -0.2759    1.4476    0.9759
[1] 6300.0000    0.0082    0.9569   -0.2324    1.5768    0.8080
[1] 6400.0000    0.0568    0.9885   -0.2593    1.4953    0.8165
[1] 6500.0000    0.0193    0.9145   -0.2043    1.5035    0.8046
[1] 6600.0000    0.0400    0.8918   -0.2580    1.5290    1.0184
[1] 6700.0000    0.0025    0.9726   -0.2675    1.4664    1.0730
[1] 6800.0000    0.1153    0.9947   -0.3014    1.5345    0.8549
[1] 6900.0000    0.0495    0.9113   -0.3252    1.4998    0.9410
[1] 7000.0000    0.0218    0.9736   -0.2615    1.5340    1.0588
[1] 7100.0000    0.3374    0.8440   -0.1890    1.5805    0.9302
[1] 7200.0000    0.0001    0.9995   -0.1309    1.6027    0.8671
[1] 7300.0000    0.7276    0.9616   -0.3408    1.6026    0.8824
[1] 7400.0000    0.0004    0.8164   -0.3533    1.4760    0.8600
[1] 7500.0000    0.0130    0.9538   -0.1134    1.5952    1.0728
[1] 7600.0000    0.0181    0.9493   -0.2641    1.5144    0.9281
[1] 7700.0000    0.0476    0.9690   -0.1923    1.5419    0.9355
[1] 7800.0000    0.0233    0.9829   -0.2276    1.5265    1.0003
[1] 7900.0000    0.0366    0.9605   -0.1956    1.5122    0.8727
[1] 8000.0000    0.0013    0.9888   -0.2648    1.4211    0.8620
[1] 8100.0000    0.0044    0.9773   -0.1207    1.5347    0.9160
[1] 8200.0000    0.0020    0.9803   -0.1982    1.5303    0.8647
[1] 8300.0000    0.0500    0.8896   -0.1267    1.6342    1.1748
[1] 8400.0000    0.2078    0.9589   -0.2554    1.5594    1.0527
[1] 8500.0000    0.0068    0.9438   -0.2017    1.5137    1.0608
[1] 8600.0000    0.5142    0.9214   -0.2469    1.5070    1.0135
[1] 8700.0000    0.4776    0.8293   -0.1711    1.4750    0.8767
[1] 8800.0000    0.9685    0.9324   -0.1931    1.5895    0.8066
[1] 8900.0000    0.2058    0.9431   -0.2418    1.5558    1.1381
[1] 9000.0000    0.0163    0.9901   -0.1791    1.5496    0.8211
[1] 9100.0000    0.2745    0.8060   -0.1660    1.4981    0.8104
[1] 9200.0000    0.0483    0.9676   -0.3281    1.5399    0.9842
[1] 9300.0000    0.0001    0.9915   -0.1033    1.6337    0.9316
[1] 9400.0000    0.8787    0.8662   -0.0306    1.4615    0.8284
[1] 9500.0000    1.0000    0.9477   -0.2560    1.6034    1.0427
[1] 9600.0000    0.2034    0.9993   -0.1797    1.5296    0.8928
[1] 9700.0000    0.6303    0.9220   -0.1395    1.4816    1.0810
[1] 9800.0000    0.4616    0.8323   -0.2622    1.5427    0.8368
[1] 9900.0000    0.0001    0.8466   -0.1141    1.5395    0.8248
[1] 10000.0000     1.0000     0.8618    -0.1534     1.4398     0.8032
[1] 10100.0000     1.0000     0.9049    -0.2557     1.5440     1.0751
[1] 10200.0000     0.2519     0.9808    -0.3341     1.5787     0.8342
[1] 10300.0000     0.6281     0.9112    -0.1066     1.5133     1.0320
[1] 10400.0000     0.0130     0.9274    -0.1722     1.5947     0.8733
[1] 10500.0000     0.0585     0.8159    -0.1764     1.5618     1.1284
[1] 10600.0000     0.0412     0.9813    -0.2311     1.6035     1.0459
[1] 10700.0000     0.0586     0.8531    -0.2464     1.5601     0.8181
[1] 10800.0000     0.3398     0.9995    -0.2187     1.4911     0.8543
[1] 10900.0000     0.4376     0.8113    -0.3365     1.6239     0.8573
[1] 11000.0000     0.0800     0.9998    -0.2553     1.5985     0.9957
[1] 11100.0000     0.0133     0.9602    -0.0989     1.6532     0.8572
[1] 11200.0000     0.7354     0.9412    -0.2838     1.5434     0.8257
[1] 11300.0000     0.1899     0.9738    -0.2631     1.5371     1.1215
[1] 11400.0000     1.0000     0.9866    -0.2019     1.4517     0.8664
[1] 11500.0000     0.0000     0.9311    -0.2070     1.4561     0.8792
[1] 11600.0000     0.4199     0.9382    -0.3071     1.4964     0.8033
[1] 11700.0000     0.6010     0.9810    -0.2548     1.5103     0.9386
[1] 11800.0000     0.0007     0.8440    -0.1665     1.5119     0.8198
[1] 11900.0000     0.0843     0.9675    -0.1373     1.5563     0.9621
[1] 12000.0000     0.6807     0.9595    -0.2154     1.5564     1.1960
[1] 12100.0000     1.0000     0.9650    -0.2662     1.5510     0.9420
[1] 12200.0000     0.1100     0.9594    -0.2156     1.4535     0.8046
[1] 12300.0000     0.2336     0.9623    -0.0948     1.5116     1.1420
[1] 12400.0000     1.0000     0.8046    -0.2430     1.4692     0.8797
[1] 12500.0000     0.0272     0.9120    -0.0523     1.5890     1.1259
[1] 12600.0000     0.0368     0.9787    -0.1856     1.5677     0.8332
[1] 12700.0000     0.0000     0.9614    -0.2785     1.6914     0.8958
[1] 12800.0000     0.0151     0.9087    -0.2466     1.5062     1.0631
[1] 12900.0000     0.2451     0.9045    -0.2939     1.4476     0.9333
[1] 13000.0000     0.0347     0.9696    -0.1824     1.4845     0.9346
[1] 13100.0000     0.4277     0.9404    -0.2813     1.4850     0.9822
[1] 13200.0000     0.3679     0.9801    -0.2319     1.4750     0.8746
[1] 13300.0000     0.7901     0.9675    -0.0593     1.6504     1.1190
[1] 13400.0000     0.0654     0.9485    -0.2034     1.5103     1.0271
[1] 13500.0000     0.0052     0.8466    -0.2472     1.5388     0.8143
[1] 13600.0000     0.2176     0.8917    -0.2221     1.5367     1.0301
[1] 13700.0000     1.0000     0.8314    -0.1738     1.5443     0.8589
[1] 13800.0000     0.1882     0.9685    -0.2885     1.5343     0.9435
[1] 13900.0000     0.5703     0.9575    -0.2874     1.5125     1.0672
[1] 14000.0000     1.0000     0.9598    -0.2389     1.5274     0.8043
[1] 14100.0000     0.0019     0.9803    -0.1413     1.5697     1.0983
[1] 14200.0000     1.0000     0.9100    -0.1350     1.5691     1.1948
[1] 14300.0000     0.9307     0.9874    -0.2886     1.6152     0.9095
[1] 14400.0000     0.0761     0.8823    -0.3342     1.5844     0.8194
[1] 14500.0000     0.0218     0.9549    -0.3071     1.4732     0.9518
[1] 14600.0000     0.1295     0.8084    -0.2019     1.4937     0.8928
[1] 14700.0000     1.0000     0.8840    -0.1494     1.4931     1.0394
[1] 14800.0000     0.2611     0.9533    -0.0962     1.5598     0.8106
[1] 14900.0000     0.4110     0.8246    -0.2033     1.5522     0.8054
[1] 15000.0000     0.0001     0.9486    -0.2427     1.5259     0.9418
[1] 15100.0000     0.3773     0.8384    -0.2435     1.5390     0.8510
[1] 15200.0000     0.0448     0.9589    -0.1730     1.5063     0.9136
[1] 15300.0000     0.4392     0.8856    -0.1807     1.4806     0.9730
[1] 15400.0000     0.9660     0.9829    -0.2188     1.6222     1.0368
[1] 15500.0000     0.0307     0.9423    -0.2097     1.4861     0.8091
[1] 15600.0000     0.1091     0.9955    -0.2419     1.5648     0.8299
[1] 15700.0000     0.6952     0.9225    -0.0935     1.5230     0.9294
[1] 15800.0000     0.0703     0.8952    -0.2301     1.5018     0.8084
[1] 15900.0000     0.0159     0.9581    -0.2092     1.5150     0.8196
[1] 16000.0000     0.6816     0.9761    -0.2586     1.5796     1.0600
[1] 16100.0000     1.0000     0.9477    -0.2919     1.4336     0.9420
[1] 16200.0000     0.1951     0.8074    -0.2643     1.5085     0.8047
[1] 16300.0000     0.3642     0.9029    -0.1550     1.5584     1.0365
[1] 16400.0000     0.2516     0.9335    -0.2211     1.5806     1.0354
[1] 16500.0000     0.6214     0.9894    -0.1198     1.5396     0.9222
[1] 16600.0000     0.1242     0.9294    -0.2635     1.5990     0.8662
[1] 16700.0000     0.4595     0.9070    -0.2148     1.5421     1.1930
[1] 16800.0000     0.9119     0.9593    -0.2909     1.4774     0.8375
[1] 16900.0000     0.0004     0.9014    -0.2987     1.5107     0.8459
[1] 17000.0000     0.0113     0.9815    -0.1613     1.5831     0.9010
[1] 17100.0000     0.0088     0.9483     0.0039     1.5161     0.9775
[1] 17200.0000     0.0808     0.9497    -0.2227     1.5520     0.8252
[1] 17300.0000     0.1708     0.9564    -0.3024     1.4767     0.9524
[1] 17400.0000     0.2883     0.9623    -0.1955     1.6432     1.1696
[1] 17500.0000     1.0000     0.9645    -0.2306     1.5853     0.9956
[1] 17600.0000     0.2207     0.9193    -0.2192     1.5289     0.8193
[1] 17700.0000     0.0030     0.8794    -0.1813     1.4095     0.9707
[1] 17800.0000     1.0000     0.9968    -0.2179     1.4210     0.8268
[1] 17900.0000     0.0049     0.9291    -0.3538     1.6259     0.9192
[1] 18000.0000     1.0000     0.9109    -0.1055     1.5722     0.8712
[1] 18100.0000     0.1175     0.9137    -0.1739     1.4964     0.9014
[1] 18200.0000     0.0825     0.8127    -0.1468     1.5077     0.8547
[1] 18300.0000     1.0000     0.9137    -0.2623     1.5279     0.9901
[1] 18400.0000     0.0001     0.9243    -0.3509     1.4777     1.1066
[1] 18500.0000     1.0000     0.8751    -0.1323     1.5860     0.8892
[1] 18600.0000     0.2947     0.8932    -0.1041     1.5671     0.8460
[1] 18700.0000     0.1197     0.8306    -0.2049     1.4927     0.9156
[1] 18800.0000     1.0000     0.9422    -0.2055     1.6035     0.8265
[1] 18900.0000     0.0168     0.8387    -0.3608     1.4801     0.8037
[1] 19000.0000     0.1781     0.8087    -0.2675     1.6894     1.1060
[1] 19100.0000     0.6649     0.9272    -0.2349     1.6220     0.8583
[1] 19200.0000     0.5132     0.8319    -0.1978     1.4084     1.0132
[1] 19300.0000     0.0061     0.9918    -0.1937     1.5892     0.8386
[1] 19400.0000     1.0000     0.8507    -0.1673     1.5065     0.9744
[1] 19500.0000     0.0089     0.9718    -0.2389     1.5648     0.8258
[1] 19600.0000     1.0000     0.9648    -0.2384     1.6008     1.1447
[1] 19700.0000     0.2132     0.8143    -0.2412     1.5708     0.8081
[1] 19800.0000     0.1730     0.9869    -0.2002     1.5196     0.9076
[1] 19900.0000     0.9918     0.9655    -0.2737     1.5995     0.8660
[1] 20000.0000     1.0000     0.9605    -0.1767     1.5089     0.8244
[1] 20100.0000     0.0006     0.9102    -0.2271     1.5909     1.0384
[1] 20200.0000     0.7908     0.9840    -0.2182     1.5507     1.1380
[1] 20300.0000     1.0000     0.9019    -0.2169     1.4675     1.0263
[1] 20400.0000     0.6481     0.9596    -0.2023     1.4408     1.0259
[1] 20500.0000     1.0000     0.8702    -0.2306     1.5611     0.9048
[1] 20600.0000     0.0859     0.9963    -0.2212     1.5335     0.8156
[1] 20700.0000     0.0745     0.9721    -0.1495     1.5609     0.9967
[1] 20800.0000     1.0000     0.9981    -0.1989     1.6566     1.0246
[1] 20900.0000     0.3508     0.9072    -0.1460     1.5313     1.0199
[1] 21000.0000     0.0727     0.9912    -0.0963     1.5078     1.0875
[1] 21100.0000     0.0203     0.8745    -0.2365     1.5565     0.8760
[1] 21200.0000     1.0000     0.9611    -0.2236     1.5486     0.8029
[1] 21300.0000     0.5485     0.8260    -0.1740     1.5045     0.9202
[1] 21400.0000     0.4585     0.8276    -0.2224     1.5379     0.8233
[1] 21500.0000     0.0110     0.9709    -0.1456     1.5296     0.8819
[1] 21600.0000     0.3940     0.9719    -0.2385     1.5171     0.8354
[1] 21700.0000     0.0308     0.9973    -0.3237     1.4544     0.9605
[1] 21800.0000     0.0730     0.9679    -0.1865     1.6127     0.8456
[1] 21900.0000     0.2735     0.9598    -0.1316     1.6197     0.8497
[1] 22000.0000     0.1899     0.8850    -0.1895     1.4919     0.9555
[1] 22100.0000     0.0716     0.8953    -0.2780     1.4654     0.9321
[1] 22200.0000     0.5799     0.8579    -0.2098     1.4633     0.8534
[1] 22300.0000     1.0000     0.9726    -0.2216     1.5842     0.8521
[1] 22400.0000     0.3182     0.8145    -0.3188     1.4824     0.8604
[1] 22500.0000     1.0000     0.9879    -0.0760     1.5057     0.8971
[1] 22600.0000     0.0393     0.9490    -0.2319     1.5928     1.0906
[1] 22700.0000     0.0095     0.8893    -0.2628     1.5333     0.9545
[1] 22800.0000     0.0378     0.8972    -0.1929     1.4240     1.0231
[1] 22900.0000     0.2856     0.8804    -0.2160     1.5119     0.9211
[1] 23000.0000     0.0167     0.8188    -0.1257     1.4934     1.0070
[1] 23100.0000     0.0311     0.9231    -0.2450     1.6176     0.8179
[1] 23200.0000     0.0906     0.9832    -0.1994     1.5572     0.9881
[1] 23300.0000     0.6925     0.9627    -0.1404     1.4931     0.8504
[1] 23400.0000     0.0619     0.8888    -0.2360     1.4184     1.0444
[1] 23500.0000     0.6170     0.8797    -0.1704     1.5759     0.8266
[1] 23600.0000     0.0651     0.8176    -0.2493     1.5376     0.8266
[1] 23700.0000     0.1878     0.8580    -0.2168     1.5111     0.8494
[1] 23800.0000     0.0162     0.9573    -0.2377     1.4390     0.8018
[1] 23900.0000     0.2826     0.9920    -0.0974     1.5063     1.0485
[1] 24000.0000     0.3940     0.8384    -0.1566     1.4591     0.8235
[1] 24100.0000     1.0000     0.9214    -0.2717     1.4985     0.8541
[1] 24200.0000     0.1556     0.8467    -0.3054     1.5556     0.8230
[1] 24300.0000     0.0676     0.9595    -0.2941     1.5363     0.9607
[1] 24400.0000     1.0000     0.9947    -0.2241     1.5263     0.9697
[1] 24500.0000     0.0549     0.9726    -0.1789     1.6188     1.0605
[1] 24600.0000     1.0000     0.8728    -0.2013     1.5913     0.8292
[1] 24700.0000     0.5146     0.9195    -0.1361     1.5533     0.8781
[1] 24800.0000     0.0268     0.9547    -0.2149     1.5111     0.8428
[1] 24900.0000     0.0316     0.9802    -0.3193     1.5542     0.9496
[1] 25000.0000     0.9771     0.8801    -0.1709     1.5105     0.8235
[1] 25100.0000     0.4562     0.9249    -0.1598     1.6462     1.0516
[1] 25200.0000     0.1783     0.9507    -0.2078     1.5307     0.9719
[1] 25300.0000     0.0145     0.9779    -0.3367     1.4843     0.8977
[1] 25400.0000     0.0957     0.9621    -0.2575     1.4596     0.9516
[1] 25500.0000     0.0806     0.8417    -0.1928     1.4429     0.8432
[1] 25600.0000     0.0030     0.9041    -0.1737     1.6207     1.0021
[1] 25700.0000     0.0317     0.9659    -0.2335     1.5630     0.9398
[1] 25800.0000     0.2118     0.9689    -0.1878     1.5362     1.1962
[1] 25900.0000     0.0267     0.9827    -0.2001     1.5267     0.8279
[1] 26000.0000     0.2175     0.9492    -0.1743     1.5304     1.0058
[1] 26100.0000     0.0393     0.9935    -0.2313     1.5632     1.0009
[1] 26200.0000     1.0000     0.8601    -0.1353     1.5766     0.9041
[1] 26300.0000     0.2106     0.8448    -0.3523     1.5020     0.9973
[1] 26400.0000     0.1652     0.8855    -0.1000     1.4973     1.0131
[1] 26500.0000     0.1644     0.9710    -0.2052     1.4235     1.0027
[1] 26600.0000     0.2289     0.9993    -0.1736     1.4669     1.0988
[1] 26700.0000     0.4157     0.8892    -0.2089     1.5142     0.9428
[1] 26800.0000     0.3905     0.9542    -0.2685     1.4659     1.1594
[1] 26900.0000     0.0142     0.9787    -0.1745     1.5131     0.9041
[1] 27000.0000     1.0000     0.8977    -0.2468     1.5686     0.8661
[1] 27100.0000     0.0479     0.9897    -0.2163     1.5452     0.9084
[1] 27200.0000     0.3166     0.9713    -0.2745     1.5443     1.0324
[1] 27300.0000     0.0002     0.9608    -0.2619     1.4991     0.8492
[1] 27400.0000     0.0034     0.9302    -0.2695     1.4417     0.8181
[1] 27500.0000     0.0457     0.9534    -0.2308     1.5149     0.8238
[1] 27600.0000     0.0556     0.9931    -0.2553     1.5520     0.8297
[1] 27700.0000     0.0163     0.8620    -0.0114     1.6050     1.0941
[1] 27800.0000     0.5075     0.9539    -0.2776     1.6997     1.0619
[1] 27900.0000     0.2003     0.9774    -0.1450     1.5400     0.8741
[1] 28000.0000     0.0000     0.9430    -0.1907     1.5607     0.9743
[1] 28100.0000     0.0012     0.9857    -0.2525     1.6031     0.9345
[1] 28200.0000     1.0000     0.9271    -0.1988     1.5772     0.9591
[1] 28300.0000     0.1142     0.8510    -0.1277     1.5232     0.8048
[1] 28400.0000     1.0000     0.9594    -0.1963     1.5880     0.8105
[1] 28500.0000     0.0766     0.8257    -0.2268     1.4781     0.8766
[1] 28600.0000     0.0522     0.9775    -0.2926     1.5281     0.9079
[1] 28700.0000     1.0000     0.9143    -0.2770     1.5001     0.8158
[1] 28800.0000     1.0000     0.9743    -0.2177     1.5194     0.8723
[1] 28900.0000     0.1324     0.9432    -0.3388     1.6164     0.8112
[1] 29000.0000     0.1818     0.8251    -0.2339     1.4975     0.9007
[1] 29100.0000     0.1200     0.9156    -0.2244     1.5451     0.8172
[1] 29200.0000     1.0000     0.9160    -0.2377     1.4702     1.0663
[1] 29300.0000     0.2439     0.9373    -0.1904     1.4832     0.8252
[1] 29400.0000     0.0329     0.9760    -0.1236     1.4389     0.8137
[1] 29500.0000     1.0000     0.8146    -0.1596     1.5896     0.8093
[1] 29600.0000     0.1233     0.9989    -0.1479     1.6040     1.0390
[1] 29700.0000     0.2193     0.9571    -0.2046     1.4794     0.9736
[1] 29800.0000     1.0000     0.8701    -0.1896     1.5268     0.8024
[1] 29900.0000     1.0000     0.9798    -0.2357     1.6355     1.0014
[1] 30000.0000     1.0000     0.9214    -0.1883     1.5194     0.9341
[1] 0.3567057
Time difference of 11.16813 hours
null device 
          1 
