[1] "El numero de nodos X particion es: 10"
[1] "Model = M1 / Data = sim_data/datasetSVCExponential23.Rdata"
[1] 100.0000   1.0000   0.8291   0.1056   2.0440   0.9331
[1] 200.0000   1.0000   0.9804   0.0954   2.0684   1.0297
[1] 300.0000   0.8749   0.8776  -0.0359   1.9652   1.0665
[1] 400.0000   0.2242   0.9217   0.0437   1.9914   0.9692
[1] 500.0000   1.0000   0.8902   0.0394   1.9860   0.8863
[1] 600.0000   0.0010   0.8693   0.0551   1.9186   1.0610
[1] 700.0000   1.0000   0.8087  -0.0384   1.9348   1.0605
[1] 800.0000   1.0000   0.8954  -0.1230   1.8621   1.1490
[1] 900.0000   0.4447   0.9357  -0.1259   1.9581   1.0743
[1] 1000.0000    0.6112    0.9692    0.1566    2.1281    0.9576
[1] 1100.0000    0.5323    0.9726   -0.1566    1.8172    1.0201
[1] 1200.0000    0.3025    0.8603    0.1179    2.1929    0.9164
[1] 1300.0000    0.9742    0.8617    0.0101    2.0082    1.0550
[1] 1400.0000    0.0000    0.9303   -0.0477    1.9865    1.1894
[1] 1500.0000    0.0000    0.9672    0.2449    2.2371    1.1986
[1] 1600.0000    1.0000    0.9427   -0.0184    2.0111    1.0957
[1] 1700.0000    0.0002    0.8520    0.0063    1.9710    1.0478
[1] 1800.0000    0.0000    0.9234   -0.0561    2.0432    1.1307
[1] 1900.0000    0.2907    0.9957    0.1200    2.1370    1.1822
[1] 2000.0000    0.1014    0.9978    0.0415    1.9729    1.1535
[1] 2100.0000    0.2950    0.8081    0.1711    2.1850    0.9300
[1] 2200.0000    0.4596    0.8580    0.1464    2.1176    1.0161
[1] 2300.0000    1.0000    0.9707    0.1062    1.9622    1.1994
[1] 2400.0000    0.0324    0.9764    0.1550    1.9409    1.0594
[1] 2500.0000    0.3989    0.8529    0.1051    2.1569    0.9541
[1] 2600.0000    0.5199    0.9658   -0.0516    1.9836    1.0023
[1] 2700.0000    0.0693    0.8044   -0.0042    2.0305    1.0835
[1] 2800.0000    0.0342    0.9204    0.0505    2.0351    1.0405
[1] 2900.0000    0.0284    0.8994   -0.0999    1.9197    1.0050
[1] 3000.0000    0.0129    0.9297    0.0727    2.0482    1.1984
[1] 3100.0000    0.8315    0.8265    0.0986    2.0104    1.1652
[1] 3200.0000    0.0308    0.9371    0.1777    2.0626    1.1278
[1] 3300.0000    0.0000    0.9877    0.0197    1.9745    0.9428
[1] 3400.0000    0.1371    0.8189   -0.2943    1.6960    0.9632
[1] 3500.0000    0.5117    0.9338   -0.0932    2.0185    0.8830
[1] 3600.0000    0.0268    0.9027    0.0237    1.9837    1.1569
[1] 3700.0000    0.0003    0.9950    0.1236    2.0107    1.0085
[1] 3800.0000    0.0000    0.8653   -0.0213    1.8718    0.9884
[1] 3900.0000    0.0071    0.8553   -0.1541    1.8117    1.0542
[1] 4000.0000    0.5147    0.9388   -0.0035    1.8716    0.8131
[1] 4100.0000    0.7114    0.8388    0.2475    2.1587    0.8864
[1] 4200.0000    0.3547    0.9756   -0.0564    1.9142    0.9752
[1] 4300.0000    0.0000    0.9986    0.0574    2.0401    0.9026
[1] 4400.0000    0.1439    0.9571    0.1625    2.1082    0.9932
[1] 4500.0000    1.0000    0.8410    0.1103    2.0227    1.1520
[1] 4600.0000    0.0371    0.8039   -0.0650    1.8279    1.1669
[1] 4700.0000    0.0002    0.9709    0.1431    2.1305    1.0444
[1] 4800.0000    0.0207    0.8985   -0.0649    1.9135    0.9827
[1] 4900.0000    0.7061    0.8201    0.2265    2.1936    1.1747
[1] 5000.0000    1.0000    0.9273   -0.0254    1.8946    1.0348
[1] 5100.0000    0.3039    0.9679   -0.1312    1.8442    1.1951
[1] 5200.0000    0.0149    0.8350    0.1001    2.1663    1.0935
[1] 5300.0000    1.0000    0.8379    0.0482    1.9939    1.0434
[1] 5400.0000    0.8161    0.8333    0.0724    2.0345    0.9811
[1] 5500.0000    0.0019    0.8506    0.0149    1.9130    1.1979
[1] 5600.0000    0.0171    0.9095   -0.3406    1.7641    0.9324
[1] 5700.0000    0.1522    0.9403   -0.0528    1.8361    0.9236
[1] 5800.0000    0.0960    0.8612    0.0096    2.0833    1.0327
[1] 5900.0000    0.1599    0.8706   -0.0837    1.8738    1.1672
[1] 6000.0000    0.5558    0.8325   -0.1417    1.8906    0.8825
[1] 6100.0000    0.0908    0.9025    0.2244    2.1350    0.9119
[1] 6200.0000    1.0000    0.8336   -0.2120    1.7257    0.9759
[1] 6300.0000    0.0199    0.8959   -0.0318    2.0259    1.1826
[1] 6400.0000    0.4660    0.9022    0.0581    1.9357    0.8332
[1] 6500.0000    0.0491    0.8697   -0.0128    1.9851    0.9040
[1] 6600.0000    0.0049    0.8860   -0.1756    1.8807    1.0301
[1] 6700.0000    0.0000    0.8229   -0.0595    1.8229    1.0410
[1] 6800.0000    0.9619    0.8496    0.0113    2.0208    0.9728
[1] 6900.0000    0.0751    0.8556   -0.0593    1.9043    1.1638
[1] 7000.0000    0.0048    0.8011    0.0671    2.0138    1.0228
[1] 7100.0000    1.0000    0.8440   -0.0859    1.8409    0.9302
[1] 7200.0000    0.0069    0.9645    0.0439    2.0169    0.9109
[1] 7300.0000    0.0007    0.8821    0.0235    2.0572    0.9361
[1] 7400.0000    0.0000    0.8164   -0.2435    1.6687    0.8600
[1] 7500.0000    1.0000    0.8741    0.2061    2.1523    1.0979
[1] 7600.0000    0.0341    0.8332    0.0027    1.9487    1.0877
[1] 7700.0000    0.0274    0.8552   -0.0430    1.8667    1.0850
[1] 7800.0000    0.0002    0.8139   -0.0695    1.8935    0.8702
[1] 7900.0000    0.2248    0.8037   -0.0910    1.9185    1.1632
[1] 8000.0000    0.2630    0.9186   -0.1907    1.7078    1.0026
[1] 8100.0000    1.0000    0.9280    0.2006    2.1962    1.0020
[1] 8200.0000    0.0000    0.9273    0.1585    2.0719    0.9041
[1] 8300.0000    0.0005    0.8222    0.1642    2.0953    0.8438
[1] 8400.0000    1.0000    0.9278    0.0558    1.9795    0.8107
[1] 8500.0000    0.0621    0.8716    0.0135    2.0342    1.1821
[1] 8600.0000    0.1909    0.9835    0.0081    2.0283    0.9563
[1] 8700.0000    0.2915    0.8293   -0.0640    1.8027    0.8767
[1] 8800.0000    0.7709    0.9324    0.0829    2.0995    0.8066
[1] 8900.0000    0.8987    0.9431    0.0087    2.0134    1.1381
[1] 9000.0000    0.1462    0.9025    0.0110    1.9127    0.9096
[1] 9100.0000    0.2624    0.8799    0.1189    2.0771    0.8591
[1] 9200.0000    0.0785    0.8777    0.0909    2.0332    1.1489
[1] 9300.0000    0.0011    0.9856    0.0369    1.9634    1.1370
[1] 9400.0000    0.1696    0.8458    0.1932    2.0645    1.0091
[1] 9500.0000    0.0000    0.9329   -0.0484    2.0176    0.8817
[1] 9600.0000    1.0000    0.9566    0.0126    1.9834    1.1182
[1] 9700.0000    0.2121    0.8614    0.0347    2.0097    0.9692
[1] 9800.0000    0.1542    0.8196    0.0416    1.9336    0.9680
[1] 9900.0000    0.0000    0.8466    0.1569    2.0675    0.8248
[1] 10000.0000     1.0000     0.8618    -0.2035     1.6811     0.8032
[1] 10100.0000     1.0000     0.9049     0.0724     2.0102     1.0751
[1] 10200.0000     0.0007     0.9084    -0.0256     1.8913     0.8386
[1] 10300.0000     0.0183     0.8120     0.2470     2.1272     0.8804
[1] 10400.0000     0.0893     0.9337     0.0765     1.9891     1.0990
[1] 10500.0000     1.0000     0.8159     0.1480     2.0540     1.1284
[1] 10600.0000     0.2710     0.8330     0.2534     2.2935     0.9483
[1] 10700.0000     0.0011     0.8531    -0.0079     1.9827     0.8181
[1] 10800.0000     0.7258     0.8541     0.0455     2.0653     0.9792
[1] 10900.0000     0.0000     0.8264     0.0011     2.0789     1.1140
[1] 11000.0000     0.3938     0.8012     0.0266     2.0898     0.9407
[1] 11100.0000     0.0002     0.9709     0.1490     2.1805     0.9321
[1] 11200.0000     0.9448     0.9412    -0.0492     2.0056     0.8257
[1] 11300.0000     0.6465     0.9738    -0.0455     1.8335     1.1215
[1] 11400.0000     1.0000     0.9866     0.0673     2.0175     0.8664
[1] 11500.0000     0.0000     0.9311    -0.0704     1.9338     0.8792
[1] 11600.0000     0.8514     0.9382    -0.2099     1.7741     0.8033
[1] 11700.0000     0.8507     0.9810    -0.0962     1.8998     0.9386
[1] 11800.0000     0.0149     0.8440     0.0012     1.8751     0.8198
[1] 11900.0000     0.7801     0.9415     0.1132     2.0661     1.0738
[1] 12000.0000     0.0096     0.8543    -0.0335     1.9458     1.1591
[1] 12100.0000     0.1666     0.9452     0.1034     2.0721     0.8400
[1] 1.220e+04 1.000e+00 8.496e-01 2.540e-02 1.953e+00 8.460e-01
[1] 12300.0000     0.0077     0.9623     0.0751     1.9146     1.1420
[1] 12400.0000     1.0000     0.8046    -0.0875     1.8900     0.8797
[1] 12500.0000     0.2581     0.9120     0.1540     2.1565     1.1259
[1] 12600.0000     1.0000     0.9564     0.0904     1.9701     1.1675
[1] 12700.0000     0.0001     0.9486     0.1625     2.1119     0.8166
[1] 12800.0000     0.0008     0.9108    -0.2852     1.7019     1.0765
[1] 12900.0000     0.3167     0.9378    -0.2950     1.6128     1.1252
[1] 13000.0000     0.0139     0.8840     0.0044     1.9036     1.1100
[1] 13100.0000     0.0045     0.9404     0.0226     1.9768     0.9822
[1] 13200.0000     0.0021     0.9589    -0.1292     1.7665     1.1555
[1] 13300.0000     0.2101     0.8522     0.1113     2.0495     1.0074
[1] 13400.0000     0.0000     0.9485     0.0773     1.8664     1.0271
[1] 13500.0000     0.0000     0.8240     0.0027     2.0637     1.0099
[1] 13600.0000     0.0031     0.8917    -0.0190     1.7961     1.0301
[1] 13700.0000     1.0000     0.8314     0.0448     2.0061     0.8589
[1] 13800.0000     0.0000     0.8418    -0.1487     1.7977     1.1127
[1] 13900.0000     0.2596     0.8125    -0.0892     1.9017     1.1546
[1] 14000.0000     0.9803     0.9598     0.0386     1.9273     0.8043
[1] 14100.0000     0.0003     0.9236     0.0892     2.0544     0.9106
[1] 14200.0000     0.0197     0.9171     0.1028     2.0465     0.8964
[1] 14300.0000     0.0152     0.8359    -0.0839     1.9301     1.0907
[1] 14400.0000     1.0000     0.8984     0.1234     2.0213     1.1866
[1] 14500.0000     0.0014     0.8302     0.1049     2.0987     1.1813
[1] 14600.0000     0.0000     0.8084    -0.0310     1.9530     0.8928
[1] 14700.0000     1.0000     0.8840     0.0425     2.0530     1.0394
[1] 14800.0000     0.0000     0.9533    -0.0438     1.8249     0.8106
[1] 14900.0000     0.5187     0.9850     0.0498     2.0438     1.1438
[1] 15000.0000     0.0000     0.9486    -0.0284     1.8959     0.9418
[1] 15100.0000     0.0116     0.9112    -0.0589     1.8968     1.0503
[1] 15200.0000     0.6626     0.9896     0.1410     2.0495     1.1186
[1] 15300.0000     0.5611     0.8856     0.0511     1.9888     0.9730
[1] 15400.0000     0.6171     0.9829     0.0808     2.1434     1.0368
[1] 15500.0000     0.3616     0.9973    -0.0702     1.9153     0.8711
[1] 15600.0000     0.8738     0.9912    -0.0319     1.9345     1.0551
[1] 15700.0000     0.0001     0.9705     0.2705     2.1953     0.8969
[1] 15800.0000     0.3074     0.9774    -0.0809     1.7612     1.1822
[1] 15900.0000     0.0000     0.9524     0.0691     2.1047     1.0855
[1] 16000.0000     0.8873     0.9761    -0.0850     1.9251     1.0600
[1] 16100.0000     1.0000     0.9477     0.1089     2.1887     0.9420
[1] 16200.0000     1.0000     0.8455    -0.0174     1.9550     1.0509
[1] 16300.0000     1.0000     0.9029     0.1526     2.0548     1.0365
[1] 16400.0000     0.3601     0.8090     0.0860     2.0468     0.8978
[1] 16500.0000     0.1786     0.9894     0.1042     2.0678     0.9222
[1] 16600.0000     0.2782     0.9300    -0.2391     1.7358     1.1365
[1] 16700.0000     0.1626     0.8804    -0.0120     1.9772     1.1815
[1] 16800.0000     0.5693     0.9593    -0.2243     1.7828     0.8375
[1] 16900.0000     0.0689     0.8221    -0.0405     1.8676     1.1575
[1] 17000.0000     0.6340     0.8355     0.1709     2.0967     0.9526
[1] 17100.0000     0.0025     0.9262     0.2425     2.0785     0.9696
[1] 17200.0000     0.3113     0.9497    -0.0746     1.8742     0.8252
[1] 17300.0000     0.6137     0.8396    -0.3167     1.7073     1.0131
[1] 17400.0000     1.0000     0.9623     0.0679     2.1783     1.1696
[1] 17500.0000     1.0000     0.9645    -0.0373     1.9035     0.9956
[1] 17600.0000     0.0135     0.9193     0.0344     1.9547     0.8193
[1] 17700.0000     0.1149     0.8382     0.0128     1.8520     1.1091
[1] 17800.0000     1.0000     0.9968    -0.0078     1.9402     0.8268
[1] 17900.0000     0.0032     0.8644     0.0485     2.0446     1.0507
[1] 1.800e+04 9.452e-01 9.109e-01 9.350e-02 2.056e+00 8.712e-01
[1] 18100.0000     0.0005     0.9137    -0.0237     2.0251     0.9014
[1] 18200.0000     1.0000     0.8073     0.1954     2.1493     0.9256
[1] 18300.0000     0.0369     0.9706     0.0104     1.9824     1.1685
[1] 18400.0000     0.0007     0.9243    -0.2502     1.8196     1.1066
[1] 18500.0000     0.1494     0.9072    -0.0087     1.9766     1.0082
[1] 18600.0000     0.0355     0.8932     0.0999     2.1196     0.8460
[1] 18700.0000     0.0490     0.8557     0.1188     2.0825     0.9105
[1] 18800.0000     0.0179     0.9415     0.1286     2.1733     0.8205
[1] 18900.0000     0.0003     0.8387    -0.0775     1.9080     0.8037
[1] 19000.0000     1.0000     0.8087     0.0593     2.0874     1.1060
[1] 19100.0000     0.0277     0.8142    -0.0429     1.9372     1.0716
[1] 19200.0000     0.6226     0.8319    -0.1253     1.7483     1.0132
[1] 19300.0000     0.1231     0.8940     0.1914     2.0707     1.1248
[1] 19400.0000     0.0940     0.8040    -0.0469     1.8835     1.1551
[1] 19500.0000     0.0013     0.8243     0.2115     2.1507     0.8751
[1] 19600.0000     0.1293     0.8098     0.0615     2.0810     1.1951
[1] 19700.0000     0.0843     0.8143     0.0787     2.0469     0.8081
[1] 19800.0000     0.8848     0.9324     0.2313     2.1664     1.1958
[1] 19900.0000     0.6708     0.9981     0.2452     2.2289     1.0280
[1] 20000.0000     0.0326     0.9729    -0.0873     1.8702     0.8904
[1] 20100.0000     0.0000     0.8622     0.1213     2.1215     0.8640
[1] 2.020e+04 1.000e+00 9.840e-01 7.770e-02 2.075e+00 1.138e+00
[1] 20300.0000     0.0145     0.9350    -0.2142     1.7991     0.8887
[1] 20400.0000     1.0000     0.8446     0.0324     2.0084     1.0333
[1] 20500.0000     0.0051     0.8964     0.0192     2.0255     1.1285
[1] 20600.0000     0.6100     0.9169    -0.0034     2.0267     1.1057
[1] 20700.0000     0.7596     0.8107     0.2506     2.1644     1.0874
[1] 20800.0000     1.0000     0.9981     0.1691     2.2110     1.0246
[1] 20900.0000     0.0000     0.9109    -0.0262     1.9359     0.9980
[1] 21000.0000     0.2670     0.8708    -0.0423     1.9633     1.1617
[1] 21100.0000     0.0338     0.9291     0.0382     2.0409     1.1428
[1] 21200.0000     0.5405     0.9611     0.0775     2.1264     0.8029
[1] 21300.0000     0.0022     0.8214    -0.0241     1.8335     1.0391
[1] 21400.0000     1.0000     0.8276     0.0624     2.0094     0.8233
[1] 21500.0000     0.0237     0.8906     0.0346     2.0355     0.8206
[1] 2.160e+04 1.000e+00 9.634e-01 1.900e-03 2.011e+00 9.473e-01
[1] 21700.0000     0.4795     0.9973    -0.0562     1.9435     0.9605
[1] 21800.0000     0.4792     0.8778     0.2426     2.3248     1.0685
[1] 21900.0000     0.7232     0.9598     0.0900     2.0911     0.8497
[1] 22000.0000     0.2694     0.8850     0.2082     2.0934     0.9555
[1] 22100.0000     0.1258     0.8953     0.1131     2.0868     0.9321
[1] 22200.0000     0.2749     0.8918    -0.0784     1.9539     1.1042
[1] 22300.0000     0.0321     0.9726    -0.1079     2.0275     0.8521
[1] 22400.0000     1.0000     0.9971     0.1023     2.0937     0.9354
[1] 22500.0000     0.0020     0.8239     0.0275     2.0522     1.1368
[1] 22600.0000     0.0001     0.8207    -0.0418     1.9477     0.8039
[1] 22700.0000     0.0007     0.8271     0.0634     2.0336     1.1968
[1] 22800.0000     0.0513     0.8972    -0.0056     1.8070     1.0231
[1] 22900.0000     0.7876     0.8804    -0.0624     1.8485     0.9211
[1] 23000.0000     0.0000     0.8997     0.0534     1.8841     0.9381
[1] 23100.0000     0.2403     0.8119     0.2818     2.2268     1.0551
[1] 23200.0000     0.0381     0.9832     0.0741     2.1003     0.9881
[1] 23300.0000     0.0002     0.9727     0.1164     2.1059     0.9482
[1] 23400.0000     0.2736     0.8888     0.0973     1.9398     1.0444
[1] 23500.0000     0.2550     0.8245     0.1281     2.1061     0.8555
[1] 23600.0000     0.0224     0.9324     0.0306     2.0201     0.8634
[1] 23700.0000     0.0812     0.8580    -0.1462     1.8006     0.8494
[1] 23800.0000     0.8622     0.9299    -0.0337     1.8080     1.0580
[1] 23900.0000     0.7635     0.8722     0.1396     2.0823     0.8735
[1] 24000.0000     0.1748     0.9322     0.0957     2.0171     0.9399
[1] 24100.0000     1.0000     0.9214    -0.0825     1.9689     0.8541
[1] 24200.0000     0.4863     0.8467    -0.0738     1.8589     0.8230
[1] 24300.0000     0.2142     0.9595    -0.0335     1.9445     0.9607
[1] 24400.0000     1.0000     0.9947     0.0417     1.9528     0.9697
[1] 24500.0000     0.0231     0.8969     0.1331     2.1117     1.0480
[1] 24600.0000     0.0001     0.8781     0.0365     2.0199     0.8812
[1] 24700.0000     0.2314     0.8340     0.0672     2.0268     1.1974
[1] 24800.0000     0.0003     0.8460     0.1080     2.0772     0.9489
[1] 24900.0000     0.2814     0.8023     0.1230     2.1139     1.0260
[1] 25000.0000     1.0000     0.8801     0.1902     2.1702     0.8235
[1] 25100.0000     0.3500     0.8622     0.0790     2.0331     0.8281
[1] 25200.0000     0.1521     0.9507     0.0352     2.0592     0.9719
[1] 25300.0000     0.0000     0.9779    -0.1048     1.9572     0.8977
[1] 25400.0000     0.0198     0.9183    -0.2567     1.6736     1.0450
[1] 25500.0000     0.0182     0.8417     0.0144     1.8235     0.8432
[1] 25600.0000     0.0443     0.9926     0.2343     2.1507     0.9855
[1] 25700.0000     0.1983     0.8976    -0.1696     1.8261     0.9408
[1] 25800.0000     0.0512     0.8606     0.0101     1.9868     0.8978
[1] 25900.0000     0.0005     0.8683     0.1490     2.0201     0.8098
[1] 26000.0000     0.4271     0.9492    -0.0708     1.7970     1.0058
[1] 26100.0000     0.0628     0.8951     0.0169     2.0561     0.8249
[1] 26200.0000     0.5006     0.8601     0.0371     2.0882     0.9041
[1] 26300.0000     0.8807     0.8623    -0.1436     1.9108     1.0835
[1] 26400.0000     0.1127     0.8855     0.2595     2.1247     1.0131
[1] 26500.0000     0.0739     0.8034    -0.2703     1.6995     1.1338
[1] 26600.0000     0.2525     0.8720    -0.1423     1.8070     0.9170
[1] 26700.0000     0.1796     0.8892     0.0375     2.1153     0.9428
[1] 26800.0000     0.2915     0.8697     0.0446     2.0443     1.1281
[1] 26900.0000     0.0129     0.9241     0.1058     2.0664     1.0646
[1] 27000.0000     0.8041     0.8977    -0.0280     1.9759     0.8661
[1] 27100.0000     0.0003     0.8095    -0.0293     1.9233     1.0497
[1] 27200.0000     0.0009     0.9713    -0.0843     2.0107     1.0324
[1] 27300.0000     0.0003     0.9608    -0.0248     1.8635     0.8492
[1] 27400.0000     0.1134     0.8725    -0.0858     1.8429     1.1899
[1] 27500.0000     1.0000     0.8366     0.0654     1.9960     1.0805
[1] 27600.0000     0.0025     0.8069     0.1019     2.0358     0.9996
[1] 27700.0000     0.0240     0.8620     0.2686     2.3180     1.0941
[1] 27800.0000     0.0000     0.8358     0.0918     2.0688     1.1051
[1] 27900.0000     0.5434     0.8913     0.1404     2.0763     0.8389
[1] 28000.0000     0.0053     0.9430    -0.0063     2.0574     0.9743
[1] 28100.0000     0.0000     0.8536    -0.0901     1.8855     0.8286
[1] 28200.0000     0.5349     0.9342     0.1619     2.1281     1.1245
[1] 28300.0000     0.0307     0.8510     0.0968     2.0173     0.8048
[1] 28400.0000     0.7365     0.9594     0.0217     1.9354     0.8105
[1] 28500.0000     1.0000     0.8206     0.0851     2.0880     1.0447
[1] 28600.0000     0.0199     0.9775    -0.0269     1.9046     0.9079
[1] 28700.0000     0.4816     0.9755     0.0167     1.9883     0.8792
[1] 28800.0000     1.0000     0.9743     0.0100     1.9578     0.8723
[1] 28900.0000     0.5222     0.8662    -0.1163     1.8982     0.8550
[1] 29000.0000     0.2188     0.9401    -0.0149     1.9238     1.1755
[1] 29100.0000     0.0700     0.9836     0.1970     2.1305     1.0211
[1] 29200.0000     0.0053     0.9889    -0.1682     1.8584     1.0979
[1] 29300.0000     0.0846     0.9749    -0.0948     1.7940     0.9782
[1] 29400.0000     0.0385     0.9512     0.0719     1.9454     1.1262
[1] 29500.0000     0.0210     0.9255     0.1617     2.1020     1.1556
[1] 29600.0000     0.0020     0.8267     0.0660     2.0887     1.0464
[1] 29700.0000     0.0488     0.8203    -0.0864     1.8587     1.1249
[1] 29800.0000     0.9352     0.8701    -0.0175     2.0419     0.8024
[1] 29900.0000     0.9414     0.9798     0.0287     1.9662     1.0014
[1] 30000.0000     0.2881     0.8307     0.0239     2.0006     1.0904
[1] 0.3643454
Time difference of 3.905265 hours
null device 
          1 
