[1] "El numero de nodos X particion es: 10"
[1] "Model = M2 / Data = sim_data/datasetSVIExponential30.Rdata"
[1] 100.0000   1.0000   0.8291   0.0448   1.8844   0.9331
[1] 200.0000   1.0000   0.9804  -0.1500   2.0110   1.0297
[1] 300.0000   0.2159   0.8776  -0.1701   2.2050   1.0665
[1] 400.0000   0.0082   0.9217  -0.3826   2.3248   0.9692
[1] 500.0000   0.0000   0.8380   0.1438   1.7686   0.8203
[1] 600.0000   0.7582   0.9748  -0.0483   1.8825   1.0386
[1] 700.0000   0.0016   0.9396  -0.0037   2.0466   1.0960
[1] 800.0000   0.0002   0.9381  -0.0904   1.9824   1.1219
[1] 900.0000   0.1245   0.9578  -0.3206   2.0711   0.9628
[1] 1000.0000    0.0000    0.8568    0.1210    1.7733    0.8983
[1] 1100.0000    0.0000    0.9319    0.7684    1.1035    0.8930
[1] 1200.0000    0.2297    0.8603    0.0957    1.9098    0.9164
[1] 1300.0000    0.1786    0.9805   -0.2751    2.1722    0.8049
[1] 1400.0000    0.0000    0.9303   -0.2357    2.1064    1.1894
[1] 1500.0000    0.0220    0.9694    0.6129    1.2145    1.1238
[1] 1600.0000    0.0000    0.8718   -0.8124    2.6593    1.0625
[1] 1700.0000    0.0000    0.9419   -0.5644    2.4939    1.0966
[1] 1800.0000    0.0000    0.8314   -0.3557    2.2484    0.9945
[1] 1900.0000    0.0000    0.9875   -0.2247    2.1484    0.8532
[1] 2000.0000    0.0000    0.9400    0.0743    1.8403    1.1109
[1] 2100.0000    0.0000    0.9372    0.0636    1.8096    0.8634
[1] 2200.0000    0.0000    0.8668   -0.0837    1.9999    1.0989
[1] 2300.0000    0.0027    0.8951   -0.0891    1.9331    0.9529
[1] 2400.0000    0.0000    0.9355    0.0245    1.9112    1.1578
[1] 2500.0000    0.2974    0.9668   -0.0757    1.9320    0.8029
[1] 2600.0000    0.0000    0.8617   -0.4778    2.3492    0.8044
[1] 2700.0000    0.0000    0.8492    0.1985    1.7283    0.9140
[1] 2800.0000    0.0081    0.9386    0.3244    1.4721    0.8695
[1] 2900.0000    0.0342    0.8668   -0.2878    2.1924    1.0498
[1] 3000.0000    0.0000    0.8454    0.0460    1.8457    0.9669
[1] 3100.0000    0.0001    0.8265   -0.0158    1.9479    1.1652
[1] 3200.0000    0.0000    0.9190   -0.0701    1.9671    0.9575
[1] 3300.0000    0.0000    0.9312    0.0181    1.8509    0.9302
[1] 3400.0000    0.4233    0.8983    0.4552    1.5118    1.1525
[1] 3500.0000    0.0000    0.8568    0.0710    1.7212    1.0820
[1] 3600.0000    0.0000    0.9027   -0.0877    1.9778    1.1569
[1] 3700.0000    0.3933    0.8237    0.4148    1.5268    0.8398
[1] 3800.0000    0.0000    0.9791    0.5183    1.3470    1.0179
[1] 3900.0000    0.0000    0.9030   -0.0614    1.9478    0.9530
[1] 4000.0000    0.2643    0.9388    0.2716    1.4659    0.8131
[1] 4100.0000    0.0000    0.8388   -0.1132    2.0173    0.8864
[1] 4200.0000    0.0000    0.9756   -0.7336    2.5815    0.9752
[1] 4300.0000    0.1186    0.8028   -0.3922    2.3249    0.9927
[1] 4400.0000    0.0000    0.9459   -0.0865    1.9934    1.1887
[1] 4500.0000    0.8115    0.8410    0.3213    1.6062    1.1520
[1] 4600.0000    0.0004    0.9525    0.2072    1.7504    1.1110
[1] 4700.0000    0.0000    0.8536   -0.5755    2.4798    0.9410
[1] 4800.0000    0.0000    0.8444   -0.5336    2.4062    1.1184
[1] 4900.0000    0.0000    0.8114   -0.5216    2.4115    0.8255
[1] 5000.0000    1.0000    0.9273   -0.4170    2.3138    1.0348
[1] 5100.0000    0.0000    0.9679   -0.1906    2.0859    1.1951
[1] 5200.0000    0.0000    0.8350   -0.3530    2.4337    1.0935
[1] 5300.0000    0.0000    0.8821   -0.6778    2.4654    1.0013
[1] 5400.0000    0.0000    0.8536   -0.0798    1.8517    0.9337
[1] 5500.0000    0.0000    0.8506    0.5320    1.3954    1.1979
[1] 5600.0000    0.0000    0.8117   -0.0378    1.9350    0.9121
[1] 5700.0000    0.0000    0.9545    0.0739    1.7993    0.8805
[1] 5800.0000    0.0000    0.8612   -0.4220    2.3321    1.0327
[1] 5900.0000    0.0000    0.8278    0.3587    1.5254    1.0767
[1] 6000.0000    0.0000    0.8790    0.5868    1.3772    1.0590
[1] 6100.0000    0.0000    0.8198   -0.3962    2.2479    1.1772
[1] 6200.0000    0.0000    0.9400    0.1926    1.6415    0.8404
[1] 6300.0000    0.0000    0.9569   -0.2379    2.0880    0.8080
[1] 6400.0000    0.0000    0.9885   -0.2608    2.2293    0.8165
[1] 6500.0000    0.0014    0.9145   -0.6017    2.4029    0.8046
[1] 6600.0000    0.0000    0.8710    0.0733    1.7484    0.9001
[1] 6700.0000    0.0000    0.8204   -0.2834    2.1296    0.9264
[1] 6800.0000    0.0517    0.8794    0.0753    1.7181    0.9381
[1] 6900.0000    0.0000    0.9267   -0.3749    2.3162    1.0380
[1] 7000.0000    0.0000    0.8521    0.1124    1.7838    1.0680
[1] 7100.0000    0.0000    0.8052   -0.3223    2.2811    0.9856
[1] 7200.0000    0.0000    0.8247   -0.1574    2.1127    0.8913
[1] 7300.0000    0.0000    0.9346    0.4466    1.4838    1.1740
[1] 7400.0000    0.0000    0.8045   -0.5206    2.3150    0.8734
[1] 7500.0000    0.0000    0.9989   -0.7710    2.4992    1.1081
[1] 7600.0000    0.0000    0.9493   -0.0587    1.9819    0.9281
[1] 7700.0000    0.0000    0.8348   -0.8099    2.6124    1.0869
[1] 7800.0000    0.0047    0.9281   -0.5260    2.4663    0.8883
[1] 7900.0000    0.0000    0.8037    0.0246    1.8027    1.1632
[1] 8000.0000    0.0000    0.9309    0.1557    1.6499    1.0835
[1] 8100.0000    0.0000    0.9055   -0.1410    2.0681    1.0588
[1] 8200.0000    0.0263    0.8808   -0.5800    2.3787    1.1030
[1] 8300.0000    0.0000    0.8896   -0.1134    2.0842    1.1748
[1] 8400.0000    0.0000    0.8421   -0.4080    2.2162    0.8322
[1] 8500.0000    0.0000    0.8325    0.0058    1.8930    1.0750
[1] 8600.0000    0.0202    0.9564   -0.8266    2.7148    0.9963
[1] 8700.0000    0.0000    0.8940   -0.0887    1.9882    1.0236
[1] 8800.0000    0.0000    0.9735   -0.3418    2.1895    1.0381
[1] 8900.0000    0.0003    0.8674    0.4911    1.3922    1.0474
[1] 9000.0000    0.0000    0.9268    0.2035    1.6798    0.8237
[1] 9100.0000    0.0000    0.9806   -0.0879    1.9217    1.0696
[1] 9200.0000    0.0000    0.8777   -0.1578    2.1096    1.1489
[1] 9300.0000    0.0000    0.8689    0.0503    1.8653    0.9976
[1] 9400.0000    0.0000    0.8413    0.6026    1.2485    1.0761
[1] 9500.0000    0.0000    0.8817   -0.1027    1.9804    1.0875
[1] 9600.0000    0.0007    0.8149    0.0856    1.8302    0.9056
[1] 9700.0000    0.0000    0.9657    0.5141    1.4538    0.9166
[1] 9800.0000    0.0000    0.9462   -0.2400    2.1057    1.1275
[1] 9900.0000    0.0000    0.8192    0.6051    1.2352    0.8099
[1] 10000.0000     1.0000     0.8618    -0.3804     2.2912     0.8032
[1] 10100.0000     1.0000     0.9049    -0.2872     2.2331     1.0751
[1] 10200.0000     1.0000     0.9808    -0.2179     2.0394     0.8342
[1] 10300.0000     0.2323     0.9549     0.8095     1.1019     0.8021
[1] 10400.0000     0.0000     0.9434     0.1901     1.6626     1.1753
[1] 10500.0000     0.2588     0.8159    -0.1135     1.8595     1.1284
[1] 1.060e+04 0.000e+00 8.442e-01 2.020e-02 1.908e+00 9.495e-01
[1] 10700.0000     0.0000     0.9346     0.4195     1.5234     1.0990
[1] 10800.0000     1.0000     0.8056    -0.0928     1.9620     0.8503
[1] 10900.0000     0.0000     0.9660     0.4985     1.3926     1.1970
[1] 11000.0000     0.4026     0.8012     0.4115     1.5622     0.9407
[1] 11100.0000     0.0000     0.8902     0.0199     1.8822     0.9114
[1] 11200.0000     1.0000     0.9412    -0.4600     2.4031     0.8257
[1] 11300.0000     0.0000     0.9481    -0.4208     2.2086     1.1448
[1] 11400.0000     0.0004     0.8271     0.2723     1.5657     1.1322
[1] 11500.0000     0.0000     0.8061     0.0516     1.8786     1.1646
[1] 11600.0000     0.1333     0.9382    -0.1994     1.9599     0.8033
[1] 11700.0000     0.8614     0.8613    -0.0947     1.9179     1.0253
[1] 11800.0000     0.0000     0.8027     0.0967     1.6706     0.8530
[1] 11900.0000     0.0000     0.9637    -0.4133     2.2615     0.8690
[1] 12000.0000     0.0000     0.8056     0.0785     1.7908     1.1142
[1] 12100.0000     0.0069     0.8005    -0.3236     2.0851     0.8375
[1] 12200.0000     0.5556     0.8496     0.4693     1.4605     0.8460
[1] 12300.0000     0.0028     0.8010     0.2354     1.6609     0.8810
[1] 12400.0000     1.0000     0.8046    -0.1917     2.1139     0.8797
[1] 12500.0000     0.0000     0.8593    -0.1739     2.1559     1.1828
[1] 12600.0000     0.0000     0.8126    -0.3299     2.2776     1.1805
[1] 12700.0000     0.0337     0.9614    -0.1401     1.9301     0.8958
[1] 12800.0000     0.0000     0.8810    -0.9431     2.8491     1.0848
[1] 12900.0000     0.3310     0.9204    -0.0073     1.9117     0.8219
[1] 13000.0000     0.0000     0.8069     0.1584     1.7317     1.0997
[1] 13100.0000     0.0000     0.9339     0.5842     1.2813     1.1193
[1] 13200.0000     0.1372     0.8843     0.1224     1.6871     0.9997
[1] 13300.0000     0.0000     0.8062    -0.4408     2.3971     1.1333
[1] 13400.0000     0.0000     0.9676     0.3069     1.5856     1.1418
[1] 13500.0000     0.0000     0.8466    -0.6278     2.4855     0.8143
[1] 13600.0000     0.0000     0.8917     0.4835     1.4731     1.0301
[1] 13700.0000     0.0000     0.8951     0.1664     1.6818     1.0363
[1] 13800.0000     0.0000     0.9432    -0.1506     2.0478     1.1717
[1] 13900.0000     0.0000     0.8495     0.0673     1.7840     1.0802
[1] 14000.0000     0.0000     0.9588     0.1312     1.7516     0.9662
[1] 14100.0000     0.0000     0.8844    -0.1735     1.9546     1.1867
[1] 14200.0000     0.0002     0.8479     0.1923     1.6144     0.8739
[1] 14300.0000     0.0000     0.9983    -0.5562     2.2947     0.8117
[1] 14400.0000     0.1813     0.8623    -0.1876     2.0549     0.8985
[1] 14500.0000     0.3108     0.8647     0.0410     1.8638     1.0877
[1] 14600.0000     0.0000     0.8912    -0.2481     2.0909     0.8958
[1] 14700.0000     0.0000     0.8974    -0.2256     2.0648     1.0871
[1] 14800.0000     0.0000     0.8106     0.3030     1.5215     1.0978
[1] 14900.0000     0.0738     0.8051     0.1262     1.7988     1.0614
[1] 15000.0000     0.0533     0.8279     0.1540     1.7161     1.0826
[1] 15100.0000     0.4396     0.8384    -0.3303     2.2562     0.8510
[1] 15200.0000     0.0000     0.8242     0.3474     1.5789     1.0800
[1] 15300.0000     0.7905     0.8059     0.0706     1.8447     0.9091
[1] 15400.0000     0.2530     0.8005    -0.4380     2.3656     0.8812
[1] 15500.0000     0.0000     0.8167    -0.7140     2.6224     0.8047
[1] 15600.0000     0.0000     0.8520    -0.7028     2.5897     1.1912
[1] 15700.0000     0.0000     0.8475    -0.3303     2.1901     0.9690
[1] 15800.0000     0.0711     0.8834    -0.0937     1.9189     0.9061
[1] 15900.0000     0.0000     0.9431    -0.0529     1.8764     0.8611
[1] 16000.0000     0.3382     0.9761    -0.2493     2.0545     1.0600
[1] 16100.0000     0.0000     0.8125     0.1444     1.7283     0.8885
[1] 16200.0000     0.0007     0.9466     0.2124     1.6097     0.9477
[1] 16300.0000     0.0000     0.9320    -0.2776     2.1657     1.0407
[1] 16400.0000     0.0000     0.9401     0.0017     1.9447     0.9237
[1] 16500.0000     1.0000     0.9407     0.3425     1.5351     0.9877
[1] 16600.0000     0.0016     0.8568    -0.1529     2.1064     1.0645
[1] 16700.0000     0.0000     0.9287    -0.2682     2.0891     0.9633
[1] 16800.0000     0.0000     0.9378    -0.0040     1.8575     1.0931
[1] 16900.0000     0.0000     0.8138    -0.0265     1.8811     1.1004
[1] 17000.0000     0.0000     0.9790    -0.4861     2.3141     0.8822
[1] 17100.0000     0.0001     0.9262     0.6986     1.2542     0.9696
[1] 17200.0000     0.0000     0.9497    -0.1605     1.9207     0.8252
[1] 17300.0000     1.0000     0.8396    -0.1826     2.0934     1.0131
[1] 17400.0000     0.0000     0.8593    -0.1357     2.0758     1.1450
[1] 17500.0000     0.0000     0.8131     0.0510     1.8681     0.9127
[1] 17600.0000     0.0000     0.8280     0.1143     1.7452     1.1486
[1] 17700.0000     0.0000     0.8794     0.0651     1.8277     0.9707
[1] 17800.0000     0.0321     0.9571    -0.7186     2.6682     0.9258
[1] 17900.0000     0.0000     0.9083     0.1410     1.7587     0.9495
[1] 18000.0000     0.4686     0.9109    -0.2835     2.2446     0.8712
[1] 18100.0000     0.0000     0.8667    -0.3047     2.2359     1.1867
[1] 18200.0000     0.1333     0.8582     0.7844     1.0412     0.9652
[1] 18300.0000     0.0000     0.8120    -0.1013     1.9870     1.0717
[1] 18400.0000     0.0000     0.8109     0.2311     1.6912     1.0647
[1] 18500.0000     0.0000     0.8451     0.1571     1.7427     0.9054
[1] 18600.0000     0.0000     0.8121    -0.0570     1.9633     0.9608
[1] 18700.0000     0.0000     0.8690    -0.5825     2.3605     0.9055
[1] 18800.0000     0.0000     0.8537     0.2635     1.6364     0.9005
[1] 18900.0000     0.0000     0.9024    -0.2586     2.1338     1.0613
[1] 19000.0000     0.0024     0.8366    -0.1433     2.0668     0.8015
[1] 19100.0000     0.0000     0.8142    -0.3614     2.1433     1.0716
[1] 19200.0000     0.0000     0.8001     0.1827     1.6557     0.9641
[1] 19300.0000     0.0000     0.8411     0.0787     1.7578     0.9272
[1] 19400.0000     0.0000     0.8040    -0.7735     2.6961     1.1551
[1] 19500.0000     0.0000     0.8527    -0.2868     2.1626     1.1208
[1] 19600.0000     0.3576     0.9162    -0.5555     2.3682     0.8038
[1] 19700.0000     0.0000     0.8143     0.1461     1.7805     0.8081
[1] 19800.0000     0.0000     0.9426     0.4692     1.4386     0.9432
[1] 19900.0000     0.0000     0.9981    -0.0338     1.9624     1.0280
[1] 20000.0000     0.0000     0.8708    -0.2839     2.1515     1.0213
[1] 20100.0000     0.0000     0.9794     0.1242     1.7921     1.1721
[1] 20200.0000     0.6078     0.9840    -0.1961     2.0535     1.1380
[1] 20300.0000     0.0000     0.8028    -0.0469     2.0043     0.9708
[1] 20400.0000     0.0260     0.9845     0.0818     1.7164     1.1049
[1] 20500.0000     0.0000     0.8964     0.1716     1.7435     1.1285
[1] 20600.0000     0.8433     0.9169    -0.1614     2.0671     1.1057
[1] 20700.0000     0.9966     0.8107    -0.2599     2.2058     1.0874
[1] 20800.0000     0.0000     0.9606    -0.4862     2.3721     1.0886
[1] 20900.0000     0.1542     0.9109    -0.0684     1.9055     0.9980
[1] 21000.0000     0.0000     0.8369     0.0443     1.8119     1.0355
[1] 21100.0000     0.0000     0.9732    -0.5930     2.4967     0.8253
[1] 21200.0000     0.6014     0.9611    -0.0232     1.8506     0.8029
[1] 21300.0000     0.0000     0.8782    -0.6658     2.5081     1.0748
[1] 21400.0000     0.0540     0.8276    -0.2593     1.9972     0.8233
[1] 21500.0000     0.0000     0.9375    -0.4861     2.3168     1.0777
[1] 21600.0000     0.0321     0.8420    -0.2727     2.1302     0.8926
[1] 21700.0000     0.0000     0.8449    -0.7851     2.6585     0.9351
[1] 21800.0000     0.0007     0.8218    -0.3165     2.2595     1.1739
[1] 21900.0000     0.0000     0.8416    -0.0392     1.9012     1.1370
[1] 22000.0000     0.0000     0.8850     0.0246     1.7825     0.9555
[1] 22100.0000     0.0000     0.9825    -0.2546     2.0949     1.1195
[1] 22200.0000     0.0000     0.9349     0.3000     1.5573     0.9881
[1] 22300.0000     0.5892     0.9726     0.4665     1.5076     0.8521
[1] 22400.0000     0.0020     0.9494    -0.1540     2.0553     0.9207
[1] 22500.0000     0.1464     0.8623     0.3262     1.6221     0.8008
[1] 22600.0000     0.0000     0.8858    -0.3859     2.2485     0.9064
[1] 22700.0000     0.0000     0.8271    -0.4979     2.3442     1.1968
[1] 22800.0000     0.1113     0.8972    -0.6405     2.3749     1.0231
[1] 22900.0000     0.0000     0.9287     0.2788     1.4886     0.9003
[1] 23000.0000     0.0000     0.9652    -0.0696     1.9672     1.0264
[1] 23100.0000     0.0000     0.9231    -0.1694     2.0166     0.8179
[1] 23200.0000     0.0006     0.8859    -0.0811     1.8846     0.8935
[1] 23300.0000     0.3561     0.8966    -0.0545     1.9513     1.0199
[1] 23400.0000     0.0130     0.9564    -0.0413     2.0078     0.8157
[1] 23500.0000     0.0000     0.8934    -0.4976     2.3549     1.1391
[1] 23600.0000     0.0000     0.8176     0.0750     1.7879     0.8266
[1] 23700.0000     0.0000     0.9328     0.1968     1.7477     1.0180
[1] 23800.0000     0.0000     0.9509    -0.1042     1.9387     0.9516
[1] 23900.0000     0.2087     0.9920     0.1355     1.6963     1.0485
[1] 24000.0000     0.0000     0.9801    -0.1958     2.0066     1.1551
[1] 24100.0000     0.0000     0.8747    -0.6342     2.4473     1.0767
[1] 24200.0000     0.0000     0.8399    -0.1109     1.9004     1.0287
[1] 24300.0000     0.0000     0.8207    -0.3002     2.1874     1.1509
[1] 24400.0000     0.1209     0.9020     0.3529     1.6005     1.0534
[1] 24500.0000     0.0000     0.9064     0.3768     1.4808     0.8345
[1] 24600.0000     0.0000     0.9062    -0.2928     2.2043     0.8877
[1] 24700.0000     0.0037     0.9574    -0.4542     2.2718     1.0919
[1] 24800.0000     0.0094     0.8109    -0.0958     2.0098     1.1899
[1] 24900.0000     0.0909     0.9495    -0.2670     2.1759     0.8626
[1] 25000.0000     1.0000     0.8801     0.0796     1.7436     0.8235
[1] 25100.0000     1.0000     0.8419    -0.0080     1.7888     0.8544
[1] 25200.0000     0.0000     0.9920    -0.5041     2.4600     0.8420
[1] 25300.0000     0.7773     0.8151    -0.3342     2.1481     1.0748
[1] 25400.0000     1.0000     0.8988    -0.3920     2.2827     1.0888
[1] 25500.0000     0.0000     0.8303    -0.0500     1.9597     1.1248
[1] 25600.0000     0.0000     0.8978    -0.0807     2.0162     1.1142
[1] 25700.0000     0.0000     0.8350     0.1143     1.7555     0.8673
[1] 25800.0000     0.0000     0.8043    -0.3000     2.1632     0.8730
[1] 25900.0000     0.8184     0.8632     0.1292     1.7516     1.1254
[1] 26000.0000     0.2360     0.9492     0.0213     1.9480     1.0058
[1] 26100.0000     0.0000     0.9097    -0.3005     2.1039     1.1652
[1] 26200.0000     0.0036     0.9529    -0.3368     2.2151     1.0017
[1] 26300.0000     0.0000     0.9394     0.0475     1.7864     0.8243
[1] 26400.0000     0.0000     0.8767     0.0034     1.7907     0.8041
[1] 26500.0000     0.0717     0.8136    -0.0045     1.9201     0.8843
[1] 26600.0000     0.0000     0.8213    -0.2164     2.1057     1.0679
[1] 26700.0000     0.0031     0.9636     0.1335     1.7643     1.0915
[1] 26800.0000     0.0000     0.8448    -0.5069     2.3937     0.8652
[1] 26900.0000     0.0000     0.9586     0.3920     1.5697     1.0279
[1] 27000.0000     0.0000     0.9311    -0.2586     2.1308     1.0381
[1] 27100.0000     0.3932     0.8095     0.0099     1.9100     1.0497
[1] 27200.0000     0.0143     0.8628     0.0662     1.8445     1.0265
[1] 27300.0000     0.0000     0.9754    -0.0956     1.9984     0.9688
[1] 27400.0000     0.0000     0.8182     0.3732     1.5452     1.1040
[1] 27500.0000     0.0000     0.8463     0.5811     1.3388     0.8762
[1] 27600.0000     0.0000     0.8732     0.4448     1.4389     0.9172
[1] 27700.0000     0.0000     0.8317    -0.2933     2.1552     1.1846
[1] 27800.0000     0.0000     0.8358     0.4392     1.4776     1.1051
[1] 27900.0000     0.9964     0.8904    -0.2814     2.1868     0.9276
[1] 28000.0000     0.0000     0.8025    -0.3759     2.2627     0.9240
[1] 28100.0000     0.0000     0.9306    -0.0729     2.0526     0.8823
[1] 2.820e+04 0.000e+00 9.693e-01 2.500e-01 1.638e+00 8.876e-01
[1] 28300.0000     0.0000     0.9886    -0.0832     1.9557     1.1843
[1] 28400.0000     0.3834     0.9594    -0.0386     2.0052     0.8105
[1] 28500.0000     0.0000     0.9130     0.2540     1.5939     1.1129
[1] 28600.0000     0.0008     0.9856     0.2008     1.5314     1.1641
[1] 28700.0000     0.0000     0.8546    -0.4500     2.2956     0.9787
[1] 28800.0000     0.0188     0.8104     0.4555     1.4774     1.1940
[1] 28900.0000     0.0000     0.9040    -0.0956     1.8613     0.8375
[1] 29000.0000     0.0000     0.8556     0.2139     1.6795     0.8421
[1] 29100.0000     0.0000     0.9089    -0.3499     2.1796     0.8717
[1] 29200.0000     0.1000     0.9889     0.2267     1.6094     1.0979
[1] 29300.0000     0.5643     0.9749     0.6866     1.1744     0.9782
[1] 29400.0000     0.0007     0.9394     0.6401     1.2201     1.1754
[1] 29500.0000     0.0000     0.8510    -0.3456     2.2771     0.8942
[1] 29600.0000     0.0004     0.8035     0.1154     1.7149     1.0772
[1] 29700.0000     0.0001     0.8240     0.2350     1.7120     1.1041
[1] 29800.0000     0.0000     0.8030    -0.1306     2.0296     0.9421
[1] 29900.0000     0.5832     0.9798     0.1423     1.7865     1.0014
[1] 3.000e+04 0.000e+00 8.442e-01 3.823e-01 1.354e+00 8.821e-01
[1] 0.1278749
Time difference of 9.847457 hours
null device 
          1 
