[1] "El numero de nodos X particion es: 10"
[1] "Model = M1 / Data = sim_data/datasetSVIExponential17.Rdata"
[1] 100.0000   0.7127   0.9429   0.1120   1.8569   1.1970
[1] 200.0000   0.0047   0.8487   0.1295   1.8543   0.8384
[1] 300.0000   0.6906   0.8776   0.2092   1.8372   1.0665
[1] 400.0000   0.0014   0.9217  -0.1697   2.1504   0.9692
[1] 500.0000   0.0000   0.8350   0.9225   1.0823   0.9084
[1] 600.0000   0.0120   0.8988  -0.0111   2.0203   1.1191
[1] 700.0000   0.0001   0.8999   0.0710   1.9885   1.0702
[1] 800.0000   0.0000   0.8728   0.9739   0.9741   0.9084
[1] 900.0000   0.0000   0.9606  -0.2810   2.2507   1.0158
[1] 1000.0000    0.0000    0.8209   -0.7275    2.7240    0.9374
[1] 1100.0000    0.0000    0.9319    0.5846    1.4046    0.8930
[1] 1200.0000    0.1751    0.8603    0.4664    1.6470    0.9164
[1] 1300.0000    0.0000    0.9498    0.1709    1.7557    1.1653
[1] 1400.0000    0.0000    0.9303   -0.7574    2.6391    1.1894
[1] 1500.0000    0.0000    0.9584   -0.0829    2.1025    1.0940
[1] 1600.0000    0.0000    0.9894   -0.8041    2.7882    1.0856
[1] 1700.0000    0.0000    0.9419   -0.5586    2.6391    1.0966
[1] 1800.0000    0.0000    0.9376   -0.0300    2.0625    0.8302
[1] 1900.0000    0.0000    0.9875   -0.9469    3.0186    0.8532
[1] 2000.0000    0.0000    0.8550    0.0207    2.0552    1.0762
[1] 2100.0000    0.0000    0.8123   -0.8805    2.8320    1.1618
[1] 2200.0000    0.0000    0.8668    0.1793    1.8737    1.0989
[1] 2300.0000    0.0000    0.9142    0.1652    1.7851    0.8527
[1] 2400.0000    0.0000    0.9355    0.5832    1.4087    1.1578
[1] 2500.0000    0.0183    0.8571    0.6085    1.3407    1.0731
[1] 2600.0000    0.0000    0.9100    0.0451    1.9852    1.1442
[1] 2700.0000    0.0000    0.8492   -0.6438    2.7321    0.9140
[1] 2800.0000    0.0321    0.9382   -0.0864    2.1440    1.1558
[1] 2900.0000    0.0000    0.9057   -0.6680    2.6165    0.9581
[1] 3000.0000    0.0000    0.8454   -0.3287    2.3304    0.9669
[1] 3100.0000    0.0000    0.9787    0.4501    1.5611    0.9283
[1] 3200.0000    0.0000    0.9190   -0.1640    2.1526    0.9575
[1] 3300.0000    0.0000    0.9312    0.2396    1.7615    0.9302
[1] 3400.0000    0.4382    0.8983    1.0003    1.0438    1.1525
[1] 3500.0000    0.0000    0.9256    0.4902    1.4342    1.1684
[1] 3600.0000    0.0000    0.9027    0.0446    1.9560    1.1569
[1] 3700.0000    0.3388    0.8237    0.5958    1.4230    0.8398
[1] 3800.0000    0.0000    0.9791    1.3166    0.6514    1.0179
[1] 3900.0000    0.0000    0.8319   -0.3078    2.4045    0.8180
[1] 4000.0000    0.0000    0.9448   -0.8390    2.8993    1.0791
[1] 4100.0000    0.0000    0.8388   -0.4999    2.5295    0.8864
[1] 4200.0000    0.0000    0.9756   -0.4278    2.3581    0.9752
[1] 4300.0000    0.2080    0.8028   -0.4538    2.4751    0.9927
[1] 4400.0000    0.0000    0.9832    0.9854    1.0246    1.0903
[1] 4500.0000    0.1225    0.8404   -0.0282    2.0753    1.1577
[1] 4600.0000    0.0000    0.9525    0.7387    1.3228    1.1110
[1] 4700.0000    0.0000    0.8528   -0.4301    2.3916    0.8411
[1] 4800.0000    0.0000    0.8616   -0.6910    2.6995    0.9384
[1] 4900.0000    0.0000    0.8114   -0.5219    2.4921    0.8255
[1] 5000.0000    0.0151    0.9988   -1.3105    3.1763    0.9542
[1] 5100.0000    0.0000    0.9679   -1.4266    3.3858    1.1951
[1] 5200.0000    0.0000    0.8051    0.7024    1.2533    0.8965
[1] 5300.0000    0.0000    0.9010    0.5982    1.4002    1.0910
[1] 5400.0000    0.0000    0.8536    0.9622    1.0246    0.9337
[1] 5500.0000    0.0000    0.8506    0.4257    1.6095    1.1979
[1] 5600.0000    0.0000    0.9929   -0.0690    1.9628    1.1085
[1] 5700.0000    0.0000    0.9445    0.8104    1.2361    1.0237
[1] 5800.0000    0.0000    0.8612   -0.1490    2.2171    1.0327
[1] 5900.0000    0.0000    0.9433    0.2690    1.6504    0.8670
[1] 6000.0000    0.0000    0.8887    0.2252    1.7041    0.8335
[1] 6100.0000    0.0000    0.9284   -0.1257    2.1667    0.9188
[1] 6200.0000    0.0000    0.8162    0.3508    1.6226    1.0302
[1] 6300.0000    0.0000    0.9569    0.6729    1.4757    0.8080
[1] 6400.0000    0.0000    0.9924    0.0710    1.8613    1.0322
[1] 6500.0000    0.0361    0.9084    0.3730    1.7256    1.0918
[1] 6600.0000    0.0000    0.8710    0.2138    1.7061    0.9001
[1] 6700.0000    0.0000    0.9231   -0.3789    2.4898    1.1521
[1] 6800.0000    0.1520    0.8794    0.2993    1.7218    0.9381
[1] 6900.0000    0.0000    0.8857   -0.6907    2.7515    0.9847
[1] 7000.0000    0.0000    0.8521   -0.1103    2.1328    1.0680
[1] 7100.0000    0.0000    0.9857    0.2344    1.7613    1.0571
[1] 7200.0000    0.0000    0.8247    0.0541    2.0750    0.8913
[1] 7300.0000    0.0000    0.9604    0.8022    1.2652    0.9357
[1] 7400.0000    0.0000    0.8045    0.3945    1.5523    0.8734
[1] 7500.0000    0.0000    0.8918   -1.7381    3.6369    1.0101
[1] 7600.0000    0.0000    0.9493   -0.4811    2.4604    0.9281
[1] 7700.0000    0.0000    0.8440   -0.9961    2.9669    0.8976
[1] 7800.0000    0.0000    0.8367    0.0379    1.9070    0.9006
[1] 7900.0000    0.0000    0.8304    0.5573    1.3190    0.9653
[1] 8000.0000    0.0000    0.9309    0.7795    1.1501    1.0835
[1] 8100.0000    0.0000    0.8483   -0.1232    2.0636    0.8203
[1] 8200.0000    0.0000    0.9110   -0.2679    2.2573    0.9989
[1] 8300.0000    0.0000    0.8222   -0.1534    2.1916    0.8438
[1] 8400.0000    0.0000    0.9658    0.4383    1.5239    0.9286
[1] 8500.0000    0.0000    0.8693   -0.1851    2.2359    1.1264
[1] 8600.0000    0.0002    0.9564   -1.0283    3.0673    0.9963
[1] 8700.0000    0.0000    0.8940    0.0089    1.9730    1.0236
[1] 8800.0000    0.0000    0.9735   -0.2094    2.1221    1.0381
[1] 8900.0000    0.0000    0.8674    0.0022    2.0382    1.0474
[1] 9000.0000    0.0000    0.8301    0.9379    1.0513    1.1387
[1] 9100.0000    0.0000    0.8755    0.7194    1.3049    0.8812
[1] 9200.0000    0.0000    0.8777    0.5138    1.4996    1.1489
[1] 9300.0000    0.0000    0.8689   -0.2560    2.3443    0.9976
[1] 9400.0000    0.0000    0.8413    1.1374    0.7758    1.0761
[1] 9500.0000    0.0000    0.8817   -0.4255    2.3668    1.0875
[1] 9600.0000    0.0000    0.8149    0.1409    1.8458    0.9056
[1] 9700.0000    0.0000    0.8918    1.0216    0.9192    0.8845
[1] 9800.0000    0.0000    0.8667    0.4971    1.4640    0.9410
[1] 9900.0000    0.0000    0.9369    1.9855    0.0868    1.1404
[1] 10000.0000     0.6005     0.9984    -0.4207     2.3841     0.9987
[1] 10100.0000     1.0000     0.9049    -0.4181     2.5321     1.0751
[1] 10200.0000     0.0000     0.8133    -0.1569     2.1056     1.1117
[1] 10300.0000     0.0678     0.9549     1.6661     0.4130     0.8021
[1] 10400.0000     0.0000     0.9109     0.1083     1.8543     0.9653
[1] 10500.0000     0.0000     0.9828     1.0066     0.9871     0.8036
[1] 10600.0000     0.0000     0.9089    -0.1609     2.1350     1.1257
[1] 10700.0000     0.0000     0.8398     0.1257     1.8975     1.0590
[1] 10800.0000     0.0174     0.8310    -0.2410     2.2201     0.9940
[1] 10900.0000     0.0000     0.9660     0.8524     1.2285     1.1970
[1] 11000.0000     0.0023     0.8555     1.3304     0.7543     1.1761
[1] 11100.0000     0.0000     0.8480    -0.1463     2.1201     1.1683
[1] 11200.0000     0.1202     0.9398    -0.5200     2.4946     0.9513
[1] 11300.0000     0.0000     0.8936    -0.5193     2.5145     1.0961
[1] 11400.0000     0.0017     0.9548     0.9368     1.1589     1.0047
[1] 11500.0000     0.0000     0.8034     0.1803     1.7958     0.8501
[1] 11600.0000     0.0000     0.9104    -0.7707     2.7784     0.8269
[1] 11700.0000     0.0003     0.9616     0.4867     1.5042     1.1733
[1] 11800.0000     0.0000     0.8027     0.0403     2.0315     0.8530
[1] 11900.0000     0.0000     0.9123    -0.8246     2.8134     1.0901
[1] 12000.0000     0.0000     0.8014    -0.1968     2.1853     1.0595
[1] 12100.0000     0.0000     0.8005    -1.4564     3.4315     0.8375
[1] 12200.0000     0.4838     0.8496     0.4058     1.6538     0.8460
[1] 12300.0000     0.0000     0.8010     0.1250     1.8283     0.8810
[1] 12400.0000     1.0000     0.8046     0.1155     1.8959     0.8797
[1] 12500.0000     0.0000     0.8870    -0.0005     1.9244     1.1524
[1] 12600.0000     0.0000     0.9125    -0.4464     2.5331     1.1924
[1] 1.270e+04 0.000e+00 9.614e-01 1.559e-01 1.687e+00 8.958e-01
[1] 12800.0000     0.0000     0.8257     0.0212     2.0016     0.8904
[1] 12900.0000     0.0321     0.9204     0.8657     1.1727     0.8219
[1] 13000.0000     0.0000     0.9313     0.8105     1.1859     1.1678
[1] 13100.0000     0.0000     0.9404     1.5883     0.4207     0.9822
[1] 13200.0000     0.0000     0.8843     0.2349     1.8505     0.9997
[1] 13300.0000     0.0000     0.9222    -0.5583     2.6354     0.8801
[1] 13400.0000     0.0000     0.8092    -0.7285     2.7267     1.1676
[1] 13500.0000     0.0000     0.8466    -0.6951     2.7058     0.8143
[1] 13600.0000     0.0000     0.8917     0.3141     1.7094     1.0301
[1] 13700.0000     0.0000     0.8951    -0.3354     2.3152     1.0363
[1] 13800.0000     0.0000     0.8787    -0.6261     2.6354     1.0611
[1] 13900.0000     0.0000     0.8573     0.1796     1.8197     0.8372
[1] 14000.0000     0.0000     0.9588     0.1929     1.7883     0.9662
[1] 14100.0000     0.0000     0.8411     0.4799     1.4233     1.1804
[1] 14200.0000     0.0000     0.8479     0.1571     1.7776     0.8739
[1] 14300.0000     0.0000     0.9227    -1.2598     3.2268     1.0001
[1] 14400.0000     0.0036     0.8623    -0.0461     2.0061     0.8985
[1] 14500.0000     0.3168     0.8647     0.1447     1.8577     1.0877
[1] 14600.0000     0.0000     0.8721     0.1961     1.8243     0.9912
[1] 14700.0000     0.0000     0.8734    -0.0770     1.9692     1.0676
[1] 14800.0000     0.0000     0.8093     1.3905     0.5208     1.1283
[1] 14900.0000     0.0025     0.9582     0.1469     1.8904     1.0321
[1] 15000.0000     0.0039     0.8279    -0.4514     2.4913     1.0826
[1] 15100.0000     1.0000     0.8292    -0.4293     2.4553     0.9249
[1] 15200.0000     0.0000     0.8242     0.6906     1.2772     1.0800
[1] 15300.0000     0.3285     0.9517     0.5894     1.4581     1.1636
[1] 15400.0000     0.0049     0.8397    -0.6091     2.6485     1.1015
[1] 15500.0000     0.0000     0.9734    -1.1378     3.2119     1.1714
[1] 15600.0000     0.0000     0.8520    -0.2309     2.2551     1.1912
[1] 15700.0000     0.0000     0.8475    -0.6225     2.5763     0.9690
[1] 15800.0000     0.0000     0.9108    -0.4957     2.4740     0.9068
[1] 15900.0000     0.0000     0.8876    -0.4094     2.3676     0.9067
[1] 16000.0000     0.0001     0.8124    -0.9352     2.9127     1.1160
[1] 16100.0000     0.0000     0.9138     0.7060     1.3122     1.1342
[1] 16200.0000     0.0000     0.9466     0.0080     1.9438     0.9477
[1] 16300.0000     0.0000     0.9158    -0.6102     2.6525     0.9491
[1] 16400.0000     0.0000     0.9648     0.1320     1.8887     0.9493
[1] 16500.0000     0.5460     0.9646    -0.1062     2.0520     1.1820
[1] 16600.0000     0.0000     0.8294    -0.9766     3.0143     0.8835
[1] 16700.0000     0.0000     0.9635     0.7763     1.1393     0.8336
[1] 16800.0000     0.0000     0.9358     0.1485     1.8693     0.9778
[1] 16900.0000     0.0000     0.8138     0.2393     1.6962     1.1004
[1] 17000.0000     0.0000     0.9790    -0.4526     2.4611     0.8822
[1] 17100.0000     0.0000     0.9305     0.6535     1.3882     0.9283
[1] 17200.0000     0.0000     0.9497     1.0576     0.8771     0.8252
[1] 17300.0000     1.0000     0.8396     0.0714     1.9150     1.0131
[1] 17400.0000     0.0000     0.8593     0.2011     1.8391     1.1450
[1] 17500.0000     0.0000     0.9677    -0.0025     2.0053     1.1479
[1] 17600.0000     0.0000     0.8280     0.2207     1.7555     1.1486
[1] 17700.0000     0.0000     0.8794     0.6089     1.3741     0.9707
[1] 17800.0000     0.0001     0.8771    -0.9215     2.9936     0.9481
[1] 17900.0000     0.0000     0.8750    -1.3713     3.3728     0.9636
[1] 18000.0000     1.0000     0.9109    -0.2792     2.3024     0.8712
[1] 18100.0000     0.0000     0.8802    -0.4388     2.4760     0.9893
[1] 18200.0000     0.0001     0.8582     1.7414     0.2345     0.9652
[1] 18300.0000     0.0000     0.8120    -0.1043     2.1364     1.0717
[1] 1.840e+04 0.000e+00 9.529e-01 4.484e-01 1.568e+00 8.173e-01
[1] 18500.0000     0.0000     0.8451     0.3036     1.7641     0.9054
[1] 18600.0000     0.0000     0.8420     0.6259     1.4277     0.8224
[1] 18700.0000     0.0000     0.8080    -0.4595     2.4926     0.9308
[1] 18800.0000     0.0000     0.8537     0.0797     1.9875     0.9005
[1] 18900.0000     0.0000     0.9024    -1.1290     3.0390     1.0613
[1] 19000.0000     0.0000     0.8366    -1.4703     3.4568     0.8015
[1] 19100.0000     0.0000     0.9728    -0.0310     1.9488     0.8217
[1] 19200.0000     0.0000     0.8001    -0.3129     2.3046     0.9641
[1] 19300.0000     0.0000     0.8035     0.0048     1.9531     1.0886
[1] 19400.0000     0.0000     0.9330    -0.4778     2.4749     1.0363
[1] 19500.0000     0.0000     0.8527     0.4344     1.5857     1.1208
[1] 19600.0000     1.0000     0.9648    -1.0033     3.0479     1.1447
[1] 19700.0000     0.0000     0.8982    -0.0306     1.9500     1.1826
[1] 19800.0000     0.0000     0.9408     0.6323     1.4346     0.9927
[1] 19900.0000     0.0000     0.9981    -0.1359     2.1779     1.0280
[1] 20000.0000     0.0000     0.8708    -0.5328     2.5392     1.0213
[1] 20100.0000     0.0000     0.9080     0.0933     1.9646     1.0402
[1] 20200.0000     1.0000     0.9840     0.1530     1.8892     1.1380
[1] 20300.0000     0.0000     0.8028     0.1395     1.9181     0.9708
[1] 2.040e+04 1.800e-03 9.072e-01 1.843e-01 1.791e+00 9.991e-01
[1] 20500.0000     0.0000     0.8964    -0.6248     2.6803     1.1285
[1] 20600.0000     0.1405     0.8137    -0.1662     2.2004     0.9497
[1] 20700.0000     1.0000     0.8107     0.1673     1.7295     1.0874
[1] 20800.0000     0.0000     0.9606    -0.1512     2.1884     1.0886
[1] 20900.0000     0.0007     0.9198     0.5532     1.4394     1.1653
[1] 21000.0000     0.0000     0.9912     1.3304     0.6472     1.0875
[1] 21100.0000     0.0000     0.9732    -0.0341     1.9873     0.8253
[1] 21200.0000     0.0535     0.8263     0.6623     1.3460     1.1324
[1] 21300.0000     0.0000     0.9596    -0.1753     2.1034     1.0815
[1] 21400.0000     0.0000     0.9719     0.3227     1.6607     0.9071
[1] 21500.0000     0.0000     0.9375    -0.1102     2.0680     1.0777
[1] 21600.0000     0.0000     0.8420     0.1699     1.8539     0.8926
[1] 21700.0000     0.0000     0.8258    -0.2883     2.3370     1.1265
[1] 21800.0000     0.0000     0.8417    -0.5028     2.5961     1.0310
[1] 21900.0000     0.0000     0.9408     0.2187     1.7181     0.9421
[1] 22000.0000     0.0000     0.8850     1.2082     0.7986     0.9555
[1] 22100.0000     0.0000     0.9825    -0.1801     2.1719     1.1195
[1] 22200.0000     0.0000     0.9349    -0.0525     1.9869     0.9881
[1] 22300.0000     0.0001     0.8584     0.1756     1.8295     0.9367
[1] 22400.0000     0.0000     0.9494     0.2764     1.7057     0.9207
[1] 22500.0000     0.0022     0.9610     0.8456     1.1756     0.9963
[1] 22600.0000     0.0000     0.8858     1.4813     0.6432     0.9064
[1] 22700.0000     0.0000     0.8271     0.3766     1.5336     1.1968
[1] 22800.0000     0.0001     0.9630     0.0742     2.0056     0.9437
[1] 22900.0000     0.0000     0.9207     0.8453     1.0664     0.8362
[1] 23000.0000     0.0000     0.9652     0.5269     1.4070     1.0264
[1] 23100.0000     0.0000     0.9231     0.1735     1.7747     0.8179
[1] 23200.0000     0.0000     0.8288    -0.7132     2.7190     0.8616
[1] 23300.0000     0.0639     0.8966     0.6167     1.3716     1.0199
[1] 23400.0000     0.0000     0.8015     0.6447     1.4086     0.8904
[1] 23500.0000     0.0000     0.9561     0.5292     1.4919     1.0572
[1] 23600.0000     0.0000     0.8360     0.1394     1.8712     0.8406
[1] 23700.0000     0.0000     0.9932    -0.0351     2.0552     0.8221
[1] 2.380e+04 0.000e+00 9.509e-01 1.017e-01 1.854e+00 9.516e-01
[1] 23900.0000     0.0000     0.8157     1.0955     0.9054     0.8034
[1] 24000.0000     0.0000     0.9304     0.4877     1.4796     0.8086
[1] 24100.0000     0.0000     0.8643    -1.1145     3.1317     0.9462
[1] 24200.0000     0.0000     0.8399    -0.3282     2.1997     1.0287
[1] 24300.0000     0.0000     0.9879    -0.9707     2.9715     1.1930
[1] 24400.0000     1.0000     0.9947     0.6355     1.3693     0.9697
[1] 24500.0000     0.0000     0.9064     1.2686     0.7720     0.8345
[1] 24600.0000     0.0000     0.9062     0.1775     1.8501     0.8877
[1] 24700.0000     0.0001     0.9025    -0.6868     2.6953     0.8040
[1] 24800.0000     0.0000     0.8109     0.7957     1.2247     1.1899
[1] 24900.0000     0.0000     0.9495    -0.4592     2.4142     0.8626
[1] 25000.0000     0.0002     0.9628    -0.0282     2.0377     0.9362
[1] 25100.0000     0.0000     0.9605     0.3927     1.5710     1.0743
[1] 25200.0000     0.0000     0.9435    -0.1495     2.1709     1.0372
[1] 25300.0000     1.0000     0.8151    -0.0143     2.0528     1.0748
[1] 25400.0000     1.0000     0.8988    -0.1057     2.0890     1.0888
[1] 25500.0000     0.0000     0.8147     0.6210     1.3531     1.1844
[1] 25600.0000     0.0000     0.8978     0.1130     1.8774     1.1142
[1] 25700.0000     0.0000     0.8662     0.1855     1.8042     1.1677
[1] 25800.0000     0.0000     0.8043    -0.7535     2.7211     0.8730
[1] 25900.0000     1.0000     0.8632    -0.1748     2.1812     1.1254
[1] 26000.0000     0.4063     0.9492     0.0802     2.0124     1.0058
[1] 26100.0000     0.0000     0.9196     0.6252     1.2581     1.1722
[1] 26200.0000     0.0000     0.9768    -0.0093     1.9227     0.9801
[1] 26300.0000     0.0000     0.8530    -0.2147     2.2279     1.0678
[1] 26400.0000     0.0000     0.8767     0.4209     1.5693     0.8041
[1] 26500.0000     0.0009     0.9903     0.4172     1.6391     1.1966
[1] 26600.0000     0.0000     0.9293    -0.6984     2.8466     0.8497
[1] 26700.0000     0.0000     0.8184     0.3182     1.6573     0.9177
[1] 26800.0000     0.0000     0.8180    -1.4170     3.4537     0.8719
[1] 26900.0000     0.0000     0.9586    -0.1148     2.0513     1.0279
[1] 27000.0000     0.0000     0.8794    -0.6571     2.6240     0.8948
[1] 27100.0000     0.3287     0.8095     0.0363     2.0294     1.0497
[1] 27200.0000     0.0000     0.9878     0.1991     1.7867     0.8174
[1] 27300.0000     0.0000     0.8270    -0.6414     2.6425     1.1347
[1] 27400.0000     0.0000     0.9843     0.2824     1.7325     1.1629
[1] 27500.0000     0.0000     0.8463     0.9405     1.1457     0.8762
[1] 27600.0000     0.0000     0.8732     1.4816     0.5382     0.9172
[1] 27700.0000     0.0000     0.8768     0.3046     1.7573     1.0202
[1] 27800.0000     0.0000     0.8338     0.3252     1.6375     0.9440
[1] 27900.0000     1.0000     0.8904     0.6695     1.3003     0.9276
[1] 28000.0000     0.0000     0.8025    -0.5375     2.5351     0.9240
[1] 28100.0000     0.0000     0.9262     0.8080     1.2485     1.0710
[1] 2.820e+04 0.000e+00 9.683e-01 2.900e-01 1.704e+00 8.917e-01
[1] 28300.0000     0.0000     0.9886    -0.5470     2.5472     1.1843
[1] 28400.0000     0.5206     0.9594    -0.6344     2.7098     0.8105
[1] 28500.0000     0.0000     0.8678     0.4778     1.4996     0.8688
[1] 28600.0000     0.0000     0.9775    -0.2201     2.1683     0.9079
[1] 28700.0000     0.0000     0.9675    -0.5380     2.5319     1.1579
[1] 28800.0000     0.0000     0.8104     0.0706     1.9542     1.1940
[1] 28900.0000     0.0000     0.9137     0.4902     1.6295     0.8478
[1] 29000.0000     0.0000     0.9692    -1.0676     2.9059     0.9910
[1] 29100.0000     0.0000     0.8240    -0.7042     2.7211     1.0266
[1] 29200.0000     0.0149     0.9367     0.9242     1.0146     1.1465
[1] 29300.0000     0.1829     0.9749     1.3138     0.7293     0.9782
[1] 29400.0000     0.0000     0.9394     0.9949     0.9125     1.1754
[1] 29500.0000     0.0000     0.9697    -0.6289     2.6015     0.9614
[1] 29600.0000     0.0000     0.8335     0.4768     1.5099     1.1940
[1] 29700.0000     0.0000     0.9991     0.0535     1.9164     0.9357
[1] 29800.0000     0.0000     0.8030    -1.0299     3.0963     0.9421
[1] 29900.0000     0.6332     0.9798     0.0007     2.0831     1.0014
[1] 30000.0000     0.0000     0.9250     1.7054     0.2184     1.0393
[1] 0.07099716
Time difference of 4.013339 hours
null device 
          1 
