[1] "El numero de nodos X particion es: 10"
[1] "Model = M2 / Data = sim_data/datasetSVIMatern19.Rdata"
[1] 100.0000   0.9905   0.8291   0.0589   1.9358   0.9331
[1] 200.0000   0.1683   0.8487   0.0304   1.9492   0.8384
[1] 300.0000   1.0000   0.8776  -0.0025   1.9587   1.0665
[1] 400.0000   0.4442   0.9217   0.1875   1.7681   0.9692
[1] 500.0000   0.0532   0.9813  -0.2445   2.3017   0.8492
[1] 600.0000   0.6357   0.9748   0.2896   1.6426   1.0386
[1] 700.0000   0.0012   0.8999   1.1739   0.8407   1.0702
[1] 800.0000   0.0000   0.8728   0.9058   1.1134   0.9084
[1] 900.0000   0.0000   0.9606   0.5440   1.4286   1.0158
[1] 1000.0000    0.0000    0.8209   -0.2063    2.1988    0.9374
[1] 1100.0000    0.0000    0.9319    1.4494    0.4659    0.8930
[1] 1200.0000    0.3995    0.8603    1.2295    0.8484    0.9164
[1] 1300.0000    1.0000    0.8617   -0.2120    2.0481    1.0550
[1] 1400.0000    0.0000    0.8099   -0.2085    2.2025    1.1384
[1] 1500.0000    0.0000    0.8024    0.6943    1.3160    1.1019
[1] 1600.0000    0.0000    0.8026   -1.1712    3.1564    1.1341
[1] 1700.0000    0.0000    0.9419    0.5263    1.5089    1.0966
[1] 1800.0000    0.0000    0.8314    0.6136    1.3204    0.9945
[1] 1900.0000    0.0000    0.9005   -0.3731    2.2972    0.9368
[1] 2000.0000    0.0000    0.9400   -0.2608    2.2753    1.1109
[1] 2100.0000    0.0000    0.8614   -0.4100    2.3817    0.9148
[1] 2200.0000    0.0000    0.8668    0.1267    1.8653    1.0989
[1] 2300.0000    0.0000    0.8951    0.2070    1.6950    0.9529
[1] 2400.0000    0.0000    0.9355   -0.0758    2.0537    1.1578
[1] 2500.0000    0.0021    0.9668    0.2924    1.5779    0.8029
[1] 2600.0000    0.0000    0.8617   -0.3499    2.2385    0.8044
[1] 2700.0000    0.0000    0.8334   -1.2334    3.2034    0.9547
[1] 2800.0000    0.0005    0.9386    0.3315    1.6234    0.8695
[1] 2900.0000    0.0000    0.9057   -0.9704    2.9163    0.9581
[1] 3000.0000    0.0000    0.8454   -0.5571    2.5229    0.9669
[1] 3100.0000    0.0000    0.9514   -0.1541    2.1219    0.9478
[1] 3200.0000    0.0000    0.8559   -0.5621    2.4227    0.9875
[1] 3300.0000    0.0000    0.9312   -0.0264    1.9580    0.9302
[1] 3400.0000    0.1677    0.9079    0.6198    1.3810    0.8348
[1] 3500.0000    0.0000    0.8568    0.7769    1.1141    1.0820
[1] 3600.0000    0.0000    0.9027    0.2760    1.6931    1.1569
[1] 3700.0000    0.1166    0.8237    0.5539    1.4207    0.8398
[1] 3800.0000    0.0000    0.8306    0.5574    1.4575    0.8349
[1] 3900.0000    0.0000    0.8319    0.6764    1.4126    0.8180
[1] 4000.0000    0.0000    0.9448    0.1030    1.8374    1.0791
[1] 4100.0000    0.0000    0.8388   -0.7249    2.7731    0.8864
[1] 4200.0000    0.0000    0.9756   -0.4726    2.3574    0.9752
[1] 4300.0000    0.2395    0.8741   -0.8965    2.8233    1.1249
[1] 4400.0000    0.0000    0.8310    0.6847    1.2367    1.1572
[1] 4500.0000    0.2364    0.8410    0.1152    1.9482    1.1520
[1] 4600.0000    0.0000    0.9581    0.7157    1.3665    0.8180
[1] 4700.0000    0.0000    0.8528    0.6365    1.3415    0.8411
[1] 4800.0000    0.0000    0.8006   -0.2016    2.1487    0.9390
[1] 4900.0000    0.0000    0.8761   -0.1385    2.0976    1.0415
[1] 5000.0000    0.0000    0.9762   -0.3815    2.3170    0.8665
[1] 5100.0000    0.0000    0.8192   -0.3845    2.3398    0.8134
[1] 5200.0000    0.0000    0.8051    0.5261    1.3873    0.8965
[1] 5300.0000    0.0000    0.8845    0.8154    1.1471    1.0022
[1] 5400.0000    0.0000    0.8536    1.0676    0.9018    0.9337
[1] 5500.0000    0.0000    0.8508   -0.2744    2.1285    1.0471
[1] 5600.0000    0.0000    0.8117    0.2488    1.6520    0.9121
[1] 5700.0000    0.0000    0.9545   -0.2186    2.0905    0.8805
[1] 5800.0000    0.0000    0.8612   -0.3124    2.3876    1.0327
[1] 5900.0000    0.0000    0.8278    1.2751    0.7305    1.0767
[1] 6000.0000    0.0000    0.8887    1.3477    0.5251    0.8335
[1] 6100.0000    0.0000    0.9572   -0.2271    2.1118    0.9060
[1] 6200.0000    0.0000    0.8235   -0.2150    2.0916    1.1329
[1] 6300.0000    0.0000    0.9569    0.6205    1.2955    0.8080
[1] 6400.0000    0.0000    0.9924   -0.3927    2.3033    1.0322
[1] 6500.0000    0.0113    0.9084   -0.2211    2.2742    1.0918
[1] 6600.0000    0.0000    0.8710   -0.2229    2.1307    0.9001
[1] 6700.0000    0.0000    0.8253   -1.0636    3.1424    0.9280
[1] 6800.0000    0.1080    0.8794    0.1480    1.8327    0.9381
[1] 6900.0000    0.0000    0.9267   -0.3813    2.4475    1.0380
[1] 7000.0000    0.0000    0.8521    0.6796    1.3200    1.0680
[1] 7100.0000    0.0000    0.9544    1.0788    0.8933    0.9045
[1] 7200.0000    0.0000    0.8247    0.1739    1.9174    0.8913
[1] 7300.0000    0.0000    0.9604    0.9675    1.0328    0.9357
[1] 7400.0000    0.0000    0.9512   -0.5108    2.4687    0.8676
[1] 7500.0000    0.0000    0.8475   -1.5369    3.4716    1.0597
[1] 7600.0000    0.0000    0.8332   -0.1336    2.1849    1.0877
[1] 7700.0000    0.0000    0.8440   -0.2590    2.2562    0.8976
[1] 7800.0000    0.0000    0.8350    0.3904    1.6135    1.1361
[1] 7900.0000    0.0000    0.9168    0.4767    1.4287    1.1281
[1] 8000.0000    0.0000    0.9309    0.0349    1.9380    1.0835
[1] 8100.0000    0.0000    0.8483    0.0228    1.8701    0.8203
[1] 8200.0000    0.0000    0.9207   -0.9009    2.8778    1.1282
[1] 8300.0000    0.0000    0.8222   -0.8028    2.8295    0.8438
[1] 8400.0000    0.0000    0.9658   -0.0407    1.9434    0.9286
[1] 8500.0000    0.0000    0.8325    0.3946    1.6681    1.0750
[1] 8600.0000    0.0000    0.8843   -0.8757    2.8139    0.9290
[1] 8700.0000    0.0000    0.8940    0.0213    1.9027    1.0236
[1] 8800.0000    0.0000    0.8335    1.3243    0.6852    0.9256
[1] 8900.0000    0.0000    0.8248    1.2950    0.7236    1.0728
[1] 9000.0000    0.0000    0.8301    0.7717    1.1545    1.1387
[1] 9100.0000    0.0000    0.8755   -0.2617    2.1925    0.8812
[1] 9200.0000    0.0000    0.8777   -0.2506    2.2952    1.1489
[1] 9300.0000    0.0000    0.8764   -0.4451    2.4397    1.0012
[1] 9400.0000    0.0000    0.8413    0.7578    1.1417    1.0761
[1] 9500.0000    0.0000    0.8817    0.3457    1.4786    1.0875
[1] 9600.0000    0.0000    0.8149    1.0108    1.0151    0.9056
[1] 9700.0000    0.0000    0.8918    1.4727    0.4233    0.8845
[1] 9800.0000    0.0000    0.9462    0.5667    1.3670    1.1275
[1] 9900.0000    0.0000    0.9876    1.3631    0.6038    0.9739
[1] 10000.0000     0.5097     0.9718     0.0411     1.9096     0.8376
[1] 10100.0000     1.0000     0.9049     0.7307     1.3344     1.0751
[1] 10200.0000     0.0001     0.8458     1.2025     0.7261     1.1044
[1] 10300.0000     0.1281     0.9549     1.7149     0.2580     0.8021
[1] 10400.0000     0.0000     0.9109     0.1619     1.7184     0.9653
[1] 10500.0000     0.0000     0.9828     0.5450     1.3513     0.8036
[1] 10600.0000     0.0000     0.8442     0.2135     1.8173     0.9495
[1] 1.070e+04 0.000e+00 8.398e-01 6.337e-01 1.340e+00 1.059e+00
[1] 1.080e+04 1.830e-02 8.310e-01 9.443e-01 9.996e-01 9.940e-01
[1] 1.090e+04 0.000e+00 8.191e-01 9.958e-01 9.614e-01 8.008e-01
[1] 1.100e+04 8.440e-02 8.191e-01 9.958e-01 9.614e-01 8.008e-01
[1] 11100.0000     0.0000     0.8902     0.3702     1.6329     0.9114
[1] 11200.0000     0.2726     0.8258    -0.7311     2.7003     1.0628
[1] 11300.0000     0.0000     0.8936    -0.7304     2.7209     1.0961
[1] 11400.0000     0.0016     0.9548     0.4974     1.5603     1.0047
[1] 11500.0000     0.0000     0.8477     0.1777     1.8167     0.8119
[1] 11600.0000     0.0000     0.9104    -0.1014     2.0790     0.8269
[1] 11700.0000     0.0013     0.8224     0.2823     1.6473     0.8539
[1] 11800.0000     0.0000     0.8440    -0.5543     2.3393     0.8198
[1] 11900.0000     0.0000     0.8460    -0.4407     2.3519     0.8150
[1] 12000.0000     0.0000     0.8014    -0.0404     2.0006     1.0595
[1] 12100.0000     0.0000     0.8005    -1.0022     2.9034     0.8375
[1] 1.220e+04 1.000e+00 8.496e-01 8.896e-01 1.088e+00 8.460e-01
[1] 12300.0000     0.0000     0.8010     0.4513     1.5331     0.8810
[1] 12400.0000     0.3243     0.8046     0.0641     1.9914     0.8797
[1] 12500.0000     0.0000     0.8870     0.1613     1.7457     1.1524
[1] 12600.0000     0.0000     0.8126     0.3996     1.6148     1.1805
[1] 12700.0000     0.0000     0.8779     0.6848     1.1902     0.8170
[1] 1.280e+04 0.000e+00 8.257e-01 8.710e-02 1.867e+00 8.904e-01
[1] 12900.0000     0.2021     0.8845     0.7266     1.3063     0.8572
[1] 13000.0000     0.0000     0.8069     0.3802     1.5277     1.0997
[1] 1.310e+04 0.000e+00 9.404e-01 1.051e+00 9.169e-01 9.822e-01
[1] 13200.0000     0.0000     0.8843    -0.2258     2.2669     0.9997
[1] 13300.0000     0.0000     0.9271    -0.4213     2.3201     0.8364
[1] 13400.0000     0.0000     0.9498     0.8583     1.0937     0.9832
[1] 13500.0000     0.0000     0.8466     0.1162     1.8141     0.8143
[1] 13600.0000     0.0000     0.8917     0.4887     1.4292     1.0301
[1] 13700.0000     0.0000     0.8421     0.7999     1.2193     0.9544
[1] 13800.0000     0.0000     0.8787    -0.8852     2.8948     1.0611
[1] 1.390e+04 0.000e+00 8.573e-01 3.077e-01 1.639e+00 8.372e-01
[1] 14000.0000     0.0000     0.9588     0.1736     1.7645     0.9662
[1] 14100.0000     0.0000     0.8844     0.6228     1.2365     1.1867
[1] 14200.0000     0.0000     0.8479    -0.0966     2.0006     0.8739
[1] 14300.0000     0.0000     0.9227    -0.9459     2.8493     1.0001
[1] 14400.0000     0.0299     0.8623     0.4120     1.5654     0.8985
[1] 14500.0000     0.4991     0.9833     1.1521     0.8760     1.1771
[1] 14600.0000     0.0000     0.8570     0.9434     0.9435     1.1138
[1] 14700.0000     0.0000     0.8327    -0.5302     2.4437     0.8645
[1] 14800.0000     0.0000     0.9433     0.7797     1.1335     0.9182
[1] 14900.0000     0.0005     0.8051     0.0088     2.0119     1.0614
[1] 15000.0000     0.0202     0.8279     0.4287     1.5426     1.0826
[1] 15100.0000     1.0000     0.8292    -0.0835     2.0112     0.9249
[1] 15200.0000     0.0000     0.8242     0.6998     1.2768     1.0800
[1] 15300.0000     0.1898     0.8059     0.5251     1.4782     0.9091
[1] 15400.0000     0.0028     0.8072    -0.8765     2.8817     1.0717
[1] 15500.0000     0.0000     0.8853    -1.9021     3.8851     1.1983
[1] 15600.0000     0.0000     0.8878    -1.0218     2.9799     0.8550
[1] 15700.0000     0.0000     0.8475    -0.2055     2.1322     0.9690
[1] 15800.0000     0.0000     0.9108    -0.0034     1.9134     0.9068
[1] 15900.0000     0.0000     0.8841     0.3986     1.5337     0.8192
[1] 16000.0000     0.0001     0.8124    -0.1476     2.1028     1.1160
[1] 16100.0000     0.0000     0.9566     1.0270     1.0229     1.0234
[1] 1.620e+04 0.000e+00 9.466e-01 2.564e-01 1.676e+00 9.477e-01
[1] 16300.0000     0.0000     0.9327    -0.3532     2.3478     0.9714
[1] 16400.0000     0.0000     0.9401     0.1291     1.8218     0.9237
[1] 16500.0000     0.0503     0.9646    -0.3653     2.3598     1.1820
[1] 16600.0000     0.0000     0.8294    -1.0980     3.0914     0.8835
[1] 16700.0000     0.0000     0.9287    -0.5195     2.4689     0.9633
[1] 16800.0000     0.0000     0.8621    -0.1023     1.9799     1.1596
[1] 16900.0000     0.0000     0.8138    -0.5905     2.5149     1.1004
[1] 17000.0000     0.0000     0.9790    -0.5072     2.4046     0.8822
[1] 17100.0000     0.0000     0.9305     0.6847     1.3263     0.9283
[1] 17200.0000     0.0000     0.9497     1.1052     0.7932     0.8252
[1] 17300.0000     1.0000     0.8396     0.0825     1.8722     1.0131
[1] 17400.0000     0.0000     0.8593     0.2175     1.7927     1.1450
[1] 17500.0000     0.0000     0.8131     0.3897     1.6558     0.9127
[1] 1.760e+04 0.000e+00 8.698e-01 1.750e-02 1.972e+00 8.781e-01
[1] 17700.0000     0.0000     0.8794     0.8182     1.1482     0.9707
[1] 17800.0000     0.0000     0.8771    -0.6036     2.6530     0.9481
[1] 17900.0000     0.0000     0.9083    -0.3141     2.3276     0.9495
[1] 18000.0000     1.0000     0.9109    -0.1392     2.1109     0.8712
[1] 18100.0000     0.0000     0.8078    -0.8103     2.7327     0.9064
[1] 18200.0000     0.0084     0.8582     0.3121     1.5831     0.9652
[1] 18300.0000     0.0000     0.9012     0.4144     1.5379     1.0710
[1] 18400.0000     0.0000     0.9529    -0.7089     2.7318     0.8173
[1] 18500.0000     0.0000     0.9525    -0.5839     2.5350     0.9333
[1] 1.860e+04 0.000e+00 8.420e-01 5.851e-01 1.416e+00 8.224e-01
[1] 18700.0000     0.0000     0.8080    -0.5233     2.5078     0.9308
[1] 18800.0000     0.0000     0.8537     0.9708     1.0589     0.9005
[1] 18900.0000     0.0000     0.9024     0.7249     1.2022     1.0613
[1] 19000.0000     0.0000     0.8366     0.2001     1.7447     0.8015
[1] 19100.0000     0.0000     0.8878     0.2375     1.6034     1.0323
[1] 19200.0000     0.0000     0.8001    -0.4110     2.3030     0.9641
[1] 19300.0000     0.0000     0.8411     0.1233     1.8164     0.9272
[1] 19400.0000     0.0000     0.8500     0.3235     1.6216     0.9313
[1] 19500.0000     0.0000     0.9633     0.1409     1.7031     1.1823
[1] 19600.0000     0.1178     0.9162    -1.2452     3.2096     0.8038
[1] 19700.0000     0.0000     0.8982    -0.2635     2.1026     1.1826
[1] 19800.0000     0.0000     0.9408     0.4047     1.5812     0.9927
[1] 19900.0000     0.0000     0.8077    -0.4400     2.3589     0.9949
[1] 20000.0000     0.0000     0.8708    -0.5528     2.5100     1.0213
[1] 20100.0000     0.0000     0.9080     0.0889     1.9579     1.0402
[1] 20200.0000     0.3488     0.8367     0.5210     1.5238     0.9269
[1] 20300.0000     0.0000     0.8028     0.0526     1.9832     0.9708
[1] 20400.0000     0.0080     0.9072     0.0978     1.8546     0.9991
[1] 20500.0000     0.0000     0.9083     0.3822     1.6102     0.8030
[1] 20600.0000     0.4313     0.9169     0.4983     1.5111     1.1057
[1] 20700.0000     1.0000     0.8107     0.0273     1.9816     1.0874
[1] 20800.0000     0.0000     0.9606    -0.3331     2.3462     1.0886
[1] 20900.0000     0.0011     0.8088     1.3155     0.6501     0.9600
[1] 21000.0000     0.0000     0.9026     0.8943     1.0923     0.9886
[1] 21100.0000     0.0000     0.9732    -0.0110     1.9254     0.8253
[1] 21200.0000     0.0317     0.8263     0.4623     1.4961     1.1324
[1] 21300.0000     0.0000     0.8399    -0.3332     2.1906     1.0171
[1] 21400.0000     0.0000     0.9719     0.3454     1.5791     0.9071
[1] 21500.0000     0.0000     0.8732    -0.1505     2.0432     1.0565
[1] 21600.0000     0.0000     0.8010    -0.0945     2.0996     1.1966
[1] 21700.0000     0.0000     0.8416    -0.4289     2.3906     1.0860
[1] 21800.0000     0.0001     0.8218    -1.1921     3.1140     1.1739
[1] 21900.0000     0.0000     0.9408     0.4149     1.4712     0.9421
[1] 22000.0000     0.0000     0.8850     1.3076     0.6542     0.9555
[1] 22100.0000     0.0000     0.9825    -0.3850     2.2926     1.1195
[1] 22200.0000     0.0000     0.9882    -0.2360     2.1201     0.9514
[1] 22300.0000     0.0000     0.8584    -0.0959     2.0879     0.9367
[1] 22400.0000     0.0000     0.9494     0.5503     1.3901     0.9207
[1] 22500.0000     0.0004     0.9477     1.6098     0.3665     0.8999
[1] 22600.0000     0.0000     0.8858     0.2417     1.8336     0.9064
[1] 22700.0000     0.0000     0.8271     0.4917     1.4416     1.1968
[1] 22800.0000     0.0268     0.8972    -0.3609     2.1080     1.0231
[1] 22900.0000     0.0000     0.9207     0.5346     1.3849     0.8362
[1] 23000.0000     0.0000     0.9491     0.3237     1.6255     0.8538
[1] 23100.0000     0.0000     0.8430    -0.6362     2.5640     0.8574
[1] 23200.0000     0.0000     0.8449     0.3172     1.6901     0.9864
[1] 23300.0000     0.0586     0.8966     0.6224     1.3245     1.0199
[1] 23400.0000     0.0000     0.9418     0.5834     1.3797     0.8205
[1] 23500.0000     0.0000     0.8934     0.2760     1.6780     1.1391
[1] 23600.0000     0.0000     0.8360     0.9036     1.0166     0.8406
[1] 23700.0000     0.0000     0.8580    -0.1859     2.1358     0.8494
[1] 23800.0000     0.0000     0.9509    -0.2763     2.1218     0.9516
[1] 23900.0000     0.0000     0.8157    -0.1249     2.0707     0.8034
[1] 24000.0000     0.0000     0.9304    -0.2137     2.1094     0.8086
[1] 24100.0000     0.0000     0.8643    -1.2784     3.2618     0.9462
[1] 24200.0000     0.0000     0.8399     0.2458     1.6006     1.0287
[1] 24300.0000     0.0000     0.8207    -1.0357     3.0159     1.1509
[1] 24400.0000     0.5270     0.9947     0.5590     1.4181     0.9697
[1] 24500.0000     0.0000     0.9064     0.8652     1.0303     0.8345
[1] 24600.0000     0.0000     0.9062    -0.1400     2.0877     0.8877
[1] 24700.0000     0.0000     0.9574     0.0074     1.8637     1.0919
[1] 24800.0000     0.0000     0.8109     0.6940     1.2853     1.1899
[1] 24900.0000     0.0000     0.9495    -0.1616     2.0815     0.8626
[1] 25000.0000     0.0012     0.9628    -0.3744     2.3533     0.9362
[1] 25100.0000     0.0000     0.9605     0.7134     1.2200     1.0743
[1] 25200.0000     0.0000     0.8184     0.2951     1.6638     0.8574
[1] 25300.0000     0.7985     0.8151    -0.1361     2.0614     1.0748
[1] 25400.0000     1.0000     0.8988    -0.5643     2.5565     1.0888
[1] 25500.0000     0.0000     0.8147     0.5440     1.3973     1.1844
[1] 25600.0000     0.0000     0.8978     0.0383     1.9216     1.1142
[1] 25700.0000     0.0000     0.8060     0.6507     1.3178     0.8422
[1] 25800.0000     0.0000     0.8043     0.8332     1.1012     0.8730
[1] 25900.0000     0.8126     0.8632     0.6562     1.3366     1.1254
[1] 26000.0000     1.0000     0.9492     0.1361     1.8857     1.0058
[1] 26100.0000     0.0000     0.9196     0.3989     1.4055     1.1722
[1] 26200.0000     0.0000     0.9529    -0.5648     2.5170     1.0017
[1] 26300.0000     0.0000     0.9407    -0.0471     2.0427     1.0281
[1] 26400.0000     0.0000     0.8767     0.8097     1.1764     0.8041
[1] 26500.0000     0.0151     0.8885    -0.0342     2.0064     1.0349
[1] 26600.0000     0.0000     0.9293    -0.7509     2.8632     0.8497
[1] 26700.0000     0.0000     0.8184     0.0865     1.8281     0.9177
[1] 26800.0000     0.0000     0.8448    -1.8545     3.7859     0.8652
[1] 26900.0000     0.0000     0.9182    -1.2331     3.1365     0.9860
[1] 27000.0000     0.0000     0.8102    -0.5358     2.5008     1.1325
[1] 27100.0000     0.5845     0.8372     0.2088     1.7427     1.1930
[1] 27200.0000     0.0000     0.8628     1.5253     0.4138     1.0265
[1] 27300.0000     0.0000     0.8270    -0.0941     2.0181     1.1347
[1] 27400.0000     0.0000     0.8270    -0.0941     2.0181     1.1347
[1] 27500.0000     0.0000     0.8301     0.3426     1.5629     0.9239
[1] 27600.0000     0.0000     0.8732     0.7944     1.1871     0.9172
[1] 27700.0000     0.0000     0.8768     0.5026     1.5076     1.0202
[1] 27800.0000     0.0000     0.8219    -0.3018     2.2684     0.9326
[1] 27900.0000     0.5276     0.9296     0.8792     1.1052     0.8843
[1] 28000.0000     0.0000     0.8025    -0.5421     2.5105     0.9240
[1] 28100.0000     0.0000     0.9262     0.9137     1.1381     1.0710
[1] 28200.0000     0.0000     0.9683     0.3920     1.5984     0.8917
[1] 28300.0000     0.0000     0.8228     0.0598     1.9409     0.9497
[1] 2.840e+04 1.000e+00 9.594e-01 3.611e-01 1.521e+00 8.105e-01
[1] 28500.0000     0.0000     0.8824     0.7109     1.1987     0.8003
[1] 28600.0000     0.0000     0.8043    -0.7998     2.7272     0.9928
[1] 28700.0000     0.0000     0.8081    -1.4036     3.3599     0.9112
[1] 28800.0000     0.0000     0.8104    -0.0735     1.9994     1.1940
[1] 28900.0000     0.0000     0.9040    -0.2937     2.0925     0.8375
[1] 29000.0000     0.0000     0.9277    -0.4521     2.4331     1.1735
[1] 29100.0000     0.0000     0.8648    -0.0751     2.0568     0.8680
[1] 29200.0000     0.0250     0.9367     0.8594     1.0371     1.1465
[1] 29300.0000     0.0003     0.8846     1.2071     0.6775     0.9328
[1] 29400.0000     0.0000     0.9010     1.0750     0.7545     1.0161
[1] 29500.0000     0.0000     0.8094    -0.2936     2.2349     0.8253
[1] 29600.0000     0.0000     0.8335    -0.0307     1.9331     1.1940
[1] 29700.0000     0.0000     0.8049    -0.2564     2.2399     0.9958
[1] 29800.0000     0.0000     0.8030    -1.4479     3.4855     0.9421
[1] 29900.0000     0.4045     0.9798    -0.2796     2.3510     1.0014
[1] 30000.0000     0.0000     0.8841     1.2471     0.6938     1.0036
[1] 0.0650774
Time difference of 11.25737 hours
null device 
          1 
