[1] "El numero de nodos X particion es: 10"
[1] "Model = M2 / Data = sim_data/datasetSVIExponential17.Rdata"
[1] 100.0000   0.4746   0.9429   0.1230   1.8768   1.1970
[1] 200.0000   0.0010   0.8487   0.3652   1.6168   0.8384
[1] 300.0000   0.1766   0.8776   0.2164   1.8906   1.0665
[1] 400.0000   0.0065   0.9217  -0.3561   2.3311   0.9692
[1] 500.0000   0.0000   0.8350   1.0099   1.0037   0.9084
[1] 600.0000   0.0056   0.8988   0.0133   1.9869   1.1191
[1] 700.0000   0.0001   0.8999   0.2945   1.7398   1.0702
[1] 800.0000   0.0000   0.8728   0.7567   1.2491   0.9084
[1] 900.0000   0.0000   0.9606  -0.4305   2.3834   1.0158
[1] 1000.0000    0.0000    0.8209   -0.5090    2.5100    0.9374
[1] 1100.0000    0.0000    0.9319    0.5879    1.4282    0.8930
[1] 1200.0000    0.2191    0.8603    0.4844    1.6228    0.9164
[1] 1300.0000    0.6990    0.8617   -0.2347    2.1195    1.0550
[1] 1400.0000    0.0000    0.9303   -1.3626    3.2844    1.1894
[1] 1500.0000    0.0000    0.9584   -0.3600    2.3693    1.0940
[1] 1600.0000    0.0000    0.9658   -1.0155    2.9896    1.0950
[1] 1700.0000    0.0000    0.8163   -0.3811    2.3502    0.8247
[1] 1800.0000    0.0000    0.9376    0.1778    1.8647    0.8302
[1] 1900.0000    0.0000    0.9005   -1.1996    3.2268    0.9368
[1] 2000.0000    0.0000    0.8550    0.2261    1.8468    1.0762
[1] 2100.0000    0.0000    0.9433   -0.0851    1.9599    1.0825
[1] 2200.0000    0.0000    0.8668    0.4469    1.6352    1.0989
[1] 2300.0000    0.0000    0.9142    0.4879    1.4581    0.8527
[1] 2400.0000    0.0000    0.9355    0.6807    1.3123    1.1578
[1] 2500.0000    0.0063    0.8571    0.7090    1.2361    1.0731
[1] 2600.0000    0.0000    0.9100    0.0790    1.9576    1.1442
[1] 2700.0000    0.0000    0.8492   -0.8851    2.9993    0.9140
[1] 2800.0000    0.0191    0.9386    0.6764    1.3763    0.8695
[1] 2900.0000    0.0000    0.9057   -0.5310    2.5049    0.9581
[1] 3000.0000    0.0000    0.8454   -0.1854    2.1887    0.9669
[1] 3100.0000    0.0000    0.9787    0.2446    1.6944    0.9283
[1] 3200.0000    0.0000    0.9190   -0.4270    2.4702    0.9575
[1] 3300.0000    0.0000    0.9312    0.3861    1.5947    0.9302
[1] 3400.0000    0.6026    0.8983    0.6522    1.3802    1.1525
[1] 3500.0000    0.0000    0.8208    0.0739    1.9384    0.8172
[1] 3600.0000    0.0000    0.9027    0.1669    1.8483    1.1569
[1] 3700.0000    0.3782    0.8237    0.3417    1.6764    0.8398
[1] 3800.0000    0.0000    0.9791    1.0623    0.9053    1.0179
[1] 3900.0000    0.0000    0.8349    0.3620    1.6690    1.1538
[1] 4000.0000    0.0000    0.9782   -0.6407    2.6881    1.1817
[1] 4100.0000    0.0000    0.8388   -1.1184    3.1456    0.8864
[1] 4200.0000    0.0000    0.9756   -0.6503    2.5832    0.9752
[1] 4300.0000    0.1316    0.8028   -0.6766    2.7023    0.9927
[1] 4400.0000    0.0000    0.9832    0.8022    1.2140    1.0903
[1] 4500.0000    0.1034    0.8404   -0.2234    2.2749    1.1577
[1] 4600.0000    0.0000    0.9525    0.5549    1.5125    1.1110
[1] 4700.0000    0.0000    0.8528   -0.6198    2.5848    0.8411
[1] 4800.0000    0.0000    0.8660   -1.0182    3.0082    1.0939
[1] 4900.0000    0.0000    0.8114   -1.5445    3.5224    0.8255
[1] 5000.0000    0.0019    0.9988   -2.4017    4.2617    0.9542
[1] 5100.0000    0.0000    0.9679   -1.3199    3.2077    1.1951
[1] 5200.0000    0.0000    0.8051   -0.1220    2.1445    0.8965
[1] 5300.0000    0.0000    0.8845    0.0860    1.8814    1.0022
[1] 5400.0000    0.0000    0.8536    1.0261    0.9962    0.9337
[1] 5500.0000    0.0000    0.8913    1.0948    0.8542    1.1131
[1] 5600.0000    0.0000    0.9929   -0.1858    2.1155    1.1085
[1] 5700.0000    0.0000    0.9545    0.0931    1.8201    0.8805
[1] 5800.0000    0.0000    0.9611   -0.4466    2.4617    1.1298
[1] 5900.0000    0.0000    0.9311   -0.6095    2.5997    0.8983
[1] 6000.0000    0.0000    0.8887    0.2837    1.6380    0.8335
[1] 6100.0000    0.0000    0.9284    0.0031    2.0401    0.9188
[1] 6200.0000    0.0000    0.8741    0.0905    1.8989    0.8043
[1] 6300.0000    0.0000    0.9569   -0.8446    2.8166    0.8080
[1] 6400.0000    0.0000    0.9918   -0.4208    2.5833    1.1860
[1] 6500.0000    0.0291    0.9084   -0.1437    2.2471    1.0918
[1] 6600.0000    0.0000    0.8710   -0.1235    2.0509    0.9001
[1] 6700.0000    0.0000    0.9231   -0.7642    2.8948    1.1521
[1] 6800.0000    0.0855    0.8794    0.1193    1.8995    0.9381
[1] 6900.0000    0.0000    0.8857   -0.9571    3.0140    0.9847
[1] 7000.0000    0.0000    0.8521   -0.3251    2.3434    1.0680
[1] 7100.0000    0.0000    0.9857    0.0505    1.9402    1.0571
[1] 7200.0000    0.0000    0.9439    0.5578    1.5260    1.1769
[1] 7300.0000    0.0000    0.9346    0.9954    1.0229    1.1740
[1] 7400.0000    0.0000    0.8045   -0.3462    2.2796    0.8734
[1] 7500.0000    0.0000    0.8475   -2.5021    4.4511    1.0597
[1] 7600.0000    0.0000    0.9974   -1.1072    3.0276    1.0017
[1] 7700.0000    0.0000    0.9030   -2.1502    4.2091    1.1500
[1] 7800.0000    0.0000    0.8367    0.5008    1.4706    0.9006
[1] 7900.0000    0.0000    0.8303    0.1778    1.8309    0.8084
[1] 8000.0000    0.0000    0.9309    0.8814    1.0791    1.0835
[1] 8100.0000    0.0000    0.8483   -0.7115    2.6174    0.8203
[1] 8200.0000    0.0000    0.9207   -0.7671    2.7370    1.1282
[1] 8300.0000    0.0000    0.8222   -0.5036    2.4838    0.8438
[1] 8400.0000    0.0000    0.9658    0.2068    1.7475    0.9286
[1] 8500.0000    0.0000    0.8693   -0.6244    2.6595    1.1264
[1] 8600.0000    0.0000    0.8576   -1.1430    3.1216    1.0835
[1] 8700.0000    0.0000    0.8940   -1.0520    3.0614    1.0236
[1] 8800.0000    0.0000    0.9735   -0.9360    2.8593    1.0381
[1] 8900.0000    0.0000    0.8674    0.0995    1.9213    1.0474
[1] 9000.0000    0.0000    0.8301    1.1891    0.7727    1.1387
[1] 9100.0000    0.0000    0.8755    0.9313    1.0715    0.8812
[1] 9200.0000    0.0000    0.8129    0.2782    1.7453    1.1264
[1] 9300.0000    0.0000    0.8689    0.4024    1.7142    0.9976
[1] 9400.0000    0.0000    0.9737    1.6352    0.2740    1.0570
[1] 9500.0000    0.0000    0.8817   -0.2204    2.1645    1.0875
[1] 9600.0000    0.0000    0.8149   -0.0850    2.0687    0.9056
[1] 9700.0000    0.0000    0.9657    0.7832    1.1715    0.9166
[1] 9800.0000    0.0000    0.8802    0.7994    1.1806    1.0474
[1] 9900.0000    0.0000    0.9876    1.6754    0.3426    0.9739
[1] 10000.0000     0.1608     0.9984    -0.2740     2.2691     0.9987
[1] 10100.0000     0.0000     0.9390    -0.2561     2.2329     1.0815
[1] 10200.0000     0.0000     0.8133    -0.1037     2.0612     1.1117
[1] 10300.0000     0.1892     0.9549     1.8143     0.1715     0.8021
[1] 10400.0000     0.0000     0.9109     0.5888     1.3564     0.9653
[1] 10500.0000     0.0000     0.9828     1.0118     0.9508     0.8036
[1] 10600.0000     0.0000     0.9506     0.4562     1.4907     0.8638
[1] 10700.0000     0.0000     0.8398     0.7145     1.3357     1.0590
[1] 10800.0000     0.0010     0.8310     0.2874     1.7122     0.9940
[1] 10900.0000     0.0000     0.9660     0.8566     1.2234     1.1970
[1] 11000.0000     0.0359     0.9210     0.9944     1.0021     0.8330
[1] 1.110e+04 0.000e+00 8.902e-01 2.958e-01 1.752e+00 9.114e-01
[1] 11200.0000     0.3280     0.8258     0.3154     1.7055     1.0628
[1] 11300.0000     0.0000     0.8936    -0.3259     2.3500     1.0961
[1] 11400.0000     0.0000     0.9548     0.3501     1.7143     1.0047
[1] 11500.0000     0.0000     0.8034     0.5997     1.3855     0.8501
[1] 11600.0000     0.0000     0.9104    -1.0333     3.0503     0.8269
[1] 11700.0000     0.0000     0.9616     0.3275     1.7290     1.1733
[1] 11800.0000     0.0000     0.8027    -0.9326     2.9516     0.8530
[1] 11900.0000     0.0000     0.8460    -0.9463     2.9395     0.8150
[1] 12000.0000     0.0000     0.8014    -0.2336     2.2238     1.0595
[1] 12100.0000     0.0000     0.8666    -0.5962     2.5543     0.9630
[1] 12200.0000     0.0445     0.9853     0.1587     1.8961     1.1443
[1] 12300.0000     0.0000     0.8010     0.1769     1.8691     0.8810
[1] 12400.0000     0.0915     0.8019    -1.0691     3.1320     1.1971
[1] 12500.0000     0.0000     0.8059     0.0121     2.0155     1.1427
[1] 12600.0000     0.0000     0.9125    -1.0345     3.0685     1.1924
[1] 12700.0000     0.0000     0.9741    -0.7204     2.6339     0.9415
[1] 12800.0000     0.0000     0.8257    -0.3000     2.3596     0.8904
[1] 12900.0000     0.0371     0.8845    -0.3417     2.4143     0.8572
[1] 13000.0000     0.0000     0.8069     0.1938     1.7504     1.0997
[1] 13100.0000     0.0000     0.9404     1.0654     0.9678     0.9822
[1] 13200.0000     0.0000     0.8843     0.2667     1.7675     0.9997
[1] 13300.0000     0.0000     0.9057    -0.6768     2.6292     0.9177
[1] 13400.0000     0.0000     0.9882    -0.0454     2.0310     1.1072
[1] 13500.0000     0.0000     0.8466     0.1165     1.9415     0.8143
[1] 13600.0000     0.0000     0.8917     0.1682     1.7633     1.0301
[1] 13700.0000     0.0000     0.8951     0.0193     1.9397     1.0363
[1] 13800.0000     0.0000     0.8787    -0.1219     2.1564     1.0611
[1] 13900.0000     0.0000     0.8573    -0.0637     2.1001     0.8372
[1] 14000.0000     0.0000     0.9588    -0.2997     2.2234     0.9662
[1] 14100.0000     0.0000     0.8117     0.4192     1.5292     1.0453
[1] 14200.0000     0.0000     0.8479    -0.0574     1.9655     0.8739
[1] 14300.0000     0.0000     0.9227    -1.6272     3.5794     1.0001
[1] 14400.0000     0.1433     0.8623     0.2381     1.8097     0.8985
[1] 14500.0000     0.1807     0.8647     0.7288     1.3078     1.0877
[1] 14600.0000     0.0000     0.9850     1.0466     1.0300     0.9950
[1] 14700.0000     0.0000     0.8734     0.2849     1.6577     1.0676
[1] 14800.0000     0.0000     0.9988     1.2823     0.7819     0.9067
[1] 14900.0000     0.0020     0.9582     0.2361     1.7836     1.0321
[1] 15000.0000     0.0000     0.9447    -0.2057     2.1252     0.8911
[1] 15100.0000     1.0000     0.8292     0.1381     1.8619     0.9249
[1] 15200.0000     0.0000     0.8734     0.8257     1.1672     0.8767
[1] 15300.0000     0.1894     0.9517     0.6697     1.3764     1.1636
[1] 15400.0000     0.0011     0.8397    -0.6574     2.6998     1.1015
[1] 15500.0000     0.0000     0.8727    -1.3261     3.3327     1.1104
[1] 15600.0000     0.0000     0.8520    -0.6227     2.6768     1.1912
[1] 15700.0000     0.0000     0.8475     0.4154     1.5401     0.9690
[1] 15800.0000     0.0000     0.9108     0.0000     1.9381     0.9068
[1] 15900.0000     0.0000     0.8841     0.4291     1.5332     0.8192
[1] 16000.0000     0.0012     0.8124    -0.2220     2.2606     1.1160
[1] 1.610e+04 0.000e+00 8.125e-01 8.985e-01 1.112e+00 8.885e-01
[1] 16200.0000     0.0000     0.9466     0.1251     1.8147     0.9477
[1] 16300.0000     0.0000     0.9327     0.1597     1.8798     0.9714
[1] 16400.0000     0.0000     0.9401    -0.0400     1.9949     0.9237
[1] 16500.0000     0.4222     0.9646     0.5066     1.4472     1.1820
[1] 16600.0000     0.0000     0.8294    -0.4575     2.5171     0.8835
[1] 16700.0000     0.0000     0.9287     0.6231     1.2398     0.9633
[1] 16800.0000     0.0000     0.9378     0.5424     1.3470     1.0931
[1] 16900.0000     0.0000     0.8583     0.7660     1.1829     0.9158
[1] 17000.0000     0.0000     0.9790    -0.1608     2.1779     0.8822
[1] 17100.0000     0.0000     0.9305     0.7287     1.3698     0.9283
[1] 1.720e+04 0.000e+00 9.497e-01 9.802e-01 9.413e-01 8.252e-01
[1] 17300.0000     1.0000     0.8396    -0.1063     2.0882     1.0131
[1] 17400.0000     0.0000     0.8593     0.0374     2.0036     1.1450
[1] 17500.0000     0.0000     0.9677    -0.3393     2.3653     1.1479
[1] 17600.0000     0.0000     0.8280     0.9392     1.0887     1.1486
[1] 1.770e+04 0.000e+00 8.794e-01 1.215e+00 8.284e-01 9.707e-01
[1] 17800.0000     0.0000     0.9383    -0.5388     2.6834     1.0084
[1] 1.790e+04 0.000e+00 9.083e-01 1.642e-01 1.874e+00 9.495e-01
[1] 18000.0000     1.0000     0.9109     0.2190     1.8263     0.8712
[1] 18100.0000     0.0000     0.9461     0.1561     1.7118     0.9222
[1] 18200.0000     0.0009     0.8582     1.2703     0.6581     0.9652
[1] 18300.0000     0.0000     0.8120     0.2949     1.7247     1.0717
[1] 18400.0000     0.0000     0.9529    -0.8866     2.9357     0.8173
[1] 18500.0000     0.0000     0.9525     0.3563     1.6658     0.9333
[1] 18600.0000     0.0000     0.8420     0.4559     1.5944     0.8224
[1] 18700.0000     0.0000     0.8080    -0.1051     2.1345     0.9308
[1] 18800.0000     0.0000     0.8537     0.7941     1.2662     0.9005
[1] 18900.0000     0.0000     0.9024    -0.7575     2.7037     1.0613
[1] 19000.0000     0.0000     0.8366    -1.3158     3.2815     0.8015
[1] 19100.0000     0.0000     0.9728    -0.7347     2.6344     0.8217
[1] 19200.0000     0.0000     0.8001    -0.4845     2.4753     0.9641
[1] 19300.0000     0.0000     0.8035    -0.1382     2.0909     1.0886
[1] 19400.0000     0.0000     0.9330    -0.6643     2.6615     1.0363
[1] 19500.0000     0.0000     0.8527     0.3314     1.6880     1.1208
[1] 19600.0000     1.0000     0.9648    -1.2379     3.2890     1.1447
[1] 19700.0000     0.0000     0.8982    -0.1749     2.0853     1.1826
[1] 19800.0000     0.0000     0.9408     0.1419     1.8406     0.9927
[1] 19900.0000     0.0000     0.9981    -0.5010     2.5921     1.0280
[1] 20000.0000     0.0000     0.8708     0.3434     1.5862     1.0213
[1] 20100.0000     0.0000     0.9080     0.4232     1.6485     1.0402
[1] 20200.0000     1.0000     0.9840     0.0404     1.9819     1.1380
[1] 20300.0000     0.0000     0.8028    -0.4013     2.4570     0.9708
[1] 20400.0000     0.0028     0.9072    -0.1937     2.1964     0.9991
[1] 20500.0000     0.0000     0.8964    -0.1427     2.2017     1.1285
[1] 20600.0000     0.1343     0.8137     0.3531     1.6807     0.9497
[1] 20700.0000     0.9144     0.8107     0.2081     1.8183     1.0874
[1] 20800.0000     0.0000     0.9606    -0.1832     2.2141     1.0886
[1] 20900.0000     0.0000     0.9109     0.0381     1.9983     0.9980
[1] 21000.0000     0.0000     0.9912     1.0407     0.9315     1.0875
[1] 21100.0000     0.0000     0.9732     0.3433     1.6069     0.8253
[1] 21200.0000     0.0048     0.9704     0.2369     1.7431     1.1667
[1] 21300.0000     0.0000     0.9596    -0.1179     2.0743     1.0815
[1] 21400.0000     0.0001     0.9719    -0.1820     2.1950     0.9071
[1] 21500.0000     0.0000     0.9375    -0.2586     2.1892     1.0777
[1] 2.160e+04 0.000e+00 8.420e-01 6.239e-01 1.394e+00 8.926e-01
[1] 21700.0000     0.0000     0.8258     0.1306     1.9161     1.1265
[1] 21800.0000     0.0000     0.8709    -0.5675     2.5718     1.0601
[1] 21900.0000     0.0000     0.9408    -0.3355     2.2248     0.9421
[1] 22000.0000     0.0000     0.8850     0.6267     1.3442     0.9555
[1] 22100.0000     0.0000     0.8953    -0.0002     1.9551     0.9321
[1] 22200.0000     0.0000     0.8403    -0.5067     2.4784     1.1277
[1] 22300.0000     0.0000     0.8584    -0.2612     2.3084     0.9367
[1] 22400.0000     0.0000     0.9494     0.5003     1.5121     0.9207
[1] 22500.0000     0.0000     0.9610     1.7543     0.1891     0.9963
[1] 22600.0000     0.0000     0.8685     1.5275     0.5119     0.9351
[1] 22700.0000     0.0000     0.8271     0.7297     1.1522     1.1968
[1] 22800.0000     0.0000     0.9630     0.4014     1.6662     0.9437
[1] 22900.0000     0.0000     0.9207     0.0755     1.8918     0.8362
[1] 23000.0000     0.0000     0.9652     0.0147     1.9525     1.0264
[1] 23100.0000     0.0000     0.9231    -0.4844     2.3931     0.8179
[1] 23200.0000     0.0000     0.8288    -0.9844     2.9963     0.8616
[1] 23300.0000     0.4210     0.8966    -0.4051     2.4152     1.0199
[1] 23400.0000     0.0000     0.9418     0.8637     1.1392     0.8205
[1] 23500.0000     0.0000     0.8934    -0.7377     2.6844     1.1391
[1] 23600.0000     0.0000     0.8360     0.3422     1.6816     0.8406
[1] 23700.0000     0.0000     0.8580    -0.3580     2.3621     0.8494
[1] 23800.0000     0.0000     0.9509    -0.2102     2.1443     0.9516
[1] 23900.0000     0.0000     0.8328    -0.4931     2.5077     0.9967
[1] 24000.0000     0.0000     0.9653    -0.3777     2.3420     0.9324
[1] 24100.0000     0.0000     0.8289    -1.0060     3.0400     0.9877
[1] 24200.0000     0.0000     0.8399    -0.1616     2.0360     1.0287
[1] 24300.0000     0.0000     0.8894    -0.0740     2.0018     0.9198
[1] 24400.0000     0.2680     0.9591     0.0338     1.9657     0.9218
[1] 24500.0000     0.0000     0.9064     0.7104     1.3252     0.8345
[1] 24600.0000     0.0000     0.9062    -0.0095     1.9329     0.8877
[1] 24700.0000     0.0000     0.9025    -0.3735     2.3412     0.8040
[1] 24800.0000     0.0000     0.8109     0.7269     1.3074     1.1899
[1] 24900.0000     0.0000     0.9495    -0.2599     2.2163     0.8626
[1] 25000.0000     0.0000     0.9628    -0.3024     2.2493     0.9362
[1] 25100.0000     0.0000     0.9605     0.9668     0.9845     1.0743
[1] 25200.0000     0.0000     0.9435     0.3909     1.6235     1.0372
[1] 25300.0000     1.0000     0.8151     0.1646     1.7671     1.0748
[1] 25400.0000     1.0000     0.8988    -1.1270     3.1335     1.0888
[1] 25500.0000     0.0000     0.8147     0.3675     1.6200     1.1844
[1] 25600.0000     0.0000     0.8978    -0.1764     2.1832     1.1142
[1] 25700.0000     0.0000     0.8060     0.8622     1.1552     0.8422
[1] 25800.0000     0.0000     0.8043    -0.3220     2.2879     0.8730
[1] 25900.0000     1.0000     0.8632    -0.1934     2.2008     1.1254
[1] 26000.0000     0.0071     0.8358    -1.0018     3.0253     1.1365
[1] 26100.0000     0.0000     0.9196    -0.4253     2.3541     1.1722
[1] 26200.0000     0.0000     0.9768    -0.1535     2.1134     0.9801
[1] 26300.0000     0.0000     0.9407     0.1674     1.8734     1.0281
[1] 26400.0000     0.0000     0.8767     1.0030     1.0017     0.8041
[1] 26500.0000     0.0002     0.9903     0.4728     1.5940     1.1966
[1] 26600.0000     0.0000     0.9293    -0.7306     2.9002     0.8497
[1] 26700.0000     0.0000     0.8184    -0.2362     2.1653     0.9177
[1] 26800.0000     0.0000     0.8448    -1.8093     3.7298     0.8652
[1] 26900.0000     0.0000     0.9241     0.0080     2.0997     1.0646
[1] 27000.0000     0.0000     0.8280     0.2314     1.6963     0.9596
[1] 27100.0000     0.8217     0.9280    -0.5014     2.5152     1.0348
[1] 27200.0000     0.0000     0.8628    -0.8530     2.8788     1.0265
[1] 27300.0000     0.0000     0.8270    -1.4864     3.4593     1.1347
[1] 2.740e+04 0.000e+00 8.182e-01 1.454e-01 1.820e+00 1.104e+00
[1] 27500.0000     0.0000     0.8301     0.1625     1.7431     0.9239
[1] 27600.0000     0.0000     0.8732     1.6838     0.3387     0.9172
[1] 27700.0000     0.0000     0.8768     0.4133     1.6586     1.0202
[1] 27800.0000     0.0000     0.9929     0.6602     1.3213     0.9664
[1] 27900.0000     1.0000     0.8904     0.5473     1.4439     0.9276
[1] 28000.0000     0.0000     0.8025    -0.7069     2.7086     0.9240
[1] 28100.0000     0.0000     0.9262     0.7484     1.3132     1.0710
[1] 2.820e+04 0.000e+00 9.683e-01 1.882e-01 1.807e+00 8.917e-01
[1] 28300.0000     0.0000     0.9886    -0.3742     2.3549     1.1843
[1] 28400.0000     0.4745     0.9594    -0.6295     2.7075     0.8105
[1] 28500.0000     0.0000     0.8824     0.8425     1.1313     0.8003
[1] 28600.0000     0.0000     0.9775     0.0869     1.8572     0.9079
[1] 28700.0000     0.0000     0.9675    -0.2572     2.2516     1.1579
[1] 28800.0000     0.0000     0.8104     0.1250     1.9088     1.1940
[1] 28900.0000     0.0000     0.9137     0.5775     1.5579     0.8478
[1] 29000.0000     0.0000     0.9277    -0.4488     2.4355     1.1735
[1] 29100.0000     0.0000     0.8872    -0.7366     2.7990     1.0232
[1] 29200.0000     0.0417     0.9367     0.7776     1.2137     1.1465
[1] 2.930e+04 9.360e-02 9.749e-01 1.168e+00 8.767e-01 9.782e-01
[1] 29400.0000     0.0000     0.9394     1.0913     0.9698     1.1754
[1] 29500.0000     0.0000     0.8094    -0.5622     2.5533     0.8253
[1] 29600.0000     0.0000     0.8335     0.7720     1.2338     1.1940
[1] 29700.0000     0.0000     0.9991     0.3167     1.6722     0.9357
[1] 29800.0000     0.0000     0.9203    -0.9988     2.9789     0.9519
[1] 29900.0000     1.0000     0.9798    -0.8542     2.8588     1.0014
[1] 30000.0000     0.0000     0.9561     0.9318     0.9996     1.0811
[1] 0.06339746
Time difference of 10.92949 hours
null device 
          1 
