[1] "El numero de nodos X particion es: 10"
[1] "Model = M1 / Data = sim_data/datasetSVIExponential20.Rdata"
[1] 100.0000   0.4594   0.9429   0.1116   1.8792   1.1970
[1] 200.0000   0.0050   0.8487   0.2491   1.7197   0.8384
[1] 300.0000   0.5422   0.8776   0.1296   1.9148   1.0665
[1] 400.0000   0.0229   0.9217  -0.3023   2.2766   0.9692
[1] 500.0000   0.0000   0.8380   0.3863   1.6510   0.8203
[1] 600.0000   0.0310   0.8148   0.2132   1.7871   0.8457
[1] 700.0000   0.0006   0.8999   0.2808   1.7509   1.0702
[1] 800.0000   0.0000   0.8728   0.1427   1.8534   0.9084
[1] 900.0000   0.0000   0.8086   0.0013   1.9082   0.9130
[1] 1000.0000    0.0000    0.8209   -0.0016    1.9904    0.9374
[1] 1100.0000    0.0000    0.8924    0.3703    1.5601    0.9545
[1] 1200.0000    0.2215    0.8603    0.0069    2.0882    0.9164
[1] 1300.0000    1.0000    0.8617   -0.3524    2.3086    1.0550
[1] 1400.0000    0.0000    0.9303   -0.4424    2.3423    1.1894
[1] 1500.0000    0.0055    0.9694    0.6187    1.3195    1.1238
[1] 1600.0000    0.0000    0.9098   -0.4610    2.4622    0.9715
[1] 1700.0000    0.0000    0.8745   -0.3600    2.4126    0.9148
[1] 1800.0000    0.0000    0.9376   -0.0082    2.0053    0.8302
[1] 1900.0000    0.0000    0.9875   -0.2059    2.2163    0.8532
[1] 2000.0000    0.0000    0.9400   -0.2696    2.2619    1.1109
[1] 2100.0000    0.0000    0.8246    0.0850    1.8353    1.1071
[1] 2200.0000    0.0000    0.8563    0.2830    1.7245    0.9526
[1] 2300.0000    0.0001    0.9906    0.5495    1.3648    0.8768
[1] 2400.0000    0.0000    0.9355    0.1953    1.8139    1.1578
[1] 2500.0000    0.0259    0.9668    0.4134    1.5015    0.8029
[1] 2600.0000    0.0000    0.8617   -0.6019    2.5448    0.8044
[1] 2700.0000    0.0000    0.8492    0.1142    1.9212    0.9140
[1] 2800.0000    0.0349    0.9382    0.2212    1.7447    1.1558
[1] 2900.0000    0.0080    0.9982   -0.3558    2.3381    0.9626
[1] 3000.0000    0.0000    0.8454   -0.1108    2.0930    0.9669
[1] 3100.0000    0.0002    0.8265    0.2271    1.8278    1.1652
[1] 3200.0000    0.0000    0.9190    0.1793    1.8078    0.9575
[1] 3300.0000    0.0000    0.9797    0.2215    1.8028    1.0744
[1] 3400.0000    0.3934    0.8983    0.5616    1.4268    1.1525
[1] 3500.0000    0.0000    0.9256    0.1744    1.7362    1.1684
[1] 3600.0000    0.0000    0.9027   -0.2094    2.2181    1.1569
[1] 3700.0000    0.9026    0.9624    0.5335    1.4757    0.8094
[1] 3800.0000    0.0000    0.9791    0.6578    1.3196    1.0179
[1] 3900.0000    0.0000    0.9030   -0.0123    1.9951    0.9530
[1] 4000.0000    0.0000    0.9448    0.2670    1.7385    1.0791
[1] 4100.0000    0.0000    0.8388   -0.1548    2.1724    0.8864
[1] 4200.0000    0.0000    0.9756   -0.6712    2.5868    0.9752
[1] 4300.0000    0.3404    0.8741   -0.5734    2.5497    1.1249
[1] 4400.0000    0.0000    0.9459   -0.3184    2.2848    1.1887
[1] 4500.000    1.000    0.841    0.152    1.816    1.152
[1] 4600.0000    0.0025    0.9525    0.2964    1.7015    1.1110
[1] 4700.0000    0.0000    0.8536   -0.3909    2.3956    0.9410
[1] 4800.0000    0.0000    0.8660   -0.5521    2.5387    1.0939
[1] 4900.0000    0.0000    0.9924   -0.5732    2.5756    1.1836
[1] 5000.0000    1.0000    0.9273   -0.7678    2.8184    1.0348
[1] 5100.0000    0.0000    0.9679   -0.2177    2.1677    1.1951
[1] 5200.0000    0.0000    0.8051    0.3057    1.6885    0.8965
[1] 5300.0000    0.0000    0.8821   -0.3015    2.1939    1.0013
[1] 5400.0000    0.0000    0.9713   -0.2108    2.0455    1.1011
[1] 5500.0000    0.0000    0.8506    0.4675    1.4944    1.1979
[1] 5600.0000    0.0000    0.9328   -0.3292    2.3328    1.1365
[1] 5700.0000    0.0001    0.9545    0.0097    1.9247    0.8805
[1] 5800.0000    0.0000    0.8612   -0.1223    2.1120    1.0327
[1] 5900.0000    0.0000    0.8278    0.2718    1.7058    1.0767
[1] 6000.0000    0.0000    0.8887    0.2240    1.7263    0.8335
[1] 6100.0000    0.0000    0.9100    0.0009    1.8917    1.1509
[1] 6200.0000    0.0000    0.8235    0.3401    1.5899    1.1329
[1] 6300.0000    0.0000    0.9569   -0.0323    2.0022    0.8080
[1] 6400.0000    0.0000    0.9885   -0.2998    2.3813    0.8165
[1] 6500.0000    0.0727    0.9084   -0.1083    2.1087    1.0918
[1] 6600.0000    0.0000    0.8401    0.1469    1.8107    1.0889
[1] 6700.0000    0.0000    0.8204   -0.2115    2.1279    0.9264
[1] 6800.0000    0.0311    0.8794    0.1417    1.7343    0.9381
[1] 6900.0000    0.0000    0.9267   -0.0754    2.1142    1.0380
[1] 7000.0000    0.0000    0.8543    0.1623    1.7936    0.8271
[1] 7100.0000    0.0000    0.9857   -0.2351    2.2698    1.0571
[1] 7200.0000    0.0000    0.8247   -0.1255    2.1790    0.8913
[1] 7300.0000    0.0000    0.9946    0.4055    1.5776    1.1299
[1] 7400.0000    0.0000    0.8045   -0.1367    2.0432    0.8734
[1] 7500.0000    0.0000    0.9989   -0.5997    2.4191    1.1081
[1] 7600.0000    0.0000    0.9493   -0.3095    2.3498    0.9281
[1] 7700.0000    0.0000    0.8348   -0.8108    2.7457    1.0869
[1] 7800.0000    0.0010    0.8350   -0.1428    2.1673    1.1361
[1] 7900.0000    0.0000    0.8037    0.0861    1.8384    1.1632
[1] 8000.0000    0.0000    0.9309    0.0742    1.8184    1.0835
[1] 8100.0000    0.0000    0.9773    0.1948    1.9117    0.9160
[1] 8200.0000    0.0021    0.8808    0.0382    1.8628    1.1030
[1] 8300.0000    0.1048    0.9009   -0.4454    2.3518    1.0589
[1] 8400.0000    0.0000    0.8421   -0.1458    2.0528    0.8322
[1] 8500.0000    0.0000    0.8325    0.0819    1.9012    1.0750
[1] 8600.0000    1.0000    0.9214   -0.4876    2.4141    1.0135
[1] 8700.0000    0.0000    0.8940    0.3763    1.6186    1.0236
[1] 8800.0000    0.0000    0.9735    0.1913    1.7757    1.0381
[1] 8900.0000    0.0036    0.8674    0.3193    1.6324    1.0474
[1] 9000.0000    0.0000    0.8301    0.5424    1.3948    1.1387
[1] 9100.0000    0.0000    0.9806    0.2778    1.6354    1.0696
[1] 9200.0000    0.0000    0.8777    0.2735    1.7402    1.1489
[1] 9300.0000    0.0000    0.8689    0.0484    1.9548    0.9976
[1] 9400.0000    0.0000    0.8413    0.4069    1.5375    1.0761
[1] 9500.0000    0.0000    0.8817   -0.5963    2.5675    1.0875
[1] 9600.0000    0.6785    0.9566   -0.0349    1.8863    1.1182
[1] 9700.0000    0.0000    0.9657    0.6943    1.2655    0.9166
[1] 9800.0000    0.0000    0.9462   -0.1318    2.1010    1.1275
[1] 9900.0000    0.0000    0.9876    0.8440    1.1530    0.9739
[1] 10000.0000     1.0000     0.8618    -0.3209     2.3146     0.8032
[1] 10100.0000     0.3490     0.9049    -0.0558     2.1287     1.0751
[1] 10200.0000     0.7634     0.9808    -0.3050     2.2188     0.8342
[1] 10300.0000     0.3660     0.9549     0.3587     1.6645     0.8021
[1] 10400.0000     0.0000     0.9434     0.0114     1.9195     1.1753
[1] 10500.0000     0.0016     0.9828     0.4973     1.5081     0.8036
[1] 10600.0000     0.0000     0.8442    -0.2234     2.1842     0.9495
[1] 1.070e+04 0.000e+00 8.398e-01 2.421e-01 1.768e+00 1.059e+00
[1] 10800.0000     1.0000     0.8056     0.1026     1.9036     0.8503
[1] 10900.0000     0.0000     0.9660     0.2761     1.7271     1.1970
[1] 11000.0000     0.2800     0.8012     0.1486     1.9257     0.9407
[1] 11100.0000     0.0000     0.8902     0.0213     1.9933     0.9114
[1] 11200.0000     0.2313     0.8258     0.1319     1.7736     1.0628
[1] 11300.0000     0.0000     0.9481    -0.7962     2.6906     1.1448
[1] 11400.0000     0.0001     0.9548     0.1708     1.7145     1.0047
[1] 11500.0000     0.0000     0.8034     0.1341     1.8241     0.8501
[1] 11600.0000     0.0039     0.9382    -0.4030     2.1939     0.8033
[1] 11700.0000     0.6974     0.8613     0.1818     1.7488     1.0253
[1] 11800.0000     0.0000     0.8027     0.2571     1.6467     0.8530
[1] 11900.0000     0.0000     0.8460    -0.6316     2.5225     0.8150
[1] 12000.0000     0.0000     0.8056     0.2655     1.6963     1.1142
[1] 12100.0000     0.0009     0.8666    -0.1211     2.0127     0.9630
[1] 12200.0000     0.3352     0.8496     0.4178     1.6287     0.8460
[1] 12300.0000     0.0030     0.8010     0.3570     1.6254     0.8810
[1] 12400.0000     0.8279     0.8046     0.0882     1.9268     0.8797
[1] 12500.0000     0.0000     0.9939     0.0707     1.9782     0.9707
[1] 12600.0000     0.0000     0.9359    -0.6231     2.6453     1.1279
[1] 12700.0000     0.3577     0.9614    -0.0444     1.9056     0.8958
[1] 12800.0000     0.0000     0.9108    -0.3449     2.4231     1.0765
[1] 12900.0000     0.2700     0.9204     0.0237     1.9741     0.8219
[1] 13000.0000     0.0000     0.8069     0.2242     1.7217     1.0997
[1] 13100.0000     0.0000     0.9339     0.5812     1.3973     1.1193
[1] 13200.0000     0.0903     0.8843    -0.2897     2.2336     0.9997
[1] 13300.0000     0.0000     0.8590    -0.0932     2.0823     1.0479
[1] 13400.0000     0.0000     0.9676     0.2226     1.7364     1.1418
[1] 13500.0000     0.0000     0.8466    -0.4705     2.4014     0.8143
[1] 13600.0000     0.0000     0.8917     0.1232     1.9590     1.0301
[1] 13700.0000     0.0000     0.8708     0.0374     1.9638     1.0127
[1] 13800.0000     0.0000     0.9432    -0.0479     2.0386     1.1717
[1] 13900.0000     0.0000     0.8495     0.1606     1.7875     1.0802
[1] 14000.0000     0.0000     0.9588     0.0455     1.9653     0.9662
[1] 14100.0000     0.0000     0.8844    -0.0954     1.9410     1.1867
[1] 14200.0000     0.0207     0.8479     0.7654     1.1166     0.8739
[1] 14300.0000     0.0000     0.8548    -0.5264     2.4336     0.8231
[1] 14400.0000     0.3637     0.8623    -0.2831     2.2668     0.8985
[1] 14500.0000     0.6030     0.9833     0.3614     1.6067     1.1771
[1] 14600.0000     0.0000     0.8912    -0.0543     1.9991     0.8958
[1] 14700.0000     0.0000     0.8974    -0.0334     1.9749     1.0871
[1] 14800.0000     0.0000     0.8106     0.0247     1.8987     1.0978
[1] 14900.0000     0.0520     0.9550    -0.0084     2.0629     1.1652
[1] 15000.0000     0.0020     0.9447    -0.2553     2.1908     0.8911
[1] 15100.0000     0.1971     0.8384    -0.0772     2.1268     0.8510
[1] 15200.0000     0.0000     0.8242     0.4300     1.5998     1.0800
[1] 15300.0000     1.0000     0.8282     0.1958     1.7316     1.1177
[1] 15400.0000     1.0000     0.9829    -0.2894     2.2575     1.0368
[1] 15500.0000     0.0000     0.8045    -0.6102     2.5193     1.0028
[1] 15600.0000     0.0000     0.8520    -0.5877     2.5864     1.1912
[1] 15700.0000     0.0000     0.8475    -0.1653     2.1243     0.9690
[1] 15800.0000     0.0983     0.9774     0.1545     1.9576     1.1822
[1] 15900.0000     0.0000     0.9431    -0.1624     2.0783     0.8611
[1] 16000.0000     1.0000     0.9761    -0.3512     2.2983     1.0600
[1] 16100.0000     0.0000     0.8906     0.4438     1.5262     0.9023
[1] 16200.0000     0.0028     0.9466     0.1490     1.7647     0.9477
[1] 16300.0000     0.0000     0.9327    -0.3131     2.2958     0.9714
[1] 16400.0000     0.0000     0.8699    -0.4092     2.3629     0.9170
[1] 1.650e+04 6.130e-01 9.028e-01 6.495e-01 1.363e+00 9.055e-01
[1] 16600.0000     0.0129     0.8568    -0.1645     2.1810     1.0645
[1] 16700.0000     0.0000     0.9287     0.1257     1.7903     0.9633
[1] 16800.0000     0.0000     0.9378     0.1467     1.8008     1.0931
[1] 16900.0000     0.0000     0.8138     0.1252     1.8231     1.1004
[1] 17000.0000     0.0000     0.9790    -0.4130     2.3417     0.8822
[1] 17100.0000     0.0002     0.9262     0.6314     1.4141     0.9696
[1] 17200.0000     0.0024     0.9497    -0.1522     2.0855     0.8252
[1] 17300.0000     0.9357     0.8396    -0.1837     2.2255     1.0131
[1] 17400.0000     0.0000     0.8593    -0.2445     2.2702     1.1450
[1] 17500.0000     0.0000     0.9677    -0.1327     2.1067     1.1479
[1] 17600.0000     0.0000     0.8242     0.0190     1.8929     0.9225
[1] 17700.0000     0.0000     0.8794    -0.1240     2.1060     0.9707
[1] 17800.0000     0.0883     0.9571    -0.8667     2.8971     0.9258
[1] 17900.0000     0.0000     0.9083     0.2432     1.6937     0.9495
[1] 18000.0000     1.0000     0.9109    -0.3023     2.2626     0.8712
[1] 18100.0000     0.0000     0.9461    -0.2826     2.2061     0.9222
[1] 18200.0000     0.0959     0.8582     0.8599     1.0719     0.9652
[1] 18300.0000     0.0000     0.9928     0.0547     1.9806     1.1096
[1] 18400.0000     0.0000     0.9121     0.0254     1.9972     0.9764
[1] 18500.0000     0.0000     0.8451     0.1484     1.8565     0.9054
[1] 18600.0000     0.0000     0.8656    -0.3174     2.3280     0.8624
[1] 18700.0000     0.0000     0.8690    -0.1510     2.0541     0.9055
[1] 18800.0000     0.0000     0.8537    -0.1096     2.1090     0.9005
[1] 18900.0000     0.0000     0.9024    -0.0517     2.0281     1.0613
[1] 19000.0000     0.0000     0.8366     0.1750     1.7568     0.8015
[1] 19100.0000     0.0000     0.8142    -0.1046     2.0109     1.0716
[1] 19200.0000     0.0000     0.8001     0.4534     1.4891     0.9641
[1] 19300.0000     0.0000     0.9918     0.1008     1.8805     0.8386
[1] 19400.0000     0.0000     0.8040    -0.0706     2.1007     1.1551
[1] 1.950e+04 0.000e+00 9.654e-01 4.180e-02 1.960e+00 9.669e-01
[1] 19600.0000     0.5024     0.9162    -0.2642     2.1451     0.8038
[1] 19700.0000     0.0000     0.8143     0.5024     1.4666     0.8081
[1] 19800.0000     0.0000     0.9426     0.5047     1.4787     0.9432
[1] 19900.0000     0.0000     0.9981     0.1588     1.7896     1.0280
[1] 20000.0000     0.0000     0.9250     0.0641     1.9678     0.8216
[1] 20100.0000     0.0000     0.9794     0.3523     1.6309     1.1721
[1] 20200.0000     0.7170     0.9840    -0.3102     2.2385     1.1380
[1] 20300.0000     0.0000     0.8028    -0.0202     2.0576     0.9708
[1] 20400.0000     0.0544     0.9596    -0.2228     2.1581     1.0259
[1] 20500.0000     0.0000     0.8964     0.5862     1.3910     1.1285
[1] 20600.0000     1.0000     0.9169     0.1922     1.8264     1.1057
[1] 20700.0000     0.9370     0.8107     0.0309     2.0050     1.0874
[1] 20800.0000     0.0000     0.9606    -0.1627     2.1005     1.0886
[1] 20900.0000     1.0000     0.9455    -0.4512     2.4022     1.1141
[1] 21000.0000     0.0000     0.9912     0.2510     1.6944     1.0875
[1] 21100.0000     0.0000     0.8745    -0.4984     2.3809     0.8760
[1] 21200.0000     0.4034     0.9861     0.2680     1.7063     1.1830
[1] 21300.0000     1.0000     0.9067    -0.1801     2.2337     0.8492
[1] 21400.0000     0.0146     0.9719    -0.2411     2.1744     0.9071
[1] 21500.0000     0.0000     0.9322    -0.7711     2.6724     1.1668
[1] 21600.0000     0.0354     0.8420    -0.0640     2.0338     0.8926
[1] 21700.0000     0.0000     0.8449    -0.3224     2.2580     0.9351
[1] 21800.0000     0.0907     0.8417    -0.0732     2.0265     1.0310
[1] 2.190e+04 0.000e+00 9.408e-01 1.376e-01 1.798e+00 9.421e-01
[1] 22000.0000     0.0000     0.8850     0.1547     1.7637     0.9555
[1] 22100.0000     0.0000     0.9825    -0.1135     2.0626     1.1195
[1] 22200.0000     0.0000     0.8403    -0.2644     2.2109     1.1277
[1] 22300.0000     0.3341     0.9726     0.4008     1.6868     0.8521
[1] 22400.0000     0.0001     0.8145    -0.2904     2.2199     0.8604
[1] 22500.0000     0.3751     0.8623     0.2433     1.7994     0.8008
[1] 22600.0000     0.0000     0.8858     0.1180     1.8282     0.9064
[1] 22700.0000     0.0000     0.8271     0.2252     1.7128     1.1968
[1] 22800.0000     0.0016     0.9630     0.0421     1.9133     0.9437
[1] 22900.0000     0.0000     0.9287    -0.0190     1.9118     0.9003
[1] 23000.0000     0.0000     0.9652    -0.1486     2.1187     1.0264
[1] 23100.0000     0.0000     0.9231    -0.0060     1.9125     0.8179
[1] 23200.0000     0.0017     0.9741    -0.3641     2.2605     1.1699
[1] 23300.0000     0.1267     0.8966     0.2652     1.6950     1.0199
[1] 23400.0000     0.0003     0.8223    -0.3092     2.3141     1.0249
[1] 23500.0000     0.0000     0.8934    -0.3174     2.2672     1.1391
[1] 23600.0000     0.0000     0.8176     0.2273     1.7294     0.8266
[1] 23700.0000     0.0000     0.8580     0.5510     1.4175     0.8494
[1] 23800.0000     0.0000     0.8154     0.3346     1.5875     1.1666
[1] 23900.0000     0.0314     0.8157     0.0571     1.9079     0.8034
[1] 24000.0000     0.0000     0.8060     0.4663     1.3843     1.1215
[1] 24100.0000     0.0000     0.8747    -0.6245     2.5702     1.0767
[1] 24200.0000     0.0000     0.8562     0.1351     1.7678     0.9310
[1] 24300.0000     0.0000     0.8894    -0.5642     2.5176     0.9198
[1] 24400.0000     0.1227     0.9020     0.9042     1.1170     1.0534
[1] 24500.0000     0.0000     0.9407     0.8619     1.0654     1.0416
[1] 24600.0000     0.0000     0.9062    -0.2689     2.1401     0.8877
[1] 24700.0000     0.0168     0.9964    -0.0353     1.9909     1.1541
[1] 24800.0000     0.1365     0.8109    -0.1432     2.1078     1.1899
[1] 24900.0000     0.3004     0.9495    -0.0694     2.1006     0.8626
[1] 25000.0000     1.0000     0.8801     0.0721     1.8453     0.8235
[1] 2.510e+04 8.200e-03 9.102e-01 5.631e-01 1.440e+00 9.221e-01
[1] 25200.0000     0.0000     0.9920    -0.3421     2.3576     0.8420
[1] 25300.0000     1.0000     0.8151    -0.0208     1.9846     1.0748
[1] 25400.0000     1.0000     0.8988     0.0633     1.9190     1.0888
[1] 25500.0000     0.0000     0.8303     0.1960     1.7964     1.1248
[1] 25600.0000     0.0000     0.8978    -0.3299     2.3027     1.1142
[1] 25700.0000     0.0000     0.8060     0.3400     1.6561     0.8422
[1] 25800.0000     0.0000     0.8043    -0.1222     2.0643     0.8730
[1] 25900.0000     1.0000     0.8632    -0.0275     1.9872     1.1254
[1] 26000.0000     0.2478     0.9492    -0.0291     2.1109     1.0058
[1] 26100.0000     0.0000     0.9097    -0.0796     1.9895     1.1652
[1] 26200.0000     0.0121     0.9529    -0.0560     2.0485     1.0017
[1] 26300.0000     0.0000     0.9342     0.2023     1.7316     1.1434
[1] 26400.0000     0.0000     0.8767    -0.1668     2.1171     0.8041
[1] 26500.0000     0.2572     0.8136    -0.3269     2.3384     0.8843
[1] 26600.0000     0.0000     0.8376     0.0795     1.7852     1.1467
[1] 26700.0000     0.0827     0.9890     0.0420     1.8917     0.9390
[1] 26800.0000     0.0000     0.8448    -0.8330     2.8140     0.8652
[1] 26900.0000     0.0000     0.9586     0.3553     1.6983     1.0279
[1] 27000.0000     0.0000     0.9311    -0.2229     2.2032     1.0381
[1] 27100.0000     0.3233     0.8095    -0.0666     2.1202     1.0497
[1] 27200.0000     0.0082     0.8628     0.2167     1.7778     1.0265
[1] 27300.0000     0.0000     0.9754    -0.0497     2.0491     0.9688
[1] 27400.0000     0.0000     0.9269     0.0635     1.9539     1.0000
[1] 27500.0000     0.0000     0.8463     0.0553     1.9545     0.8762
[1] 27600.0000     0.0000     0.8732     0.3991     1.6155     0.9172
[1] 27700.0000     0.0000     0.9091     0.5283     1.4552     0.8618
[1] 27800.0000     0.0000     0.8358     0.2887     1.7365     1.1051
[1] 27900.0000     0.9498     0.8904     0.0685     1.9276     0.9276
[1] 28000.0000     0.0000     0.8025    -0.1275     2.1225     0.9240
[1] 28100.0000     0.0000     0.9262    -0.6221     2.5685     1.0710
[1] 28200.0000     0.0000     0.9693     0.1687     1.8241     0.8876
[1] 28300.0000     0.0000     0.9886    -0.3103     2.2754     1.1843
[1] 28400.0000     0.5488     0.9594     0.0916     1.9626     0.8105
[1] 28500.0000     0.0000     0.8824     0.2788     1.6927     0.8003
[1] 28600.0000     0.0000     0.9775     0.3109     1.7205     0.9079
[1] 28700.0000     0.0000     0.8546    -0.1246     2.0956     0.9787
[1] 28800.0000     0.0056     0.8713     0.3604     1.6452     0.8780
[1] 28900.0000     0.0000     0.9040    -0.2879     2.1798     0.8375
[1] 29000.0000     0.0000     0.9692    -0.4559     2.3346     0.9910
[1] 29100.0000     0.0000     0.9089    -0.7575     2.7206     0.8717
[1] 29200.0000     0.0962     0.9889     0.2710     1.6714     1.0979
[1] 29300.0000     0.1513     0.9749     0.3767     1.5758     0.9782
[1] 29400.0000     0.0423     0.9394     0.6668     1.2322     1.1754
[1] 29500.0000     0.0000     0.8510    -0.4546     2.4584     0.8942
[1] 29600.0000     0.0013     0.8035     0.1778     1.7450     1.0772
[1] 29700.0000     0.0000     0.9798    -0.2343     2.1503     0.9838
[1] 29800.0000     0.0000     0.8503     0.3020     1.6902     0.9822
[1] 29900.0000     0.9476     0.9798    -0.0130     2.0287     1.0014
[1] 30000.0000     0.0045     0.9561     0.5465     1.4006     1.0811
[1] 0.1351546
Time difference of 3.823026 hours
null device 
          1 
