[1] "El numero de nodos X particion es: 10"
[1] "Model = M2 / Data = sim_data/datasetSVIExponential7.Rdata"
[1] 100.0000   0.6832   0.9429   0.1050   1.9335   1.1970
[1] 200.0000   0.0003   0.8487   0.3014   1.6769   0.8384
[1] 300.0000   0.5040   0.8776  -0.0895   2.1822   1.0665
[1] 400.0000   0.0010   0.9217  -0.0829   2.1814   0.9692
[1] 500.0000   0.0000   0.8380   0.0410   2.0608   0.8203
[1] 600.0000   0.2180   0.9748   0.0237   1.8963   1.0386
[1] 700.0000   0.0179   0.8999   0.1301   1.9200   1.0702
[1] 800.0000   0.0000   0.9840   0.6674   1.3576   0.9131
[1] 900.0000   0.0000   0.9344   0.1330   1.7924   1.0036
[1] 1000.0000    0.0000    0.8209   -0.4926    2.5030    0.9374
[1] 1100.0000    0.0000    0.9319    0.6278    1.2886    0.8930
[1] 1200.0000    0.1474    0.8544    0.5453    1.5286    0.9984
[1] 1300.0000    0.8619    0.8617   -0.3211    2.2651    1.0550
[1] 1400.0000    0.0000    0.9303   -0.8477    2.7756    1.1894
[1] 1500.0000    0.0000    0.9584   -0.0940    2.1443    1.0940
[1] 1600.0000    0.0000    0.9658   -1.3452    3.3730    1.0950
[1] 1700.0000    0.0000    0.9419    0.0314    2.0548    1.0966
[1] 1800.0000    0.0000    0.9376    0.5472    1.4799    0.8302
[1] 1900.0000    0.0000    0.8411   -0.3664    2.3832    1.0047
[1] 2000.0000    0.0000    0.9400    0.2442    1.8704    1.1109
[1] 2100.0000    0.0000    0.9401   -0.4629    2.3683    1.0501
[1] 2200.0000    0.0000    0.8668    0.3155    1.7955    1.0989
[1] 2300.0000    0.0000    0.9906    0.4026    1.5104    0.8768
[1] 2400.0000    0.0000    0.9355    0.4086    1.5698    1.1578
[1] 2500.0000    0.0376    0.8909    0.5725    1.4103    1.1217
[1] 2600.0000    0.0000    0.8617   -0.7573    2.7460    0.8044
[1] 2700.0000    0.0000    0.8492   -0.4343    2.4864    0.9140
[1] 2800.0000    0.1388    0.8906   -0.4207    2.3188    0.8787
[1] 2900.0000    0.0000    0.9982   -1.1611    3.1867    0.9626
[1] 3000.0000    0.0000    0.8454   -0.6673    2.6990    0.9669
[1] 3100.0000    0.0000    0.9751    0.5695    1.4613    1.0618
[1] 3200.0000    0.0000    0.8205    0.4782    1.5491    0.8873
[1] 3300.0000    0.0000    0.9312    0.2624    1.7939    0.9302
[1] 3400.0000    0.5873    0.8983    0.7872    1.2732    1.1525
[1] 3500.0000    0.0000    0.9035    0.2104    1.8103    0.9507
[1] 3600.0000    0.0000    0.9625    0.2057    1.8318    0.8525
[1] 3700.0000    0.5201    0.8237    0.7239    1.3339    0.8398
[1] 3800.0000    0.0000    0.9791    1.4092    0.6057    1.0179
[1] 3900.0000    0.0000    0.9030   -0.0713    2.0571    0.9530
[1] 4000.0000    0.0000    0.9448   -0.6825    2.7156    1.0791
[1] 4100.0000    0.0000    0.8388   -0.6153    2.6630    0.8864
[1] 4200.0000    0.0000    0.9756   -0.5465    2.5005    0.9752
[1] 4300.0000    0.1578    0.8028   -0.5712    2.6115    0.9927
[1] 4400.0000    0.0000    0.9832    0.8134    1.2284    1.0903
[1] 4500.0000    0.1629    0.8404   -0.1522    2.2200    1.1577
[1] 4600.0000    0.0000    0.9581    0.4113    1.6935    0.8180
[1] 4700.0000    0.0000    0.8528   -0.6887    2.6902    0.8411
[1] 4800.0000    0.0000    0.8660   -1.0631    3.0854    1.0939
[1] 4900.0000    0.0000    0.9924   -0.5535    2.6415    1.1836
[1] 5000.0000    0.0000    0.9762   -0.7423    2.7307    0.8665
[1] 5100.0000    0.0000    0.9679   -0.9639    2.9480    1.1951
[1] 5200.0000    0.0000    0.8051   -0.2599    2.2803    0.8965
[1] 5300.0000    0.0000    0.9010   -0.0336    2.0407    1.0910
[1] 5400.0000    0.0000    0.9713   -0.1252    1.9918    1.1011
[1] 5500.0000    0.0000    0.8506    0.7491    1.2378    1.1979
[1] 5600.0000    0.0000    0.9929   -0.2709    2.2405    1.1085
[1] 5700.0000    0.0000    0.9445    0.3483    1.6981    1.0237
[1] 5800.0000    0.0000    0.8612   -0.4968    2.5924    1.0327
[1] 5900.0000    0.0000    0.8278    0.7758    1.3088    1.0767
[1] 6000.0000    0.0000    0.9870    0.8303    1.1180    1.0819
[1] 6100.0000    0.0000    0.9100    0.2351    1.6874    1.1509
[1] 6200.0000    0.0000    0.9400    0.7693    1.1689    0.8404
[1] 6300.0000    0.0000    0.9569    1.3303    0.8196    0.8080
[1] 6400.0000    0.0000    0.9924    0.1115    1.8663    1.0322
[1] 6500.0000    0.0000    0.9084   -0.4012    2.4107    1.0918
[1] 6600.0000    0.0000    0.8710   -0.4536    2.4092    0.9001
[1] 6700.0000    0.0000    0.9231   -1.0339    3.1769    1.1521
[1] 6800.0000    0.2611    0.8794    0.3098    1.7509    0.9381
[1] 6900.0000    0.0000    0.9290   -0.8301    2.8431    1.0476
[1] 7000.0000    0.0000    0.8521   -0.3865    2.4284    1.0680
[1] 7100.0000    0.0000    0.9857   -0.0420    2.0577    1.0571
[1] 7200.0000    0.0000    0.9439    0.4238    1.6761    1.1769
[1] 7300.0000    0.0000    0.9346    0.8239    1.2148    1.1740
[1] 7400.0000    0.0000    0.8045    0.1023    1.9002    0.8734
[1] 7500.0000    0.0000    0.8918   -0.9569    2.9565    1.0101
[1] 7600.0000    0.0000    0.9493   -0.1204    2.1779    0.9281
[1] 7700.0000    0.0000    0.8552   -0.8503    2.8061    1.0850
[1] 7800.0000    0.0000    0.9477    0.2782    1.6811    0.8206
[1] 7900.0000    0.0000    0.9654   -0.0933    1.9569    1.1831
[1] 8000.0000    0.0000    0.9309    0.3442    1.5848    1.0835
[1] 8100.0000    0.0000    0.8483   -0.2675    2.2510    0.8203
[1] 8200.0000    0.0000    0.9110   -0.4037    2.4337    0.9989
[1] 8300.0000    0.0000    0.8222   -0.3198    2.3932    0.8438
[1] 8400.0000    0.0000    0.9658   -0.2905    2.2262    0.9286
[1] 8500.0000    0.0000    0.8325   -0.3236    2.4311    1.0750
[1] 8600.0000    0.0000    0.9564   -1.6669    3.6988    0.9963
[1] 8700.0000    0.0000    0.8940    0.5262    1.4563    1.0236
[1] 8800.0000    0.0000    0.9735    0.3107    1.6047    1.0381
[1] 8900.0000    0.0000    0.8674    0.5619    1.4449    1.0474
[1] 9000.0000    0.0000    0.8301    0.9536    1.0261    1.1387
[1] 9100.0000    0.0000    0.8755   -0.1798    2.1949    0.8812
[1] 9200.0000    0.0000    0.8777    0.0380    2.0443    1.1489
[1] 9300.0000    0.0000    0.9270   -0.3692    2.4243    1.1117
[1] 9400.0000    0.0000    0.8413    0.7011    1.2706    1.0761
[1] 9500.0000    0.0000    0.9887    0.6278    1.4370    1.0978
[1] 9600.0000    0.0000    0.8149    0.4474    1.5799    0.9056
[1] 9700.0000    0.0000    0.8918    1.2894    0.6916    0.8845
[1] 9800.0000    0.0000    0.9462    0.5542    1.4313    1.1275
[1] 9900.0000    0.0000    0.9369    1.9950    0.0956    1.1404
[1] 10000.0000     0.6015     0.9984    -0.3439     2.3335     0.9987
[1] 10100.0000     1.0000     0.9049    -0.3427     2.4788     1.0751
[1] 10200.0000     0.0000     0.8133    -0.0894     2.0643     1.1117
[1] 10300.0000     0.0830     0.9549     1.6779     0.4199     0.8021
[1] 10400.0000     0.0000     0.9109     0.1642     1.8233     0.9653
[1] 10500.0000     0.0000     0.9828     0.5212     1.4815     0.8036
[1] 10600.0000     0.0000     0.8442     0.3898     1.7303     0.9495
[1] 10700.0000     0.0000     0.9346     1.0963     1.0110     1.0990
[1] 10800.0000     0.0239     0.8310     0.4455     1.5595     0.9940
[1] 10900.0000     0.0000     0.9660     0.5928     1.4874     1.1970
[1] 11000.0000     0.0088     0.8555     1.0535     1.0295     1.1761
[1] 11100.0000     0.0000     0.9587    -0.2402     2.2460     0.9308
[1] 11200.0000     0.1622     0.9398    -0.5983     2.6055     0.9513
[1] 11300.0000     0.0000     0.8936    -0.5976     2.6247     1.0961
[1] 11400.0000     0.0000     0.9548     0.2373     1.7975     1.0047
[1] 11500.0000     0.0000     0.8034     0.3211     1.6896     0.8501
[1] 11600.0000     0.0000     0.8744     0.3077     1.6306     0.9019
[1] 11700.0000     0.0001     0.8925     0.0204     2.0322     0.9798
[1] 11800.0000     0.0000     0.8027    -0.0845     2.1899     0.8530
[1] 11900.0000     0.0000     0.9123    -0.9092     2.9366     1.0901
[1] 12000.0000     0.0000     0.8056     0.3974     1.6938     1.1142
[1] 12100.0000     0.0000     0.8005    -0.5598     2.5415     0.8375
[1] 12200.0000     0.1196     0.9853     0.0763     1.9881     1.1443
[1] 12300.0000     0.0000     0.8010     0.0917     1.9653     0.8810
[1] 12400.0000     1.0000     0.8046     0.0538     1.9863     0.8797
[1] 12500.0000     0.0000     0.8870    -0.0710     2.0639     1.1524
[1] 12600.0000     0.0000     0.8126    -0.1415     2.2406     1.1805
[1] 12700.0000     0.0000     0.9614    -0.2830     2.1642     0.8958
[1] 12800.0000     0.0000     0.8257    -0.4105     2.4637     0.8904
[1] 12900.0000     0.0385     0.9204     0.3935     1.6722     0.8219
[1] 13000.0000     0.0000     0.9313     0.3416     1.6842     1.1678
[1] 13100.0000     0.0000     0.9404     1.6693     0.3896     0.9822
[1] 13200.0000     0.0000     0.8843    -0.7874     2.8794     0.9997
[1] 13300.0000     0.0000     0.9222    -0.3162     2.4280     0.8801
[1] 13400.0000     0.0000     0.8092    -0.4784     2.5153     1.1676
[1] 13500.0000     0.0000     0.8466    -0.5015     2.5940     0.8143
[1] 13600.0000     0.0000     0.8917     0.2250     1.7350     1.0301
[1] 13700.0000     0.0000     0.9094     0.2711     1.7823     0.8623
[1] 13800.0000     0.0000     0.8787    -0.5161     2.5366     1.0611
[1] 13900.0000     0.0000     0.8573    -0.3494     2.4246     0.8372
[1] 14000.0000     0.0000     0.9588     0.0529     1.9575     0.9662
[1] 14100.0000     0.0000     0.8411     0.4664     1.4466     1.1804
[1] 14200.0000     0.0000     0.8479     0.6190     1.3572     0.8739
[1] 14300.0000     0.0000     0.8548    -0.3157     2.3429     0.8231
[1] 14400.0000     0.0711     0.8623     1.0126     1.0240     0.8985
[1] 14500.0000     1.0000     0.9833     0.6327     1.3879     1.1771
[1] 14600.0000     0.0000     0.8721     0.6815     1.3562     0.9912
[1] 14700.0000     0.0000     0.9923    -0.3050     2.2490     1.0723
[1] 14800.0000     0.0000     0.9988     0.5665     1.4124     0.9067
[1] 14900.0000     0.0109     0.9582    -0.1655     2.2069     1.0321
[1] 15000.0000     0.0012     0.9447     0.0590     1.9284     0.8911
[1] 15100.0000     0.2521     0.9406     0.1399     1.8696     0.8849
[1] 15200.0000     0.0000     0.8734     0.6999     1.4112     0.8767
[1] 15300.0000     1.0000     0.8282    -0.2025     2.1838     1.1177
[1] 15400.0000     0.1673     0.9636    -0.6493     2.7570     0.9462
[1] 15500.0000     0.0000     0.9734    -1.0021     3.0141     1.1714
[1] 15600.0000     0.0000     0.8520    -0.4065     2.4593     1.1912
[1] 15700.0000     0.0000     0.8475    -0.4375     2.4466     0.9690
[1] 15800.0000     0.0000     0.9108     0.1593     1.8378     0.9068
[1] 1.590e+04 0.000e+00 8.876e-01 2.389e-01 1.739e+00 9.067e-01
[1] 16000.0000     0.0029     0.8124    -0.3127     2.3543     1.1160
[1] 16100.0000     0.0000     0.8125     0.8297     1.1849     0.8885
[1] 16200.0000     0.0000     0.9466     0.1736     1.7803     0.9477
[1] 16300.0000     0.0000     0.9158    -0.4471     2.5087     0.9491
[1] 1.640e+04 0.000e+00 9.648e-01 2.505e-01 1.789e+00 9.493e-01
[1] 16500.0000     0.7613     0.9407    -0.2258     2.3126     0.9877
[1] 16600.0000     0.0000     0.8294    -0.4416     2.5231     0.8835
[1] 16700.0000     0.0000     0.8462     0.3111     1.6762     0.9538
[1] 16800.0000     0.0000     0.8621     0.4384     1.5186     1.1596
[1] 16900.0000     0.0000     0.8583     0.9747     1.0159     0.9158
[1] 17000.0000     0.0000     0.9790     0.0637     1.9833     0.8822
[1] 17100.0000     0.0000     0.9305     0.8199     1.2978     0.9283
[1] 17200.0000     0.0000     0.9497     1.0338     0.9390     0.8252
[1] 17300.0000     1.0000     0.8396     0.7999     1.2075     1.0131
[1] 17400.0000     0.0000     0.8593     0.4826     1.5745     1.1450
[1] 17500.0000     0.0000     0.8131     0.0797     1.9639     0.9127
[1] 17600.0000     0.0000     0.8280     0.0774     1.8981     1.1486
[1] 17700.0000     0.0000     0.8794     0.5448     1.4516     0.9707
[1] 17800.0000     0.0000     0.9383    -0.5579     2.7156     1.0084
[1] 1.790e+04 0.000e+00 9.083e-01 6.596e-01 1.392e+00 9.495e-01
[1] 18000.0000     1.0000     0.9109     0.5426     1.5219     0.8712
[1] 18100.0000     0.0000     0.9461     0.4887     1.4241     0.9222
[1] 18200.0000     0.0035     0.8582     1.4436     0.5232     0.9652
[1] 18300.0000     0.0000     0.9012    -0.2223     2.2915     1.0710
[1] 18400.0000     0.0000     0.9529    -0.3128     2.3441     0.8173
[1] 18500.0000     0.0000     0.8451    -0.4492     2.5293     0.9054
[1] 1.860e+04 0.000e+00 8.420e-01 7.749e-01 1.314e+00 8.224e-01
[1] 18700.0000     0.0000     0.8080    -0.2515     2.3220     0.9308
[1] 18800.0000     0.0000     0.8635     0.2166     1.7813     1.1693
[1] 18900.0000     0.0000     0.9024     0.2134     1.7739     1.0613
[1] 19000.0000     0.0000     0.8366    -0.2693     2.2717     0.8015
[1] 19100.0000     0.0000     0.8142    -0.2649     2.2702     1.0716
[1] 19200.0000     0.0000     0.8001    -0.3606     2.3860     0.9641
[1] 19300.0000     0.0000     0.8035    -0.0668     2.0603     1.0886
[1] 19400.0000     0.0000     0.9330    -0.5132     2.5437     1.0363
[1] 19500.0000     0.0000     0.9654    -0.2877     2.2984     0.9669
[1] 19600.0000     0.6278     0.9162    -1.3822     3.4427     0.8038
[1] 19700.0000     0.0000     0.8982    -0.4713     2.4131     1.1826
[1] 19800.0000     0.0000     0.9408     0.1503     1.9293     0.9927
[1] 19900.0000     0.0000     0.9981    -0.5687     2.6262     1.0280
[1] 20000.0000     0.0000     0.8708     0.1227     1.8832     1.0213
[1] 20100.0000     0.0000     0.9080     0.1562     1.9317     1.0402
[1] 20200.0000     1.0000     0.9840     0.3731     1.6481     1.1380
[1] 20300.0000     0.0000     0.9533     0.3067     1.7123     0.8784
[1] 20400.0000     0.0002     0.9596     0.5237     1.4229     1.0259
[1] 20500.0000     0.0000     0.8964    -0.9784     2.9475     1.1285
[1] 20600.0000     1.0000     0.9169     0.2399     1.8138     1.1057
[1] 20700.0000     0.8559     0.8107     0.4592     1.5893     1.0874
[1] 20800.0000     0.0000     0.9606    -0.7503     2.7298     1.0886
[1] 20900.0000     0.0000     0.9109     0.2307     1.8644     0.9980
[1] 21000.0000     0.0000     0.9912     0.5949     1.4318     1.0875
[1] 21100.0000     0.0000     0.9732    -0.6765     2.6814     0.8253
[1] 21200.0000     0.0745     0.8263     0.2860     1.7495     1.1324
[1] 21300.0000     0.0000     0.8399    -0.4548     2.3942     1.0171
[1] 2.140e+04 3.000e-04 9.719e-01 2.571e-01 1.762e+00 9.071e-01
[1] 21500.0000     0.0000     0.9375    -0.1533     2.0838     1.0777
[1] 21600.0000     0.0000     0.8010    -0.4695     2.4651     1.1966
[1] 21700.0000     0.0000     0.8258    -0.8966     2.9156     1.1265
[1] 21800.0000     0.0000     0.8218    -0.0847     2.2261     1.1739
[1] 21900.0000     0.0000     0.9084    -0.0436     1.9957     1.1067
[1] 22000.0000     0.0000     0.8850     0.8807     1.1368     0.9555
[1] 22100.0000     0.0000     0.9825    -0.2516     2.2767     1.1195
[1] 22200.0000     0.0000     0.9882    -0.7278     2.6628     0.9514
[1] 22300.0000     0.0012     0.8584    -0.1273     2.1395     0.9367
[1] 22400.0000     0.0000     0.9494    -0.0324     2.0234     0.9207
[1] 22500.0000     0.0028     0.9610     0.5000     1.5277     0.9963
[1] 22600.0000     0.0000     0.8858     1.0943     1.0298     0.9064
[1] 22700.0000     0.0000     0.8271     1.2525     0.7088     1.1968
[1] 22800.0000     0.0034     0.8616    -0.1879     2.3140     1.1425
[1] 22900.0000     0.0000     0.9207     0.8121     1.1322     0.8362
[1] 23000.0000     0.0000     0.9652     0.5153     1.4498     1.0264
[1] 23100.0000     0.0000     0.9231     0.1859     1.7927     0.8179
[1] 23200.0000     0.0000     0.8288    -0.6405     2.6732     0.8616
[1] 23300.0000     0.0923     0.8966     0.5990     1.4167     1.0199
[1] 2.340e+04 0.000e+00 9.418e-01 5.618e-01 1.469e+00 8.205e-01
[1] 23500.0000     0.0000     0.9561     0.3683     1.6954     1.0572
[1] 23600.0000     0.0000     0.8360     0.2173     1.8373     0.8406
[1] 23700.0000     0.0000     0.9977     0.5770     1.4262     0.9083
[1] 23800.0000     0.0000     0.9509     0.4908     1.4142     0.9516
[1] 23900.0000     0.0000     0.8157     0.2373     1.8084     0.8034
[1] 24000.0000     0.0000     0.9801    -0.4391     2.4023     1.1551
[1] 24100.0000     0.0000     0.8643    -2.0786     4.0793     0.9462
[1] 24200.0000     0.0000     0.8399    -0.3872     2.2971     1.0287
[1] 24300.0000     0.0000     0.9879    -0.8026     2.8128     1.1930
[1] 24400.0000     0.0165     0.9020     0.8269     1.3172     1.0534
[1] 24500.0000     0.0000     0.9407     1.4163     0.5179     1.0416
[1] 24600.0000     0.0000     0.9062     0.1734     1.7886     0.8877
[1] 24700.0000     0.0000     0.9025    -0.6691     2.6810     0.8040
[1] 24800.0000     0.0003     0.8109    -0.0979     2.1220     1.1899
[1] 24900.0000     0.0000     0.9495     0.1036     1.8685     0.8626
[1] 25000.0000     0.0002     0.9399     0.4936     1.5297     0.8472
[1] 25100.0000     0.0000     0.9605     1.1105     0.8717     1.0743
[1] 25200.0000     0.0000     0.8184     0.1483     1.9052     0.8574
[1] 25300.0000     0.7283     0.8151     0.2962     1.6325     1.0748
[1] 25400.0000     1.0000     0.8988    -0.6766     2.6720     1.0888
[1] 25500.0000     0.0000     0.8147     0.0349     1.9876     1.1844
[1] 25600.0000     0.0000     0.8978    -0.4478     2.4859     1.1142
[1] 25700.0000     0.0000     0.8060     0.7656     1.3107     0.8422
[1] 25800.0000     0.0000     0.8043    -0.7208     2.6307     0.8730
[1] 25900.0000     1.0000     0.8632    -0.4046     2.4558     1.1254
[1] 26000.0000     1.0000     0.9492    -0.9031     2.9811     1.0058
[1] 26100.0000     0.0000     0.9196    -0.6481     2.5166     1.1722
[1] 26200.0000     0.0000     0.9768    -0.9213     2.8760     0.9801
[1] 26300.0000     0.0000     0.8530    -0.8584     2.9086     1.0678
[1] 26400.0000     0.0000     0.8767     0.2136     1.7415     0.8041
[1] 26500.0000     0.0013     0.9903    -0.0123     2.1014     1.1966
[1] 26600.0000     0.0000     0.9293    -1.0979     3.2773     0.8497
[1] 26700.0000     0.0000     0.8184    -0.1017     2.1119     0.9177
[1] 26800.0000     0.0000     0.8448    -1.0067     2.9591     0.8652
[1] 26900.0000     0.0000     0.9241     0.0832     2.0511     1.0646
[1] 27000.0000     0.0000     0.8280     0.2518     1.7211     0.9596
[1] 27100.0000     0.8614     0.9280    -0.4121     2.4612     1.0348
[1] 27200.0000     0.0000     0.8628    -0.7307     2.7899     1.0265
[1] 27300.0000     0.0000     0.8270    -0.7052     2.7297     1.1347
[1] 27400.0000     0.0000     0.9843     0.1954     1.8421     1.1629
[1] 27500.0000     0.0000     0.8463     0.8368     1.2698     0.8762
[1] 27600.0000     0.0000     0.8732     1.6637     0.4270     0.9172
[1] 27700.0000     0.0000     0.8317     1.1062     0.9040     1.1846
[1] 2.780e+04 0.000e+00 8.338e-01 5.491e-01 1.455e+00 9.440e-01
[1] 27900.0000     1.0000     0.8904     0.8865     1.1245     0.9276
[1] 28000.0000     0.0000     0.8025    -0.8136     2.8480     0.9240
[1] 28100.0000     0.0000     0.9262     0.5093     1.5829     1.0710
[1] 28200.0000     0.0000     0.9683     0.0004     2.0303     0.8917
[1] 28300.0000     0.0000     0.9886    -0.2716     2.2812     1.1843
[1] 28400.0000     1.0000     0.9594    -0.7381     2.7012     0.8105
[1] 28500.0000     0.0000     0.8824     1.0662     0.9188     0.8003
[1] 28600.0000     0.0000     0.9775     0.3782     1.5779     0.9079
[1] 28700.0000     0.0000     0.9675    -0.6109     2.6236     1.1579
[1] 28800.0000     0.0000     0.8104    -0.2604     2.3100     1.1940
[1] 28900.0000     0.0000     0.9137     1.1122     0.9533     0.8478
[1] 29000.0000     0.0000     0.9277    -0.5763     2.6019     1.1735
[1] 29100.0000     0.0000     0.8872    -0.8396     2.9335     1.0232
[1] 29200.0000     0.0156     0.9367     1.0583     0.9148     1.1465
[1] 29300.0000     0.3167     0.9749     1.4423     0.6336     0.9782
[1] 29400.0000     0.0000     0.9394     1.1278     0.8142     1.1754
[1] 29500.0000     0.0000     0.9697    -0.4750     2.4811     0.9614
[1] 29600.0000     0.0000     0.8335     0.6153     1.4048     1.1940
[1] 29700.0000     0.0000     0.9991     0.1978     1.8058     0.9357
[1] 29800.0000     0.0000     0.8030    -0.4986     2.5804     0.9421
[1] 29900.0000     0.8054     0.9798     0.2300     1.8331     1.0014
[1] 30000.0000     0.0000     0.9561     1.2839     0.6895     1.0811
[1] 0.07519699
Time difference of 10.35315 hours
null device 
          1 
