[1] "El numero de nodos X particion es: 10"
[1] "Model = M1 / Data = sim_data/datasetSVIMatern15.Rdata"
[1] 100.0000   0.3258   0.9429   0.0415   1.9475   1.1970
[1] 200.0000   1.0000   0.9804  -0.0685   2.0991   1.0297
[1] 300.0000   0.2714   0.8776  -0.1269   2.2757   1.0665
[1] 400.0000   0.2579   0.9217  -0.1483   2.1542   0.9692
[1] 500.0000   0.4452   0.8902  -0.3042   2.1947   0.8863
[1] 600.0000   1.0000   0.9748  -0.3389   2.3273   1.0386
[1] 700.0000   0.0005   0.9396  -0.3495   2.5449   1.0960
[1] 800.0000   0.0059   0.9381  -0.0106   1.9959   1.1219
[1] 900.0000   0.0025   0.9344   0.0488   1.8834   1.0036
[1] 1000.0000    0.0000    0.8209   -0.1918    2.2352    0.9374
[1] 1100.0000    0.0000    0.9319    0.4412    1.5224    0.8930
[1] 1200.0000    0.4097    0.8603    0.2862    1.8033    0.9164
[1] 1300.0000    0.0295    0.9498   -0.0965    2.0801    1.1653
[1] 1400.0000    0.0000    0.9303   -0.3091    2.2994    1.1894
[1] 1500.0000    0.0026    0.9584   -0.0908    2.1171    1.0940
[1] 1600.0000    0.0000    0.9894   -1.3467    3.3442    1.0856
[1] 1700.0000    0.0000    0.8745   -1.0587    3.1398    0.9148
[1] 1800.0000    0.0000    0.8314   -0.8546    2.8979    0.9945
[1] 1900.0000    0.0000    0.9875   -1.0767    3.0766    0.8532
[1] 2000.0000    0.0000    0.9400   -0.2867    2.4011    1.1109
[1] 2100.0000    0.0000    0.9433   -0.1723    2.0864    1.0825
[1] 2200.0000    0.0000    0.8668    0.8007    1.2623    1.0989
[1] 2300.0000    0.0002    0.8951   -0.0586    2.0423    0.9529
[1] 2400.0000    0.0000    0.9355    0.2993    1.6890    1.1578
[1] 2500.0000    0.0130    0.8909    0.9401    1.0052    1.1217
[1] 2600.0000    0.0000    0.8617   -0.3638    2.3348    0.8044
[1] 2700.0000    0.0000    0.8492   -0.4444    2.5173    0.9140
[1] 2800.0000    0.0013    0.9382    0.4628    1.5356    1.1558
[1] 2900.0000    0.0000    0.9982   -0.9717    2.9661    0.9626
[1] 3000.0000    0.0000    0.8454   -0.7089    2.7271    0.9669
[1] 3100.0000    0.0000    0.9411   -0.0938    2.0165    0.9915
[1] 3200.0000    0.0000    0.9190    0.2098    1.8297    0.9575
[1] 3300.0000    0.0000    0.9312    0.4569    1.5504    0.9302
[1] 3400.0000    1.0000    0.8983    0.2973    1.7941    1.1525
[1] 3500.0000    0.0000    0.9256   -0.0501    1.9986    1.1684
[1] 3600.0000    0.0000    0.9027    0.5185    1.4933    1.1569
[1] 3700.0000    1.0000    0.9624    1.1064    0.9370    0.8094
[1] 3800.0000    0.0000    0.9676    0.9622    1.0856    1.0095
[1] 3900.0000    0.0000    0.9991   -0.5948    2.6785    0.8391
[1] 4000.0000    0.0000    0.9448   -0.9561    2.9816    1.0791
[1] 4100.0000    0.0000    0.8388   -1.2735    3.3214    0.8864
[1] 4200.0000    0.0000    0.9756   -0.8138    2.7687    0.9752
[1] 4300.0000    0.1171    0.9209   -0.1781    2.1531    1.0519
[1] 4400.0000    0.0000    0.9983    0.8552    1.1368    1.0333
[1] 4500.0000    0.2621    0.8410    1.3381    0.7802    1.1520
[1] 4600.0000    0.0000    0.9581    0.5290    1.6312    0.8180
[1] 4700.0000    0.0000    0.9806   -0.4799    2.5431    1.0866
[1] 4800.0000    0.0000    0.9576   -1.1429    3.1559    1.0847
[1] 4900.0000    0.0000    0.9924   -1.2998    3.3986    1.1836
[1] 5000.0000    0.0000    0.9762   -0.9828    2.9115    0.8665
[1] 5100.0000    0.0000    0.9679   -0.8016    2.7266    1.1951
[1] 5200.0000    0.0000    0.8051    0.3266    1.7259    0.8965
[1] 5300.0000    0.0000    0.9010    0.1764    1.8284    1.0910
[1] 5400.0000    0.0000    0.9713    0.2162    1.6402    1.1011
[1] 5500.0000    0.0000    0.8913    0.6359    1.3737    1.1131
[1] 5600.0000    0.0000    0.9929   -0.3917    2.3056    1.1085
[1] 5700.0000    0.0000    0.9445   -0.2260    2.2536    1.0237
[1] 5800.0000    0.0000    0.9611   -1.0153    3.0471    1.1298
[1] 5900.0000    0.0000    0.9311   -0.6125    2.6547    0.8983
[1] 6000.0000    0.0000    0.9870    0.3725    1.6047    1.0819
[1] 6100.0000    0.0000    0.9284   -0.1652    2.2168    0.9188
[1] 6200.0000    0.0000    0.9400    1.0917    0.8566    0.8404
[1] 6300.0000    0.0000    0.9569    1.1789    0.8965    0.8080
[1] 6400.0000    0.0000    0.9918   -0.1540    2.3413    1.1860
[1] 6500.0000    0.0005    0.9084   -1.0854    3.1235    1.0918
[1] 6600.0000    0.0000    0.8710   -0.7724    2.6989    0.9001
[1] 6700.0000    0.0000    0.9587   -1.2729    3.3295    1.0766
[1] 6800.0000    0.0245    0.8642    0.1355    1.8686    1.0905
[1] 6900.0000    0.0000    0.9607   -1.0689    3.1261    0.8534
[1] 7000.0000    0.0000    0.8521    0.2545    1.7156    1.0680
[1] 7100.0000    0.0000    0.9857    0.7281    1.3818    1.0571
[1] 7200.0000    0.0000    0.9439    0.9309    1.1293    1.1769
[1] 7300.0000    0.0000    0.9838    0.2983    1.7207    1.0449
[1] 7400.0000    0.0000    0.9512   -0.1327    2.1904    0.8676
[1] 7500.0000    0.0000    0.9902   -1.4817    3.3589    1.0957
[1] 7600.0000    0.0000    0.9493   -0.6183    2.5901    0.9281
[1] 7700.0000    0.0000    0.8552   -1.2953    3.2247    1.0850
[1] 7800.0000    0.0000    0.9477   -0.0149    1.9509    0.8206
[1] 7900.0000    0.0000    0.9654   -0.4135    2.3740    1.1831
[1] 8000.0000    0.0000    0.9309    0.5375    1.5256    1.0835
[1] 8100.0000    0.0000    0.8483   -0.9325    2.8759    0.8203
[1] 8200.0000    0.0000    0.9518    0.0502    1.8522    1.1546
[1] 8300.0000    0.0000    0.8222   -0.2295    2.2758    0.8438
[1] 8400.0000    0.0000    0.9658   -0.6288    2.5202    0.9286
[1] 8500.0000    0.0000    0.8325    0.3222    1.7096    1.0750
[1] 8600.0000    0.0000    0.9648   -1.0063    3.0314    1.1411
[1] 8700.0000    0.0000    0.8940    0.6324    1.3631    1.0236
[1] 8800.0000    0.0000    0.9735    0.3942    1.5263    1.0381
[1] 8900.0000    0.0000    0.8674    0.6201    1.3482    1.0474
[1] 9000.0000    0.0000    0.8301    0.2377    1.6932    1.1387
[1] 9100.0000    0.0000    0.9178   -0.5218    2.4763    0.8722
[1] 9200.0000    0.0000    0.8777    0.1545    1.9199    1.1489
[1] 9300.0000    0.0000    0.8689    0.6464    1.4493    0.9976
[1] 9400.0000    0.0000    0.9737    1.7509    0.1606    1.0570
[1] 9500.0000    0.0000    0.8817    0.0676    1.8759    1.0875
[1] 9600.0000    0.0000    0.8993   -0.3104    2.4196    0.8299
[1] 9700.0000    0.0000    0.9657    0.4230    1.5837    0.9166
[1] 9800.0000    0.0000    0.9462   -0.5960    2.5938    1.1275
[1] 9900.0000    0.0000    0.9369    0.9873    1.1269    1.1404
[1] 10000.0000     0.1429     0.9984    -0.3655     2.3513     0.9987
[1] 10100.0000     0.0001     0.9390    -0.2299     2.2541     1.0815
[1] 10200.0000     0.0000     0.8458     0.3755     1.5916     1.1044
[1] 10300.0000     0.1525     0.9549     1.6393     0.4256     0.8021
[1] 10400.0000     0.0000     0.9109     0.0506     1.9333     0.9653
[1] 10500.0000     0.0000     0.9828     0.0961     1.8618     0.8036
[1] 10600.0000     0.0000     0.9864    -0.0568     2.0281     0.9817
[1] 1.070e+04 0.000e+00 9.346e-01 9.832e-01 1.138e+00 1.099e+00
[1] 1.080e+04 5.356e-01 8.878e-01 8.259e-01 1.096e+00 8.615e-01
[1] 10900.0000     0.0000     0.9660     0.2820     1.8189     1.1970
[1] 11000.0000     0.0008     0.8555     0.7665     1.3381     1.1761
[1] 11100.0000     0.0000     0.9587    -0.2275     2.2039     0.9308
[1] 11200.0000     0.0070     0.9645     0.0986     1.7882     0.8187
[1] 11300.0000     0.0000     0.9481     0.5322     1.4162     1.1448
[1] 11400.0000     0.0000     0.9548     0.2139     1.8399     1.0047
[1] 11500.0000     0.0000     0.9267     0.1800     1.8381     0.8426
[1] 11600.0000     0.0000     0.9104     0.0891     1.8716     0.8269
[1] 11700.0000     0.0000     0.9616     0.6450     1.3883     1.1733
[1] 11800.0000     0.0000     0.8027    -0.4627     2.4580     0.8530
[1] 11900.0000     0.0000     0.9950    -0.7490     2.7756     1.0414
[1] 12000.0000     0.0000     0.8056    -0.4895     2.5667     1.1142
[1] 12100.0000     0.0000     0.8666    -0.3746     2.3633     0.9630
[1] 12200.0000     0.0152     0.9853     0.2897     1.7866     1.1443
[1] 12300.0000     0.0000     0.9057     0.1936     1.8782     1.1159
[1] 12400.0000     0.2740     0.8046    -0.3087     2.3716     0.8797
[1] 12500.0000     0.0000     0.8870     0.0690     1.8852     1.1524
[1] 12600.0000     0.0000     0.9125    -0.3725     2.4876     1.1924
[1] 12700.0000     0.0000     0.9956    -0.6617     2.5759     1.1244
[1] 12800.0000     0.0000     0.9902    -1.1555     3.0534     0.9345
[1] 12900.0000     0.2580     0.9728     0.6201     1.4717     0.8641
[1] 13000.0000     0.0000     0.8069     0.2149     1.7782     1.0997
[1] 13100.0000     0.0000     0.9339     1.4190     0.5203     1.1193
[1] 13200.0000     0.0000     0.8843     0.5552     1.5127     0.9997
[1] 13300.0000     0.0000     0.9271    -0.2593     2.2085     0.8364
[1] 13400.0000     0.0000     0.9882     0.6914     1.2853     1.1072
[1] 13500.0000     0.0000     0.8358     0.2262     1.8090     1.1234
[1] 13600.0000     0.0000     0.8917     0.4365     1.5983     1.0301
[1] 1.370e+04 0.000e+00 9.842e-01 2.227e-01 1.766e+00 9.828e-01
[1] 13800.0000     0.0000     0.8787    -0.4142     2.4529     1.0611
[1] 13900.0000     0.0000     0.8960     0.4170     1.6614     0.9798
[1] 14000.0000     0.0000     0.9588     0.5066     1.4337     0.9662
[1] 14100.0000     0.0000     0.8411     0.7441     1.1567     1.1804
[1] 14200.0000     0.0000     0.8479     0.4205     1.5119     0.8739
[1] 14300.0000     0.0000     0.9227    -1.1317     3.0788     1.0001
[1] 14400.0000     0.9773     0.8984     0.2275     1.6830     1.1866
[1] 14500.0000     0.9295     0.9833    -0.0334     1.9722     1.1771
[1] 14600.0000     0.0000     0.9850     0.7965     1.2743     0.9950
[1] 14700.0000     0.0000     0.8734    -0.5239     2.4133     1.0676
[1] 1.480e+04 0.000e+00 9.988e-01 1.080e+00 9.618e-01 9.067e-01
[1] 14900.0000     0.0002     0.9550     0.4616     1.6782     1.1652
[1] 15000.0000     0.0025     0.9447    -0.0275     2.0432     0.8911
[1] 15100.0000     0.1637     0.9118    -0.0283     2.0230     0.9692
[1] 15200.0000     0.0000     0.9307     0.9565     1.1149     0.9934
[1] 15300.0000     1.0000     0.8282     0.1639     1.7969     1.1177
[1] 15400.0000     0.3467     0.9636    -1.1334     3.2416     0.9462
[1] 15500.0000     0.0000     0.9734    -1.8245     3.9111     1.1714
[1] 15600.0000     0.0000     0.8520    -0.9130     2.9500     1.1912
[1] 15700.0000     0.0000     0.8475    -0.0731     2.0387     0.9690
[1] 15800.0000     0.0000     0.9687     0.0769     1.8754     1.0771
[1] 15900.0000     0.0000     0.8876     0.1625     1.7695     0.9067
[1] 16000.0000     0.0009     0.8124    -0.4295     2.4286     1.1160
[1] 16100.0000     0.0000     0.9994    -0.0330     2.0803     1.0216
[1] 16200.0000     0.0000     0.9466     0.5923     1.4389     0.9477
[1] 16300.0000     0.0000     0.9327     0.2480     1.8259     0.9714
[1] 16400.0000     0.0000     0.9401     0.1224     1.8679     0.9237
[1] 1.650e+04 2.126e-01 9.646e-01 6.189e-01 1.372e+00 1.182e+00
[1] 16600.0000     0.0000     0.8294    -0.8610     2.9148     0.8835
[1] 16700.0000     0.0000     0.9287     0.2070     1.6807     0.9633
[1] 16800.0000     0.0000     0.9378     0.1339     1.7776     1.0931
[1] 16900.0000     0.0000     0.8138    -0.3579     2.3423     1.1004
[1] 17000.0000     0.0000     0.9790    -0.6024     2.6483     0.8822
[1] 17100.0000     0.0016     0.9305     1.0834     0.8202     0.9283
[1] 17200.0000     0.0000     0.9497     1.5145     0.4252     0.8252
[1] 17300.0000     0.7997     0.8396     0.5104     1.4822     1.0131
[1] 17400.0000     0.0000     0.8593     0.6393     1.4081     1.1450
[1] 17500.0000     0.0000     0.9057     0.1742     1.8069     1.0881
[1] 17600.0000     0.0000     0.8280     0.7062     1.2445     1.1486
[1] 17700.0000     0.0000     0.8794     0.9888     1.1077     0.9707
[1] 17800.0000     0.0000     0.9383    -1.0383     3.1531     1.0084
[1] 17900.0000     0.0000     0.9083    -0.2158     2.2454     0.9495
[1] 1.800e+04 5.038e-01 9.109e-01 5.826e-01 1.486e+00 8.712e-01
[1] 18100.0000     0.0000     0.9981     0.6513     1.4119     1.0670
[1] 18200.0000     0.0010     0.8582     0.8131     1.1478     0.9652
[1] 18300.0000     0.0000     0.9012    -0.6588     2.7496     1.0710
[1] 18400.0000     0.0000     0.9529    -0.2007     2.2589     0.8173
[1] 18500.0000     0.0000     0.9525    -0.0943     2.0800     0.9333
[1] 18600.0000     0.0000     0.8656     0.0017     2.0534     0.8624
[1] 18700.0000     0.0000     0.8080    -0.0327     2.1594     0.9308
[1] 18800.0000     0.0000     0.8635     0.7095     1.2849     1.1693
[1] 18900.0000     0.0000     0.9024     0.2878     1.6472     1.0613
[1] 19000.0000     0.0000     0.8366    -0.7041     2.7122     0.8015
[1] 19100.0000     0.0000     0.8142    -0.8438     2.8469     1.0716
[1] 19200.0000     0.0000     0.8001    -0.9456     2.9704     0.9641
[1] 19300.0000     0.0000     0.9669    -0.8102     2.7833     1.0123
[1] 19400.0000     0.0000     0.9330    -0.3400     2.3531     1.0363
[1] 19500.0000     0.0000     0.9654    -0.0940     2.0853     0.9669
[1] 19600.0000     0.9233     0.9648    -1.8294     3.8032     1.1447
[1] 19700.0000     0.0000     0.8982    -1.0207     2.9910     1.1826
[1] 19800.0000     0.0000     0.9408    -0.2530     2.2705     0.9927
[1] 19900.0000     0.0000     0.9981    -0.4697     2.5532     1.0280
[1] 20000.0000     0.0000     0.8609     0.0037     2.0063     1.1764
[1] 20100.0000     0.0000     0.9080     0.6018     1.4319     1.0402
[1] 20200.0000     1.0000     0.9840     0.4545     1.5914     1.1380
[1] 20300.0000     0.0000     0.9921     0.0620     1.9978     1.1096
[1] 20400.0000     0.0007     0.9072     0.1083     1.8663     0.9991
[1] 20500.0000     0.0000     0.8964     0.2233     1.8007     1.1285
[1] 20600.0000     0.4000     0.9169    -0.3017     2.3937     1.1057
[1] 20700.0000     0.7269     0.8107    -0.0206     2.0577     1.0874
[1] 20800.0000     0.0000     0.9606    -0.3934     2.4482     1.0886
[1] 20900.0000     0.0005     0.9109     0.5196     1.5082     0.9980
[1] 21000.0000     0.0000     0.9313     0.7613     1.1982     1.0024
[1] 21100.0000     0.0000     0.9732    -0.1388     2.0865     0.8253
[1] 21200.0000     0.0784     0.9704     0.3711     1.6790     1.1667
[1] 21300.0000     0.0000     0.8089    -0.1764     2.1150     1.0955
[1] 21400.0000     0.0000     0.9719     0.1960     1.7958     0.9071
[1] 21500.0000     0.0000     0.9375    -0.2456     2.2114     1.0777
[1] 21600.0000     0.0000     0.8420     0.3960     1.6314     0.8926
[1] 21700.0000     0.0000     0.9766     0.4818     1.5468     1.1392
[1] 21800.0000     0.0002     0.8218    -0.7504     2.7164     1.1739
[1] 21900.0000     0.0000     0.9408     0.1918     1.7455     0.9421
[1] 22000.0000     0.0000     0.8850     1.4747     0.4797     0.9555
[1] 22100.0000     0.0000     0.9825     0.1007     1.9296     1.1195
[1] 22200.0000     0.0000     0.9882    -0.0288     1.9349     0.9514
[1] 22300.0000     0.0000     0.8584     0.3364     1.7406     0.9367
[1] 22400.0000     0.0000     0.9494    -0.2547     2.2745     0.9207
[1] 2.250e+04 1.600e-03 9.610e-01 6.650e-01 1.356e+00 9.963e-01
[1] 22600.0000     0.0000     0.8858     1.3248     0.8205     0.9064
[1] 22700.0000     0.0000     0.8271     0.5559     1.3781     1.1968
[1] 22800.0000     0.0000     0.9028     0.7030     1.3658     1.1243
[1] 22900.0000     0.0000     0.9699     0.3373     1.6853     0.9238
[1] 23000.0000     0.0000     0.9652     0.1038     1.9420     1.0264
[1] 23100.0000     0.0000     0.9231    -0.2869     2.2333     0.8179
[1] 23200.0000     0.0000     0.9741    -1.2038     3.2394     1.1699
[1] 23300.0000     0.2718     0.8966    -0.8631     2.8205     1.0199
[1] 23400.0000     0.0000     0.9418     0.2105     1.7945     0.8205
[1] 23500.0000     0.0000     0.9561    -0.6450     2.7105     1.0572
[1] 23600.0000     0.0000     0.8360     0.1745     1.8824     0.8406
[1] 23700.0000     0.0000     0.9977     0.9407     1.0591     0.9083
[1] 23800.0000     0.0000     0.9509     0.2924     1.6092     0.9516
[1] 23900.0000     0.0000     0.9638     0.7962     1.1477     1.0121
[1] 24000.0000     0.0000     0.9655     0.2676     1.6942     1.1185
[1] 24100.0000     0.0000     0.9119    -0.8597     2.8944     1.0278
[1] 24200.0000     0.0000     0.8399    -0.2984     2.2191     1.0287
[1] 24300.0000     0.0000     0.9879    -1.2866     3.2963     1.1930
[1] 24400.0000     0.0203     0.9020     0.4780     1.6763     1.0534
[1] 24500.0000     0.0000     0.9674     0.9911     1.0554     1.1315
[1] 24600.0000     0.0000     0.9062     0.3964     1.5896     0.8877
[1] 24700.0000     0.0002     0.9574    -0.3027     2.3480     1.0919
[1] 24800.0000     0.0005     0.8109     0.0456     1.9690     1.1899
[1] 24900.0000     0.0528     0.9126    -0.9148     3.0411     1.0268
[1] 25000.0000     0.0000     0.9467     0.5059     1.5053     1.0393
[1] 25100.0000     0.0000     0.9605     1.6712     0.2881     1.0743
[1] 25200.0000     0.0000     0.9920     0.1267     1.8976     0.8420
[1] 25300.0000     0.6647     0.8151    -0.0857     2.1416     1.0748
[1] 25400.0000     1.0000     0.8988    -0.1794     2.1787     1.0888
[1] 25500.0000     0.0000     0.8303     0.4604     1.5303     1.1248
[1] 25600.0000     0.0000     0.8978    -0.0610     2.0692     1.1142
[1] 25700.0000     0.0000     0.8662     0.0136     1.9937     1.1677
[1] 25800.0000     0.0000     0.8043    -0.9501     2.9364     0.8730
[1] 25900.0000     0.8141     0.8632    -0.8354     2.7639     1.1254
[1] 26000.0000     0.7541     0.9492    -0.9791     3.0958     1.0058
[1] 26100.0000     0.0000     0.9196    -0.4131     2.3112     1.1722
[1] 26200.0000     0.0000     0.9529    -0.0389     2.0533     1.0017
[1] 26300.0000     0.0000     0.8530    -0.1197     2.1474     1.0678
[1] 26400.0000     0.0000     0.8940     0.9802     0.9565     1.0686
[1] 26500.0000     0.1106     0.8885    -0.7328     2.7327     1.0349
[1] 26600.0000     0.0000     0.9958    -1.5705     3.5743     0.9534
[1] 26700.0000     0.0000     0.8184     0.0695     1.9271     0.9177
[1] 26800.0000     0.0000     0.8448    -0.8945     2.8306     0.8652
[1] 26900.0000     0.0000     0.9241     0.2651     1.8635     1.0646
[1] 27000.0000     0.0000     0.9618     0.8506     1.2158     1.1838
[1] 27100.0000     0.6163     0.8095     0.0000     2.0791     1.0497
[1] 27200.0000     0.0000     0.9878     0.7078     1.3167     0.8174
[1] 27300.0000     0.0000     0.8270    -0.1670     2.2081     1.1347
[1] 27400.0000     0.0000     0.9754    -0.2427     2.2277     1.0598
[1] 27500.0000     0.0000     0.8301    -0.0057     1.9894     0.9239
[1] 27600.0000     0.0000     0.8732     1.2927     0.7775     0.9172
[1] 27700.0000     0.0000     0.8317     0.7031     1.2824     1.1846
[1] 2.780e+04 0.000e+00 9.929e-01 3.303e-01 1.666e+00 9.664e-01
[1] 27900.0000     1.0000     0.8904     0.3815     1.6124     0.9276
[1] 28000.0000     0.0000     0.9328    -0.4085     2.4844     0.9314
[1] 28100.0000     0.0000     0.9262     0.9261     1.1606     1.0710
[1] 28200.0000     0.0000     0.9683     0.3908     1.6318     0.8917
[1] 28300.0000     0.0000     0.9886    -0.4499     2.4333     1.1843
[1] 28400.0000     1.0000     0.9594    -1.0798     3.1033     0.8105
[1] 28500.0000     0.0000     0.8678     1.2591     0.7214     0.8688
[1] 28600.0000     0.0000     0.9856    -0.2104     2.1503     1.1641
[1] 28700.0000     0.0000     0.9136    -0.4272     2.4326     1.1810
[1] 2.880e+04 0.000e+00 8.104e-01 1.704e-01 1.830e+00 1.194e+00
[1] 28900.0000     0.0000     0.9137     0.7376     1.3939     0.8478
[1] 29000.0000     0.0000     0.9277     0.4925     1.5162     1.1735
[1] 29100.0000     0.0000     0.8848    -0.0710     2.1073     0.8090
[1] 29200.0000     0.0146     0.9367     1.1862     0.7918     1.1465
[1] 29300.0000     0.0669     0.9749     0.6712     1.3847     0.9782
[1] 29400.0000     0.0000     0.9394     1.5755     0.3235     1.1754
[1] 29500.0000     0.0000     0.9697    -0.0914     2.0577     0.9614
[1] 29600.0000     0.0000     0.8335    -0.2435     2.1815     1.1940
[1] 29700.0000     0.0000     0.9991    -0.0403     1.9615     0.9357
[1] 29800.0000     0.0000     0.9203    -1.6974     3.6807     0.9519
[1] 29900.0000     1.0000     0.9798    -0.9367     2.9605     1.0014
[1] 30000.0000     0.0000     0.9561     0.7837     1.1741     1.0811
[1] 0.06803728
Time difference of 4.621117 hours
null device 
          1 
