[1] "El numero de nodos X particion es: 10"
[1] "Model = M1 / Data = sim_data/datasetSVIExponential8.Rdata"
[1] 100.0000   0.9007   0.8291   0.0831   1.9117   0.9331
[1] 200.0000   0.0035   0.9592   0.0925   1.8168   1.1736
[1] 300.0000   0.4436   0.8776   0.3183   1.6970   1.0665
[1] 400.0000   0.0000   0.9472  -0.1057   2.1279   1.0679
[1] 500.0000   0.0000   0.8350   0.6099   1.2985   0.9084
[1] 600.0000   0.0043   0.8988  -0.7526   2.7283   1.1191
[1] 700.0000   0.0000   0.8999   0.6147   1.3815   1.0702
[1] 800.0000   0.0000   0.8849   0.7100   1.1950   0.8867
[1] 900.0000   0.0000   0.9606   0.2771   1.6581   1.0158
[1] 1000.0000    0.0000    0.8209   -0.5246    2.4804    0.9374
[1] 1100.0000    0.0000    0.9319    0.4206    1.5217    0.8930
[1] 1200.0000    0.0302    0.8544    0.7938    1.2103    0.9984
[1] 1300.0000    0.0000    0.9498    0.2050    1.6694    1.1653
[1] 1400.0000    0.0000    0.9303    0.0213    1.8303    1.1894
[1] 1500.0000    0.0000    0.9584    1.0438    0.8842    1.0940
[1] 1600.0000    0.0000    0.9894   -0.6157    2.5435    1.0856
[1] 1700.0000    0.0000    0.9419   -0.3516    2.3786    1.0966
[1] 1800.0000    0.0000    0.8314   -0.4277    2.3731    0.9945
[1] 1900.0000    0.0000    0.9005   -0.4923    2.4443    0.9368
[1] 2000.0000    0.0000    0.9400    0.2185    1.7534    1.1109
[1] 2100.0000    0.0000    0.8123   -1.1905    3.0953    1.1618
[1] 2200.0000    0.0000    0.8668   -0.0476    2.0436    1.0989
[1] 2300.0000    0.0000    0.8951    0.0308    1.8804    0.9529
[1] 2400.0000    0.0000    0.9355   -0.0564    1.9775    1.1578
[1] 2500.0000    0.0139    0.8909    1.0356    0.8743    1.1217
[1] 2600.0000    0.0000    0.9100    0.4299    1.5656    1.1442
[1] 2700.0000    0.0000    0.9115   -1.6135    3.5745    1.0018
[1] 2800.0000    0.0103    0.9382   -0.2655    2.2741    1.1558
[1] 2900.0000    0.0000    0.9057   -0.6141    2.5272    0.9581
[1] 3000.0000    0.0000    0.8454    0.1062    1.8963    0.9669
[1] 3100.0000    0.0000    0.9787    0.1323    1.7520    0.9283
[1] 3200.0000    0.0000    0.9190   -0.5647    2.5579    0.9575
[1] 3300.0000    0.0000    0.9312    0.2844    1.6435    0.9302
[1] 3400.0000    0.5374    0.8983    0.5617    1.4199    1.1525
[1] 3500.0000    0.0000    0.9256   -0.4990    2.3669    1.1684
[1] 3600.0000    0.0000    0.9625   -0.3266    2.2716    0.8525
[1] 3700.0000    0.2786    0.8237    0.2557    1.7092    0.8398
[1] 3800.0000    0.0000    0.9791    1.0083    0.9037    1.0179
[1] 3900.0000    0.0000    0.8349    0.2776    1.7008    1.1538
[1] 4000.0000    0.0000    0.9782   -0.7679    2.7637    1.1817
[1] 4100.0000    0.0000    0.8388   -1.3480    3.3421    0.8864
[1] 4200.0000    0.0000    0.9756   -0.8547    2.7488    0.9752
[1] 4300.0000    0.4498    0.8741   -1.1521    3.0975    1.1249
[1] 4400.0000    0.0000    0.8310    0.1633    1.7404    1.1572
[1] 4500.0000    0.1924    0.8404    0.0355    1.9350    1.1577
[1] 4600.0000    0.0000    0.9581    0.3214    1.7071    0.8180
[1] 4700.0000    0.0000    0.8528   -0.8570    2.7909    0.8411
[1] 4800.0000    0.0000    0.8660   -1.2692    3.2301    1.0939
[1] 4900.0000    0.0000    0.8114   -0.9161    2.8611    0.8255
[1] 5000.0000    0.0000    0.9762   -0.9024    2.7644    0.8665
[1] 5100.0000    0.0000    0.9679   -0.9490    2.8117    1.1951
[1] 5200.0000    0.0000    0.8051   -0.0209    1.9577    0.8965
[1] 5300.0000    0.0000    0.9010    0.2265    1.6942    1.0910
[1] 5400.0000    0.0000    0.8536    1.0712    0.8940    0.9337
[1] 5500.0000    0.0000    0.8506    0.4977    1.3479    1.1979
[1] 5600.0000    0.0000    0.9929   -0.1258    2.0070    1.1085
[1] 5700.0000    0.0000    0.9545    0.1236    1.7415    0.8805
[1] 5800.0000    0.0000    0.8612   -1.0244    3.0699    1.0327
[1] 5900.0000    0.0000    0.8278    0.6238    1.3749    1.0767
[1] 6000.0000    0.0000    0.9870    0.6623    1.2526    1.0819
[1] 6100.0000    0.0000    0.9284    0.1085    1.8829    0.9188
[1] 6200.0000    0.0000    0.9400    1.0780    0.7916    0.8404
[1] 6300.0000    0.0000    0.9569    0.9508    1.1426    0.8080
[1] 6400.0000    0.0000    0.9924    0.3127    1.5532    1.0322
[1] 6500.0000    0.0000    0.9084   -0.2183    2.1561    1.0918
[1] 6600.0000    0.0000    0.8710   -0.2760    2.1553    0.9001
[1] 6700.0000    0.0000    0.8253   -0.9829    3.0155    0.9280
[1] 6800.0000    0.0751    0.8794   -0.1740    2.1342    0.9381
[1] 6900.0000    0.0000    0.9267   -0.9425    2.9860    1.0380
[1] 7000.0000    0.0000    0.8521    0.3600    1.5911    1.0680
[1] 7100.0000    0.0000    0.9857    0.0448    1.9442    1.0571
[1] 7200.0000    0.0000    0.9439    0.5813    1.4584    1.1769
[1] 7300.0000    0.0000    0.9346    1.0165    0.9550    1.1740
[1] 7400.0000    0.0000    0.8045   -0.2277    2.1331    0.8734
[1] 7500.0000    0.0000    0.8918   -1.3841    3.2898    1.0101
[1] 7600.0000    0.0000    0.9493   -0.2782    2.2314    0.9281
[1] 7700.0000    0.0000    0.8552   -1.6088    3.4639    1.0850
[1] 7800.0000    0.0000    0.8350   -0.3918    2.3996    1.1361
[1] 7900.0000    0.0000    0.8303   -0.1807    2.0768    0.8084
[1] 8000.0000    0.0000    0.9309    0.4836    1.3723    1.0835
[1] 8100.0000    0.0000    0.8483   -0.2062    2.0931    0.8203
[1] 8200.0000    0.0000    0.9110   -0.3588    2.2989    0.9989
[1] 8300.0000    0.0000    0.8222   -0.2658    2.2542    0.8438
[1] 8400.0000    0.0000    0.9658   -0.4525    2.3035    0.9286
[1] 8500.0000    0.0000    0.8325    0.1053    1.9484    1.0750
[1] 8600.0000    0.0225    0.9045   -0.3554    2.4015    1.0515
[1] 8700.0000    0.0000    0.8940   -1.3025    3.2484    1.0236
[1] 8800.0000    0.0000    0.8601    0.0054    1.8701    0.8170
[1] 8900.0000    0.0000    0.8674    0.0859    1.8840    1.0474
[1] 9000.0000    0.0000    0.8301    1.0708    0.8378    1.1387
[1] 9100.0000    0.0000    0.8755   -0.1590    2.1099    0.8812
[1] 9200.0000    0.0000    0.8129   -0.7387    2.7125    1.1264
[1] 9300.0000    0.0000    0.9270   -0.7678    2.7354    1.1117
[1] 9400.0000    0.0000    0.8413    0.3989    1.4739    1.0761
[1] 9500.0000    0.0000    0.9934   -0.3490    2.3434    1.0697
[1] 9600.0000    0.0000    0.8149    0.0860    1.8970    0.9056
[1] 9700.0000    0.0000    0.9657    1.0544    0.8993    0.9166
[1] 9800.0000    0.0000    0.8646   -0.9001    2.7976    0.8456
[1] 9900.0000    0.0000    0.9369    0.6177    1.3854    1.1404
[1] 10000.0000     0.5841     0.9984    -0.4555     2.3796     0.9987
[1] 10100.0000     0.0001     0.9390    -0.3357     2.2891     1.0815
[1] 10200.0000     0.0001     0.8458     0.4827     1.4429     1.1044
[1] 10300.0000     0.0964     0.9549     1.6913     0.3231     0.8021
[1] 10400.0000     0.0000     0.9109     0.1595     1.7582     0.9653
[1] 10500.0000     0.0000     0.9828     1.0457     0.8985     0.8036
[1] 10600.0000     0.0000     0.9089    -0.1081     2.0386     1.1257
[1] 10700.0000     0.0000     0.9346     1.3249     0.6812     1.0990
[1] 10800.0000     1.0000     0.8056     0.6637     1.3648     0.8503
[1] 10900.0000     0.0000     0.9660     0.5354     1.4249     1.1970
[1] 11000.0000     0.2026     0.8012     0.2691     1.7812     0.9407
[1] 11100.0000     0.0000     0.8214    -0.5528     2.4392     1.0422
[1] 11200.0000     0.0156     0.9645    -0.3945     2.2438     0.8187
[1] 11300.0000     0.0000     0.9481    -0.5201     2.4107     1.1448
[1] 11400.0000     0.0001     0.9548     0.3273     1.6778     1.0047
[1] 11500.0000     0.0000     0.8034    -0.3240     2.2799     0.8501
[1] 11600.0000     0.0000     0.9104    -0.7768     2.7458     0.8269
[1] 11700.0000     0.0001     0.8224    -0.1928     2.1468     0.8539
[1] 11800.0000     0.0000     0.8027    -0.5218     2.5130     0.8530
[1] 11900.0000     0.0000     0.8460    -0.3759     2.2777     0.8150
[1] 12000.0000     0.0000     0.8014     0.0001     1.9472     1.0595
[1] 12100.0000     0.0000     0.8005    -1.1018     3.0656     0.8375
[1] 12200.0000     0.2543     0.8496     0.2570     1.7928     0.8460
[1] 12300.0000     0.0000     0.8010    -0.3994     2.3759     0.8810
[1] 12400.0000     0.2698     0.8046    -0.7974     2.8598     0.8797
[1] 12500.0000     0.0000     0.8059    -0.2975     2.2466     1.1427
[1] 12600.0000     0.0000     0.8126    -0.7660     2.7959     1.1805
[1] 12700.0000     0.0000     0.9741    -0.7127     2.5757     0.9415
[1] 12800.0000     0.0000     0.8257    -0.3514     2.3392     0.8904
[1] 12900.0000     0.0427     0.8545    -0.1872     2.1820     1.0312
[1] 13000.0000     0.0000     0.8069     0.2372     1.6711     1.0997
[1] 13100.0000     0.0000     0.9404     0.9224     1.0399     0.9822
[1] 13200.0000     0.0000     0.8843    -0.0086     1.9454     0.9997
[1] 13300.0000     0.0000     0.8427    -0.2337     2.1114     1.0281
[1] 13400.0000     0.0000     0.8092    -0.5099     2.4706     1.1676
[1] 13500.0000     0.0000     0.8358    -0.5123     2.5135     1.1234
[1] 13600.0000     0.0000     0.8917     0.1620     1.7611     1.0301
[1] 13700.0000     0.0000     0.8951     0.2494     1.6458     1.0363
[1] 13800.0000     0.0000     0.9432    -0.4067     2.3442     1.1717
[1] 13900.0000     0.0000     0.8573    -0.1890     2.1503     0.8372
[1] 1.400e+04 0.000e+00 9.588e-01 6.652e-01 1.269e+00 9.662e-01
[1] 14100.0000     0.0000     0.8844     0.9015     0.9072     1.1867
[1] 14200.0000     0.0000     0.8479     0.3886     1.5173     0.8739
[1] 14300.0000     0.0000     0.8548    -0.0783     1.9706     0.8231
[1] 1.440e+04 5.560e-02 8.623e-01 1.217e+00 7.389e-01 8.985e-01
[1] 14500.0000     0.1946     0.9963     0.0618     1.8638     1.0788
[1] 14600.0000     0.0000     0.9850     0.7687     1.2462     0.9950
[1] 14700.0000     0.0000     0.8734    -0.0358     1.8556     1.0676
[1] 14800.0000     0.0000     0.9988     1.2008     0.7775     0.9067
[1] 14900.0000     0.0106     0.9582    -0.0423     2.0002     1.0321
[1] 15000.0000     0.0504     0.8279     0.3612     1.6115     1.0826
[1] 15100.0000     0.9105     0.8384    -0.0571     1.9503     0.8510
[1] 15200.0000     0.0000     0.8242     0.6958     1.2409     1.0800
[1] 15300.0000     0.3313     0.9517     0.5596     1.4243     1.1636
[1] 15400.0000     0.0052     0.8397    -0.5991     2.5851     1.1015
[1] 15500.0000     0.0000     0.8727    -1.1830     3.1402     1.1104
[1] 15600.0000     0.0000     0.8520    -0.6014     2.6032     1.1912
[1] 15700.0000     0.0000     0.8475    -0.1718     2.0488     0.9690
[1] 15800.0000     0.0000     0.9108     0.0749     1.8226     0.9068
[1] 15900.0000     0.0000     0.8841     0.4487     1.4684     0.8192
[1] 16000.0000     0.0004     0.8124    -0.0625     2.0029     1.1160
[1] 16100.0000     0.0000     0.8125     0.6900     1.2259     0.8885
[1] 16200.0000     0.0000     0.9466     0.5623     1.3057     0.9477
[1] 16300.0000     0.0000     0.9158    -0.0780     2.0615     0.9491
[1] 16400.0000     0.0000     0.9401    -0.3996     2.3204     0.9237
[1] 16500.0000     0.2668     0.9646     0.0794     1.8381     1.1820
[1] 16600.0000     0.0000     0.8294    -0.7639     2.7785     0.8835
[1] 16700.0000     0.0000     0.8462     0.0129     1.8992     0.9538
[1] 16800.0000     0.0000     0.8621     0.1443     1.7356     1.1596
[1] 16900.0000     0.0000     0.9254     0.6288     1.3061     0.9648
[1] 17000.0000     0.0000     0.9790     0.1619     1.8088     0.8822
[1] 17100.0000     0.0000     0.9305     1.2319     0.7635     0.9283
[1] 1.720e+04 0.000e+00 9.497e-01 5.929e-01 1.375e+00 8.252e-01
[1] 17300.0000     1.0000     0.8396     0.3973     1.5025     1.0131
[1] 17400.0000     0.0000     0.8593     0.0726     1.8806     1.1450
[1] 17500.0000     0.0000     0.8131     0.2334     1.7525     0.9127
[1] 17600.0000     0.0000     0.8280     0.5929     1.3035     1.1486
[1] 17700.0000     0.0000     0.8794     0.4906     1.5349     0.9707
[1] 17800.0000     0.0001     0.8771    -0.9419     2.9595     0.9481
[1] 17900.0000     0.0000     0.8750    -0.4138     2.3912     0.9636
[1] 18000.0000     1.0000     0.9109     0.6129     1.3752     0.8712
[1] 1.810e+04 0.000e+00 9.461e-01 5.575e-01 1.274e+00 9.222e-01
[1] 18200.0000     0.0002     0.8582     2.6471    -0.7371     0.9652
[1] 18300.0000     0.0000     0.8120     0.8236     1.1553     1.0717
[1] 18400.0000     0.0000     0.9529     0.0675     1.9059     0.8173
[1] 18500.0000     0.0000     0.8451     0.4473     1.5202     0.9054
[1] 18600.0000     0.0000     0.8420     0.5464     1.4524     0.8224
[1] 18700.0000     0.0000     0.8080     0.0396     1.9417     0.9308
[1] 18800.0000     0.0000     0.8635     0.2088     1.7144     1.1693
[1] 18900.0000     0.0000     0.9024    -0.0715     1.9788     1.0613
[1] 19000.0000     0.0000     0.8366    -0.5766     2.5026     0.8015
[1] 19100.0000     0.0000     0.8878     0.4122     1.4240     1.0323
[1] 19200.0000     0.0000     0.8001    -0.1215     2.0034     0.9641
[1] 19300.0000     0.0000     0.8035    -0.1641     2.0726     1.0886
[1] 19400.0000     0.0000     0.9330    -0.0501     1.9801     1.0363
[1] 19500.0000     0.0000     0.9654     0.5021     1.4669     0.9669
[1] 19600.0000     0.6959     0.9162    -0.6070     2.5748     0.8038
[1] 19700.0000     0.0000     0.8982     0.3305     1.5097     1.1826
[1] 19800.0000     0.0000     0.9408     0.5283     1.4732     0.9927
[1] 19900.0000     0.0000     0.9981    -0.2126     2.1949     1.0280
[1] 20000.0000     0.0000     0.8708    -0.5954     2.5457     1.0213
[1] 20100.0000     0.0000     0.9080     0.8305     1.1894     1.0402
[1] 20200.0000     0.5259     0.9840    -0.3708     2.2440     1.1380
[1] 20300.0000     0.0000     0.8028    -0.3751     2.3657     0.9708
[1] 20400.0000     0.0082     0.9072    -0.1905     2.1334     0.9991
[1] 20500.0000     0.0000     0.9083    -0.6475     2.6520     0.8030
[1] 20600.0000     0.1133     0.8137    -0.2011     2.1821     0.9497
[1] 20700.0000     1.0000     0.8107     0.1237     1.7209     1.0874
[1] 20800.0000     0.0000     0.9606    -0.7043     2.6771     1.0886
[1] 20900.0000     0.0001     0.9109     0.7313     1.2411     0.9980
[1] 21000.0000     0.0000     0.9912     1.3156     0.6495     1.0875
[1] 21100.0000     0.0000     0.9732    -0.1297     2.0300     0.8253
[1] 21200.0000     0.0220     0.8263     0.3326     1.6099     1.1324
[1] 21300.0000     0.0000     0.8399    -0.4446     2.2896     1.0171
[1] 21400.0000     0.0000     0.9719     0.2183     1.6913     0.9071
[1] 21500.0000     0.0000     0.9375    -0.2074     2.0753     1.0777
[1] 21600.0000     0.0000     0.8010    -0.5395     2.4778     1.1966
[1] 21700.0000     0.0000     0.8258    -0.9882     2.9535     1.1265
[1] 21800.0000     0.0000     0.8709    -0.4875     2.4755     1.0601
[1] 21900.0000     0.0000     0.9408     0.2907     1.5845     0.9421
[1] 22000.0000     0.0000     0.8850     0.8592     1.1301     0.9555
[1] 22100.0000     0.0000     0.8953    -0.1235     2.0413     0.9321
[1] 22200.0000     0.0000     0.8403    -0.3092     2.2788     1.1277
[1] 22300.0000     0.0000     0.8584     0.5399     1.4522     0.9367
[1] 22400.0000     0.0000     0.9494     0.4188     1.5106     0.9207
[1] 2.250e+04 1.300e-03 9.610e-01 9.763e-01 9.886e-01 9.963e-01
[1] 22600.0000     0.0000     0.8257     0.4235     1.5229     1.1053
[1] 22700.0000     0.0000     0.8271     0.6187     1.2342     1.1968
[1] 2.280e+04 1.000e-04 9.630e-01 3.242e-01 1.696e+00 9.437e-01
[1] 22900.0000     0.0000     0.9207     0.8449     1.0553     0.8362
[1] 23000.0000     0.0000     0.9652     0.7902     1.1098     1.0264
[1] 23100.0000     0.0000     0.9231     0.5233     1.4358     0.8179
[1] 23200.0000     0.0000     0.8288    -0.6027     2.5944     0.8616
[1] 23300.0000     0.5896     0.9627     0.6736     1.2355     0.8504
[1] 23400.0000     0.0000     0.8015    -0.2682     2.2523     0.8904
[1] 23500.0000     0.0000     0.9561     0.2956     1.6703     1.0572
[1] 23600.0000     0.0000     0.8360     0.1382     1.8191     0.8406
[1] 23700.0000     0.0000     0.8580     0.6364     1.3394     0.8494
[1] 2.380e+04 0.000e+00 9.509e-01 8.366e-01 9.831e-01 9.516e-01
[1] 23900.0000     0.0000     0.8157     0.5715     1.3975     0.8034
[1] 24000.0000     0.0000     0.9801    -0.3284     2.2112     1.1551
[1] 24100.0000     0.0000     0.8643    -2.0417     3.9730     0.9462
[1] 24200.0000     0.0000     0.8399    -0.2783     2.1052     1.0287
[1] 24300.0000     0.0000     0.9879    -0.7110     2.6452     1.1930
[1] 24400.0000     0.0899     0.9073     0.6282     1.3482     0.8252
[1] 24500.0000     0.0000     0.9407     1.0092     0.8324     1.0416
[1] 24600.0000     0.0000     0.9062    -0.2765     2.1543     0.8877
[1] 24700.0000     0.0000     0.9574    -0.4548     2.3296     1.0919
[1] 24800.0000     0.0000     0.8109     0.6522     1.3233     1.1899
[1] 24900.0000     0.0000     0.9495    -0.2569     2.1623     0.8626
[1] 25000.0000     0.0000     0.9628    -0.1483     2.0698     0.9362
[1] 25100.0000     0.0000     0.9605     1.0215     0.9019     1.0743
[1] 25200.0000     0.0000     0.8184    -0.4534     2.3916     0.8574
[1] 25300.0000     1.0000     0.8151    -0.1186     2.1015     1.0748
[1] 25400.0000     1.0000     0.8988    -0.2081     2.1370     1.0888
[1] 25500.0000     0.0000     0.8147     0.5040     1.4126     1.1844
[1] 25600.0000     0.0000     0.8978     0.0062     1.9286     1.1142
[1] 25700.0000     0.0000     0.8060     0.8285     1.1541     0.8422
[1] 25800.0000     0.0000     0.8043    -0.3378     2.1640     0.8730
[1] 25900.0000     1.0000     0.8632    -0.4898     2.4489     1.1254
[1] 26000.0000     0.2807     0.9492    -0.2385     2.2818     1.0058
[1] 26100.0000     0.0000     0.9196     0.2986     1.5350     1.1722
[1] 26200.0000     0.0000     0.9768    -0.3243     2.1908     0.9801
[1] 26300.0000     0.0000     0.8530    -0.5264     2.4922     1.0678
[1] 26400.0000     0.0000     0.8767     0.5574     1.3074     0.8041
[1] 26500.0000     0.0019     0.9903     0.2823     1.7150     1.1966
[1] 26600.0000     0.0000     0.9293    -0.8164     2.9097     0.8497
[1] 26700.0000     0.0000     0.8184     0.1862     1.7316     0.9177
[1] 26800.0000     0.0000     0.8180    -1.5246     3.5110     0.8719
[1] 26900.0000     0.0000     0.9184     0.2527     1.7418     1.1619
[1] 27000.0000     0.0000     0.8102    -0.3805     2.3114     1.1325
[1] 27100.0000     0.9636     0.9280    -0.3696     2.3158     1.0348
[1] 27200.0000     0.0000     0.8628    -0.6915     2.6492     1.0265
[1] 27300.0000     0.0000     0.9326     0.0236     1.9061     0.8298
[1] 27400.0000     0.0000     0.9843     0.2268     1.7179     1.1629
[1] 27500.0000     0.0000     0.8677     0.5012     1.4378     0.9516
[1] 27600.0000     0.0000     0.8732     1.5007     0.4621     0.9172
[1] 27700.0000     0.0000     0.8317     0.1470     1.7823     1.1846
[1] 27800.0000     0.0000     0.8338     0.0667     1.8727     0.9440
[1] 27900.0000     0.6154     0.9296     0.6416     1.3155     0.8843
[1] 28000.0000     0.0000     0.8025    -0.3766     2.3111     0.9240
[1] 28100.0000     0.0000     0.9306    -0.4818     2.6318     0.8823
[1] 28200.0000     0.0000     0.9683    -0.8358     2.8032     0.8917
[1] 28300.0000     0.0000     0.9886    -0.7970     2.7225     1.1843
[1] 28400.0000     1.0000     0.9594    -0.3299     2.2665     0.8105
[1] 28500.0000     0.0000     0.9130     0.0156     1.9505     1.1129
[1] 28600.0000     0.0000     0.9856    -0.0448     1.9567     1.1641
[1] 28700.0000     0.0000     0.9675    -0.1228     2.0842     1.1579
[1] 2.880e+04 0.000e+00 8.950e-01 5.463e-01 1.440e+00 9.585e-01
[1] 28900.0000     0.0000     0.9040     0.4656     1.3151     0.8375
[1] 29000.0000     0.0000     0.9692    -0.4736     2.2589     0.9910
[1] 29100.0000     0.0000     0.8240    -0.1193     2.0780     1.0266
[1] 29200.0000     0.0319     0.9371     0.9265     0.9914     1.1436
[1] 29300.0000     0.1033     0.9749     0.7588     1.2241     0.9782
[1] 29400.0000     0.0000     0.9394     1.0191     0.8281     1.1754
[1] 29500.0000     0.0000     0.8294     0.3056     1.7419     1.1769
[1] 29600.0000     0.0000     0.8335    -0.5819     2.4936     1.1940
[1] 29700.0000     0.0000     0.9991    -0.9924     2.8892     0.9357
[1] 29800.0000     0.0000     0.8503     0.1645     1.8183     0.9822
[1] 29900.0000     0.6954     0.9798     0.3002     1.6475     1.0014
[1] 30000.0000     0.0000     0.9250     1.6404     0.2293     1.0393
[1] 0.06939722
Time difference of 3.813943 hours
null device 
          1 
