[1] "El numero de nodos X particion es: 10"
[1] "Model = M1 / Data = sim_data/datasetSVIExponential10.Rdata"
[1] 100.0000   0.7766   0.9429   0.0844   1.9275   1.1970
[1] 200.0000   0.0148   0.8487   0.3139   1.7095   0.8384
[1] 300.0000   1.0000   0.8776  -0.2331   2.2284   1.0665
[1] 400.0000   0.0034   0.9217  -0.1968   2.2726   0.9692
[1] 500.0000   0.0000   0.8380   0.1719   1.9127   0.8203
[1] 600.0000   1.0000   0.9748   0.1306   1.8503   1.0386
[1] 700.0000   0.0554   0.9506  -0.1369   2.1606   1.0413
[1] 800.0000   0.0000   0.9840   0.6930   1.3243   0.9131
[1] 900.0000   0.0000   0.9606  -0.0797   2.0302   1.0158
[1] 1000.0000    0.0000    0.8209   -0.4297    2.4032    0.9374
[1] 1100.0000    0.0000    0.9319    0.1680    1.7933    0.8930
[1] 1200.0000    0.6674    0.8603    0.3784    1.6974    0.9164
[1] 1300.0000    0.5189    0.8617   -0.6189    2.5567    1.0550
[1] 1400.0000    0.0000    0.9303   -0.9665    2.8767    1.1894
[1] 1500.0000    0.0135    0.9694    0.8496    1.0949    1.1238
[1] 1600.0000    0.0000    0.9658   -1.0629    3.0579    1.0950
[1] 1700.0000    0.0000    0.8745    0.4704    1.5170    0.9148
[1] 1800.0000    0.0000    0.8314    0.3369    1.6680    0.9945
[1] 1900.0000    0.0000    0.8411   -0.3758    2.3946    1.0047
[1] 2000.0000    0.0000    0.9400    0.3220    1.7360    1.1109
[1] 2100.0000    0.0000    0.9401   -0.2567    2.1523    1.0501
[1] 2200.0000    0.0000    0.8668    0.0389    2.0144    1.0989
[1] 2300.0000    0.0000    0.9906    0.0086    1.9056    0.8768
[1] 2400.0000    0.0000    0.9355    0.4269    1.5921    1.1578
[1] 2500.0000    0.0293    0.9668    0.1777    1.7594    0.8029
[1] 2600.0000    0.0000    0.8617   -0.2984    2.2422    0.8044
[1] 2700.0000    0.0000    0.8492   -0.0196    2.1109    0.9140
[1] 2800.0000    0.0327    0.9382    0.8237    1.1977    1.1558
[1] 2900.0000    0.0000    0.9341    0.0898    1.8677    0.9034
[1] 3000.0000    0.0000    0.8318   -0.4084    2.4203    1.1464
[1] 3100.0000    0.0000    0.9751    0.4704    1.5480    1.0618
[1] 3200.0000    0.0000    0.9190   -0.0010    2.0386    0.9575
[1] 3300.0000    0.0000    0.9312    0.1215    1.8775    0.9302
[1] 3400.0000    0.7805    0.8983    0.3289    1.7301    1.1525
[1] 3500.0000    0.0000    0.8208    0.0858    1.8975    0.8172
[1] 3600.0000    0.0000    0.8412   -0.0139    2.0283    0.8625
[1] 3700.0000    0.3306    0.9950    1.2285    0.8079    1.0085
[1] 3800.0000    0.0000    0.9791    1.4000    0.5941    1.0179
[1] 3900.0000    0.0000    0.9030   -0.4871    2.4782    0.9530
[1] 4000.0000    0.0000    0.9448   -0.7908    2.8609    1.0791
[1] 4100.0000    0.0000    0.8388   -0.8420    2.8795    0.8864
[1] 4200.0000    0.0000    0.9756   -1.1955    3.0827    0.9752
[1] 4300.0000    0.3136    0.8741   -1.3705    3.3887    1.1249
[1] 4400.0000    0.0000    0.9983    0.6814    1.3415    1.0333
[1] 4500.0000    0.3077    0.8410    0.3197    1.7868    1.1520
[1] 4600.0000    0.0000    0.9525    1.3061    0.8100    1.1110
[1] 4700.0000    0.0000    0.9806   -0.0202    2.0517    1.0866
[1] 4800.0000    0.0000    0.8977   -0.9056    2.9088    0.9517
[1] 4900.0000    0.0000    0.9924   -1.3493    3.3799    1.1836
[1] 5000.0000    0.0000    0.9762   -1.3325    3.2873    0.8665
[1] 5100.0000    0.0000    0.9679   -0.8159    2.7682    1.1951
[1] 5200.0000    0.0000    0.8051    0.0604    1.9611    0.8965
[1] 5300.0000    0.0000    0.8845   -0.0656    2.0736    1.0022
[1] 5400.0000    0.0000    0.8536    0.0563    1.9494    0.9337
[1] 5500.0000    0.0000    0.8913    0.3671    1.5741    1.1131
[1] 5600.0000    0.0000    0.9929   -0.3326    2.2580    1.1085
[1] 5700.0000    0.0000    0.8882    0.9334    1.0709    1.0651
[1] 5800.0000    0.0000    0.8612   -0.6770    2.7792    1.0327
[1] 5900.0000    0.0000    0.8278    0.2569    1.8147    1.0767
[1] 6000.0000    0.0000    0.8887    0.3285    1.6193    0.8335
[1] 6100.0000    0.0000    0.8914    0.4686    1.5749    0.9242
[1] 6200.0000    0.0000    0.9400    0.6638    1.2758    0.8404
[1] 6300.0000    0.0000    0.9569    0.5559    1.5861    0.8080
[1] 6400.0000    0.0000    0.9924   -0.0127    1.9520    1.0322
[1] 6500.0000    0.0014    0.9084    1.0726    1.0098    1.0918
[1] 6600.0000    0.0000    0.8401   -0.1663    2.0886    1.0889
[1] 6700.0000    0.0000    0.8204   -0.7270    2.7063    0.9264
[1] 6800.0000    0.2795    0.8642    0.2708    1.7818    1.0905
[1] 6900.0000    0.0000    0.9290   -1.1392    3.1581    1.0476
[1] 7000.0000    0.0000    0.8521   -0.0766    2.0740    1.0680
[1] 7100.0000    0.0000    0.9857    0.4445    1.6280    1.0571
[1] 7200.0000    0.0000    0.9439    0.1092    1.9655    1.1769
[1] 7300.0000    0.0000    0.9346    0.0285    2.0303    1.1740
[1] 7400.0000    0.0000    0.9512   -0.3734    2.4100    0.8676
[1] 7500.0000    0.0000    0.8918   -1.5776    3.5042    1.0101
[1] 7600.0000    0.0000    0.9493   -0.9328    2.8930    0.9281
[1] 7700.0000    0.0000    0.9030   -1.7346    3.7702    1.1500
[1] 7800.0000    0.0000    0.8367    0.4940    1.4999    0.9006
[1] 7900.0000    0.0000    0.9168   -0.0819    2.0151    1.1281
[1] 8000.0000    0.0000    0.9309    0.1976    1.8121    1.0835
[1] 8100.0000    0.0000    0.8483   -0.4521    2.3678    0.8203
[1] 8200.0000    0.0000    0.9110   -0.2089    2.2112    0.9989
[1] 8300.0000    0.0000    0.8222   -0.6200    2.6979    0.8438
[1] 8400.0000    0.0000    0.9658   -0.2373    2.2526    0.9286
[1] 8500.0000    0.0000    0.8693   -0.1323    2.1930    1.1264
[1] 8600.0000    0.0002    0.9564   -0.9754    3.0280    0.9963
[1] 8700.0000    0.0000    0.8940   -1.1003    3.1288    1.0236
[1] 8800.0000    0.0000    0.9735   -1.0002    2.9530    1.0381
[1] 8900.0000    0.0000    0.8674    0.4481    1.6035    1.0474
[1] 9000.0000    0.0000    0.8301    0.6214    1.3679    1.1387
[1] 9100.0000    0.0000    0.8755    0.4022    1.6242    0.8812
[1] 9200.0000    0.0000    0.8777   -0.0217    2.0740    1.1489
[1] 9300.0000    0.0000    0.9734   -0.0883    1.9962    1.1056
[1] 9400.0000    0.0000    0.8413    0.6228    1.3172    1.0761
[1] 9500.0000    0.0000    0.8817   -0.9183    2.8929    1.0875
[1] 9600.0000    0.0000    0.8993   -0.1982    2.3080    0.8299
[1] 9700.0000    0.0000    0.9657    0.4746    1.5385    0.9166
[1] 9800.0000    0.0000    0.8196   -0.0778    2.0663    0.8766
[1] 9900.0000    0.0000    0.9369    1.3719    0.7191    1.1404
[1] 10000.0000     0.6002     0.9984    -0.2569     2.2377     0.9987
[1] 10100.0000     1.0000     0.9049    -0.2577     2.3826     1.0751
[1] 10200.0000     0.0000     0.8133    -0.0086     1.9746     1.1117
[1] 10300.0000     0.0880     0.9549     1.7297     0.3556     0.8021
[1] 10400.0000     0.0000     0.9109     0.2346     1.7433     0.9653
[1] 10500.0000     0.0000     0.9828     0.5876     1.4048     0.8036
[1] 10600.0000     0.0000     0.8442     0.4576     1.6514     0.9495
[1] 10700.0000     0.0000     0.9346     1.1582     0.9374     1.0990
[1] 10800.0000     0.0283     0.8310     0.5120     1.4826     0.9940
[1] 10900.0000     0.0000     0.9660     0.6576     1.4118     1.1970
[1] 11000.0000     0.4526     0.8012     0.5596     1.5389     0.9407
[1] 11100.0000     0.0000     0.9587    -0.3778     2.3579     0.9308
[1] 11200.0000     0.0102     0.9645    -0.0633     1.9655     0.8187
[1] 11300.0000     0.0000     0.9481    -0.1851     2.1272     1.1448
[1] 11400.0000     0.0000     0.9548     0.3012     1.7301     1.0047
[1] 11500.0000     0.0000     0.8034     0.3832     1.6243     0.8501
[1] 11600.0000     0.0000     0.9643    -0.3944     2.3121     1.1694
[1] 11700.0000     0.2001     0.8613     0.2720     1.6575     1.0253
[1] 11800.0000     0.0000     0.8027    -0.6714     2.7157     0.8530
[1] 11900.0000     0.0000     0.9123    -0.8251     2.8444     1.0901
[1] 12000.0000     0.0000     0.8056     0.4613     1.6194     1.1142
[1] 12100.0000     0.0000     0.8005    -0.4822     2.4560     0.8375
[1] 12200.0000     0.1208     0.9853     0.1432     1.9112     1.1443
[1] 12300.0000     0.0000     0.8010     0.1583     1.8889     0.8810
[1] 12400.0000     1.0000     0.8046     0.1181     1.9126     0.8797
[1] 12500.0000     0.0000     0.8870    -0.0046     1.9891     1.1524
[1] 12600.0000     0.0000     0.8126    -0.0739     2.1628     1.1805
[1] 12700.0000     0.0000     0.9614    -0.2127     2.0878     0.8958
[1] 12800.0000     0.0000     0.8257    -0.3379     2.3819     0.8904
[1] 12900.0000     0.0432     0.9204     0.4500     1.6055     0.8219
[1] 13000.0000     0.0000     0.9313     0.3989     1.6175     1.1678
[1] 13100.0000     0.0000     0.9404     1.7017     0.3458     0.9822
[1] 13200.0000     0.0000     0.8843    -0.7140     2.7969     0.9997
[1] 13300.0000     0.0000     0.8427    -0.8647     2.8606     1.0281
[1] 13400.0000     0.0000     0.8092    -0.1382     2.1758     1.1676
[1] 13500.0000     0.0000     0.8466    -0.3105     2.3268     0.8143
[1] 13600.0000     0.0000     0.8917    -0.1332     2.1140     1.0301
[1] 13700.0000     0.0000     0.9094    -0.1163     2.1549     0.8623
[1] 13800.0000     0.0000     0.8787    -0.7368     2.7392     1.0611
[1] 13900.0000     0.0000     0.8573    -0.5226     2.5491     0.8372
[1] 14000.0000     0.0000     0.9588     0.3210     1.6816     0.9662
[1] 14100.0000     0.0000     0.8411     0.7291     1.1766     1.1804
[1] 14200.0000     0.0000     0.8479     0.8804     1.0878     0.8739
[1] 14300.0000     0.0000     0.9227    -0.8788     2.8472     1.0001
[1] 14400.0000     0.0243     0.8623     0.0851     1.9227     0.8985
[1] 14500.0000     1.0000     0.9833     0.9331     1.0895     1.1771
[1] 14600.0000     0.0000     0.8721     0.9818     1.0578     0.9912
[1] 14700.0000     0.0000     0.8974    -0.1785     2.1294     1.0871
[1] 14800.0000     0.0000     0.9988     1.3213     0.7249     0.9067
[1] 14900.0000     0.0057     0.9582    -0.1750     2.2197     1.0321
[1] 15000.0000     0.0001     0.9447    -0.5529     2.5118     0.8911
[1] 15100.0000     1.0000     0.8292    -0.3394     2.3246     0.9249
[1] 15200.0000     0.0000     0.9307     0.2531     1.8179     0.9934
[1] 15300.0000     1.0000     0.8282     0.1200     1.8772     1.1177
[1] 15400.0000     0.0184     0.8005    -1.1135     3.1813     0.8812
[1] 15500.0000     0.0000     0.9734    -1.6197     3.7235     1.1714
[1] 15600.0000     0.0000     0.8878    -1.0898     3.0804     0.8550
[1] 15700.0000     0.0000     0.8475     0.0600     1.9154     0.9690
[1] 15800.0000     0.0000     0.9108    -0.3053     2.2658     0.9068
[1] 15900.0000     0.0000     0.8841     0.1308     1.8582     0.8192
[1] 16000.0000     0.0001     0.8124    -0.4855     2.4760     1.1160
[1] 16100.0000     0.0000     0.8125     0.0156     2.0039     0.8885
[1] 16200.0000     0.0000     0.9466     0.3046     1.6653     0.9477
[1] 16300.0000     0.0000     0.9158    -0.2945     2.3563     0.9491
[1] 16400.0000     0.0000     0.9648     0.0216     2.0188     0.9493
[1] 16500.0000     0.4386     0.9646    -0.2088     2.1777     1.1820
[1] 16600.0000     0.0000     0.8294    -1.0511     3.1145     0.8835
[1] 16700.0000     0.0000     0.9635     0.6458     1.2883     0.8336
[1] 16800.0000     0.0000     0.9358     0.0384     1.9991     0.9778
[1] 16900.0000     0.0000     0.9190     0.7218     1.2533     0.9241
[1] 17000.0000     0.0000     0.9790    -0.2209     2.2588     0.8822
[1] 17100.0000     0.0000     0.9305     0.5611     1.5466     0.9283
[1] 17200.0000     0.0000     0.9497     0.7827     1.1737     0.8252
[1] 17300.0000     0.9379     0.8396    -0.1710     2.1831     1.0131
[1] 17400.0000     0.0000     0.8593    -0.0447     2.1084     1.1450
[1] 17500.0000     0.0000     0.9677    -0.2407     2.2691     1.1479
[1] 17600.0000     0.0000     0.8280     0.8812     1.1461     1.1486
[1] 17700.0000     0.0000     0.8794     1.1235     0.9167     0.9707
[1] 17800.0000     0.0000     0.9383    -0.5276     2.6395     1.0084
[1] 17900.0000     0.0000     0.9083     0.2909     1.7854     0.9495
[1] 18000.0000     1.0000     0.9109     0.0322     2.0164     0.8712
[1] 18100.0000     0.0000     0.8667     0.2844     1.8607     1.1867
[1] 18200.0000     0.0002     0.9706     1.0251     0.9700     0.8923
[1] 18300.0000     0.0000     0.9928     0.3240     1.7437     1.1096
[1] 1.840e+04 0.000e+00 9.529e-01 2.316e-01 1.798e+00 8.173e-01
[1] 18500.0000     0.0000     0.8451     0.0933     1.9863     0.9054
[1] 18600.0000     0.0000     0.8656    -0.2561     2.3233     0.8624
[1] 18700.0000     0.0000     0.8080     0.3870     1.7547     0.9308
[1] 18800.0000     0.0000     0.8537     0.7508     1.2706     0.9005
[1] 18900.0000     0.0000     0.9024    -0.7123     2.6988     1.0613
[1] 19000.0000     0.0000     0.8770    -0.0908     2.1664     1.0394
[1] 19100.0000     0.0000     0.9451    -0.3449     2.2758     1.0897
[1] 19200.0000     0.0000     0.8001    -0.6083     2.6106     0.9641
[1] 19300.0000     0.0000     0.8035    -0.3097     2.2781     1.0886
[1] 19400.0000     0.0000     0.9330    -0.2677     2.2743     1.0363
[1] 19500.0000     0.0000     0.9654     0.2691     1.7758     0.9669
[1] 19600.0000     0.7618     0.9162    -1.1007     3.1603     0.8038
[1] 19700.0000     0.0000     0.8982    -0.1855     2.1209     1.1826
[1] 1.980e+04 0.000e+00 9.408e-01 4.385e-01 1.633e+00 9.927e-01
[1] 19900.0000     0.0000     0.9981    -0.2839     2.3362     1.0280
[1] 20000.0000     0.0000     0.8708    -0.6570     2.6780     1.0213
[1] 20100.0000     0.0000     0.9080     0.7338     1.3557     1.0402
[1] 20200.0000     0.8044     0.9840    -0.4368     2.3827     1.1380
[1] 20300.0000     0.0000     0.9921    -0.3369     2.3821     1.1096
[1] 20400.0000     0.0038     0.9072    -0.1571     2.1558     0.9991
[1] 20500.0000     0.0000     0.8964    -0.6564     2.6905     1.1285
[1] 20600.0000     0.6135     0.9169    -0.1017     2.1797     1.1057
[1] 20700.0000     1.0000     0.8107    -0.1059     2.0571     1.0874
[1] 20800.0000     0.0000     0.9606    -0.8540     2.8305     1.0886
[1] 20900.0000     0.0000     0.9109     0.1174     1.9341     0.9980
[1] 21000.0000     0.0000     0.9912     1.3904     0.6252     1.0875
[1] 21100.0000     0.0000     0.9732     0.0879     1.9104     0.8253
[1] 21200.0000     0.3181     0.9704     0.9400     1.1163     1.1667
[1] 21300.0000     0.0000     0.9596     0.0499     1.8756     1.0815
[1] 21400.0000     0.0000     0.9719     0.4786     1.4691     0.9071
[1] 21500.0000     0.0000     0.9375     0.0680     1.9061     1.0777
[1] 21600.0000     0.0000     0.8420     0.3457     1.6705     0.8926
[1] 21700.0000     0.0000     0.8258    -0.0941     2.1367     1.1265
[1] 21800.0000     0.0000     0.8218    -1.2330     3.2210     1.1739
[1] 21900.0000     0.0000     0.9408    -0.1870     2.1240     0.9421
[1] 22000.0000     0.0000     0.8850     0.5093     1.4793     0.9555
[1] 22100.0000     0.0000     0.8953     0.0041     1.9772     0.9321
[1] 22200.0000     0.0000     0.9349    -0.6782     2.6283     0.9881
[1] 22300.0000     0.0002     0.8584    -0.4587     2.4760     0.9367
[1] 22400.0000     0.0000     0.8145    -0.1440     2.2226     0.8604
[1] 2.250e+04 3.614e-01 8.623e-01 5.776e-01 1.535e+00 8.008e-01
[1] 22600.0000     0.0000     0.8858     1.0706     1.0467     0.9064
[1] 22700.0000     0.0000     0.9963     0.9563     1.0645     1.1178
[1] 22800.0000     0.0776     0.8972    -0.1896     2.0113     1.0231
[1] 22900.0000     0.0000     0.9207     1.1234     0.8063     0.8362
[1] 23000.0000     0.0000     0.9652     0.8163     1.1364     1.0264
[1] 23100.0000     0.0000     0.9231     0.4737     1.4945     0.8179
[1] 23200.0000     0.0000     0.9741    -0.8120     2.8378     1.1699
[1] 23300.0000     0.0764     0.8966     0.4780     1.5240     1.0199
[1] 23400.0000     0.0000     0.9418     0.4396     1.5782     0.8205
[1] 23500.0000     0.0000     0.9561     0.2385     1.8146     1.0572
[1] 23600.0000     0.0000     0.8360     0.0815     1.9629     0.8406
[1] 23700.0000     0.0000     0.9977     0.4557     1.5332     0.9083
[1] 23800.0000     0.0000     0.9509     0.3661     1.5205     0.9516
[1] 23900.0000     0.0000     0.8157     0.1027     1.9323     0.8034
[1] 24000.0000     0.0000     0.9784    -0.4122     2.3518     0.8375
[1] 24100.0000     0.0000     0.8643    -1.5404     3.5793     0.9462
[1] 2.420e+04 0.000e+00 8.463e-01 3.130e-02 1.950e+00 1.012e+00
[1] 24300.0000     0.0000     0.9879    -0.7123     2.7370     1.1930
[1] 24400.0000     1.0000     0.9947     0.8407     1.1794     0.9697
[1] 24500.0000     0.0000     0.9064     0.8123     1.1664     0.8345
[1] 24600.0000     0.0000     0.9062     0.3199     1.6626     0.8877
[1] 24700.0000     0.0014     0.9025    -0.0823     2.1461     0.8040
[1] 24800.0000     0.0000     0.8109     0.2490     1.7837     1.1899
[1] 24900.0000     0.0000     0.9495    -0.0213     1.9602     0.8626
[1] 25000.0000     0.0000     0.9399     0.3802     1.6096     0.8472
[1] 25100.0000     0.0000     0.8415     0.9116     1.0518     1.0265
[1] 25200.0000     0.0000     0.9435     0.3842     1.6388     1.0372
[1] 25300.0000     0.9839     0.8151     0.1770     1.7707     1.0748
[1] 25400.0000     1.0000     0.8988    -0.8226     2.8451     1.0888
[1] 25500.0000     0.0000     0.8147    -0.1125     2.1211     1.1844
[1] 25600.0000     0.0000     0.8978    -0.6090     2.6369     1.1142
[1] 25700.0000     0.0000     0.8060     0.6407     1.4192     0.8422
[1] 25800.0000     0.0000     0.8043    -0.5258     2.4315     0.8730
[1] 25900.0000     1.0000     0.8632    -0.6357     2.6451     1.1254
[1] 26000.0000     1.0000     0.9492    -0.3839     2.4774     1.0058
[1] 26100.0000     0.0000     0.9196    -0.1235     2.0004     1.1722
[1] 26200.0000     0.0000     0.9529    -0.7284     2.7333     1.0017
[1] 26300.0000     0.0000     0.9407    -0.2176     2.2645     1.0281
[1] 26400.0000     0.0000     0.8767     0.6279     1.4082     0.8041
[1] 26500.0000     0.0339     0.8611     0.1184     1.8919     1.1675
[1] 26600.0000     0.0000     0.9293    -0.8649     3.0265     0.8497
[1] 26700.0000     0.0000     0.8184    -0.4260     2.3776     0.9177
[1] 26800.0000     0.0000     0.8448    -1.8660     3.8147     0.8652
[1] 26900.0000     0.0000     0.9241    -0.2002     2.3151     1.0646
[1] 27000.0000     0.0000     0.9892    -0.2556     2.3294     0.9138
[1] 27100.0000     0.4984     0.8553    -0.0710     2.0852     1.0993
[1] 27200.0000     0.0000     0.8628     0.2330     1.7342     1.0265
[1] 27300.0000     0.0000     0.9185    -0.2753     2.2656     0.9822
[1] 27400.0000     0.0000     0.9269     0.4275     1.6444     1.0000
[1] 2.750e+04 0.000e+00 8.677e-01 8.526e-01 1.172e+00 9.516e-01
[1] 27600.0000     0.0000     0.8732     1.4663     0.6011     0.9172
[1] 27700.0000     0.0000     0.8317     0.9022     1.0867     1.1846
[1] 27800.0000     0.0000     0.8338     0.3352     1.7211     0.9440
[1] 27900.0000     1.0000     0.8904     0.0172     1.9617     0.9276
[1] 28000.0000     0.0000     0.9328    -0.3464     2.4337     0.9314
[1] 28100.0000     0.0000     0.9262     0.2905     1.7923     1.0710
[1] 28200.0000     0.0000     0.9683    -0.2216     2.2452     0.8917
[1] 28300.0000     0.0000     0.9886    -0.1824     2.1637     1.1843
[1] 28400.0000     1.0000     0.9594    -0.7690     2.7900     0.8105
[1] 28500.0000     0.0000     0.8678     0.8328     1.1443     0.8688
[1] 28600.0000     0.0000     0.9775     0.1422     1.8099     0.9079
[1] 28700.0000     0.0000     0.9675    -0.4693     2.4856     1.1579
[1] 28800.0000     0.0000     0.8104     0.1314     1.9122     1.1940
[1] 2.890e+04 0.000e+00 9.137e-01 5.456e-01 1.590e+00 8.478e-01
[1] 29000.0000     0.0000     0.9692    -0.9936     2.8584     0.9910
[1] 29100.0000     0.0000     0.8240    -0.6350     2.6750     1.0266
[1] 29200.0000     0.0751     0.9371     0.4254     1.5717     1.1436
[1] 29300.0000     0.0018     0.9749     0.9331     1.0532     0.9782
[1] 29400.0000     0.0000     0.9394     0.9026     0.9981     1.1754
[1] 29500.0000     0.0000     0.8094     0.1972     1.8191     0.8253
[1] 29600.0000     0.0000     0.8335     0.3247     1.6649     1.1940
[1] 29700.0000     0.0000     0.9991    -0.0907     2.0663     0.9357
[1] 29800.0000     0.0000     0.9203    -1.0583     3.0579     0.9519
[1] 29900.0000     1.0000     0.9798    -0.3365     2.3704     1.0014
[1] 30000.0000     0.0000     0.9561     1.2927     0.6681     1.0811
[1] 0.07527699
Time difference of 3.96162 hours
null device 
          1 
