[1] "El numero de nodos X particion es: 10"
[1] "Model = M1 / Data = sim_data/datasetSVCMatern27.Rdata"
[1] 100.0000   0.3038   0.9429   0.0437   1.9791   1.1970
[1] 200.0000   1.0000   0.9804   0.0101   2.0380   1.0297
[1] 300.0000   0.4684   0.8776  -0.1376   1.9999   1.0665
[1] 400.0000   1.0000   0.8233  -0.0270   2.0009   1.0774
[1] 500.0000   0.5846   0.8902  -0.0320   1.9762   0.8863
[1] 600.0000   0.0089   0.8693   0.0393   1.9378   1.0610
[1] 700.0000   0.4287   0.9849  -0.1931   1.8422   1.0164
[1] 800.0000   1.0000   0.8954   0.0167   1.9906   1.1490
[1] 900.0000   1.0000   0.9357  -0.2308   1.7938   1.0743
[1] 1000.0000    1.0000    0.9692    0.0847    2.0747    0.9576
[1] 1100.0000    0.3550    0.9726   -0.2049    1.7595    1.0201
[1] 1200.0000    0.1954    0.8603    0.0209    2.1293    0.9164
[1] 1300.0000    0.8477    0.8617   -0.0879    1.9326    1.0550
[1] 1400.0000    0.0000    0.9303   -0.2971    1.8090    1.1894
[1] 1500.0000    0.0000    0.9672    0.1682    2.1315    1.1986
[1] 1600.0000    0.0267    0.8969   -0.0337    2.0245    1.0213
[1] 1700.0000    0.0000    0.9259   -0.0529    1.9147    1.0764
[1] 1800.0000    0.0000    0.9234   -0.0643    1.9921    1.1307
[1] 1900.0000    0.4400    0.9957    0.0248    2.0264    1.1822
[1] 2000.0000    0.0053    0.9978   -0.0483    1.8960    1.1535
[1] 2100.0000    0.7576    0.8081   -0.0397    2.0440    0.9300
[1] 2200.0000    1.0000    0.8897    0.0576    2.0392    1.0133
[1] 2300.0000    0.0599    0.8608   -0.0143    2.0503    1.0478
[1] 2400.0000    0.0341    0.9764    0.0447    1.8586    1.0594
[1] 2500.0000    0.1914    0.9668    0.0781    2.1577    0.8475
[1] 2600.0000    0.0102    0.9658    0.0345    2.0838    1.0023
[1] 2700.0000    0.0280    0.8044   -0.0764    1.9999    1.0835
[1] 2800.0000    0.0490    0.9204   -0.0493    1.9218    1.0405
[1] 2900.0000    0.0182    0.8994   -0.2205    1.8540    1.0050
[1] 3000.0000    0.0112    0.9297    0.3038    2.3223    1.1984
[1] 3100.0000    0.1609    0.8476    0.0743    2.0494    1.1528
[1] 3200.0000    0.1048    0.9371   -0.0243    2.0034    1.1278
[1] 3300.0000    0.0000    0.9877   -0.0868    1.9069    0.9428
[1] 3400.0000    0.0000    0.9515   -0.0566    1.8325    1.1198
[1] 3500.0000    0.2495    0.9339   -0.0153    2.1247    1.1722
[1] 3600.0000    0.0139    0.9879    0.0056    2.0234    1.1991
[1] 3700.0000    0.0007    0.9950   -0.0180    1.9536    1.0085
[1] 3800.0000    0.0000    0.8842   -0.0401    1.9403    1.1682
[1] 3900.0000    0.0285    0.9837   -0.0691    2.0119    1.1370
[1] 4000.0000    0.2990    0.9388   -0.1332    1.7501    0.8131
[1] 4100.0000    1.0000    0.9426    0.1813    2.1182    0.8764
[1] 4200.0000    0.5186    0.9756    0.0766    2.1402    0.9752
[1] 4300.0000    0.0000    0.9986   -0.1166    1.9487    0.9026
[1] 4400.0000    0.0312    0.9571    0.2173    2.1774    0.9932
[1] 4500.0000    0.4676    0.8410    0.1244    2.1681    1.1520
[1] 4600.0000    0.0346    0.9525    0.0929    2.0857    1.1110
[1] 4700.0000    0.0000    0.9863    0.1791    2.0984    1.1102
[1] 4800.0000    0.0568    0.8985   -0.0619    1.9082    0.9827
[1] 4900.0000    0.1057    0.9924    0.1219    2.1361    1.1836
[1] 5000.0000    0.5827    0.9273    0.0027    2.0381    1.0348
[1] 5100.0000    0.0223    0.9679    0.0211    2.0275    1.1951
[1] 5200.0000    0.0055    0.8350    0.0626    2.1909    1.0935
[1] 5300.0000    1.0000    0.8379    0.1121    2.0616    1.0434
[1] 5400.0000    0.7035    0.9974   -0.0322    1.8754    1.1725
[1] 5500.0000    0.0010    0.8506    0.0818    2.0163    1.1979
[1] 5600.0000    0.0307    0.9328   -0.2099    1.9170    1.1365
[1] 5700.0000    1.0000    0.9639   -0.1170    1.8467    1.0846
[1] 5800.0000    1.0000    0.8520    0.0401    2.0202    1.0482
[1] 5900.0000    0.4360    0.8759   -0.0945    1.9444    1.0113
[1] 6000.0000    0.0218    0.8924   -0.0934    1.8478    1.0716
[1] 6100.0000    0.0212    0.9517    0.2762    2.2774    0.9216
[1] 6200.0000    0.3991    0.8336   -0.0191    1.8435    0.9759
[1] 6300.0000    0.0083    0.9569   -0.1478    1.9651    0.8080
[1] 6400.0000    0.5659    0.9022    0.1543    2.0732    0.8332
[1] 6500.0000    1.0000    0.9478   -0.0003    1.8979    1.0656
[1] 6600.0000    0.0029    0.9801   -0.2180    1.9154    1.0197
[1] 6700.0000    0.0008    0.9726   -0.1155    1.8916    1.0730
[1] 6800.0000    0.5098    0.9036    0.1117    2.1491    1.0862
[1] 6900.0000    0.0234    0.8556   -0.0331    1.9315    1.1638
[1] 7000.0000    0.0066    0.9977   -0.0094    1.9475    1.0944
[1] 7100.0000    0.2837    0.8440   -0.0564    1.8724    0.9302
[1] 7200.0000    0.0002    0.9645    0.0528    2.0310    0.9109
[1] 7300.0000    0.0004    0.8821    0.1168    2.1849    0.9361
[1] 7400.0000    0.0000    0.8164   -0.1699    1.8144    0.8600
[1] 7500.0000    0.1310    0.9538    0.3036    2.2473    1.0728
[1] 7600.0000    0.0022    0.9974    0.0007    1.9341    1.0017
[1] 7700.0000    0.0001    0.9690   -0.3275    1.6887    0.9355
[1] 7800.0000    0.0000    0.9829    0.0228    1.8974    1.0003
[1] 7900.0000    1.0000    0.9195   -0.0777    1.9532    1.0920
[1] 8000.0000    0.4055    0.9186   -0.1960    1.7481    1.0026
[1] 8100.0000    0.0277    0.9084    0.2689    2.3217    1.0684
[1] 8200.0000    0.0000    0.9636    0.0548    2.0384    1.1811
[1] 8300.0000    0.0003    0.8896    0.1859    2.1690    1.1748
[1] 8400.0000    0.4556    0.8563   -0.0174    1.9632    1.0967
[1] 8500.0000    0.0019    0.9939   -0.1519    1.8901    1.0648
[1] 8600.0000    0.1541    0.9616    0.0385    2.0853    1.0283
[1] 8700.0000    0.0157    0.8788   -0.2060    1.7466    1.1009
[1] 8800.0000    0.4769    0.9324    0.0086    2.0302    0.8066
[1] 8900.0000    1.0000    0.9431   -0.0027    2.0269    1.1381
[1] 9000.0000    0.5996    0.9025    0.0556    2.0089    0.9096
[1] 9100.0000    0.3528    0.9538    0.0211    2.0140    1.0939
[1] 9200.0000    0.6727    0.9069    0.0290    2.1302    1.1995
[1] 9300.0000    0.0000    0.9856    0.1260    2.0351    1.1370
[1] 9400.0000    0.0028    0.9943    0.3498    2.1610    1.0986
[1] 9500.0000    0.0000    0.9329   -0.1378    1.9252    0.8817
[1] 9600.0000    1.0000    0.9566   -0.0326    1.9914    1.1182
[1] 9700.0000    0.0454    0.9791    0.0681    2.0637    1.1886
[1] 9800.0000    0.0058    0.9462    0.1450    2.0739    1.1275
[1] 9900.0000    0.0000    0.8466    0.3201    2.2803    0.8248
[1] 10000.0000     0.1142     0.9167    -0.2973     1.7680     1.1877
[1] 10100.0000     1.0000     0.9049     0.0535     2.0705     1.0751
[1] 10200.0000     0.0000     0.9106    -0.0747     1.8902     1.0967
[1] 10300.0000     0.0472     0.8120     0.1022     2.0239     0.8804
[1] 10400.0000     0.0088     0.9870     0.0403     2.0146     0.8317
[1] 10500.0000     0.7501     0.8159     0.1133     2.0346     1.1284
[1] 10600.0000     0.0501     0.9579     0.1798     2.2717     1.1829
[1] 1.070e+04 1.000e-04 8.531e-01 4.440e-02 2.066e+00 8.181e-01
[1] 10800.0000     0.2675     0.8541     0.1104     2.1979     0.9792
[1] 10900.0000     0.0000     0.9660     0.0523     2.1196     1.1970
[1] 11000.0000     0.0283     0.9587    -0.1046     2.0143     1.0991
[1] 11100.0000     0.0001     0.8902     0.2459     2.3107     0.9114
[1] 11200.0000     0.7830     0.9412    -0.1087     2.0198     0.8257
[1] 11300.0000     1.0000     0.9738     0.0593     2.0223     1.1215
[1] 11400.0000     0.8062     0.9055     0.0538     2.0512     0.9856
[1] 11500.0000     0.0000     0.9311    -0.0500     2.0207     0.8792
[1] 11600.0000     1.0000     0.9382    -0.2108     1.7778     0.8033
[1] 11700.0000     0.2157     0.9810    -0.1853     1.9114     0.9386
[1] 11800.0000     0.0031     0.9849    -0.0280     1.9246     1.0283
[1] 11900.0000     1.0000     0.9415    -0.0419     1.9747     1.0738
[1] 12000.0000     0.0042     0.8543    -0.0841     1.9463     1.1591
[1] 12100.0000     0.0496     0.9452    -0.0334     2.0270     0.8400
[1] 12200.0000     0.1697     0.9184    -0.0246     2.0344     1.1788
[1] 12300.0000     0.1423     0.9007     0.0404     2.0315     1.0908
[1] 12400.0000     1.0000     0.8046     0.0204     2.0455     0.8797
[1] 12500.0000     0.1463     0.9120     0.1333     2.1687     1.1259
[1] 12600.0000     0.1129     0.9564     0.1190     1.9568     1.1675
[1] 12700.0000     0.0000     0.9486     0.2550     2.2387     0.8166
[1] 12800.0000     0.0002     0.9108    -0.1993     1.7707     1.0765
[1] 12900.0000     0.0223     0.9045    -0.2188     1.8074     0.9333
[1] 13000.0000     0.0050     0.9285     0.1080     2.0626     1.1063
[1] 13100.0000     0.0002     0.9404     0.1388     2.1523     0.9822
[1] 13200.0000     0.0187     0.9589    -0.2757     1.7387     1.1555
[1] 13300.0000     1.0000     0.9675     0.2207     2.2451     1.1190
[1] 13400.0000     0.0000     0.9801     0.0426     2.0050     1.0073
[1] 13500.0000     0.0000     0.8240     0.0328     2.0943     1.0099
[1] 13600.0000     0.0207     0.8917     0.0161     1.9519     1.0301
[1] 13700.0000     0.1852     0.9578     0.0427     2.0539     1.1070
[1] 13800.0000     0.0000     0.9275    -0.1598     1.8859     1.0955
[1] 13900.0000     0.8350     0.8104    -0.0605     1.9336     0.8994
[1] 14000.0000     0.3492     0.9598     0.1212     2.0771     0.8043
[1] 14100.0000     0.0001     0.9236     0.2424     2.2222     0.9106
[1] 14200.0000     0.0056     0.9983    -0.1035     1.8899     1.1131
[1] 14300.0000     0.0020     0.9946    -0.0700     2.0072     1.1737
[1] 14400.0000     1.0000     0.8984     0.0202     2.0636     1.1866
[1] 14500.0000     0.0187     0.8302     0.1589     2.2262     1.1813
[1] 14600.0000     0.0000     0.8624    -0.2576     1.8009     1.1285
[1] 14700.0000     0.4827     0.8840    -0.1080     1.9047     1.0394
[1] 14800.0000     0.0000     0.8106    -0.2976     1.7984     1.0978
[1] 14900.0000     0.3238     0.9850     0.1752     2.2140     1.1438
[1] 15000.0000     0.0000     0.9486    -0.1124     1.9109     0.9418
[1] 15100.0000     0.0006     0.9112    -0.0623     1.9119     1.0503
[1] 15200.0000     1.0000     0.9896     0.1224     2.0737     1.1186
[1] 15300.0000     0.4169     0.8296    -0.0087     1.9583     1.1944
[1] 15400.0000     1.0000     0.9829     0.0091     2.1204     1.0368
[1] 15500.0000     0.1882     0.9973    -0.0314     1.9363     0.8711
[1] 15600.0000     0.6271     0.9912    -0.1421     1.8285     1.0551
[1] 1.570e+04 1.000e-04 9.705e-01 2.566e-01 2.251e+00 8.969e-01
[1] 15800.0000     0.6694     0.9774    -0.0639     1.8301     1.1822
[1] 15900.0000     0.0000     0.9619     0.0367     2.0226     1.1569
[1] 16000.0000     0.3825     0.9761    -0.0908     2.0004     1.0600
[1] 16100.0000     1.0000     0.9477    -0.0275     2.0574     0.9420
[1] 16200.0000     0.5231     0.8455     0.0612     2.0844     1.0509
[1] 16300.0000     1.0000     0.9029     0.1711     2.0986     1.0365
[1] 16400.0000     0.0240     0.9681    -0.0456     1.9137     1.1486
[1] 16500.0000     0.0804     0.9894     0.0528     2.0596     0.9222
[1] 16600.0000     0.1528     0.9300    -0.1769     1.8402     1.1365
[1] 16700.0000     0.2930     0.8804    -0.0196     1.9829     1.1815
[1] 16800.0000     0.0864     0.8165    -0.2460     1.7307     1.0376
[1] 16900.0000     0.1148     0.9993    -0.0914     1.9852     1.1521
[1] 17000.0000     0.1001     0.9815     0.2181     2.1475     0.9010
[1] 17100.0000     0.0561     0.9262     0.0900     2.0993     0.9696
[1] 17200.0000     0.2146     0.9233    -0.1887     1.8178     0.8592
[1] 17300.0000     0.2116     0.8555    -0.2394     1.7243     1.0278
[1] 17400.0000     1.0000     0.9623     0.0998     2.1835     1.1696
[1] 17500.0000     1.0000     0.9645    -0.1124     1.8241     0.9956
[1] 17600.0000     0.0060     0.9193     0.0871     2.0553     0.8193
[1] 17700.0000     0.0093     0.8467    -0.1359     1.8271     1.0210
[1] 17800.0000     0.1232     0.9877    -0.1624     1.7773     1.0638
[1] 17900.0000     0.0297     0.8644    -0.0553     1.9254     1.0507
[1] 18000.0000     1.0000     0.9109    -0.0030     2.0646     0.8712
[1] 18100.0000     0.0039     0.9137     0.1062     2.1473     0.9014
[1] 18200.0000     1.0000     0.8073     0.1592     2.1326     0.9256
[1] 18300.0000     0.0013     0.9706    -0.0646     1.9833     1.1685
[1] 18400.0000     0.0000     0.9369    -0.2588     1.7991     1.1911
[1] 18500.0000     0.0897     0.9597     0.0798     2.0822     1.1397
[1] 18600.0000     0.0024     0.8932     0.0891     2.2203     0.8460
[1] 18700.0000     1.0000     0.9071     0.1854     2.2035     1.1143
[1] 18800.0000     0.0025     0.9134    -0.0566     2.0124     1.0933
[1] 18900.0000     0.0000     0.8387     0.0084     2.0964     0.8037
[1] 19000.0000     1.0000     0.8087     0.0040     2.0368     1.1060
[1] 19100.0000     0.4818     0.9272    -0.0557     2.0653     0.8583
[1] 19200.0000     0.3927     0.8319    -0.0136     1.8820     1.0132
[1] 19300.0000     0.4345     0.8940     0.0000     1.9987     1.1248
[1] 19400.0000     0.5023     0.8040     0.0008     1.9161     1.1551
[1] 19500.0000     0.0000     0.9633     0.3531     2.1906     1.1823
[1] 19600.0000     0.0824     0.9711    -0.0558     2.0137     1.0171
[1] 19700.0000     0.0203     0.8143     0.1577     2.1307     0.8081
[1] 19800.0000     0.1993     0.8967     0.2828     2.2945     1.0284
[1] 1.990e+04 1.368e-01 9.981e-01 3.512e-01 2.405e+00 1.028e+00
[1] 20000.0000     0.3747     0.9729    -0.1500     1.9220     0.8904
[1] 20100.0000     0.0000     0.9102     0.1297     2.1404     1.0384
[1] 20200.0000     0.2789     0.9869     0.2148     2.1876     1.0303
[1] 20300.0000     0.0087     0.9350    -0.2051     1.8414     0.8887
[1] 20400.0000     0.3783     0.9596     0.0157     1.9877     1.0259
[1] 20500.0000     0.0006     0.8964    -0.0472     2.0057     1.1285
[1] 20600.0000     0.5453     0.9169    -0.0365     2.0497     1.1057
[1] 20700.0000     0.1997     0.9923     0.1274     2.0934     1.0695
[1] 20800.0000     1.0000     0.9981     0.1005     2.1190     1.0246
[1] 20900.0000     0.8136     0.9455    -0.1204     2.0928     1.1141
[1] 21000.0000     0.2988     0.8708    -0.0441     2.0072     1.1617
[1] 21100.0000     0.0808     0.9291     0.0211     1.9919     1.1428
[1] 21200.0000     1.0000     0.9611    -0.0838     1.9846     0.8029
[1] 21300.0000     0.0007     0.8214    -0.0968     1.7900     1.0391
[1] 21400.0000     0.2537     0.8276     0.0512     2.0696     0.8233
[1] 2.150e+04 1.000e-03 9.709e-01 2.060e-01 2.214e+00 8.819e-01
[1] 21600.0000     0.8429     0.9634    -0.1373     1.9295     0.9473
[1] 21700.0000     0.0330     0.9973    -0.0649     1.8903     0.9605
[1] 21800.0000     0.7102     0.8638     0.1358     2.2241     1.1734
[1] 21900.0000     0.1076     0.9084     0.0970     2.0998     1.1067
[1] 22000.0000     0.4887     0.8874     0.0418     1.9374     1.0182
[1] 22100.0000     0.0169     0.9623     0.1189     2.1301     1.1965
[1] 22200.0000     0.1224     0.8918    -0.0203     2.0503     1.1042
[1] 22300.0000     0.0929     0.9726    -0.1586     1.9804     0.8521
[1] 22400.0000     0.5727     0.9556    -0.1538     1.8966     1.0506
[1] 22500.0000     0.0000     0.8239    -0.0166     2.0156     1.1368
[1] 22600.0000     0.0009     0.9490     0.0695     2.0500     1.0906
[1] 22700.0000     0.0000     0.8271    -0.0072     2.0284     1.1968
[1] 22800.0000     0.1198     0.8972    -0.0113     1.8643     1.0231
[1] 22900.0000     0.2903     0.8804     0.0196     2.0528     0.9211
[1] 23000.0000     0.0000     0.9479     0.2198     2.1155     1.1916
[1] 23100.0000     0.7259     0.8119     0.1031     2.1867     1.0551
[1] 23200.0000     0.0094     0.9586     0.0776     2.1229     1.0581
[1] 23300.0000     0.0001     0.9905     0.0724     2.1327     1.1869
[1] 23400.0000     0.2196     0.8888    -0.1194     1.7750     1.0444
[1] 23500.0000     0.5954     0.8245     0.1132     2.1099     0.8555
[1] 23600.0000     0.3312     0.8573    -0.0835     2.0315     0.9429
[1] 23700.0000     0.1752     0.9977    -0.0588     1.9137     0.9083
[1] 23800.0000     1.0000     0.9299    -0.0047     1.9492     1.0580
[1] 23900.0000     0.2259     0.9920     0.0524     1.9758     1.0485
[1] 24000.0000     0.0124     0.9851     0.0341     2.0521     1.0873
[1] 24100.0000     1.0000     0.9214    -0.0315     2.0313     0.8541
[1] 24200.0000     0.0418     0.9445     0.0180     2.1085     1.1588
[1] 24300.0000     0.0387     0.9595    -0.0758     1.9661     0.9607
[1] 24400.0000     0.2424     0.9976    -0.1563     1.8686     1.0173
[1] 24500.0000     0.0001     0.9389     0.2039     2.1574     1.0925
[1] 24600.0000     0.0000     0.9866    -0.0035     2.1013     1.1519
[1] 24700.0000     0.8543     0.9195    -0.1244     1.8644     0.8781
[1] 24800.0000     0.0000     0.9368     0.0249     1.9409     1.1498
[1] 24900.0000     0.6826     0.8569    -0.0544     1.9949     1.1414
[1] 2.500e+04 2.819e-01 8.801e-01 2.431e-01 2.252e+00 8.235e-01
[1] 2.510e+04 1.522e-01 8.622e-01 3.930e-02 2.039e+00 8.281e-01
[1] 25200.0000     0.1183     0.9240     0.0031     2.0377     1.1619
[1] 25300.0000     0.0000     0.9779    -0.0190     2.0875     0.8977
[1] 25400.0000     0.0441     0.9187    -0.2038     1.8171     1.1622
[1] 25500.0000     0.1707     0.8147    -0.0134     1.9734     1.1844
[1] 25600.0000     0.0455     0.9926     0.1107     2.0729     0.9855
[1] 2.570e+04 7.750e-02 9.659e-01 7.500e-03 2.041e+00 9.398e-01
[1] 25800.0000     0.0026     0.9689    -0.1336     1.9508     1.1962
[1] 25900.0000     0.0003     0.8683     0.0528     1.9528     0.8098
[1] 26000.0000     1.0000     0.9492    -0.0411     1.9392     1.0058
[1] 26100.0000     0.0904     0.9196     0.0357     2.0325     1.1722
[1] 26200.0000     0.3182     0.9529     0.0852     2.0362     1.0017
[1] 26300.0000     0.2769     0.9342     0.0199     1.8761     1.1434
[1] 26400.0000     0.0847     0.8855     0.2111     2.0728     1.0131
[1] 26500.0000     0.0137     0.9611    -0.3152     1.6907     1.0834
[1] 26600.0000     0.6147     0.8720    -0.0933     1.8925     0.9170
[1] 26700.0000     0.0671     0.9721    -0.0597     1.9463     0.8075
[1] 26800.0000     0.0189     0.8697     0.0492     2.0061     1.1281
[1] 26900.0000     0.0000     0.9241     0.3770     2.4141     1.0646
[1] 27000.0000     0.3095     0.9213     0.0646     2.0486     1.1914
[1] 27100.0000     0.0002     0.8095     0.0399     2.0263     1.0497
[1] 27200.0000     0.0000     0.9713    -0.1330     2.0365     1.0324
[1] 2.730e+04 1.000e-03 9.608e-01 9.090e-02 2.012e+00 8.492e-01
[1] 27400.0000     0.3649     0.8806    -0.1473     1.8394     1.0468
[1] 27500.0000     0.0500     0.9635    -0.0072     1.9588     1.1809
[1] 27600.0000     0.0226     0.9952     0.1444     2.2158     1.1217
[1] 27700.0000     0.0086     0.9491     0.0801     2.1048     1.1275
[1] 27800.0000     0.0000     0.8358     0.2307     2.2066     1.1051
[1] 27900.0000     0.4195     0.8774     0.1453     2.1244     1.0564
[1] 28000.0000     0.0005     0.9430    -0.2139     1.8326     0.9743
[1] 28100.0000     0.0000     0.9262    -0.0303     1.9907     1.0710
[1] 28200.0000     0.1418     0.9342     0.3408     2.3310     1.1245
[1] 28300.0000     0.0001     0.8937    -0.0134     2.0053     1.0178
[1] 28400.0000     0.7936     0.9594    -0.1423     1.8386     0.8105
[1] 28500.0000     1.0000     0.8206     0.1399     2.2110     1.0447
[1] 28600.0000     0.0007     0.9775     0.0215     2.0162     0.9079
[1] 28700.0000     0.1272     0.9045    -0.0488     1.9403     1.0095
[1] 28800.0000     1.0000     0.9743    -0.0145     2.0065     0.8723
[1] 28900.0000     1.0000     0.9689    -0.1145     2.0192     1.0738
[1] 29000.0000     0.0100     0.9401     0.0953     2.0437     1.1755
[1] 29100.0000     0.6139     0.9799     0.2350     2.3143     1.1704
[1] 29200.0000     0.0010     0.9889    -0.0970     1.9813     1.0979
[1] 29300.0000     0.0060     0.9749    -0.0904     1.8616     0.9782
[1] 29400.0000     0.0287     0.9512    -0.0605     1.8828     1.1262
[1] 29500.0000     0.0000     0.9711    -0.1663     1.8531     0.9025
[1] 29600.0000     0.0396     0.9007     0.0580     2.0603     0.8554
[1] 29700.0000     0.0032     0.9571    -0.0515     1.8968     0.9736
[1] 29800.0000     0.5040     0.8701    -0.1896     1.8968     0.8024
[1] 29900.0000     1.0000     0.9798     0.0081     1.9970     1.0014
[1] 30000.0000     0.2245     0.8307     0.0532     2.0590     1.0904
[1] 0.2953082
Time difference of 4.50805 hours
null device 
          1 
