[1] "El numero de nodos X particion es: 10"
[1] "Model = M2 / Data = sim_data/datasetSVIMatern30.Rdata"
[1] 100.0000   1.0000   0.8291   0.0442   1.8880   0.9331
[1] 200.0000   0.0637   0.8487   0.1964   1.6989   0.8384
[1] 300.0000   0.1907   0.8776  -0.0677   2.0542   1.0665
[1] 400.0000   0.0014   0.8593  -0.3699   2.2875   0.9203
[1] 500.0000   0.0000   0.8350   0.0937   1.7443   0.9084
[1] 600.0000   0.4507   0.9748  -0.0919   1.9138   1.0386
[1] 700.0000   0.2465   0.9506   0.1013   1.7603   1.0413
[1] 800.0000   0.0000   0.8736  -0.0861   1.9964   0.8849
[1] 900.0000   0.0000   0.8086   0.0111   1.7727   0.9130
[1] 1000.0000    0.0000    0.8209    0.0180    1.8709    0.9374
[1] 1100.0000    0.0000    0.9319    0.6324    1.1832    0.8930
[1] 1200.0000    0.6353    0.8603    0.4601    1.5250    0.9164
[1] 1300.0000    0.3658    0.8617   -0.0501    1.8208    1.0550
[1] 1400.0000    0.0000    0.9303   -0.4733    2.3345    1.1894
[1] 1500.0000    0.0016    0.8024    0.2305    1.6106    1.1019
[1] 1600.0000    0.0000    0.8026   -0.1937    2.1219    1.1341
[1] 1700.0000    0.0000    0.8745    0.0833    1.8144    0.9148
[1] 1800.0000    0.0000    0.9376    0.1460    1.7696    0.8302
[1] 1900.0000    0.0000    0.9005   -0.2644    2.1367    0.9368
[1] 2000.0000    0.0001    0.9870   -0.3952    2.3134    0.9024
[1] 2100.0000    0.0000    0.9372    0.2321    1.6357    0.8634
[1] 2200.0000    0.0000    0.8668   -0.0015    1.9050    1.0989
[1] 2300.0000    0.0000    0.8951    0.9416    0.8677    0.9529
[1] 2400.0000    0.0000    0.9355   -0.0570    1.9118    1.1578
[1] 2500.0000    0.0521    0.9668   -0.2930    2.0759    0.8029
[1] 2600.0000    0.0000    0.8617   -0.5811    2.3684    0.8044
[1] 2700.0000    0.0000    0.8492   -0.1532    2.0772    0.9140
[1] 2800.0000    0.0293    0.8113    0.1924    1.6514    0.9151
[1] 2900.0000    0.0058    0.9982   -0.0874    1.9398    0.9626
[1] 3000.0000    0.0000    0.8454   -0.1435    2.0399    0.9669
[1] 3100.0000    0.0000    0.9787    0.2282    1.6073    0.9283
[1] 3200.0000    0.0000    0.8205    0.5497    1.3437    0.8873
[1] 3300.0000    0.0000    0.9797    0.0205    1.6666    1.0744
[1] 3400.0000    0.2029    0.8983    0.3342    1.5404    1.1525
[1] 3500.0000    0.0025    0.8208    0.1684    1.7585    0.8172
[1] 3600.0000    0.0000    0.8412   -0.0229    1.8511    0.8625
[1] 3700.0000    0.2731    0.8237   -0.0447    1.9101    0.8398
[1] 3800.0000    0.0000    0.9791   -0.0465    1.9103    1.0179
[1] 3900.0000    0.0000    0.9030   -0.3217    2.2415    0.9530
[1] 4000.0000    0.0203    0.8393    0.6230    1.3398    0.9996
[1] 4100.0000    0.0000    0.8388   -0.2007    2.1032    0.8864
[1] 4200.0000    0.0000    0.9756   -0.5797    2.4316    0.9752
[1] 4300.0000    0.0589    0.8028   -0.3512    2.2639    0.9927
[1] 4400.0000    0.0000    0.8783   -0.3703    2.2642    1.0435
[1] 4500.0000    0.6487    0.8410    0.1297    1.8012    1.1520
[1] 4600.0000    0.0055    0.9581    0.6499    1.2305    0.8180
[1] 4700.0000    0.0000    0.8528    0.0131    1.8772    0.8411
[1] 4800.0000    0.0000    0.8038   -0.2874    2.1350    0.9741
[1] 4900.0000    0.0000    0.8114   -0.0282    1.8932    0.8255
[1] 5000.0000    1.0000    0.9273   -0.5126    2.4240    1.0348
[1] 5100.0000    0.0000    0.8192   -0.3807    2.2302    0.8134
[1] 5200.0000    0.0000    0.8051    0.2281    1.6077    0.8965
[1] 5300.0000    0.0000    0.8660    0.1449    1.8799    1.0173
[1] 5400.0000    0.0022    0.8536   -0.2907    2.1381    0.9337
[1] 5500.0000    0.0000    0.8506    0.2788    1.5500    1.1979
[1] 5600.0000    0.0000    0.8117   -0.1630    2.0164    0.9121
[1] 5700.0000    0.0000    0.8882   -0.1078    2.0080    1.0651
[1] 5800.0000    0.0000    0.8612    0.0065    1.8093    1.0327
[1] 5900.0000    0.0000    0.9433    0.2051    1.6266    0.8670
[1] 6000.0000    0.0000    0.8887    0.0637    1.7688    0.8335
[1] 6100.0000    0.0000    0.9025    0.1608    1.8794    0.9119
[1] 6200.0000    0.0001    0.9400    0.2761    1.5313    0.8404
[1] 6300.0000    0.0000    0.9569   -0.0057    1.8654    0.8080
[1] 6400.0000    0.0000    0.8770   -0.1844    2.0120    1.0748
[1] 6500.0000    0.0010    0.9145   -0.7458    2.5120    0.8046
[1] 6600.0000    0.0000    0.8710    0.0127    1.8055    0.9001
[1] 6700.0000    0.0000    0.8253   -0.1676    2.0587    0.9280
[1] 6800.0000    0.3897    0.8794    0.1752    1.6837    0.9381
[1] 6900.0000    0.0000    0.9267   -0.0426    1.9457    1.0380
[1] 7000.0000    0.0000    0.8543   -0.0721    1.8789    0.8271
[1] 7100.0000    0.0000    0.8694   -0.2955    2.1859    0.8792
[1] 7200.0000    0.0000    0.8214    0.1066    1.7109    1.1383
[1] 7300.0000    0.0000    0.8173    0.1687    1.7343    1.0115
[1] 7400.0000    0.0000    0.8045   -0.2732    2.1628    0.8734
[1] 7500.0000    0.0000    0.8918   -1.1930    2.9678    1.0101
[1] 7600.0000    0.0000    0.9493   -0.2854    2.1599    0.9281
[1] 7700.0000    0.0000    0.8552   -0.9046    2.7364    1.0850
[1] 7800.0000    0.0001    0.9281   -0.2326    2.1174    0.8883
[1] 7900.0000    0.0000    0.8304   -0.0854    1.9660    0.9653
[1] 8000.0000    0.0000    0.9309   -0.3269    2.1336    1.0835
[1] 8100.0000    0.0000    0.8483   -0.1868    1.9839    0.8203
[1] 8200.0000    0.0000    0.9207   -0.4658    2.4236    1.1282
[1] 8300.0000    0.0000    0.8222   -0.3194    2.2494    0.8438
[1] 8400.0000    0.0000    0.9658   -0.4336    2.2374    0.9286
[1] 8500.0000    0.0000    0.8325    0.1622    1.7044    1.0750
[1] 8600.0000    0.2256    0.9662   -0.4981    2.4138    0.9487
[1] 8700.0000    0.0000    0.8940   -0.1446    2.0213    1.0236
[1] 8800.0000    0.0000    0.8601    0.4196    1.4273    0.8170
[1] 8900.0000    0.0004    0.8674    0.3531    1.5101    1.0474
[1] 9000.0000    0.0000    0.8336   -0.3959    2.3024    0.8606
[1] 9100.0000    0.0000    0.8060   -0.2768    1.9925    0.8104
[1] 9200.0000    0.0000    0.8777   -0.4858    2.4568    1.1489
[1] 9300.0000    0.0000    0.8134    0.3905    1.5718    0.8471
[1] 9400.0000    0.0000    0.9163    0.8976    0.9361    0.8003
[1] 9500.0000    0.0000    0.8817   -0.4032    2.2314    1.0875
[1] 9600.0000    0.0635    0.8149   -0.0867    2.0663    0.9056
[1] 9700.0000    0.0000    0.9657    0.3696    1.4925    0.9166
[1] 9800.0000    0.0000    0.9450   -0.2375    2.0973    1.0855
[1] 9900.0000    0.0000    0.9197    0.6290    1.2385    1.1953
[1] 10000.0000     1.0000     0.8618    -0.1159     1.9348     0.8032
[1] 10100.0000     0.6954     0.9049    -0.2771     2.2523     1.0751
[1] 10200.0000     0.1043     0.9808    -0.2935     2.0354     0.8342
[1] 10300.0000     0.1349     0.9549     0.7380     1.1603     0.8021
[1] 10400.0000     0.0000     0.8457    -0.3760     2.2421     0.9047
[1] 10500.0000     0.0012     0.9828    -0.0095     1.8982     0.8036
[1] 10600.0000     0.0000     0.8442    -0.1747     2.0885     0.9495
[1] 10700.0000     0.0000     0.9752    -0.0699     1.9716     0.8810
[1] 10800.0000     1.0000     0.8056     0.1298     1.7749     0.8503
[1] 10900.0000     0.0000     0.8191     0.5038     1.3652     0.8008
[1] 11000.0000     0.1081     0.8012     0.3645     1.6563     0.9407
[1] 11100.0000     0.0000     0.8902    -0.6071     2.4953     0.9114
[1] 11200.0000     1.0000     0.9412    -0.6137     2.5281     0.8257
[1] 11300.0000     0.0000     0.9022    -1.1162     2.9005     0.8252
[1] 11400.0000     0.0018     0.9548    -0.0529     1.8818     1.0047
[1] 11500.0000     0.0000     0.8061     0.1125     1.7703     1.1646
[1] 1.160e+04 1.400e-02 9.382e-01 4.893e-01 1.197e+00 8.033e-01
[1] 11700.0000     0.1309     0.8147    -0.1232     1.9740     0.9079
[1] 11800.0000     0.0000     0.8027    -0.1486     1.9577     0.8530
[1] 11900.0000     0.0000     0.8460    -0.8839     2.6373     0.8150
[1] 12000.0000     0.0000     0.8197     0.3131     1.4779     0.8759
[1] 12100.0000     0.0000     0.8930     0.0579     1.8043     0.8604
[1] 12200.0000     1.0000     0.8496     0.7119     1.1975     0.8460
[1] 12300.0000     0.0003     0.8010     0.2689     1.5927     0.8810
[1] 12400.0000     1.0000     0.8046     0.0348     1.8742     0.8797
[1] 12500.0000     0.0000     0.8870     0.1087     1.7329     1.1524
[1] 12600.0000     0.0000     0.8126     0.1128     1.8170     1.1805
[1] 12700.0000     0.1290     0.9614    -0.2577     2.0175     0.8958
[1] 12800.0000     0.0000     0.8719    -0.2609     2.0940     0.9384
[1] 12900.0000     0.9621     0.8565    -0.1152     1.9113     0.9935
[1] 13000.0000     0.0000     0.8069     0.1529     1.6909     1.0997
[1] 13100.0000     0.0000     0.9404     0.5970     1.3107     0.9822
[1] 13200.0000     0.0004     0.8843    -0.1736     2.0948     0.9997
[1] 13300.0000     0.0000     0.9222    -0.4846     2.3830     0.8801
[1] 13400.0000     0.0000     0.8092     0.1954     1.7389     1.1676
[1] 13500.0000     0.0000     0.8466    -0.2166     2.0824     0.8143
[1] 13600.0000     0.0000     0.8917    -0.3771     2.2906     1.0301
[1] 13700.0000     0.0000     0.8708    -0.0720     1.9225     1.0127
[1] 13800.0000     0.0000     0.8787    -0.5127     2.4075     1.0611
[1] 13900.0000     0.0019     0.8573    -0.0960     2.0033     0.8372
[1] 14000.0000     0.0000     0.8015    -0.2084     1.9744     0.9811
[1] 14100.0000     0.0000     0.8844    -0.2841     2.0745     1.1867
[1] 14200.0000     0.7508     0.9100     0.0764     1.9535     1.1948
[1] 14300.0000     0.0000     0.8548    -0.7939     2.6205     0.8231
[1] 14400.0000     0.0608     0.8623    -0.3810     2.2317     0.8985
[1] 14500.0000     0.0150     0.8647     0.4222     1.4566     1.0877
[1] 14600.0000     0.3740     0.8084     0.2229     1.7485     0.8928
[1] 14700.0000     0.0000     0.8974    -0.3165     2.1221     1.0871
[1] 14800.0000     0.0000     0.8093     0.6836     1.1284     1.1283
[1] 14900.0000     0.0290     0.8051     0.1680     1.7170     1.0614
[1] 15000.0000     0.0093     0.9447    -0.0785     1.9112     0.8911
[1] 15100.0000     1.0000     0.8292     0.3169     1.5232     0.9249
[1] 15200.0000     0.0000     0.8734     0.1366     1.7705     0.8767
[1] 15300.0000     0.2586     0.8059     0.4257     1.4327     0.9091
[1] 15400.0000     1.0000     0.9829    -0.5130     2.3976     1.0368
[1] 15500.0000     0.0000     0.8167    -0.6614     2.5663     0.8047
[1] 15600.0000     0.0000     0.8520    -0.7594     2.5920     1.1912
[1] 15700.0000     0.0000     0.8475    -0.2267     2.0693     0.9690
[1] 15800.0000     0.0044     0.8834    -0.2961     2.1303     0.9061
[1] 15900.0000     0.0000     0.9431    -0.1839     2.0269     0.8611
[1] 16000.0000     0.1219     0.8243    -0.1336     2.0612     0.8996
[1] 16100.0000     0.0000     0.8125     0.4173     1.4159     0.8885
[1] 16200.0000     0.0036     0.9466     0.2465     1.5497     0.9477
[1] 16300.0000     0.0000     0.8414    -0.2953     2.1882     1.0369
[1] 16400.0000     0.0000     0.8699    -0.1260     1.9594     0.9170
[1] 16500.0000     1.0000     0.9407    -0.2013     2.0901     0.9877
[1] 16600.0000     0.0103     0.8568    -0.2059     2.0984     1.0645
[1] 16700.0000     0.0001     0.9287    -0.1892     2.0442     0.9633
[1] 16800.0000     0.0000     0.8165    -0.2587     2.1530     1.0376
[1] 16900.0000     0.0000     0.8583     0.4400     1.3963     0.9158
[1] 17000.0000     0.0000     0.9790    -0.4990     2.2945     0.8822
[1] 17100.0000     0.0084     0.9305     0.2115     1.6662     0.9283
[1] 17200.0000     0.0345     0.9497    -0.1961     2.0712     0.8252
[1] 17300.0000     1.0000     0.8396     0.0068     1.9052     1.0131
[1] 17400.0000     0.0000     0.8593    -0.2636     2.1980     1.1450
[1] 17500.0000     0.0000     0.8131     0.1508     1.7184     0.9127
[1] 17600.0000     0.0000     0.8018    -0.1657     2.0431     1.0705
[1] 17700.0000     0.0000     0.8794     0.0466     1.8346     0.9707
[1] 17800.0000     0.0243     0.8905    -0.4950     2.4298     0.8701
[1] 17900.0000     0.0000     0.9083     0.2380     1.6315     0.9495
[1] 18000.0000     0.5055     0.9109    -0.2776     2.2238     0.8712
[1] 18100.0000     0.0000     0.8667    -0.3006     2.1872     1.1867
[1] 18200.0000     0.0231     0.8728     0.4495     1.4333     0.9452
[1] 18300.0000     0.0000     0.8480     0.0570     1.7872     1.0740
[1] 18400.0000     0.0000     0.8109    -0.0668     1.9510     1.0647
[1] 18500.0000     0.0000     0.8071    -0.0880     1.9180     0.9055
[1] 18600.0000     0.0000     0.8656    -0.0295     1.9758     0.8624
[1] 18700.0000     0.0000     0.8080     0.0772     1.7533     0.9308
[1] 18800.0000     0.0002     0.8537     0.2854     1.6461     0.9005
[1] 18900.0000     0.0000     0.9024    -0.0263     1.8332     1.0613
[1] 19000.0000     0.0000     0.8366    -0.1539     2.0003     0.8015
[1] 19100.0000     0.0000     0.8142    -0.0491     1.8641     1.0716
[1] 1.920e+04 0.000e+00 8.001e-01 1.590e-01 1.679e+00 9.641e-01
[1] 19300.0000     0.0000     0.8411     0.1282     1.7105     0.9272
[1] 19400.0000     0.0000     0.8040     0.1967     1.7865     1.1551
[1] 19500.0000     0.0000     0.8527     0.0775     1.7914     1.1208
[1] 19600.0000     0.0905     0.9162    -0.3867     2.2061     0.8038
[1] 19700.0000     0.0000     0.8143    -0.0428     1.8903     0.8081
[1] 19800.0000     0.0000     0.8317     0.2994     1.5474     1.0742
[1] 19900.0000     0.0000     0.8077    -0.2417     2.1270     0.9949
[1] 20000.0000     0.0000     0.9250    -0.2780     2.2102     0.8216
[1] 20100.0000     0.0000     0.9794     0.5477     1.2970     1.1721
[1] 20200.0000     0.0675     0.8367    -0.2122     2.0476     0.9269
[1] 20300.0000     0.0000     0.8028    -0.5340     2.4123     0.9708
[1] 20400.0000     0.0062     0.9596    -0.3637     2.0862     1.0259
[1] 20500.0000     0.0000     0.8964     0.5390     1.3158     1.1285
[1] 20600.0000     0.5913     0.9169     0.4968     1.4044     1.1057
[1] 20700.0000     0.8304     0.8107    -0.0374     2.0018     1.0874
[1] 20800.0000     0.0000     0.9688    -0.3712     2.2219     0.8897
[1] 20900.0000     1.0000     0.9455    -0.3451     2.1757     1.1141
[1] 21000.0000     0.0000     0.8369    -0.0588     1.9187     1.0355
[1] 21100.0000     0.0000     0.8745    -0.4851     2.2660     0.8760
[1] 21200.0000     0.1164     0.8263    -0.6040     2.4601     1.1324
[1] 21300.0000     1.0000     0.9067    -0.0007     1.9613     0.8492
[1] 21400.0000     0.1232     0.8276    -0.2648     1.9935     0.8233
[1] 21500.0000     0.0000     0.9322    -0.5525     2.3875     1.1668
[1] 21600.0000     0.0096     0.9806    -0.6445     2.5231     0.9443
[1] 21700.0000     0.0000     0.8301    -0.6227     2.5615     0.8711
[1] 21800.0000     0.0069     0.8660    -0.2167     2.1092     1.1387
[1] 21900.0000     0.0000     0.9084     0.4162     1.4344     1.1067
[1] 2.200e+04 0.000e+00 8.850e-01 1.128e-01 1.703e+00 9.555e-01
[1] 22100.0000     0.0000     0.8797    -0.0349     1.8959     0.8989
[1] 22200.0000     0.0000     0.8403    -0.0028     1.8529     1.1277
[1] 22300.0000     1.0000     0.9726    -0.0811     1.9914     0.8521
[1] 22400.0000     0.0004     0.8145    -0.2989     2.1663     0.8604
[1] 22500.0000     0.2501     0.8623     0.0376     1.9062     0.8008
[1] 22600.0000     0.0000     0.8858    -0.3119     2.1579     0.9064
[1] 22700.0000     0.0000     0.8271     0.1571     1.7071     1.1968
[1] 22800.0000     0.0711     0.8972    -0.7873     2.4976     1.0231
[1] 22900.0000     0.0000     0.9207     0.1424     1.6609     0.8362
[1] 23000.0000     0.0000     0.9491     0.0987     1.7688     0.8538
[1] 23100.0000     0.0000     0.9231     0.0712     1.7223     0.8179
[1] 2.320e+04 0.000e+00 8.288e-01 1.292e-01 1.782e+00 8.616e-01
[1] 23300.0000     0.0848     0.8966     0.3661     1.4959     1.0199
[1] 23400.0000     0.0314     0.9564     0.0785     1.8846     0.8157
[1] 23500.0000     0.0000     0.8934    -0.4202     2.2269     1.1391
[1] 23600.0000     0.0000     0.8360    -0.3481     2.1860     0.8406
[1] 23700.0000     0.0000     0.8580    -0.3146     2.1836     0.8494
[1] 23800.0000     0.0000     0.8154    -0.2848     2.1052     1.1666
[1] 23900.0000     0.4737     0.8157     0.2493     1.5465     0.8034
[1] 24000.0000     0.0000     0.8147    -0.4243     2.2924     0.9882
[1] 24100.0000     0.0000     0.8747    -0.7344     2.5624     1.0767
[1] 24200.0000     0.0000     0.8399     0.0995     1.6519     1.0287
[1] 24300.0000     0.0000     0.8822    -0.1156     2.0420     1.1634
[1] 24400.0000     0.1025     0.8950     0.4853     1.3799     0.9027
[1] 24500.0000     0.0000     0.9407     0.1216     1.7286     1.0416
[1] 24600.0000     0.0000     0.9062     0.0206     1.8853     0.8877
[1] 24700.0000     0.0168     0.8664    -0.3276     2.1546     1.1316
[1] 24800.0000     0.0109     0.8109    -0.4209     2.3141     1.1899
[1] 24900.0000     1.0000     0.8569    -0.4999     2.3277     1.1414
[1] 25000.0000     0.3098     0.8801    -0.0224     1.7985     0.8235
[1] 25100.0000     0.0097     0.9102     0.6513     1.2356     0.9221
[1] 25200.0000     0.0000     0.9920    -0.2392     2.1179     0.8420
[1] 25300.0000     0.3872     0.8206    -0.1767     2.0585     0.8645
[1] 25400.0000     0.7945     0.8988    -0.0587     1.9457     1.0888
[1] 25500.0000     0.0000     0.8303     0.3840     1.5090     1.1248
[1] 2.560e+04 0.000e+00 8.112e-01 2.261e-01 1.683e+00 8.916e-01
[1] 2.570e+04 0.000e+00 9.253e-01 3.207e-01 1.594e+00 8.539e-01
[1] 25800.0000     0.0000     0.8043    -0.3945     2.2432     0.8730
[1] 25900.0000     0.4887     0.8632     0.0323     1.8348     1.1254
[1] 26000.0000     0.2291     0.9492    -0.0069     1.9548     1.0058
[1] 26100.0000     0.0000     0.9097    -0.2070     1.9903     1.1652
[1] 26200.0000     0.0002     0.9529    -0.4734     2.2732     1.0017
[1] 26300.0000     0.0000     0.8989    -0.1077     1.8961     0.9807
[1] 26400.0000     0.0000     0.8767     0.2249     1.5995     0.8041
[1] 26500.0000     0.0318     0.8136    -0.1122     2.0321     0.8843
[1] 26600.0000     0.0000     0.8376    -0.4110     2.2233     1.1467
[1] 26700.0000     0.0180     0.9890    -0.0728     1.9415     0.9390
[1] 26800.0000     0.0000     0.8180    -0.3894     2.2270     0.8719
[1] 26900.0000     0.0000     0.9586    -0.1015     2.0805     1.0279
[1] 27000.0000     0.0000     0.8794    -0.2122     2.0557     0.8948
[1] 27100.0000     0.2006     0.8095     0.0001     1.9129     1.0497
[1] 27200.0000     0.1405     0.8628     0.3351     1.5841     1.0265
[1] 27300.0000     0.0000     0.8270    -0.4229     2.2370     1.1347
[1] 27400.0000     0.0000     0.8182     0.1683     1.7186     1.1040
[1] 27500.0000     0.0000     0.8301     0.4551     1.3854     0.9239
[1] 27600.0000     0.0000     0.8732     0.2716     1.6784     0.9172
[1] 27700.0000     0.0000     0.8768     0.3267     1.6012     1.0202
[1] 2.780e+04 0.000e+00 8.338e-01 4.493e-01 1.386e+00 9.440e-01
[1] 27900.0000     0.7859     0.8904     0.1173     1.7829     0.9276
[1] 28000.0000     0.0000     0.8025    -0.2414     2.1196     0.9240
[1] 28100.0000     0.0000     0.9262     0.2832     1.6018     1.0710
[1] 28200.0000     0.0000     0.9693     0.5184     1.4062     0.8876
[1] 28300.0000     0.0000     0.8845    -0.0920     1.9920     0.9758
[1] 28400.0000     0.7158     0.9594     0.0881     1.8502     0.8105
[1] 28500.0000     0.0000     0.8196    -0.0452     1.8508     0.9155
[1] 28600.0000     0.0001     0.9462    -0.4571     2.1898     0.8650
[1] 28700.0000     0.0000     0.8546    -0.8535     2.7387     0.9787
[1] 28800.0000     0.0277     0.8713     0.0602     1.8723     0.8780
[1] 28900.0000     0.0000     0.9040    -0.1641     1.9520     0.8375
[1] 29000.0000     0.0000     0.8556    -0.0517     1.9970     0.8421
[1] 29100.0000     0.0000     0.9089    -0.2806     2.1967     0.8717
[1] 29200.0000     0.3344     0.9367     0.2287     1.6495     1.1465
[1] 29300.0000     0.1318     0.8846     0.5970     1.2212     0.9328
[1] 29400.0000     0.0035     0.9010     0.2813     1.5601     1.0161
[1] 29500.0000     0.0000     0.8510    -0.4924     2.4119     0.8942
[1] 2.960e+04 6.000e-03 8.335e-01 2.410e-02 1.749e+00 1.194e+00
[1] 29700.0000     0.0007     0.8240     0.0800     1.8643     1.1041
[1] 29800.0000     0.0000     0.8030    -0.2014     2.0917     0.9421
[1] 29900.0000     0.3046     0.9798    -0.0002     1.8671     1.0014
[1] 30000.0000     0.0173     0.8841     0.7222     1.1499     1.0036
[1] 0.1140754
Time difference of 11.70819 hours
null device 
          1 
