[1] "El numero de nodos X particion es: 10"
[1] "Model = M1 / Data = sim_data/datasetSVCMatern12.Rdata"
[1] 100.0000   1.0000   0.8291   0.0484   2.0207   0.9331
[1] 200.0000   1.0000   0.9804  -0.0129   1.9460   1.0297
[1] 300.0000   0.6656   0.8776  -0.1692   1.8887   1.0665
[1] 400.0000   0.1753   0.9217  -0.0527   1.9215   0.9692
[1] 500.0000   0.8897   0.8902  -0.0895   1.8879   0.8863
[1] 600.0000   0.0005   0.8693   0.0456   1.9118   1.0610
[1] 700.0000   1.0000   0.8087  -0.1788   1.8300   1.0605
[1] 800.0000   1.0000   0.8954  -0.0372   1.9379   1.1490
[1] 900.0000   1.0000   0.9357  -0.1490   1.8259   1.0743
[1] 1000.0000    0.2853    0.8257    0.0038    1.9601    0.8662
[1] 1100.0000    0.3629    0.9726   -0.2276    1.7184    1.0201
[1] 1200.0000    0.3213    0.8603   -0.0469    2.0403    0.9164
[1] 1300.0000    0.6237    0.8617   -0.0881    1.9522    1.0550
[1] 1400.0000    0.0002    0.9303   -0.1624    1.9035    1.1894
[1] 1500.0000    0.0002    0.9672   -0.0076    2.0063    1.1986
[1] 1600.0000    0.3839    0.8673    0.0986    2.1096    0.9237
[1] 1700.0000    0.0000    0.9259   -0.0550    1.8610    1.0764
[1] 1800.0000    0.0000    0.9234   -0.1438    1.9798    1.1307
[1] 1900.0000    0.4527    0.9957    0.0656    2.0661    1.1822
[1] 2000.0000    0.2016    0.8432    0.0814    2.0808    1.0611
[1] 2100.0000    0.6448    0.8081   -0.0203    2.0345    0.9300
[1] 2200.0000    0.7979    0.8580    0.0204    1.9787    1.0161
[1] 2300.0000    0.0241    0.8377   -0.0930    1.9325    0.8487
[1] 2400.0000    0.0526    0.9764    0.0589    1.8654    1.0594
[1] 2500.0000    1.0000    0.9002    0.1298    2.0028    1.1531
[1] 2600.0000    0.1816    0.9658   -0.1301    1.9096    1.0023
[1] 2700.0000    0.1033    0.8044   -0.1297    1.9100    1.0835
[1] 2800.0000    0.1867    0.8906   -0.1664    1.9304    0.8787
[1] 2900.0000    0.0052    0.8994   -0.2719    1.7496    1.0050
[1] 3000.0000    0.0178    0.9297    0.1266    2.1155    1.1984
[1] 3100.0000    0.6749    0.8476    0.0176    1.9439    1.1528
[1] 3200.0000    0.0454    0.9371    0.0213    1.9594    1.1278
[1] 3300.0000    0.0001    0.9877   -0.0337    1.8895    0.9428
[1] 3400.0000    0.0003    0.9515   -0.1901    1.6954    1.1198
[1] 3500.0000    1.0000    0.9338    0.0653    2.1436    0.8830
[1] 3600.0000    0.2479    0.8553    0.0874    1.9570    1.1349
[1] 3700.0000    0.0002    0.9950    0.0367    1.9405    1.0085
[1] 3800.0000    0.0000    0.8653   -0.0785    1.8363    0.9884
[1] 3900.0000    0.0078    0.8553   -0.1696    1.8392    1.0542
[1] 4000.0000    0.6431    0.9388   -0.0053    1.8756    0.8131
[1] 4100.0000    0.7017    0.9193    0.2224    2.1485    1.0337
[1] 4200.0000    1.0000    0.8436   -0.0505    2.0064    0.9733
[1] 4300.0000    0.0000    0.9986   -0.0881    1.8801    0.9026
[1] 4400.0000    0.0942    0.9571    0.1185    2.0625    0.9932
[1] 4500.0000    1.0000    0.8410   -0.0417    1.9359    1.1520
[1] 4600.0000    0.0254    0.8039   -0.1252    1.7886    1.1669
[1] 4700.0000    0.0000    0.9709    0.0652    2.0589    1.0444
[1] 4800.0000    0.0227    0.8985   -0.1516    1.8459    0.9827
[1] 4900.0000    0.5918    0.8201    0.2623    2.2366    1.1747
[1] 5000.0000    0.8058    0.9273    0.1834    2.1503    1.0348
[1] 5100.0000    0.2137    0.9679   -0.1710    1.8181    1.1951
[1] 5200.0000    0.0062    0.8350    0.0558    2.1622    1.0935
[1] 5300.0000    1.0000    0.8379   -0.1130    1.8283    1.0434
[1] 5400.0000    1.0000    0.8515   -0.0420    1.9711    1.1120
[1] 5500.0000    0.0007    0.8506   -0.0470    1.8520    1.1979
[1] 5600.0000    0.0524    0.9095   -0.3559    1.7803    0.9324
[1] 5700.0000    0.0841    0.9403   -0.0299    1.8708    0.9236
[1] 5800.0000    0.4480    0.8520    0.0731    2.1015    1.0482
[1] 5900.0000    0.4159    0.8759   -0.1550    1.9036    1.0113
[1] 6000.0000    0.0361    0.8924   -0.0748    1.8678    1.0716
[1] 6100.0000    0.0911    0.9517    0.1711    2.1069    0.9216
[1] 6200.0000    1.0000    0.8336   -0.1599    1.6734    0.9759
[1] 6300.0000    0.0046    0.8959   -0.1189    1.9978    1.1826
[1] 6400.0000    1.0000    0.9022    0.1700    2.0673    0.8332
[1] 6500.0000    1.0000    0.9478   -0.0806    1.8131    1.0656
[1] 6600.0000    0.0060    0.8918   -0.2161    1.8847    1.0184
[1] 6700.0000    0.0019    0.9726   -0.2979    1.7244    1.0730
[1] 6800.0000    0.9740    0.8496    0.0434    2.0610    0.9728
[1] 6900.0000    0.0535    0.8556   -0.1364    1.8433    1.1638
[1] 7000.0000    0.0012    0.9977   -0.0463    1.9256    1.0944
[1] 7100.0000    0.7656    0.8440   -0.0488    1.8803    0.9302
[1] 7200.0000    0.0060    0.8989   -0.0407    1.9618    0.9392
[1] 7300.0000    0.0007    0.8821   -0.0394    2.0028    0.9361
[1] 7400.0000    0.0000    0.8164   -0.1671    1.7279    0.8600
[1] 7500.0000    0.1683    0.9538    0.1572    2.1202    1.0728
[1] 7600.0000    0.0596    0.8332   -0.1070    1.8823    1.0877
[1] 7700.0000    0.0020    0.8552   -0.1853    1.7762    1.0850
[1] 7800.0000    0.0002    0.8139   -0.0953    1.8948    0.8702
[1] 7900.0000    0.8250    0.8037   -0.0253    1.9781    1.1632
[1] 8000.0000    1.0000    0.9186   -0.1477    1.7672    1.0026
[1] 8100.0000    1.0000    0.9280    0.0959    2.0533    1.0020
[1] 8200.0000    0.0000    0.9273    0.0770    1.9989    0.9041
[1] 8300.0000    0.0004    0.8222    0.1680    2.1132    0.8438
[1] 8400.0000    1.0000    0.9278   -0.0489    1.8820    0.8107
[1] 8500.0000    0.0103    0.9939   -0.1520    1.8770    1.0648
[1] 8600.0000    0.3381    0.9214   -0.0630    2.0184    1.0135
[1] 8700.0000    0.2602    0.8293   -0.1150    1.7620    0.8767
[1] 8800.0000    0.6979    0.9324    0.0594    2.0917    0.8066
[1] 8900.0000    0.9715    0.9431   -0.1657    1.8830    1.1381
[1] 9000.0000    0.6417    0.9025    0.0125    1.9203    0.9096
[1] 9100.0000    0.3317    0.9538    0.0303    2.0010    1.0939
[1] 9200.0000    0.6729    0.9069   -0.0501    2.0252    1.1995
[1] 9300.0000    0.0003    0.9856    0.0253    1.9611    1.1370
[1] 9400.0000    0.1932    0.8458    0.1048    1.9957    1.0091
[1] 9500.0000    0.0000    0.9329   -0.1155    1.9569    0.8817
[1] 9600.0000    0.8965    0.9566   -0.1363    1.8784    1.1182
[1] 9700.0000    0.2435    0.8614   -0.0105    1.9909    0.9692
[1] 9800.0000    0.0849    0.8196    0.0126    1.9198    0.9680
[1] 9900.0000    0.0000    0.8466    0.1579    2.0662    0.8248
[1] 10000.0000     1.0000     0.8618    -0.2928     1.6488     0.8032
[1] 10100.0000     1.0000     0.9049     0.0438     2.0041     1.0751
[1] 10200.0000     0.0005     0.9106    -0.1590     1.7678     1.0967
[1] 10300.0000     0.0230     0.8120     0.1111     2.0047     0.8804
[1] 10400.0000     0.0072     0.8213     0.0072     2.0073     1.0055
[1] 10500.0000     1.0000     0.8159     0.1708     2.0568     1.1284
[1] 10600.0000     0.0229     0.9579     0.0507     2.0990     1.1829
[1] 10700.0000     0.0001     0.8531     0.0573     2.0478     0.8181
[1] 10800.0000     0.6100     0.9785     0.1137     2.1227     1.1554
[1] 10900.0000     0.0000     0.8264    -0.1629     1.9863     1.1140
[1] 11000.0000     0.4504     0.8012    -0.0408     2.0094     0.9407
[1] 11100.0000     0.0001     0.8902     0.2587     2.2836     0.9114
[1] 11200.0000     0.8947     0.9412    -0.1151     1.9664     0.8257
[1] 11300.0000     1.0000     0.9738    -0.0271     1.9055     1.1215
[1] 11400.0000     1.0000     0.9866    -0.0410     1.9290     0.8664
[1] 11500.0000     0.0000     0.9311    -0.1046     1.9032     0.8792
[1] 11600.0000     0.6488     0.9382    -0.3671     1.6451     0.8033
[1] 11700.0000     0.5496     0.9810    -0.2049     1.8436     0.9386
[1] 11800.0000     0.0050     0.9849    -0.0918     1.7872     1.0283
[1] 11900.0000     0.5994     0.8272     0.0659     1.9972     0.8962
[1] 12000.0000     0.0116     0.8543    -0.1109     1.8707     1.1591
[1] 12100.0000     0.0355     0.9452    -0.0719     1.9754     0.8400
[1] 12200.0000     1.0000     0.8496    -0.0958     1.8619     0.8460
[1] 12300.0000     0.1075     0.9007     0.0005     1.9582     1.0908
[1] 12400.0000     0.8932     0.8046    -0.1537     1.7765     0.8797
[1] 12500.0000     0.0844     0.9304     0.0573     2.0287     1.0160
[1] 12600.0000     0.1415     0.9564     0.0419     1.8665     1.1675
[1] 12700.0000     0.0000     0.9486     0.1386     2.1002     0.8166
[1] 12800.0000     0.0000     0.9108    -0.2984     1.6130     1.0765
[1] 12900.0000     0.0161     0.8554    -0.4073     1.6275     0.9712
[1] 13000.0000     0.0099     0.8840    -0.0389     1.8835     1.1100
[1] 13100.0000     0.0000     0.9404    -0.1028     1.9367     0.9822
[1] 13200.0000     0.0005     0.9589    -0.1873     1.7204     1.1555
[1] 13300.0000     0.6591     0.8522     0.1522     2.0558     1.0074
[1] 13400.0000     0.0000     0.9801     0.0644     1.9885     1.0073
[1] 13500.0000     0.0000     0.8240     0.0309     2.0527     1.0099
[1] 13600.0000     0.0030     0.8917    -0.0558     1.7739     1.0301
[1] 13700.0000     1.0000     0.8314    -0.0498     1.9354     0.8589
[1] 13800.0000     0.0000     0.8418    -0.1361     1.8033     1.1127
[1] 13900.0000     0.6011     0.8125    -0.0532     1.9075     1.1546
[1] 14000.0000     1.0000     0.9598    -0.0572     1.8463     0.8043
[1] 14100.0000     0.0001     0.9236     0.0772     2.0496     0.9106
[1] 14200.0000     0.0448     0.9171     0.0149     1.9478     0.8964
[1] 14300.0000     0.0091     0.8359    -0.2177     1.8262     1.0907
[1] 14400.0000     1.0000     0.8984    -0.0590     1.9075     1.1866
[1] 14500.0000     0.0013     0.8302    -0.0323     1.9894     1.1813
[1] 14600.0000     0.0000     0.8329     0.0151     2.0204     0.9630
[1] 14700.0000     0.8116     0.8840    -0.1270     1.8733     1.0394
[1] 14800.0000     0.0000     0.8106    -0.2148     1.8480     1.0978
[1] 14900.0000     0.4778     0.9850    -0.0428     1.9728     1.1438
[1] 15000.0000     0.0000     0.9486    -0.2030     1.7566     0.9418
[1] 15100.0000     0.0058     0.9112    -0.0236     1.9602     1.0503
[1] 15200.0000     0.1290     0.9135    -0.0998     1.8536     0.9942
[1] 15300.0000     0.0489     0.8296     0.0360     2.0782     1.1944
[1] 15400.0000     0.7047     0.9829    -0.0744     1.9961     1.0368
[1] 15500.0000     0.6803     0.9013     0.1508     2.0070     1.0728
[1] 15600.0000     1.0000     0.9912    -0.0636     1.9428     1.0551
[1] 15700.0000     0.0000     0.9705     0.2159     2.1367     0.8969
[1] 15800.0000     0.0046     0.9670    -0.1372     1.7889     1.0411
[1] 15900.0000     0.0000     0.9524    -0.0830     1.9537     1.0855
[1] 16000.0000     0.9066     0.9761    -0.2023     1.8475     1.0600
[1] 16100.0000     0.2722     0.9477    -0.1461     1.9851     0.9420
[1] 16200.0000     1.0000     0.8455    -0.0178     1.9586     1.0509
[1] 16300.0000     1.0000     0.9029     0.0392     1.9245     1.0365
[1] 16400.0000     1.0000     0.8844    -0.0056     1.9071     1.1913
[1] 16500.0000     0.0904     0.9894    -0.0662     1.9277     0.9222
[1] 16600.0000     1.0000     0.9292    -0.1703     1.8586     1.0485
[1] 16700.0000     0.2936     0.8804     0.0843     2.0754     1.1815
[1] 16800.0000     0.0533     0.8165    -0.3010     1.6763     1.0376
[1] 16900.0000     0.1843     0.8221    -0.0708     1.8682     1.1575
[1] 1.700e+04 8.273e-01 8.355e-01 3.830e-02 2.029e+00 9.526e-01
[1] 17100.0000     0.0316     0.9483     0.2248     2.1852     0.9775
[1] 17200.0000     0.1865     0.9497    -0.1992     1.7666     0.8252
[1] 17300.0000     0.2756     0.8396    -0.2915     1.7956     1.0131
[1] 17400.0000     0.6895     0.9623     0.1247     2.1724     1.1696
[1] 17500.0000     1.0000     0.9645    -0.1573     1.8031     0.9956
[1] 17600.0000     0.0141     0.9193     0.0094     1.9373     0.8193
[1] 17700.0000     0.0107     0.9492    -0.1242     1.8075     0.8897
[1] 17800.0000     1.0000     0.9968     0.0045     1.9633     0.8268
[1] 17900.0000     0.0008     0.8644    -0.0734     1.9540     1.0507
[1] 18000.0000     1.0000     0.9109    -0.0172     2.0084     0.8712
[1] 18100.0000     0.0050     0.9137     0.0201     2.0373     0.9014
[1] 18200.0000     1.0000     0.8073     0.1677     2.1179     0.9256
[1] 18300.0000     0.0023     0.9706    -0.1072     1.9444     1.1685
[1] 18400.0000     0.0005     0.9243    -0.3126     1.7844     1.1066
[1] 18500.0000     0.0917     0.9072    -0.0573     1.9611     1.0082
[1] 18600.0000     0.0118     0.8932    -0.0651     2.0103     0.8460
[1] 18700.0000     0.2714     0.9071     0.1374     2.1578     1.1143
[1] 18800.0000     0.0052     0.9415     0.0585     2.1378     0.8205
[1] 18900.0000     0.0007     0.9734    -0.0178     1.9402     1.0104
[1] 19000.0000     1.0000     0.8087     0.0832     2.1714     1.1060
[1] 19100.0000     0.0246     0.8142    -0.0652     1.9216     1.0716
[1] 19200.0000     1.0000     0.8319    -0.0126     1.8678     1.0132
[1] 19300.0000     0.0985     0.8940     0.0461     2.0218     1.1248
[1] 19400.0000     0.4867     0.8040    -0.0423     1.8592     1.1551
[1] 19500.0000     0.0025     0.8243     0.1617     2.1138     0.8751
[1] 19600.0000     0.0523     0.9711     0.0614     2.1196     1.0171
[1] 19700.0000     0.0707     0.8143     0.0402     2.0253     0.8081
[1] 19800.0000     0.1899     0.8317     0.1493     2.1319     1.0742
[1] 19900.0000     0.2053     0.9981     0.1846     2.2136     1.0280
[1] 20000.0000     0.0081     0.9729    -0.1501     1.8163     0.8904
[1] 20100.0000     0.0000     0.8622     0.1509     2.1167     0.8640
[1] 2.020e+04 1.000e+00 9.840e-01 2.560e-02 2.053e+00 1.138e+00
[1] 20300.0000     0.0261     0.9533    -0.2227     1.7835     0.8784
[1] 20400.0000     1.0000     0.8446    -0.0248     1.9098     1.0333
[1] 20500.0000     0.0254     0.9905    -0.0430     1.9314     1.0353
[1] 20600.0000     0.1959     0.9963     0.0273     2.0251     0.8156
[1] 20700.0000     0.8207     0.8107     0.2321     2.1323     1.0874
[1] 20800.0000     1.0000     0.9981     0.1209     2.1777     1.0246
[1] 20900.0000     0.0000     0.8352    -0.0840     1.9364     0.8133
[1] 21000.0000     0.1870     0.8708    -0.1582     1.8716     1.1617
[1] 21100.0000     0.1009     0.9291    -0.0365     1.9289     1.1428
[1] 21200.0000     1.0000     0.9611     0.0329     2.0302     0.8029
[1] 21300.0000     0.0004     0.8214    -0.0309     1.8254     1.0391
[1] 21400.0000     0.7386     0.8276    -0.1072     1.9074     0.8233
[1] 21500.0000     0.0024     0.8906     0.0075     1.9964     0.8206
[1] 21600.0000     1.0000     0.9634    -0.0535     1.9934     0.9473
[1] 21700.0000     0.1030     0.9973    -0.2100     1.7737     0.9605
[1] 21800.0000     0.5506     0.8778     0.1569     2.2319     1.0685
[1] 21900.0000     0.4906     0.9598     0.0517     2.0821     0.8497
[1] 22000.0000     0.1689     0.8850     0.0670     1.9715     0.9555
[1] 22100.0000     0.0711     0.8953    -0.0388     1.9379     0.9321
[1] 22200.0000     0.1879     0.8918    -0.1623     1.8947     1.1042
[1] 22300.0000     0.0270     0.9726    -0.1959     1.9744     0.8521
[1] 22400.0000     1.0000     0.9971     0.0731     2.0753     0.9354
[1] 22500.0000     0.0012     0.8239    -0.0202     2.0294     1.1368
[1] 22600.0000     0.0005     0.8006    -0.0719     1.9104     0.8902
[1] 22700.0000     0.0001     0.8271    -0.1481     1.8427     1.1968
[1] 22800.0000     0.3995     0.8972    -0.2169     1.6894     1.0231
[1] 22900.0000     0.2804     0.8804    -0.1501     1.8344     0.9211
[1] 23000.0000     0.0000     0.9955     0.2107     2.1022     0.9113
[1] 23100.0000     0.3332     0.8119     0.1511     2.0732     1.0551
[1] 23200.0000     0.0322     0.8437     0.1015     2.1316     0.8877
[1] 2.330e+04 1.000e-04 9.727e-01 6.910e-02 2.076e+00 9.482e-01
[1] 23400.0000     0.4275     0.8888     0.0946     1.9701     1.0444
[1] 23500.0000     0.1526     0.8245     0.0158     2.0015     0.8555
[1] 23600.0000     0.9985     0.8573    -0.1320     1.9451     0.9429
[1] 23700.0000     0.1087     0.9977    -0.2089     1.7739     0.9083
[1] 23800.0000     1.0000     0.9299    -0.0790     1.7895     1.0580
[1] 23900.0000     0.6116     0.9920     0.0631     1.9756     1.0485
[1] 24000.0000     1.0000     0.9239     0.0803     2.0566     0.9362
[1] 24100.0000     1.0000     0.9214    -0.0519     2.0033     0.8541
[1] 24200.0000     0.0967     0.8467    -0.1786     1.8699     0.8230
[1] 24300.0000     0.1891     0.9595    -0.0834     1.9040     0.9607
[1] 24400.0000     0.0912     0.8950    -0.1016     1.8616     0.9027
[1] 24500.0000     0.0228     0.8969    -0.0106     1.9856     1.0480
[1] 24600.0000     0.0000     0.9866    -0.1582     1.8722     1.1519
[1] 24700.0000     0.6633     0.9195    -0.1717     1.7538     0.8781
[1] 24800.0000     0.0000     0.8460    -0.0685     1.8927     0.9489
[1] 24900.0000     0.0179     0.9802    -0.1908     1.9012     0.9496
[1] 25000.0000     1.0000     0.8801     0.0873     2.1046     0.8235
[1] 25100.0000     0.3003     0.8622     0.0073     1.9733     0.8281
[1] 25200.0000     0.3332     0.9240    -0.0509     1.9515     1.1619
[1] 25300.0000     0.0002     0.9779    -0.1017     1.9387     0.8977
[1] 25400.0000     0.0717     0.9183    -0.3704     1.6355     1.0450
[1] 25500.0000     0.2384     0.8147    -0.0653     1.9013     1.1844
[1] 2.560e+04 6.000e-02 9.926e-01 4.010e-02 2.028e+00 9.855e-01
[1] 25700.0000     0.2244     0.8976    -0.2481     1.7821     0.9408
[1] 25800.0000     0.0121     0.9689     0.0322     2.0402     1.1962
[1] 25900.0000     0.0003     0.8683     0.1048     1.9794     0.8098
[1] 26000.0000     1.0000     0.9492    -0.0611     1.8833     1.0058
[1] 26100.0000     0.0756     0.9326    -0.0410     1.9990     1.0189
[1] 26200.0000     0.5432     0.8601     0.0037     2.0705     0.9041
[1] 26300.0000     0.9544     0.8623    -0.2694     1.8228     1.0835
[1] 26400.0000     0.0669     0.8855     0.2153     2.0622     1.0131
[1] 26500.0000     0.0576     0.8034    -0.3312     1.6710     1.1338
[1] 26600.0000     0.3948     0.8720    -0.1861     1.7863     0.9170
[1] 26700.0000     0.0279     0.9721    -0.1138     1.9088     0.8075
[1] 26800.0000     0.0157     0.8697    -0.0862     1.8729     1.1281
[1] 26900.0000     0.0025     0.9241     0.1802     2.1431     1.0646
[1] 27000.0000     1.0000     0.8977     0.1420     2.1347     0.8661
[1] 27100.0000     0.0072     0.8095    -0.0166     1.8963     1.0497
[1] 27200.0000     0.0201     0.8304     0.0068     2.0329     0.8580
[1] 27300.0000     0.0017     0.9608    -0.1112     1.8452     0.8492
[1] 27400.0000     0.2399     0.8806    -0.1770     1.7375     1.0468
[1] 27500.0000     1.0000     0.8366    -0.0154     1.9448     1.0805
[1] 27600.0000     0.0026     0.8069     0.0324     1.9778     0.9996
[1] 27700.0000     0.0652     0.8620     0.1449     2.2170     1.0941
[1] 27800.0000     0.0000     0.8358     0.1662     2.1258     1.1051
[1] 27900.0000     0.5367     0.8774     0.0771     2.0321     1.0564
[1] 28000.0000     0.0000     0.9003    -0.0395     1.9595     0.9918
[1] 28100.0000     0.0000     0.9262    -0.1218     1.9090     1.0710
[1] 28200.0000     0.6936     0.9271     0.1255     2.0855     0.9591
[1] 28300.0000     0.0375     0.8510    -0.0359     1.8927     0.8048
[1] 28400.0000     0.6857     0.9594    -0.0559     1.8728     0.8105
[1] 28500.0000     1.0000     0.8206     0.0946     2.1227     1.0447
[1] 28600.0000     0.0001     0.9775    -0.0028     2.0136     0.9079
[1] 28700.0000     0.1286     0.8497    -0.0605     1.8735     1.1155
[1] 28800.0000     0.8922     0.9743    -0.0785     1.9726     0.8723
[1] 28900.0000     0.3626     0.8662    -0.1704     1.8869     0.8550
[1] 29000.0000     0.1091     0.9692    -0.0097     1.9522     0.9910
[1] 29100.0000     0.0197     0.9156    -0.0004     1.9802     0.8172
[1] 29200.0000     0.0000     0.9367    -0.2277     1.6365     1.1465
[1] 29300.0000     0.0263     0.9749    -0.0431     1.8804     0.9782
[1] 29400.0000     0.0400     0.9512    -0.0173     1.8872     1.1262
[1] 29500.0000     0.0000     0.9711    -0.1909     1.8265     0.9025
[1] 29600.0000     0.1062     0.8135     0.0991     2.0336     0.8030
[1] 29700.0000     0.0170     0.9571    -0.0876     1.8573     0.9736
[1] 29800.0000     0.6580     0.8701     0.0106     2.0536     0.8024
[1] 29900.0000     0.7994     0.9798     0.0028     1.9405     1.0014
[1] 30000.0000     0.0200     0.9561    -0.0054     1.9072     1.0811
[1] 0.348906
Time difference of 4.603255 hours
null device 
          1 
