[1] "El numero de nodos X particion es: 10"
[1] "Model = M2 / Data = sim_data/datasetSVCExponential21.Rdata"
[1] 100.0000   0.0000   0.8732   0.0073   2.6078   0.9660
[1] 200.0000   0.0000   0.8487   0.0406   2.4991   0.8384
[1] 300.0000   0.1220   0.8776   0.4146   2.7407   1.0665
[1] 400.0000   0.0000   0.9739   0.3828   2.6450   0.9991
[1] 500.0000   0.0013   0.8922   0.4075   2.7466   1.0611
[1] 600.0000   0.0001   0.9961   0.4398   2.6410   0.8861
[1] 700.0000   0.0239   0.9315   0.4582   2.7405   1.1042
[1] 800.0000   1.0000   0.8954   0.4440   2.6686   1.1490
[1] 900.0000   0.4167   0.9357   0.3481   2.7652   1.0743
[1] 1000.0000    0.0000    0.8209    0.4135    2.5959    0.9374
[1] 1100.0000    0.0088    0.9750    0.3567    2.6587    0.9937
[1] 1200.0000    0.0307    0.8467    0.4181    2.6180    1.0747
[1] 1300.0000    0.3316    0.8617    0.3210    2.6357    1.0550
[1] 1400.0000    0.0000    0.8624    0.3460    2.5659    0.9686
[1] 1500.0000    0.0000    0.9672    0.4161    2.6094    1.1986
[1] 1600.0000    0.0009    0.8099    0.4045    2.6919    1.0178
[1] 1700.0000    0.0061    0.9419    0.3843    2.6774    1.0966
[1] 1800.0000    0.0000    0.9234    0.5303    2.7130    1.1307
[1] 1900.0000    0.5940    0.9957    0.3517    2.5875    1.1822
[1] 2000.0000    1.0000    0.8107    0.3648    2.5972    0.8113
[1] 2100.0000    0.0001    0.9372    0.4537    2.5522    0.8634
[1] 2200.0000    0.1593    0.8580    0.4345    2.6327    1.0161
[1] 2300.0000    0.0538    0.8377    0.3889    2.6470    0.8487
[1] 2400.0000    0.0223    0.9355    0.4706    2.6786    1.1578
[1] 2500.0000    0.6580    0.9002    0.4823    2.5746    1.1531
[1] 2600.0000    0.0014    0.9109    0.4162    2.5965    1.0545
[1] 2700.0000    0.7077    0.8044    0.2920    2.5810    1.0835
[1] 2800.0000    0.4082    0.8906    0.3264    2.6459    0.8787
[1] 2900.0000    0.0099    0.8994    0.3723    2.5965    1.0050
[1] 3000.0000    0.0216    0.9425    0.4228    2.6366    1.0830
[1] 3100.0000    0.0686    0.8476    0.3957    2.6089    1.1528
[1] 3200.0000    0.0247    0.8475    0.5035    2.6205    0.8444
[1] 3300.0000    0.0059    0.9877    0.3702    2.5493    0.9428
[1] 3400.0000    0.0009    0.9515    0.4232    2.4626    1.1198
[1] 3500.0000    1.0000    0.9338    0.4987    2.5837    0.8830
[1] 3600.0000    0.1301    0.9027    0.3681    2.6568    1.1569
[1] 3700.0000    0.0172    0.9950    0.4894    2.6361    1.0085
[1] 3800.0000    0.0093    0.8653    0.3511    2.5497    0.9884
[1] 3900.0000    0.0210    0.8514    0.3844    2.6487    1.1876
[1] 4000.0000    1.0000    0.9388    0.4310    2.5644    0.8131
[1] 4100.0000    0.2020    0.8706    0.4486    2.6430    0.9194
[1] 4200.0000    0.2240    0.9756    0.4337    2.6126    0.9752
[1] 4300.0000    0.0243    0.9986    0.5006    2.6328    0.9026
[1] 4400.0000    0.0101    0.9571    0.5112    2.7307    0.9932
[1] 4500.0000    0.4873    0.8410    0.3950    2.7384    1.1520
[1] 4600.0000    1.0000    0.8859    0.3524    2.5770    0.9442
[1] 4700.0000    0.0008    0.9516    0.3715    2.6129    1.1937
[1] 4800.0000    0.0015    0.8985    0.4200    2.6249    0.9827
[1] 4900.0000    0.0817    0.9222    0.4559    2.7335    0.9837
[1] 5000.0000    1.0000    0.9273    0.3592    2.6179    1.0348
[1] 5100.0000    0.1991    0.9679    0.4362    2.6168    1.1951
[1] 5200.0000    0.0107    0.8350    0.4066    2.7372    1.0935
[1] 5300.0000    1.0000    0.8379    0.3640    2.5689    1.0434
[1] 5400.0000    1.0000    0.8515    0.3749    2.5831    1.1120
[1] 5500.0000    0.0048    0.8506    0.4611    2.5883    1.1979
[1] 5600.0000    0.0277    0.9095    0.3458    2.7089    0.9324
[1] 5700.0000    0.4041    0.9403    0.4140    2.6090    0.9236
[1] 5800.0000    1.0000    0.8520    0.3723    2.6790    1.0482
[1] 5900.0000    0.9936    0.8759    0.3621    2.5937    1.0113
[1] 6000.0000    0.4374    0.8325    0.3066    2.6067    0.8825
[1] 6100.0000    0.0005    0.9025    0.5503    2.6414    0.9119
[1] 6200.0000    0.3574    0.8336    0.5619    2.5211    0.9759
[1] 6300.0000    0.0448    0.9569    0.4222    2.6645    0.8080
[1] 6400.0000    0.4952    0.9022    0.3822    2.5540    0.8332
[1] 6500.0000    0.8981    0.9478    0.4279    2.5677    1.0656
[1] 6600.0000    0.0025    0.8918    0.3062    2.6117    1.0184
[1] 6700.0000    0.0182    0.8229    0.4834    2.6025    1.0410
[1] 6800.0000    0.7067    0.9525    0.3300    2.5710    0.9997
[1] 6900.0000    0.2988    0.9401    0.3602    2.5333    0.9220
[1] 7000.0000    0.0120    0.9977    0.4027    2.6261    1.0944
[1] 7100.0000    1.0000    0.8440    0.4209    2.6781    0.9302
[1] 7200.0000    0.0001    0.8343    0.4904    2.5756    0.9512
[1] 7300.0000    0.0769    0.8821    0.3707    2.6434    0.9361
[1] 7400.0000    0.0043    0.8164    0.3460    2.5860    0.8600
[1] 7500.0000    0.3276    0.9538    0.5083    2.5829    1.0728
[1] 7600.0000    0.3712    0.8898    0.3976    2.5349    1.1032
[1] 7700.0000    0.1363    0.9975    0.3783    2.5960    1.1871
[1] 7800.0000    0.0062    0.9829    0.4360    2.5808    1.0003
[1] 7900.0000    0.1954    0.8037    0.4212    2.5903    1.1632
[1] 8000.0000    0.0580    0.9309    0.4227    2.5550    1.0835
[1] 8100.0000    0.0124    0.8882    0.4435    2.6436    1.0500
[1] 8200.0000    0.0306    0.8989    0.3812    2.6327    1.1363
[1] 8300.0000    0.0840    0.8896    0.4571    2.7109    1.1748
[1] 8400.0000    0.0611    0.8563    0.3644    2.6741    1.0967
[1] 8500.0000    0.0166    0.9438    0.3626    2.5800    1.0608
[1] 8600.0000    0.3528    0.9214    0.3217    2.6902    1.0135
[1] 8700.0000    1.0000    0.8293    0.4043    2.6127    0.8767
[1] 8800.0000    0.6439    0.9324    0.4291    2.6922    0.8066
[1] 8900.0000    1.0000    0.9431    0.3704    2.6181    1.1381
[1] 9000.0000    0.0010    0.9878    0.4138    2.5502    1.0272
[1] 9100.0000    0.3656    0.8799    0.4563    2.5939    0.8591
[1] 9200.0000    1.0000    0.9069    0.3713    2.6113    1.1995
[1] 9300.0000    0.0052    0.8689    0.4487    2.6567    0.9976
[1] 9400.0000    0.7157    0.8662    0.4882    2.5938    0.8284
[1] 9500.0000    0.0016    0.8817    0.4049    2.6589    1.0875
[1] 9600.0000    0.5868    0.9566    0.3269    2.6282    1.1182
[1] 9700.0000    0.0432    0.8918    0.4731    2.5705    0.8845
[1] 9800.0000    0.1018    0.9462    0.4284    2.5970    1.1275
[1] 9900.0000    0.0000    0.9529    0.4567    2.5619    0.9335
[1] 10000.0000     1.0000     0.8618     0.3324     2.5717     0.8032
[1] 10100.0000     1.0000     0.9049     0.4257     2.6546     1.0751
[1] 1.020e+04 1.000e+00 9.808e-01 3.375e-01 2.646e+00 8.342e-01
[1] 10300.0000     0.3383     0.8120     0.4301     2.5727     0.8804
[1] 1.040e+04 0.000e+00 9.274e-01 3.491e-01 2.625e+00 8.733e-01
[1] 10500.0000     1.0000     0.8159     0.4601     2.6289     1.1284
[1] 10600.0000     1.0000     0.8189     0.4264     2.5806     1.1530
[1] 10700.0000     0.4584     0.8531     0.3401     2.6328     0.8181
[1] 10800.0000     0.6879     0.9785     0.4326     2.6165     1.1554
[1] 10900.0000     0.0275     0.8264     0.4152     2.7098     1.1140
[1] 11000.0000     0.4108     0.8012     0.4320     2.7216     0.9407
[1] 11100.0000     0.0101     0.8902     0.4621     2.7537     0.9114
[1] 1.120e+04 1.000e+00 9.412e-01 3.814e-01 2.656e+00 8.257e-01
[1] 11300.0000     0.6164     0.9738     0.3520     2.5968     1.1215
[1] 11400.0000     0.7121     0.8271     0.4098     2.5898     1.1322
[1] 1.150e+04 1.000e-03 9.311e-01 3.349e-01 2.603e+00 8.792e-01
[1] 11600.0000     1.0000     0.9382     0.3665     2.4814     0.8033
[1] 11700.0000     0.9296     0.9810     0.4295     2.5982     0.9386
[1] 11800.0000     0.0013     0.8440     0.4388     2.6074     0.8198
[1] 11900.0000     0.2974     0.8272     0.4491     2.6149     0.8962
[1] 12000.0000     1.0000     0.9595     0.3595     2.6163     1.1960
[1] 12100.0000     0.3739     0.8653     0.3762     2.6413     1.1380
[1] 1.220e+04 1.000e+00 8.496e-01 3.943e-01 2.602e+00 8.460e-01
[1] 12300.0000     0.3618     0.9623     0.4312     2.5984     1.1420
[1] 12400.0000     1.0000     0.8046     0.3071     2.5531     0.8797
[1] 12500.0000     0.0529     0.9120     0.5008     2.6144     1.1259
[1] 12600.0000     1.0000     0.9564     0.3590     2.6204     1.1675
[1] 12700.0000     0.0000     0.9614     0.3737     2.7988     0.8958
[1] 12800.0000     0.0410     0.9108     0.4220     2.6469     1.0765
[1] 12900.0000     0.2835     0.8554     0.3213     2.5544     0.9712
[1] 13000.0000     0.0372     0.8840     0.4921     2.5866     1.1100
[1] 13100.0000     0.2467     0.9404     0.3867     2.6012     0.9822
[1] 13200.0000     0.4155     0.9589     0.3645     2.5604     1.1555
[1] 13300.0000     0.4732     0.8522     0.4888     2.6587     1.0074
[1] 13400.0000     0.0140     0.9485     0.4293     2.5578     1.0271
[1] 13500.0000     0.0009     0.8240     0.4164     2.6963     1.0099
[1] 13600.0000     0.0338     0.8917     0.4337     2.5516     1.0301
[1] 13700.0000     1.0000     0.8314     0.3745     2.6324     0.8589
[1] 13800.0000     1.0000     0.8254     0.4772     2.5894     0.9444
[1] 13900.0000     1.0000     0.8104     0.4131     2.5585     0.8994
[1] 14000.0000     1.0000     0.9598     0.4198     2.5826     0.8043
[1] 14100.0000     0.0002     0.9236     0.5137     2.7396     0.9106
[1] 14200.0000     0.1164     0.9171     0.4756     2.6753     0.8964
[1] 14300.0000     0.2857     0.9874     0.3335     2.7106     0.9095
[1] 14400.0000     1.0000     0.8984     0.4029     2.6301     1.1866
[1] 14500.0000     0.4957     0.9833     0.5089     2.6017     1.1771
[1] 1.460e+04 6.900e-03 8.329e-01 4.130e-01 2.645e+00 9.630e-01
[1] 14700.0000     0.6435     0.8840     0.3938     2.5494     1.0394
[1] 14800.0000     0.0004     0.8106     0.3529     2.6106     1.0978
[1] 14900.0000     0.8730     0.9485     0.3926     2.6508     1.1960
[1] 15000.0000     0.0002     0.9486     0.4206     2.6054     0.9418
[1] 15100.0000     0.6381     0.9112     0.3619     2.6161     1.0503
[1] 15200.0000     0.2240     0.9896     0.5109     2.6808     1.1186
[1] 15300.0000     1.0000     0.8282     0.3816     2.6047     1.1177
[1] 15400.0000     1.0000     0.9829     0.4444     2.6393     1.0368
[1] 15500.0000     0.6657     0.9423     0.4516     2.6212     0.8091
[1] 15600.0000     1.0000     0.9912     0.4454     2.5979     1.0551
[1] 15700.0000     1.0000     0.9225     0.5191     2.6205     0.9294
[1] 15800.0000     0.5122     0.9774     0.5123     2.6793     1.1822
[1] 15900.0000     0.1047     0.9524     0.4850     2.6950     1.0855
[1] 16000.0000     0.4817     0.9761     0.3270     2.6145     1.0600
[1] 16100.0000     0.0884     0.8350     0.4688     2.6098     1.1328
[1] 16200.0000     1.0000     0.8455     0.4017     2.6116     1.0509
[1] 16300.0000     1.0000     0.9029     0.4136     2.6238     1.0365
[1] 16400.0000     0.6216     0.8844     0.4469     2.5313     1.1913
[1] 16500.0000     0.8356     0.9407     0.3751     2.6434     0.9877
[1] 16600.0000     0.3139     0.8568     0.3471     2.6603     1.0645
[1] 16700.0000     0.4488     0.9070     0.3207     2.5929     1.1930
[1] 16800.0000     0.5960     0.9593     0.3302     2.5707     0.8375
[1] 16900.0000     0.2377     0.8221     0.4437     2.6344     1.1575
[1] 17000.0000     0.3706     0.8119     0.4509     2.6051     0.9369
[1] 17100.0000     0.0221     0.9262     0.5608     2.5553     0.9696
[1] 17200.0000     0.5579     0.9497     0.3734     2.5929     0.8252
[1] 17300.0000     0.5260     0.8396     0.2983     2.6016     1.0131
[1] 17400.0000     0.5504     0.9623     0.4095     2.7766     1.1696
[1] 17500.0000     1.0000     0.9645     0.4314     2.5575     0.9956
[1] 17600.0000     0.0973     0.9193     0.4000     2.6147     0.8193
[1] 17700.0000     0.0057     0.8794     0.4121     2.4794     0.9707
[1] 17800.0000     1.0000     0.9968     0.4106     2.6292     0.8268
[1] 17900.0000     0.0228     0.9291     0.3422     2.6763     0.9192
[1] 18000.0000     0.7023     0.9109     0.4984     2.6298     0.8712
[1] 1.810e+04 5.920e-02 9.137e-01 4.011e-01 2.629e+00 9.014e-01
[1] 18200.0000     0.2107     0.8127     0.4536     2.6344     0.8547
[1] 18300.0000     0.2105     0.9706     0.4007     2.6779     1.1685
[1] 18400.0000     0.0000     0.9243     0.2936     2.6167     1.1066
[1] 18500.0000     1.0000     0.8751     0.4354     2.6466     0.8892
[1] 18600.0000     0.2122     0.8932     0.5544     2.7215     0.8460
[1] 1.870e+04 7.330e-02 8.306e-01 4.107e-01 2.591e+00 9.156e-01
[1] 18800.0000     0.5172     0.9134     0.4233     2.6709     1.0933
[1] 18900.0000     0.2082     0.9734     0.3625     2.5852     1.0104
[1] 19000.0000     1.0000     0.8087     0.3762     2.6955     1.1060
[1] 19100.0000     0.3996     0.9272     0.3372     2.7104     0.8583
[1] 19200.0000     0.1837     0.9220     0.3424     2.4799     1.1567
[1] 19300.0000     0.2425     0.9020     0.3102     2.6551     1.0537
[1] 19400.0000     1.0000     0.8507     0.4129     2.6222     0.9744
[1] 19500.0000     0.0203     0.9633     0.4200     2.5727     1.1823
[1] 19600.0000     0.8429     0.8237     0.4100     2.6431     0.8717
[1] 19700.0000     0.4783     0.8293     0.4606     2.5641     1.0022
[1] 19800.0000     0.3564     0.9869     0.3903     2.6564     0.9076
[1] 19900.0000     0.4711     0.9981     0.4053     2.7237     1.0280
[1] 20000.0000     0.8918     0.9605     0.4717     2.6455     0.8244
[1] 2.010e+04 1.000e-04 8.622e-01 4.368e-01 2.716e+00 8.640e-01
[1] 20200.0000     0.1670     0.9282     0.3148     2.6211     0.9678
[1] 20300.0000     1.0000     0.9019     0.2842     2.6272     1.0263
[1] 20400.0000     0.9372     0.8446     0.3907     2.6063     1.0333
[1] 20500.0000     0.2263     0.8964     0.3990     2.6332     1.1285
[1] 20600.0000     0.4801     0.9169     0.3753     2.7071     1.1057
[1] 20700.0000     0.8313     0.8107     0.5054     2.6850     1.0874
[1] 20800.0000     1.0000     0.9981     0.3927     2.7167     1.0246
[1] 20900.0000     0.0386     0.9072     0.4240     2.6191     1.0199
[1] 21000.0000     0.0359     0.8708     0.4596     2.5383     1.1617
[1] 21100.0000     0.0176     0.8745     0.3586     2.6074     0.8760
[1] 21200.0000     1.0000     0.9611     0.3646     2.6026     0.8029
[1] 21300.0000     0.2447     0.8214     0.4069     2.5205     1.0391
[1] 21400.0000     0.9060     0.8276     0.4563     2.6385     0.8233
[1] 21500.0000     0.3330     0.8291     0.4855     2.5752     1.0581
[1] 21600.0000     0.9721     0.9634     0.3229     2.6146     0.9473
[1] 21700.0000     0.1059     0.9973     0.3552     2.5281     0.9605
[1] 21800.0000     0.8993     0.8733     0.4406     2.6425     1.1912
[1] 21900.0000     0.5675     0.9598     0.4306     2.6967     0.8497
[1] 22000.0000     0.8732     0.8874     0.4591     2.5572     1.0182
[1] 2.210e+04 1.096e-01 8.953e-01 3.567e-01 2.604e+00 9.321e-01
[1] 22200.0000     0.7013     0.8579     0.3682     2.5763     0.8534
[1] 22300.0000     0.4254     0.9726     0.2918     2.6384     0.8521
[1] 22400.0000     0.5675     0.8145     0.3433     2.6225     0.8604
[1] 22500.0000     0.4241     0.8933     0.4233     2.6822     1.0721
[1] 22600.0000     0.0866     0.8006     0.4120     2.6746     0.8902
[1] 22700.0000     0.0126     0.8271     0.3372     2.6201     1.1968
[1] 22800.0000     0.2483     0.8972     0.4048     2.5049     1.0231
[1] 22900.0000     0.5068     0.8804     0.3499     2.4758     0.9211
[1] 23000.0000     0.0107     0.8997     0.4616     2.5717     0.9381
[1] 23100.0000     1.0000     0.8119     0.3832     2.6129     1.0551
[1] 23200.0000     0.2364     0.9832     0.4566     2.6624     0.9881
[1] 2.330e+04 1.974e-01 9.727e-01 4.645e-01 2.701e+00 9.482e-01
[1] 23400.0000     1.0000     0.8888     0.4399     2.6164     1.0444
[1] 23500.0000     1.0000     0.9916     0.4543     2.6078     1.1297
[1] 23600.0000     0.2991     0.8573     0.3522     2.7272     0.9429
[1] 23700.0000     0.0905     0.9328     0.4091     2.5711     1.0180
[1] 23800.0000     0.5555     0.9299     0.3714     2.5428     1.0580
[1] 23900.0000     0.4473     0.9920     0.4874     2.6211     1.0485
[1] 24000.0000     0.1149     0.9322     0.4432     2.6013     0.9399
[1] 24100.0000     1.0000     0.9214     0.2953     2.6818     0.8541
[1] 24200.0000     0.1372     0.9331     0.3082     2.6395     1.1419
[1] 2.430e+04 3.214e-01 9.595e-01 4.331e-01 2.621e+00 9.607e-01
[1] 24400.0000     1.0000     0.9947     0.4369     2.6195     0.9697
[1] 24500.0000     0.0707     0.8969     0.4586     2.6759     1.0480
[1] 24600.0000     0.2171     0.9062     0.3954     2.5981     0.8877
[1] 2.470e+04 6.534e-01 9.195e-01 5.089e-01 2.626e+00 8.781e-01
[1] 24800.0000     0.3775     0.8460     0.4048     2.6507     0.9489
[1] 24900.0000     0.3970     0.8023     0.3390     2.5952     1.0260
[1] 25000.0000     1.0000     0.8801     0.4329     2.6754     0.8235
[1] 25100.0000     0.5286     0.9249     0.4125     2.6617     1.0516
[1] 25200.0000     0.6039     0.8858     0.3880     2.7016     0.9934
[1] 25300.0000     0.2537     0.8254     0.3432     2.5757     0.8434
[1] 25400.0000     0.7454     0.8988     0.4501     2.6055     1.0888
[1] 25500.0000     0.2630     0.8417     0.4505     2.5378     0.8432
[1] 25600.0000     0.0017     0.9041     0.3850     2.7738     1.0021
[1] 25700.0000     0.0660     0.9659     0.4060     2.6498     0.9398
[1] 25800.0000     0.0465     0.9689     0.4684     2.6502     1.1962
[1] 25900.0000     0.2689     0.8683     0.4063     2.5876     0.8098
[1] 26000.0000     0.6428     0.9492     0.4461     2.5627     1.0058
[1] 26100.0000     0.0516     0.9935     0.4137     2.6873     1.0009
[1] 26200.0000     1.0000     0.8601     0.3775     2.5719     0.9041
[1] 26300.0000     0.3546     0.8448     0.2890     2.5787     0.9973
[1] 26400.0000     0.2195     0.8855     0.4955     2.5178     1.0131
[1] 26500.0000     0.5646     0.9678     0.4099     2.5192     0.9418
[1] 26600.0000     0.8617     0.8531     0.3809     2.6024     1.1347
[1] 26700.0000     0.6027     0.8892     0.4054     2.6784     0.9428
[1] 26800.0000     1.0000     0.9542     0.3699     2.6136     1.1594
[1] 26900.0000     0.0071     0.9241     0.4209     2.6436     1.0646
[1] 27000.0000     1.0000     0.8977     0.3839     2.6839     0.8661
[1] 27100.0000     1.0000     0.9280     0.3679     2.6583     1.0348
[1] 27200.0000     0.1073     0.9713     0.3275     2.6645     1.0324
[1] 27300.0000     0.0206     0.9608     0.3794     2.6049     0.8492
[1] 27400.0000     0.1010     0.8725     0.4118     2.5432     1.1899
[1] 27500.0000     0.1746     0.9534     0.4392     2.5824     0.8238
[1] 27600.0000     0.1676     0.9247     0.3792     2.6548     1.0450
[1] 27700.0000     0.0019     0.8768     0.4888     2.6526     1.0202
[1] 27800.0000     0.0165     0.8828     0.4182     2.6749     1.1030
[1] 27900.0000     0.8781     0.8904     0.4855     2.6676     0.9276
[1] 28000.0000     0.0007     0.9430     0.3903     2.6505     0.9743
[1] 2.810e+04 5.300e-03 8.536e-01 3.606e-01 2.665e+00 8.286e-01
[1] 28200.0000     0.8083     0.9271     0.4527     2.6189     0.9591
[1] 28300.0000     0.6508     0.8124     0.4199     2.6898     0.9290
[1] 28400.0000     1.0000     0.9594     0.3928     2.6588     0.8105
[1] 28500.0000     1.0000     0.8206     0.4329     2.6119     1.0447
[1] 28600.0000     0.3820     0.9775     0.3799     2.5942     0.9079
[1] 28700.0000     1.0000     0.9143     0.4462     2.5735     0.8158
[1] 28800.0000     1.0000     0.9743     0.3927     2.5942     0.8723
[1] 28900.0000     0.3731     0.9432     0.2638     2.7057     0.8112
[1] 29000.0000     1.0000     0.8095     0.4114     2.6395     1.0816
[1] 29100.0000     0.5973     0.9799     0.4311     2.6914     1.1704
[1] 29200.0000     1.0000     0.9160     0.4310     2.5656     1.0663
[1] 29300.0000     1.0000     0.9064     0.3597     2.5966     1.0368
[1] 29400.0000     0.0849     0.9512     0.5121     2.5251     1.1262
[1] 29500.0000     1.0000     0.8146     0.4360     2.7233     0.8093
[1] 29600.0000     0.5003     0.9770     0.4544     2.7103     1.1651
[1] 29700.0000     0.0902     0.8203     0.4347     2.5275     1.1249
[1] 2.980e+04 1.000e+00 8.701e-01 3.836e-01 2.632e+00 8.024e-01
[1] 29900.0000     1.0000     0.9798     0.3398     2.6553     1.0014
[1] 30000.0000     0.5281     0.8307     0.4350     2.6023     1.0904
[1] 0.4686613
Time difference of 10.77654 hours
null device 
          1 
