[1] "El numero de nodos X particion es: 10"
[1] "Model = M2 / Data = sim_data/datasetSVCExponential30.Rdata"
[1] 100.0000   0.0000   0.8732   0.0013   2.8166   0.9660
[1] 200.0000   0.0003   0.9592   0.0028   2.8302   1.1736
[1] 300.0000   0.6406   0.8776   0.0113   2.7963   1.0665
[1] 400.0000   0.0002   0.9217  -0.0303   2.6994   0.9692
[1] 500.0000   0.0079   0.9813   0.0545   2.8226   0.8492
[1] 600.0000   0.0031   0.9957   0.1431   2.7892   0.9324
[1] 700.0000   0.5663   0.8087   0.0132   2.7007   1.0605
[1] 800.0000   0.6567   0.8830   0.0414   2.6924   0.9772
[1] 900.0000   0.0303   0.9578  -0.0191   2.6930   0.9628
[1] 1000.0000    0.0004    0.8071   -0.0194    2.6727    1.0342
[1] 1100.0000    1.0000    0.9726   -0.0575    2.6658    1.0201
[1] 1200.0000    0.2108    0.8603    0.0468    2.8440    0.9164
[1] 1300.0000    1.0000    0.8617    0.0936    2.7975    1.0550
[1] 1400.0000    0.7540    0.9546   -0.0386    2.7876    0.8056
[1] 1500.0000    0.0037    0.9672   -0.0268    2.6516    1.1986
[1] 1600.0000    0.5488    0.9998    0.0401    2.8156    1.1214
[1] 1700.0000    0.0034    0.9419    0.0174    2.7969    1.0966
[1] 1800.0000    0.0000    0.9234   -0.0167    2.8678    1.1307
[1] 1900.0000    1.0000    0.9542    0.0792    2.7765    1.1220
[1] 2000.0000    0.1323    0.9870    0.0915    2.7598    0.9024
[1] 2100.0000    0.0000    0.9390    0.0731    2.7628    0.8046
[1] 2200.0000    0.8460    0.8580    0.0847    2.7042    1.0161
[1] 2300.0000    0.9002    0.9707    0.0791    2.6615    1.1994
[1] 2400.0000    0.8181    0.9764    0.1022    2.7400    1.0594
[1] 2500.0000    0.0211    0.9668   -0.0218    2.6727    0.8475
[1] 2600.0000    0.3688    0.9658   -0.0006    2.6788    1.0023
[1] 2700.0000    1.0000    0.8052    0.0072    2.7479    0.8603
[1] 2800.0000    1.0000    0.8906    0.0343    2.7369    0.8787
[1] 2900.0000    0.1339    0.8994   -0.0391    2.7390    1.0050
[1] 3000.0000    1.0000    0.9623    0.0400    2.7896    1.1476
[1] 3100.0000    1.0000    0.9078    0.0534    2.7286    0.9130
[1] 3200.0000    0.0918    0.9624    0.0817    2.7940    0.8773
[1] 3300.0000    0.0000    0.9877    0.0452    2.7577    0.9428
[1] 3400.0000    0.0221    0.9515   -0.0009    2.6105    1.1198
[1] 3500.0000    0.6828    0.9338    0.0246    2.6329    0.8830
[1] 3600.0000    0.8680    0.8553    0.0796    2.7743    1.1349
[1] 3700.0000    0.2479    0.9950    0.0968    2.7794    1.0085
[1] 3800.0000    1.0000    0.9141    0.0180    2.5703    0.9698
[1] 3900.0000    0.7855    0.8173    0.0765    2.7500    1.1134
[1] 4000.0000    0.8989    0.9388    0.0816    2.6470    0.8131
[1] 4100.0000    0.1845    0.9193    0.1181    2.7488    1.0337
[1] 4200.0000    0.1916    0.9756    0.0006    2.7669    0.9752
[1] 4300.0000    0.0002    0.9986   -0.0222    2.7716    0.9026
[1] 4400.0000    0.0933    0.9571    0.1032    2.8537    0.9932
[1] 4500.0000    0.3168    0.8410    0.0547    2.8669    1.1520
[1] 4600.0000    0.4566    0.9525    0.0499    2.7460    1.1110
[1] 4700.0000    0.0056    0.8767    0.0148    2.7674    1.1619
[1] 4800.0000    1.0000    0.8536   -0.0273    2.7181    1.1437
[1] 4900.0000    0.2475    0.8138    0.1397    2.7407    1.0924
[1] 5000.0000    1.0000    0.9273    0.0812    2.8418    1.0348
[1] 5100.0000    0.3162    0.9679    0.0335    2.7042    1.1951
[1] 5200.0000    0.0289    0.8350    0.0134    2.8362    1.0935
[1] 5300.0000    1.0000    0.8379    0.0636    2.7776    1.0434
[1] 5400.0000    1.0000    0.8515    0.0628    2.7176    1.1120
[1] 5500.0000    0.3124    0.8506    0.0633    2.6664    1.1979
[1] 5600.0000    0.0647    0.9095   -0.0926    2.8338    0.9324
[1] 5700.0000    0.8688    0.9639    0.0918    2.7192    1.0846
[1] 5800.0000    0.2399    0.8520    0.0563    2.8449    1.0482
[1] 5900.0000    1.0000    0.8759    0.0445    2.6414    1.0113
[1] 6000.0000    0.5718    0.8325   -0.0115    2.6959    0.8825
[1] 6100.0000    0.0175    0.9025    0.0731    2.7864    0.9119
[1] 6200.0000    1.0000    0.8336    0.0692    2.6111    0.9759
[1] 6300.0000    0.1716    0.9366   -0.0189    2.7372    0.9478
[1] 6400.0000    0.5086    0.9022    0.0894    2.6766    0.8332
[1] 6500.0000    1.0000    0.9478    0.0781    2.6891    1.0656
[1] 6600.0000    0.8814    0.9735   -0.0281    2.7361    1.1163
[1] 6700.0000    0.0265    0.8229    0.0965    2.6863    1.0410
[1] 6800.0000    0.4992    0.9525   -0.0285    2.7016    0.9997
[1] 6900.0000    0.3349    0.9401    0.0130    2.6305    0.9220
[1] 7000.0000    0.3999    0.9977    0.0687    2.7265    1.0944
[1] 7100.0000    0.2687    0.8440    0.0717    2.8200    0.9302
[1] 7200.0000    0.4210    0.8343    0.0122    2.6753    0.9512
[1] 7300.0000    0.5842    0.9616    0.0474    2.8316    0.8824
[1] 7400.0000    0.0088    0.9257    0.0030    2.7206    1.0951
[1] 7500.0000    0.1067    0.9538    0.1196    2.7601    1.0728
[1] 7600.0000    0.0838    0.9493   -0.0239    2.7178    0.9281
[1] 7700.0000    0.1697    0.9690    0.0503    2.7083    0.9355
[1] 7800.0000    0.0072    0.9829    0.0548    2.6859    1.0003
[1] 7900.0000    0.2861    0.8037    0.0272    2.7089    1.1632
[1] 8000.0000    0.1222    0.9309    0.0665    2.6747    1.0835
[1] 8100.0000    0.2625    0.8687    0.0722    2.7046    1.0506
[1] 8200.0000    0.0330    0.9636    0.0581    2.7611    1.1811
[1] 8300.0000    0.2125    0.8896    0.1006    2.8187    1.1748
[1] 8400.0000    0.2393    0.9658    0.0012    2.7434    0.9286
[1] 8500.0000    0.0019    0.9939   -0.0281    2.6499    1.0648
[1] 8600.0000    0.3037    0.8918   -0.0710    2.7962    1.0114
[1] 8700.0000    0.5022    0.8293    0.0500    2.6534    0.8767
[1] 8800.0000    0.5699    0.9324    0.1275    2.8065    0.8066
[1] 8900.0000    0.1765    0.9431    0.0857    2.9025    1.1381
[1] 9000.0000    0.0836    0.9025    0.0891    2.6863    0.9096
[1] 9100.0000    1.0000    0.9156    0.0167    2.7939    1.0916
[1] 9200.0000    0.6174    0.9069   -0.0649    2.7692    1.1995
[1] 9300.0000    0.0340    0.9270    0.0873    2.8281    1.1117
[1] 9400.0000    0.7697    0.8662    0.1558    2.6984    0.8284
[1] 9500.0000    0.0807    0.9329   -0.0173    2.6737    0.8817
[1] 9600.0000    1.0000    0.9566   -0.0365    2.7433    1.1182
[1] 9700.0000    0.0838    0.9657    0.1345    2.6523    0.9166
[1] 9800.0000    0.2282    0.9462    0.0292    2.7459    1.1275
[1] 9900.0000    0.0009    0.9529    0.0828    2.7022    0.9335
[1] 10000.0000     1.0000     0.8618    -0.0172     2.6123     0.8032
[1] 10100.0000     1.0000     0.9049     0.0556     2.7926     1.0751
[1] 10200.0000     0.3329     0.9808    -0.0382     2.7994     0.8342
[1] 10300.0000     0.5627     0.9112     0.1404     2.6771     1.0320
[1] 10400.0000     1.0000     0.8122     0.0067     2.7387     1.1345
[1] 10500.0000     0.5127     0.8159     0.0926     2.7460     1.1284
[1] 1.060e+04 1.000e+00 8.189e-01 6.950e-02 2.713e+00 1.153e+00
[1] 10700.0000     0.4760     0.8531     0.0236     2.8098     0.8181
[1] 10800.0000     0.2147     0.9785     0.0373     2.8628     1.1554
[1] 10900.0000     0.0365     0.9660     0.0247     2.7698     1.1970
[1] 11000.0000     0.1487     0.8012    -0.0086     2.8732     0.9407
[1] 11100.0000     0.0733     0.8902     0.1042     2.8091     0.9114
[1] 1.120e+04 1.000e+00 9.412e-01 3.530e-02 2.740e+00 8.257e-01
[1] 11300.0000     1.0000     0.9738     0.0154     2.7592     1.1215
[1] 11400.0000     1.0000     0.9866     0.0574     2.7141     0.8664
[1] 11500.0000     0.0008     0.9311     0.0032     2.6904     0.8792
[1] 11600.0000     0.5506     0.9382    -0.0779     2.5772     0.8033
[1] 11700.0000     0.9018     0.9810     0.0000     2.6633     0.9386
[1] 1.180e+04 1.479e-01 8.440e-01 2.260e-02 2.698e+00 8.198e-01
[1] 11900.0000     0.6183     0.9675     0.0412     2.7175     0.9621
[1] 1.200e+04 1.000e+00 9.595e-01 3.080e-02 2.686e+00 1.196e+00
[1] 12100.0000     1.0000     0.9650     0.0761     2.7799     0.9420
[1] 12200.0000     0.8504     0.8496     0.0025     2.7059     0.8460
[1] 1.230e+04 1.373e-01 9.623e-01 9.360e-02 2.665e+00 1.142e+00
[1] 12400.0000     0.9906     0.8046    -0.0030     2.7410     0.8797
[1] 12500.0000     0.0384     0.9939     0.1786     2.7666     0.9707
[1] 12600.0000     1.0000     0.9564     0.0054     2.6759     1.1675
[1] 12700.0000     0.0000     0.9614    -0.0030     2.9077     0.8958
[1] 12800.0000     0.0998     0.9108     0.0627     2.7688     1.0765
[1] 12900.0000     0.5427     0.8554    -0.0232     2.6760     0.9712
[1] 13000.0000     0.1328     0.9696     0.0732     2.6679     0.9346
[1] 13100.0000     0.2287     0.9404    -0.0189     2.7116     0.9822
[1] 13200.0000     0.5319     0.9589    -0.0122     2.6438     1.1555
[1] 13300.0000     0.2165     0.9324     0.1706     2.8201     1.1427
[1] 13400.0000     0.1179     0.9485     0.0267     2.6201     1.0271
[1] 13500.0000     0.0025     0.8240     0.0191     2.7962     1.0099
[1] 13600.0000     0.0067     0.8917     0.0455     2.6186     1.0301
[1] 13700.0000     0.5783     0.8314     0.0287     2.6915     0.8589
[1] 13800.0000     0.1293     0.9685     0.0216     2.7858     0.9435
[1] 13900.0000     0.5212     0.9575     0.0800     2.7357     1.0672
[1] 14000.0000     1.0000     0.9598     0.0340     2.7597     0.8043
[1] 14100.0000     0.0001     0.9236     0.1569     2.8741     0.9106
[1] 14200.0000     1.0000     0.9100     0.1105     2.7390     1.1948
[1] 14300.0000     0.5051     0.9874    -0.0634     2.7536     0.9095
[1] 14400.0000     1.0000     0.8984     0.0067     2.7096     1.1866
[1] 14500.0000     1.0000     0.9833     0.0674     2.7140     1.1771
[1] 14600.0000     0.0136     0.8329    -0.0167     2.7008     0.9630
[1] 14700.0000     0.6258     0.8840     0.0116     2.6764     1.0394
[1] 14800.0000     0.0054     0.8106     0.0009     2.7437     1.0978
[1] 14900.0000     0.7866     0.9485     0.0556     2.7616     1.1960
[1] 15000.0000     0.0005     0.9486     0.0088     2.6975     0.9418
[1] 15100.0000     0.1439     0.9112     0.0582     2.7153     1.0503
[1] 15200.0000     0.1627     0.9020     0.0657     2.7179     1.0750
[1] 15300.0000     1.0000     0.8282     0.0249     2.7065     1.1177
[1] 15400.0000     1.0000     0.9829     0.0728     2.8101     1.0368
[1] 15500.0000     0.7989     0.8761     0.0934     2.6547     0.9901
[1] 15600.0000     1.0000     0.9912     0.0519     2.7032     1.0551
[1] 15700.0000     0.1969     0.9225     0.1172     2.6578     0.9294
[1] 15800.0000     0.4362     0.9774     0.0984     2.6705     1.1822
[1] 15900.0000     0.0185     0.9524     0.0612     2.8018     1.0855
[1] 16000.0000     0.5081     0.9761    -0.0380     2.7576     1.0600
[1] 16100.0000     0.3882     0.9477    -0.0317     2.6073     0.9420
[1] 16200.0000     1.0000     0.8455     0.0284     2.7784     1.0509
[1] 16300.0000     1.0000     0.9029     0.0660     2.7955     1.0365
[1] 16400.0000     1.0000     0.8844     0.1169     2.7404     1.1913
[1] 1.650e+04 6.517e-01 9.407e-01 9.640e-02 2.823e+00 9.877e-01
[1] 16600.0000     1.0000     0.9292    -0.0249     2.7210     1.0485
[1] 16700.0000     0.5714     0.9070    -0.0327     2.7545     1.1930
[1] 16800.0000     1.0000     0.9593    -0.0236     2.7201     0.8375
[1] 16900.0000     0.2082     0.8221     0.0679     2.7196     1.1575
[1] 1.700e+04 4.140e-02 9.815e-01 1.471e-01 2.783e+00 9.010e-01
[1] 17100.0000     0.0872     0.9262     0.1532     2.6964     0.9696
[1] 17200.0000     0.3919     0.9497    -0.0118     2.7229     0.8252
[1] 17300.0000     0.2013     0.9564    -0.0775     2.6931     0.9524
[1] 17400.0000     0.5847     0.9623     0.0846     2.8247     1.1696
[1] 17500.0000     0.8085     0.9645     0.0313     2.8011     0.9956
[1] 17600.0000     0.0449     0.9193    -0.0281     2.7542     0.8193
[1] 17700.0000     0.0015     0.9944     0.0141     2.5676     0.9167
[1] 17800.0000     1.0000     0.9968     0.0385     2.6938     0.8268
[1] 17900.0000     0.0349     0.9291    -0.0544     2.8078     0.9192
[1] 18000.0000     0.7713     0.9109     0.1059     2.7902     0.8712
[1] 18100.0000     0.3955     0.9137     0.0671     2.8071     0.9014
[1] 18200.0000     0.4398     0.8073     0.1295     2.7418     0.9256
[1] 18300.0000     0.9208     0.9706     0.1002     2.7786     1.1685
[1] 18400.0000     0.0000     0.9243    -0.0521     2.6763     1.1066
[1] 18500.0000     1.0000     0.8751     0.0071     2.7649     0.8892
[1] 1.860e+04 2.505e-01 8.932e-01 1.280e-01 2.815e+00 8.460e-01
[1] 18700.0000     0.1008     0.8306     0.0590     2.7179     0.9156
[1] 18800.0000     0.6720     0.9422    -0.0099     2.7809     0.8265
[1] 18900.0000     0.0065     0.9734     0.0226     2.7702     1.0104
[1] 19000.0000     1.0000     0.8087     0.0417     2.8724     1.1060
[1] 19100.0000     0.9090     0.9272     0.0399     2.8202     0.8583
[1] 19200.0000     0.2340     0.8319     0.0051     2.5864     1.0132
[1] 19300.0000     0.1578     0.9020     0.0146     2.7529     1.0537
[1] 19400.0000     1.0000     0.8507     0.0893     2.7189     0.9744
[1] 19500.0000     0.0631     0.9633     0.0471     2.7065     1.1823
[1] 19600.0000     1.0000     0.9648     0.0513     2.7676     1.1447
[1] 19700.0000     0.7333     0.8293     0.0722     2.6590     1.0022
[1] 19800.0000     0.1740     0.9869     0.0704     2.7842     0.9076
[1] 19900.0000     1.0000     0.9655     0.0596     2.8995     0.8660
[1] 2.000e+04 1.000e+00 9.605e-01 4.810e-02 2.755e+00 8.244e-01
[1] 2.010e+04 9.500e-03 8.622e-01 1.316e-01 2.740e+00 8.640e-01
[1] 20200.0000     0.4176     0.9282    -0.0178     2.7458     0.9678
[1] 20300.0000     1.0000     0.9019     0.0323     2.6127     1.0263
[1] 20400.0000     0.6604     0.9596     0.0661     2.6892     1.0259
[1] 20500.0000     0.2663     0.8964     0.0503     2.7410     1.1285
[1] 20600.0000     0.3274     0.9169    -0.0034     2.8087     1.1057
[1] 20700.0000     0.3016     0.9923     0.0988     2.7825     1.0695
[1] 20800.0000     1.0000     0.9981     0.0349     2.8439     1.0246
[1] 20900.0000     1.0000     0.9455    -0.0172     2.7497     1.1141
[1] 21000.0000     0.0272     0.9655     0.0464     2.6941     1.0997
[1] 21100.0000     0.3372     0.8682    -0.0085     2.6472     1.1577
[1] 21200.0000     1.0000     0.9611     0.1087     2.7293     0.8029
[1] 21300.0000     0.4551     0.8214     0.0569     2.6661     1.0391
[1] 21400.0000     0.4751     0.8276     0.1020     2.7301     0.8233
[1] 21500.0000     0.1327     0.8291     0.1207     2.6748     1.0581
[1] 21600.0000     1.0000     0.9634    -0.0414     2.7299     0.9473
[1] 21700.0000     0.0792     0.9973     0.0240     2.6361     0.9605
[1] 21800.0000     0.3669     0.9447     0.1232     2.7864     1.0321
[1] 21900.0000     0.1763     0.9598     0.1762     2.8219     0.8497
[1] 22000.0000     0.3184     0.8850     0.0651     2.7031     0.9555
[1] 22100.0000     0.8877     0.8517     0.0380     2.6815     0.9777
[1] 22200.0000     0.4938     0.8579    -0.0165     2.6878     0.8534
[1] 22300.0000     1.0000     0.9726    -0.0484     2.7395     0.8521
[1] 22400.0000     0.7140     0.8145    -0.0586     2.6466     0.8604
[1] 22500.0000     0.7800     0.9879     0.1409     2.6913     0.8971
[1] 22600.0000     0.0734     0.9490     0.0284     2.7871     1.0906
[1] 22700.0000     0.1004     0.8271     0.0182     2.7529     1.1968
[1] 22800.0000     0.1816     0.8972     0.0569     2.6274     1.0231
[1] 22900.0000     1.0000     0.8956    -0.0119     2.5760     1.1446
[1] 23000.0000     0.0582     0.9955     0.0704     2.7477     0.9113
[1] 23100.0000     0.7835     0.8119     0.0471     2.7639     1.0551
[1] 23200.0000     0.4055     0.8437     0.0415     2.7593     0.8877
[1] 23300.0000     0.4709     0.9904     0.1217     2.8606     1.1810
[1] 23400.0000     0.8824     0.8888    -0.0032     2.7319     1.0444
[1] 23500.0000     1.0000     0.9916     0.0653     2.7219     1.1297
[1] 23600.0000     0.7105     0.8573    -0.0089     2.8053     0.9429
[1] 23700.0000     0.0753     0.9328     0.0075     2.6921     1.0180
[1] 23800.0000     0.7042     0.9299    -0.0004     2.6554     1.0580
[1] 23900.0000     0.4288     0.9920     0.1130     2.6645     1.0485
[1] 24000.0000     0.4218     0.8060     0.1205     2.6924     1.1215
[1] 24100.0000     1.0000     0.9214    -0.0003     2.7650     0.8541
[1] 24200.0000     0.4141     0.9331    -0.0299     2.7274     1.1419
[1] 24300.0000     0.0963     0.9595    -0.0409     2.7918     0.9607
[1] 24400.0000     0.5786     0.9947     0.1681     2.7064     0.9697
[1] 24500.0000     0.1160     0.9726     0.0780     2.8141     1.0605
[1] 24600.0000     0.3741     0.9866    -0.0038     2.6709     1.1519
[1] 24700.0000     1.0000     0.9195     0.0851     2.7892     0.8781
[1] 24800.0000     0.2508     0.9547     0.0417     2.7299     0.8428
[1] 24900.0000     0.1739     0.9126    -0.0444     2.8272     1.0268
[1] 25000.0000     0.6870     0.8801     0.1098     2.7463     0.8235
[1] 25100.0000     0.4263     0.9249     0.0534     2.7882     1.0516
[1] 25200.0000     0.1339     0.9507     0.0335     2.7887     0.9719
[1] 25300.0000     0.1282     0.9779    -0.0765     2.6538     0.8977
[1] 25400.0000     0.4427     0.8988     0.1213     2.7393     1.0888
[1] 25500.0000     0.5944     0.8159     0.0867     2.6869     1.0385
[1] 25600.0000     0.0198     0.9041     0.0111     2.8201     1.0021
[1] 25700.0000     0.0215     0.9659     0.0168     2.7383     0.9398
[1] 25800.0000     0.0446     0.9689     0.0655     2.7741     1.1962
[1] 2.590e+04 5.610e-02 9.827e-01 2.890e-02 2.612e+00 8.279e-01
[1] 26000.0000     0.7482     0.9492     0.0384     2.6386     1.0058
[1] 26100.0000     0.0264     0.9935     0.0104     2.8323     1.0009
[1] 26200.0000     0.8833     0.8601     0.0063     2.7491     0.9041
[1] 26300.0000     0.6948     0.8623    -0.0439     2.7072     1.0835
[1] 26400.0000     0.7969     0.8855     0.0849     2.6487     1.0131
[1] 26500.0000     0.1105     0.9710     0.0418     2.6163     1.0027
[1] 26600.0000     0.1477     0.9993     0.0157     2.6700     1.0988
[1] 26700.0000     0.7881     0.8892     0.0737     2.7661     0.9428
[1] 26800.0000     1.0000     0.9542    -0.0208     2.7177     1.1594
[1] 26900.0000     0.3134     0.8955    -0.0349     2.7159     1.0592
[1] 27000.0000     1.0000     0.8977     0.0521     2.7981     0.8661
[1] 27100.0000     0.4986     0.8095     0.0140     2.6962     1.0497
[1] 27200.0000     0.0888     0.9713    -0.0320     2.7790     1.0324
[1] 27300.0000     0.0015     0.9608    -0.1250     2.6768     0.8492
[1] 27400.0000     0.1663     0.8725     0.0214     2.6945     1.1899
[1] 27500.0000     0.1933     0.9534     0.0679     2.6992     0.8238
[1] 27600.0000     0.2592     0.9931     0.0177     2.7168     0.8297
[1] 27700.0000     0.0077     0.8768     0.1127     2.7531     1.0202
[1] 27800.0000     0.0723     0.8828     0.0485     2.7626     1.1030
[1] 27900.0000     1.0000     0.8904     0.0393     2.7521     0.9276
[1] 28000.0000     0.0023     0.9430     0.0383     2.7319     0.9743
[1] 28100.0000     0.0246     0.9262     0.0402     2.7671     1.0710
[1] 28200.0000     0.3218     0.9920     0.1436     2.7050     1.1206
[1] 28300.0000     0.7300     0.8124     0.0447     2.7975     0.9290
[1] 28400.0000     0.9963     0.9594     0.0525     2.6754     0.8105
[1] 28500.0000     0.0840     0.8257     0.1537     2.6939     0.8766
[1] 2.860e+04 7.480e-01 9.775e-01 1.440e-02 2.672e+00 9.079e-01
[1] 28700.0000     1.0000     0.9143     0.0428     2.6958     0.8158
[1] 28800.0000     1.0000     0.9743     0.0732     2.7087     0.8723
[1] 28900.0000     0.4441     0.9432    -0.0930     2.8121     0.8112
[1] 29000.0000     0.1721     0.9401     0.0630     2.7582     1.1755
[1] 29100.0000     0.5735     0.9799     0.0089     2.8028     1.1704
[1] 29200.0000     0.0210     0.9367     0.0429     2.6634     1.1465
[1] 29300.0000     1.0000     0.9064     0.0055     2.7354     1.0368
[1] 29400.0000     0.1576     0.9512     0.1146     2.6693     1.1262
[1] 29500.0000     1.0000     0.8146     0.1212     2.7765     0.8093
[1] 29600.0000     0.1063     0.9989     0.0777     2.8109     1.0390
[1] 29700.0000     0.0595     0.9571     0.0243     2.6407     0.9736
[1] 29800.0000     0.9429     0.8701     0.0480     2.7573     0.8024
[1] 29900.0000     1.0000     0.9798     0.0344     2.7667     1.0014
[1] 30000.0000     0.6453     0.9214     0.0492     2.6941     0.9341
[1] 0.4864605
Time difference of 10.67766 hours
null device 
          1 
