[1] "El numero de nodos X particion es: 10"
[1] "Model = M1 / Data = sim_data/datasetSVCExponential21.Rdata"
[1] 100.0000   1.0000   0.8291   0.0269   2.0732   0.9331
[1] 200.0000   0.7651   0.9804   0.0483   2.0250   1.0297
[1] 300.0000   0.6706   0.8776  -0.0749   2.0225   1.0665
[1] 400.0000   0.1892   0.9217   0.0009   2.0138   0.9692
[1] 500.0000   0.7549   0.8902  -0.0031   1.9854   0.8863
[1] 600.0000   0.0001   0.8693   0.1338   2.0223   1.0610
[1] 700.0000   1.0000   0.8087  -0.0190   2.0399   1.0605
[1] 800.0000   0.7957   0.8830   0.0586   2.0973   0.9772
[1] 900.0000   0.2527   0.9357  -0.1396   2.0352   1.0743
[1] 1000.0000    0.4609    0.8568    0.0419    2.0393    0.8983
[1] 1100.0000    0.4100    0.9726   -0.1115    1.9007    1.0201
[1] 1200.0000    0.2404    0.8603    0.0953    2.2230    0.9164
[1] 1300.0000    0.9219    0.8617   -0.0332    2.0064    1.0550
[1] 1400.0000    0.0000    0.9303    0.0295    2.1152    1.1894
[1] 1500.0000    0.0000    0.9672    0.1783    2.2036    1.1986
[1] 1600.0000    0.8456    0.9427    0.0354    2.1320    1.0957
[1] 1700.0000    0.0000    0.9259   -0.0083    1.9836    1.0764
[1] 1800.0000    0.0000    0.9234    0.0849    2.1701    1.1307
[1] 1900.0000    0.6222    0.9957    0.0833    2.1415    1.1822
[1] 2000.0000    0.6737    0.8107    0.1057    2.0556    0.8113
[1] 2100.0000    1.0000    0.8081    0.1310    2.1774    0.9300
[1] 2200.0000    0.5988    0.8580    0.1962    2.1544    1.0161
[1] 2300.0000    1.0000    0.9707    0.1501    2.0602    1.1994
[1] 2400.0000    0.0355    0.9764    0.1671    2.0041    1.0594
[1] 2500.0000    0.4020    0.8529    0.1333    2.2362    0.9541
[1] 2600.0000    0.7712    0.9658   -0.0282    2.0658    1.0023
[1] 2700.0000    0.2406    0.8044   -0.0020    2.0399    1.0835
[1] 2800.0000    0.0270    0.9204    0.1056    2.1480    1.0405
[1] 2900.0000    0.0005    0.8994   -0.1283    1.8813    1.0050
[1] 3000.0000    0.0174    0.9297    0.2409    2.2728    1.1984
[1] 3100.0000    0.0651    0.8038    0.1855    2.2299    1.1109
[1] 3200.0000    0.3074    0.9371    0.1308    2.1648    1.1278
[1] 3300.0000    0.0000    0.9877    0.0973    2.0992    0.9428
[1] 3400.0000    0.0038    0.9079   -0.0604    1.9193    0.8348
[1] 3500.0000    1.0000    0.9338    0.1549    2.2779    0.8830
[1] 3600.0000    0.1600    0.9027   -0.0157    2.0311    1.1569
[1] 3700.0000    0.0002    0.9950    0.1205    2.0516    1.0085
[1] 3800.0000    0.0001    0.8653   -0.0174    1.9727    0.9884
[1] 3900.0000    0.0033    0.8514   -0.0660    1.9520    1.1876
[1] 4000.0000    0.3547    0.9388    0.1193    1.9680    0.8131
[1] 4100.0000    0.4339    0.9193    0.2340    2.2029    1.0337
[1] 4200.0000    0.6434    0.9756    0.0420    2.0765    0.9752
[1] 4300.0000    0.0000    0.9986    0.0254    2.0678    0.9026
[1] 4400.0000    0.1981    0.9571    0.2392    2.2572    0.9932
[1] 4500.0000    1.0000    0.8410    0.1457    2.1251    1.1520
[1] 4600.0000    0.0335    0.8039   -0.0209    1.9284    1.1669
[1] 4700.0000    0.0002    0.9709    0.1936    2.2328    1.0444
[1] 4800.0000    0.0204    0.8985   -0.0212    2.0141    0.9827
[1] 4900.0000    0.5085    0.8201    0.3216    2.3217    1.1747
[1] 5000.0000    1.0000    0.9273   -0.0068    1.9655    1.0348
[1] 5100.0000    0.7216    0.8496    0.0322    2.1244    0.8317
[1] 5200.0000    0.0043    0.8350    0.1293    2.2910    1.0935
[1] 5300.0000    1.0000    0.8379    0.0942    2.0699    1.0434
[1] 5400.0000    1.0000    0.8515    0.1387    2.1978    1.1120
[1] 5500.0000    0.6704    0.9295    0.1068    2.0224    1.1335
[1] 5600.0000    0.0149    0.9095   -0.3142    1.8475    0.9324
[1] 5700.0000    0.1574    0.9403   -0.0187    1.9276    0.9236
[1] 5800.0000    0.6972    0.8520    0.1931    2.2213    1.0482
[1] 5900.0000    0.1172    0.8706   -0.0394    1.9866    1.1672
[1] 6000.0000    0.4182    0.8924    0.0841    2.0236    1.0716
[1] 6100.0000    0.1177    0.9517    0.2495    2.2150    0.9216
[1] 6200.0000    1.0000    0.8336   -0.1332    1.8436    0.9759
[1] 6300.0000    0.0237    0.8959   -0.0320    2.0813    1.1826
[1] 6400.0000    0.4634    0.9022    0.1075    2.0319    0.8332
[1] 6500.0000    0.0348    0.8697    0.0348    2.0814    0.9040
[1] 6600.0000    0.0095    0.8918   -0.0640    2.0420    1.0184
[1] 6700.0000    0.0000    0.8229   -0.0238    1.9092    1.0410
[1] 6800.0000    1.0000    0.8496    0.0689    2.1435    0.9728
[1] 6900.0000    0.1823    0.9401   -0.0301    1.8967    0.9220
[1] 7000.0000    0.0099    0.8011    0.1269    2.1094    1.0228
[1] 7100.0000    0.1617    0.8440    0.2235    2.0943    0.9302
[1] 7200.0000    0.0012    0.8749    0.0993    2.0837    1.0509
[1] 7300.0000    0.0015    0.8821    0.0544    2.1236    0.9361
[1] 7400.0000    0.0000    0.8164   -0.0719    1.9291    0.8600
[1] 7500.0000    0.0740    0.8682    0.1020    2.1851    0.9160
[1] 7600.0000    0.0755    0.8332   -0.0447    1.9898    1.0877
[1] 7700.0000    0.0097    0.8552   -0.0476    1.9376    1.0850
[1] 7800.0000    0.0028    0.8139    0.0313    2.0864    0.8702
[1] 7900.0000    0.2362    0.8037   -0.0421    2.0261    1.1632
[1] 8000.0000    0.2913    0.9186   -0.1426    1.8185    1.0026
[1] 8100.0000    0.3146    0.8687    0.0922    2.1592    1.0506
[1] 8200.0000    0.0000    0.9273    0.2162    2.2010    0.9041
[1] 8300.0000    0.0008    0.8222    0.2323    2.2235    0.8438
[1] 8400.0000    1.0000    0.9278    0.1341    2.1327    0.8107
[1] 8500.0000    0.0213    0.9939   -0.0489    2.0151    1.0648
[1] 8600.0000    0.2504    0.9835    0.0974    2.1645    0.9563
[1] 8700.0000    1.0000    0.8293    0.0621    2.0687    0.8767
[1] 8800.0000    1.0000    0.9324    0.0827    2.0922    0.8066
[1] 8900.0000    0.4719    0.9431   -0.0381    2.0713    1.1381
[1] 9000.0000    0.4850    0.9025    0.1364    2.0975    0.9096
[1] 9100.0000    0.2713    0.8799    0.1582    2.1673    0.8591
[1] 9200.0000    0.0784    0.8777    0.1299    2.1243    1.1489
[1] 9300.0000    0.0014    0.9856    0.0754    2.0558    1.1370
[1] 9400.0000    0.1672    0.8458    0.2447    2.1708    1.0091
[1] 9500.0000    0.0000    0.9329    0.0054    2.1032    0.8817
[1] 9600.0000    0.7258    0.9566   -0.0133    2.0311    1.1182
[1] 9700.0000    0.2050    0.8614    0.0893    2.1196    0.9692
[1] 9800.0000    0.2197    0.8196    0.0745    2.0418    0.9680
[1] 9900.0000    0.0000    0.8466    0.4007    2.3708    0.8248
[1] 10000.0000     1.0000     0.8618    -0.1945     1.7437     0.8032
[1] 10100.0000     1.0000     0.9049     0.1594     2.1580     1.0751
[1] 10200.0000     0.0010     0.9084     0.0175     1.9802     0.8386
[1] 10300.0000     0.0052     0.8120     0.2174     2.1024     0.8804
[1] 10400.0000     0.0059     0.8213     0.1060     2.1535     1.0055
[1] 10500.0000     1.0000     0.8159     0.3440     2.2481     1.1284
[1] 1.060e+04 1.574e-01 8.330e-01 3.144e-01 2.393e+00 9.483e-01
[1] 10700.0000     0.0007     0.8531     0.0416     2.0831     0.8181
[1] 10800.0000     0.7553     0.8541     0.0966     2.1655     0.9792
[1] 10900.0000     0.0000     0.8264     0.0301     2.1859     1.1140
[1] 11000.0000     0.4010     0.8012     0.0923     2.2208     0.9407
[1] 11100.0000     0.0002     0.9709     0.1825     2.2634     0.9321
[1] 11200.0000     0.9596     0.9412    -0.0182     2.0920     0.8257
[1] 11300.0000     1.0000     0.9738     0.1281     2.1122     1.1215
[1] 11400.0000     1.0000     0.9866     0.1296     2.1227     0.8664
[1] 11500.0000     0.0000     0.9311    -0.0217     2.0112     0.8792
[1] 11600.0000     0.8053     0.9382    -0.1948     1.8481     0.8033
[1] 11700.0000     0.8375     0.9810    -0.0694     1.9959     0.9386
[1] 11800.0000     0.0095     0.8440     0.0511     1.9697     0.8198
[1] 11900.0000     0.5239     0.8272     0.1260     2.1062     0.8962
[1] 12000.0000     0.0063     0.8543    -0.0005     2.0366     1.1591
[1] 12100.0000     0.1194     0.9452     0.1724     2.1966     0.8400
[1] 12200.0000     1.0000     0.8496    -0.0416     1.9403     0.8460
[1] 12300.0000     0.0086     0.9623     0.0807     1.9822     1.1420
[1] 12400.0000     1.0000     0.8046    -0.0424     1.9776     0.8797
[1] 12500.0000     0.1199     0.9120     0.2562     2.2899     1.1259
[1] 12600.0000     0.4390     0.9564     0.2110     2.0949     1.1675
[1] 12700.0000     0.0000     0.9486     0.2848     2.3171     0.8166
[1] 12800.0000     0.0049     0.9108     0.0392     2.0186     1.0765
[1] 12900.0000     0.0537     0.8554    -0.2452     1.7844     0.9712
[1] 13000.0000     0.1187     0.8069     0.1016     2.1316     1.0997
[1] 13100.0000     0.0016     0.9404     0.0688     2.0903     0.9822
[1] 13200.0000     0.0202     0.9589    -0.0432     1.9663     1.1555
[1] 13300.0000     0.4459     0.8522     0.2373     2.1938     1.0074
[1] 13400.0000     0.0000     0.9801     0.1365     2.0964     1.0073
[1] 13500.0000     0.0006     0.8240     0.0193     2.0580     1.0099
[1] 13600.0000     0.0051     0.8917    -0.0375     1.8755     1.0301
[1] 13700.0000     1.0000     0.8314     0.1182     2.1355     0.8589
[1] 13800.0000     0.0000     0.8418     0.0534     2.0236     1.1127
[1] 13900.0000     0.9439     0.8104    -0.0484     1.9796     0.8994
[1] 14000.0000     1.0000     0.9598     0.0804     2.0463     0.8043
[1] 14100.0000     0.0002     0.9236     0.1817     2.1938     0.9106
[1] 14200.0000     0.0359     0.9171     0.1580     2.1374     0.8964
[1] 14300.0000     0.0317     0.8359     0.0182     2.0629     1.0907
[1] 14400.0000     1.0000     0.8984     0.1448     2.1175     1.1866
[1] 14500.0000     0.5357     0.9833     0.2013     2.0818     1.1771
[1] 14600.0000     0.0000     0.8329    -0.0088     2.0317     0.9630
[1] 14700.0000     1.0000     0.8840     0.0960     2.0829     1.0394
[1] 14800.0000     0.0000     0.8106    -0.2057     1.8855     1.0978
[1] 14900.0000     0.4242     0.9850     0.1347     2.1937     1.1438
[1] 15000.0000     0.0000     0.9486    -0.0751     1.9414     0.9418
[1] 15100.0000     0.0640     0.9112    -0.0516     1.9965     1.0503
[1] 15200.0000     0.4084     0.9896     0.2220     2.1846     1.1186
[1] 15300.0000     0.2020     0.8856     0.2913     2.3343     0.9730
[1] 15400.0000     1.0000     0.9829     0.0441     2.0469     1.0368
[1] 15500.0000     0.3189     0.9013     0.1134     2.0239     1.0728
[1] 15600.0000     0.6211     0.9912    -0.0317     1.9672     1.0551
[1] 15700.0000     0.0000     0.8668     0.2181     2.1882     1.0399
[1] 15800.0000     0.0078     0.9670     0.0314     1.9967     1.0411
[1] 15900.0000     0.0000     0.9524     0.1112     2.2009     1.0855
[1] 16000.0000     1.0000     0.9761    -0.0559     1.9997     1.0600
[1] 16100.0000     1.0000     0.9477     0.1257     2.2513     0.9420
[1] 16200.0000     1.0000     0.8455     0.0722     2.0838     1.0509
[1] 16300.0000     1.0000     0.9029     0.1483     2.0815     1.0365
[1] 1.640e+04 4.352e-01 8.090e-01 1.039e-01 2.134e+00 8.978e-01
[1] 16500.0000     0.0929     0.9894     0.1574     2.1913     0.9222
[1] 16600.0000     1.0000     0.9292    -0.1080     1.9510     1.0485
[1] 16700.0000     0.2725     0.8804     0.0343     2.0503     1.1815
[1] 16800.0000     0.2898     0.8165    -0.1245     1.8286     1.0376
[1] 16900.0000     0.0513     0.8221    -0.0227     1.9547     1.1575
[1] 17000.0000     0.6536     0.8355     0.1491     2.1963     0.9526
[1] 17100.0000     0.0016     0.9262     0.2856     2.1591     0.9696
[1] 17200.0000     0.2898     0.9497    -0.1125     1.8950     0.8252
[1] 17300.0000     0.9665     0.8396    -0.1845     1.8906     1.0131
[1] 17400.0000     1.0000     0.9623     0.1325     2.2562     1.1696
[1] 17500.0000     1.0000     0.9645    -0.0510     1.9345     0.9956
[1] 17600.0000     0.0020     0.8018     0.0112     2.0045     1.0705
[1] 17700.0000     0.0510     0.9011    -0.0199     1.9905     0.9699
[1] 17800.0000     1.0000     0.9968     0.0944     2.1079     0.8268
[1] 17900.0000     0.0074     0.8644     0.1623     2.1906     1.0507
[1] 18000.0000     0.8341     0.9109     0.2585     2.2992     0.8712
[1] 1.810e+04 1.800e-03 9.137e-01 1.162e-01 2.210e+00 9.014e-01
[1] 18200.0000     1.0000     0.8073     0.2179     2.2223     0.9256
[1] 18300.0000     0.0326     0.9706     0.1302     2.1693     1.1685
[1] 18400.0000     0.0006     0.9243    -0.2213     1.9137     1.1066
[1] 18500.0000     0.1036     0.9072    -0.0100     2.0305     1.0082
[1] 18600.0000     0.0196     0.8932     0.2082     2.2878     0.8460
[1] 18700.0000     0.4658     0.9071     0.2100     2.2370     1.1143
[1] 1.880e+04 5.300e-03 9.415e-01 8.480e-02 2.199e+00 8.205e-01
[1] 18900.0000     0.0003     0.9734     0.1035     2.1191     1.0104
[1] 19000.0000     1.0000     0.8087     0.1649     2.2054     1.1060
[1] 19100.0000     0.0013     0.8142    -0.0128     2.0853     1.0716
[1] 19200.0000     1.0000     0.8319     0.0282     1.9536     1.0132
[1] 19300.0000     0.0628     0.8940     0.2655     2.2036     1.1248
[1] 19400.0000     0.5165     0.8040     0.0655     2.0063     1.1551
[1] 19500.0000     0.0016     0.8243     0.2568     2.2632     0.8751
[1] 19600.0000     0.2673     0.8098     0.0793     2.1068     1.1951
[1] 19700.0000     0.0887     0.8143     0.1041     2.1257     0.8081
[1] 19800.0000     0.1243     0.8317     0.2944     2.3158     1.0742
[1] 19900.0000     0.2010     0.9981     0.2246     2.2909     1.0280
[1] 20000.0000     0.1578     0.9729    -0.0313     2.0247     0.8904
[1] 20100.0000     0.0000     0.8622     0.2548     2.2542     0.8640
[1] 2.020e+04 2.922e-01 9.282e-01 2.009e-01 2.190e+00 9.678e-01
[1] 20300.0000     0.0007     0.8028    -0.1395     1.9914     0.9708
[1] 20400.0000     1.0000     0.8446     0.0717     2.0669     1.0333
[1] 20500.0000     0.0026     0.8964     0.0421     2.1130     1.1285
[1] 20600.0000     0.1574     0.8909     0.0567     2.1056     1.1489
[1] 20700.0000     0.7377     0.8107     0.3156     2.2695     1.0874
[1] 20800.0000     1.0000     0.9981     0.0213     2.1040     1.0246
[1] 20900.0000     1.0000     0.9455    -0.0949     2.1048     1.1141
[1] 21000.0000     0.1499     0.8708    -0.0166     2.0234     1.1617
[1] 21100.0000     0.0321     0.9291     0.0749     2.1259     1.1428
[1] 21200.0000     0.5598     0.9611     0.1548     2.2505     0.8029
[1] 21300.0000     0.0007     0.8214     0.0826     1.9790     1.0391
[1] 21400.0000     1.0000     0.8276     0.0931     2.0936     0.8233
[1] 21500.0000     0.0063     0.8906     0.0903     2.1233     0.8206
[1] 21600.0000     1.0000     0.9634     0.0760     2.1336     0.9473
[1] 21700.0000     0.5135     0.9973    -0.0354     2.0236     0.9605
[1] 21800.0000     0.4855     0.8778     0.2744     2.4117     1.0685
[1] 21900.0000     0.8141     0.9598     0.1091     2.1661     0.8497
[1] 22000.0000     0.1846     0.8850     0.1300     2.0874     0.9555
[1] 22100.0000     0.0205     0.8953     0.1637     2.2438     0.9321
[1] 22200.0000     0.3936     0.8579    -0.1131     1.9584     0.8534
[1] 22300.0000     0.0455     0.9726    -0.0198     2.1513     0.8521
[1] 22400.0000     1.0000     0.9971     0.1255     2.1605     0.9354
[1] 22500.0000     0.0100     0.8239     0.0288     2.1330     1.1368
[1] 22600.0000     0.0003     0.8006     0.0673     2.0979     0.8902
[1] 22700.0000     0.0001     0.8271    -0.0203     2.0229     1.1968
[1] 22800.0000     0.5106     0.8972    -0.0375     1.9050     1.0231
[1] 22900.0000     0.1163     0.8804    -0.0944     1.9478     0.9211
[1] 23000.0000     0.0000     0.8188     0.1928     2.1285     1.0070
[1] 23100.0000     0.2780     0.8119     0.2748     2.2237     1.0551
[1] 23200.0000     0.0954     0.8437     0.2000     2.2317     0.8877
[1] 23300.0000     0.0001     0.9727     0.1685     2.2098     0.9482
[1] 23400.0000     0.3685     0.8888     0.2105     2.1080     1.0444
[1] 23500.0000     1.0000     0.9916     0.2059     2.1953     1.1297
[1] 23600.0000     0.0738     0.9324    -0.0531     1.9834     0.8634
[1] 23700.0000     0.2312     0.9328    -0.0138     2.0443     1.0180
[1] 23800.0000     1.0000     0.9299     0.0454     1.9478     1.0580
[1] 23900.0000     0.9625     0.8722     0.1399     2.1426     0.8735
[1] 2.400e+04 1.000e+00 9.239e-01 1.718e-01 2.194e+00 9.362e-01
[1] 24100.0000     1.0000     0.9214    -0.0311     2.0749     0.8541
[1] 24200.0000     0.0848     0.8467     0.0295     2.1044     0.8230
[1] 24300.0000     0.2588     0.9762    -0.0004     2.0279     1.0932
[1] 24400.0000     0.8717     0.9947     0.1075     2.0633     0.9697
[1] 24500.0000     0.0066     0.8969     0.1340     2.1254     1.0480
[1] 24600.0000     0.0000     0.8781     0.0978     2.1354     0.8812
[1] 24700.0000     0.2215     0.8340     0.1295     2.1424     1.1974
[1] 24800.0000     0.0001     0.8460     0.0186     2.0183     0.9489
[1] 24900.0000     1.0000     0.8569    -0.0153     2.0188     1.1414
[1] 2.500e+04 1.000e+00 8.801e-01 2.652e-01 2.282e+00 8.235e-01
[1] 25100.0000     0.3152     0.8622     0.1552     2.1674     0.8281
[1] 25200.0000     0.0239     0.9507     0.2178     2.3378     0.9719
[1] 25300.0000     0.0006     0.9779    -0.0216     2.0447     0.8977
[1] 25400.0000     0.2118     0.9621    -0.1238     1.9286     0.9516
[1] 25500.0000     0.4223     0.8303    -0.0351     1.9683     1.1248
[1] 25600.0000     0.2249     0.9325     0.1630     2.1249     0.8613
[1] 25700.0000     0.0574     0.8702     0.0092     2.0979     1.0667
[1] 25800.0000     0.0232     0.9689     0.0891     2.1280     1.1962
[1] 25900.0000     0.0002     0.8683     0.1915     2.0984     0.8098
[1] 26000.0000     0.9762     0.9492     0.0291     2.0023     1.0058
[1] 26100.0000     0.2740     0.8951    -0.0295     2.0313     0.8249
[1] 26200.0000     1.0000     0.8601     0.1000     2.1732     0.9041
[1] 26300.0000     0.9278     0.8623    -0.0497     2.0309     1.0835
[1] 26400.0000     0.1395     0.8855     0.2535     2.1635     1.0131
[1] 26500.0000     0.0589     0.8034    -0.1624     1.8685     1.1338
[1] 26600.0000     1.0000     0.8531    -0.0364     1.8764     1.1347
[1] 26700.0000     0.0757     0.9721     0.0899     2.1212     0.8075
[1] 26800.0000     0.2170     0.8697     0.0810     2.1288     1.1281
[1] 26900.0000     0.0087     0.9241     0.2044     2.2001     1.0646
[1] 27000.0000     0.8312     0.8977     0.0194     2.0789     0.8661
[1] 27100.0000     0.0002     0.8095     0.0181     2.0261     1.0497
[1] 27200.0000     0.0224     0.8304     0.1298     2.1984     0.8580
[1] 27300.0000     0.0115     0.9608     0.0360     2.0559     0.8492
[1] 27400.0000     0.2597     0.8806    -0.0406     1.9061     1.0468
[1] 27500.0000     1.0000     0.8366     0.0767     2.0627     1.0805
[1] 27600.0000     0.0013     0.8069     0.1571     2.1317     0.9996
[1] 27700.0000     0.0450     0.8620     0.2993     2.3834     1.0941
[1] 27800.0000     0.0000     0.8358     0.1994     2.2240     1.1051
[1] 27900.0000     0.5885     0.8774     0.2114     2.2071     1.0564
[1] 28000.0000     0.0013     0.9430     0.0711     2.1765     0.9743
[1] 28100.0000     0.0000     0.9262     0.1328     2.1272     1.0710
[1] 28200.0000     0.7019     0.9271     0.2246     2.2501     0.9591
[1] 28300.0000     0.0040     0.8510    -0.0211     1.9960     0.8048
[1] 28400.0000     0.7564     0.9594     0.0479     2.0159     0.8105
[1] 28500.0000     1.0000     0.8206     0.1141     2.1956     1.0447
[1] 28600.0000     0.0022     0.9775     0.0655     2.0829     0.9079
[1] 28700.0000     0.1522     0.8497     0.0518     2.0236     1.1155
[1] 2.880e+04 1.000e+00 9.743e-01 3.630e-02 2.035e+00 8.723e-01
[1] 28900.0000     0.8842     0.8662    -0.0134     1.9977     0.8550
[1] 29000.0000     1.0000     0.8095     0.1201     2.1047     1.0816
[1] 29100.0000     0.0133     0.9156     0.1348     2.1646     0.8172
[1] 29200.0000     0.0046     0.9889    -0.1512     1.9308     1.0979
[1] 29300.0000     0.0394     0.9749     0.0699     2.0325     0.9782
[1] 29400.0000     0.0099     0.9512     0.1105     1.9734     1.1262
[1] 29500.0000     0.0228     0.9255     0.2041     2.1918     1.1556
[1] 29600.0000     0.0016     0.8267     0.1063     2.1785     1.0464
[1] 29700.0000     0.0422     0.8203    -0.0495     1.9485     1.1249
[1] 29800.0000     0.9442     0.8701     0.0210     2.1317     0.8024
[1] 29900.0000     0.9102     0.9798     0.0682     2.0561     1.0014
[1] 30000.0000     0.2504     0.8307     0.0633     2.0905     1.0904
[1] 0.3617055
Time difference of 3.841838 hours
null device 
          1 
