[1] "El numero de nodos X particion es: 10"
[1] "Model = M2 / Data = sim_data/datasetSVCExponential22.Rdata"
[1] 100.0000   1.0000   0.8291   0.0245   2.1732   0.9331
[1] 200.0000   1.0000   0.9804   0.1059   2.1432   1.0297
[1] 300.0000   0.3786   0.8776  -0.0940   2.2740   1.0665
[1] 400.0000   0.1025   0.9217  -0.0583   2.1896   0.9692
[1] 500.0000   1.0000   0.8902  -0.0307   2.1216   0.8863
[1] 600.0000   0.0782   0.9748   0.0637   2.0354   1.0386
[1] 700.0000   1.0000   0.8087  -0.0220   2.1799   1.0605
[1] 800.0000   1.0000   0.8954  -0.0759   2.1596   1.1490
[1] 900.0000   1.0000   0.9357  -0.0374   2.1587   1.0743
[1] 1000.0000    1.0000    0.9692   -0.0179    2.2591    0.9576
[1] 1100.0000    0.1298    0.8326   -0.0178    2.0930    1.0285
[1] 1200.0000    1.0000    0.8603    0.0297    2.2131    0.9164
[1] 1300.0000    0.7656    0.8617   -0.0437    2.2072    1.0550
[1] 1400.0000    1.0000    0.8516    0.0329    2.1239    0.9483
[1] 1500.0000    0.3484    0.9672   -0.0099    2.1957    1.1986
[1] 1600.0000    1.0000    0.9427   -0.0380    2.2370    1.0957
[1] 1700.0000    0.7080    0.8185   -0.0406    2.0815    1.1630
[1] 1800.0000    0.0009    0.9234   -0.0209    2.3075    1.1307
[1] 1900.0000    0.0619    0.9875    0.1044    2.2191    0.8532
[1] 2000.0000    1.0000    0.8107    0.0217    2.1990    0.8113
[1] 2100.0000    0.0731    0.8081    0.0949    2.2802    0.9300
[1] 2200.0000    0.4917    0.8580    0.0106    2.2009    1.0161
[1] 2300.0000    0.5709    0.9707    0.0341    2.1036    1.1994
[1] 2400.0000    0.6562    0.9764    0.0496    2.1186    1.0594
[1] 2500.0000    1.0000    0.9002    0.0037    2.1389    1.1531
[1] 2600.0000    0.9508    0.8357    0.0323    2.0686    0.8701
[1] 2700.0000    1.0000    0.8052    0.0101    2.1708    0.8603
[1] 2800.0000    0.6354    0.8906   -0.0495    2.2036    0.8787
[1] 2900.0000    0.1166    0.8994   -0.0258    2.1132    1.0050
[1] 3000.0000    0.8217    0.9623   -0.0160    2.3137    1.1476
[1] 3100.0000    0.5654    0.8265   -0.0054    2.1479    1.1652
[1] 3200.0000    0.7222    0.9676    0.0060    2.0800    1.1339
[1] 3300.0000    0.2475    0.9877   -0.0001    2.1204    0.9428
[1] 3400.0000    0.2665    0.8983   -0.0513    1.9699    1.1525
[1] 3500.0000    1.0000    0.9338   -0.0389    2.2042    0.8830
[1] 3600.0000    0.2171    0.8553    0.1142    2.1642    1.1349
[1] 3700.0000    0.2426    0.9950    0.0528    2.1590    1.0085
[1] 3800.0000    0.2536    0.9791   -0.0612    2.0099    1.0179
[1] 3900.0000    1.0000    0.8173   -0.0158    2.1410    1.1134
[1] 4000.0000    1.0000    0.9388    0.0520    2.1118    0.8131
[1] 4100.0000    0.3301    0.9193    0.0408    2.1497    1.0337
[1] 4200.0000    0.6200    0.9756   -0.0361    2.2091    0.9752
[1] 4300.0000    0.1339    0.9986   -0.0187    2.1199    0.9026
[1] 4400.0000    0.5112    0.8372    0.0683    2.2675    1.0492
[1] 4500.0000    0.8840    0.8410    0.0402    2.2237    1.1520
[1] 4600.0000    1.0000    0.8859   -0.0264    2.0706    0.9442
[1] 4700.0000    0.0318    0.8767   -0.0290    2.1467    1.1619
[1] 4800.0000    0.1898    0.8536   -0.1214    2.1205    1.1437
[1] 4900.0000    0.1802    0.8138    0.1271    2.1886    1.0924
[1] 5000.0000    0.8151    0.9273    0.1063    2.1154    1.0348
[1] 5100.0000    0.9336    0.8496   -0.0562    2.2049    0.8317
[1] 5200.0000    0.1367    0.8440   -0.0231    2.2459    1.1937
[1] 5300.0000    1.0000    0.8379    0.0174    2.2666    1.0434
[1] 5400.0000    1.0000    0.8515    0.0203    2.1844    1.1120
[1] 5500.0000    0.6615    0.8506   -0.0309    2.1719    1.1979
[1] 5600.0000    0.0070    0.9095   -0.2017    2.2050    0.9324
[1] 5700.0000    0.7684    0.9403   -0.0071    2.0708    0.9236
[1] 5800.0000    0.2822    0.8520    0.0370    2.2689    1.0482
[1] 5900.0000    0.4701    0.8759   -0.0771    2.0636    1.0113
[1] 6000.0000    0.5908    0.8325   -0.0745    2.1519    0.8825
[1] 6100.0000    0.0575    0.9025    0.0154    2.2388    0.9119
[1] 6200.0000    1.0000    0.8336    0.0444    2.0191    0.9759
[1] 6300.0000    0.1121    0.8959    0.0460    2.2289    1.1826
[1] 6400.0000    0.6471    0.9022   -0.0273    2.1011    0.8332
[1] 6500.0000    0.3871    0.8697   -0.0114    2.1490    0.9040
[1] 6600.0000    0.0879    0.8918   -0.0647    2.1138    1.0184
[1] 6700.0000    0.0574    0.8229    0.0007    2.0969    1.0410
[1] 6800.0000    0.7014    0.9525   -0.0944    2.1084    0.9997
[1] 6900.0000    0.1801    0.9401   -0.0576    2.0434    0.9220
[1] 7000.0000    0.0945    0.8011   -0.0295    2.1626    1.0228
[1] 7100.0000    0.6963    0.8440    0.0442    2.2209    0.9302
[1] 7200.0000    0.0790    0.8214    0.0178    2.1596    1.1383
[1] 7300.0000    1.0000    0.9616   -0.0323    2.1878    0.8824
[1] 7400.0000    0.1082    0.8164   -0.0597    2.1476    0.8600
[1] 7500.0000    0.3504    0.9538    0.1044    2.1720    1.0728
[1] 7600.0000    0.4545    0.8898   -0.0703    2.0876    1.1032
[1] 7700.0000    0.1422    0.9975   -0.0759    2.1594    1.1871
[1] 7800.0000    0.0720    0.8812    0.0857    2.1621    1.0536
[1] 7900.0000    1.0000    0.9195   -0.0016    2.1292    1.0920
[1] 8000.0000    0.3969    0.9186   -0.0200    2.0315    1.0026
[1] 8100.0000    0.2653    0.8687   -0.0426    2.2608    1.0506
[1] 8200.0000    0.1322    0.9273    0.0246    2.2175    0.9041
[1] 8300.0000    0.4869    0.8444    0.1254    2.2432    1.1155
[1] 8400.0000    0.9645    0.9278    0.0163    2.2319    0.8107
[1] 8500.0000    0.0233    0.8507   -0.0683    2.0725    1.0895
[1] 8600.0000    0.3604    0.9214   -0.1292    2.2248    1.0135
[1] 8700.0000    0.1170    0.8293   -0.1079    2.0592    0.8767
[1] 8800.0000    1.0000    0.9324    0.0150    2.1625    0.8066
[1] 8900.0000    1.0000    0.9431    0.0550    2.1632    1.1381
[1] 9000.0000    0.6178    0.9025    0.0539    2.2016    0.9096
[1] 9100.0000    1.0000    0.9156    0.0365    2.1420    1.0916
[1] 9200.0000    1.0000    0.9069   -0.1309    2.1473    1.1995
[1] 9300.0000    0.0542    0.8689    0.0468    2.2643    0.9976
[1] 9400.0000    0.7332    0.8662    0.1236    2.0838    0.8284
[1] 9500.0000    0.0240    0.8817   -0.0876    2.1490    1.0875
[1] 9600.0000    0.9804    0.9566   -0.0305    2.1625    1.1182
[1] 9700.0000    0.0875    0.8614    0.0981    2.1017    0.9692
[1] 9800.0000    1.0000    0.8213    0.0369    2.1478    0.8104
[1] 9900.0000    0.0050    0.9529    0.0253    2.1401    0.9335
[1] 10000.0000     1.0000     0.8618    -0.0597     2.1063     0.8032
[1] 10100.0000     1.0000     0.9049     0.0192     2.2614     1.0751
[1] 10200.0000     0.5450     0.9808    -0.0927     2.1734     0.8342
[1] 10300.0000     0.3181     0.8120     0.0755     2.1216     0.8804
[1] 10400.0000     0.0671     0.9274     0.0340     2.1792     0.8733
[1] 10500.0000     1.0000     0.8159    -0.0838     2.2503     1.1284
[1] 1.060e+04 1.000e+00 8.189e-01 6.260e-02 2.176e+00 1.153e+00
[1] 10700.0000     0.6521     0.8475     0.0682     2.1225     1.0594
[1] 10800.0000     0.8927     0.8056     0.0313     2.2022     0.8503
[1] 10900.0000     0.1073     0.8264    -0.0046     2.1953     1.1140
[1] 11000.0000     0.6810     0.8012    -0.0076     2.2678     0.9407
[1] 11100.0000     0.0513     0.8902     0.0534     2.2758     0.9114
[1] 11200.0000     1.0000     0.9412     0.0053     2.2501     0.8257
[1] 11300.0000     1.0000     0.9738     0.0014     2.1877     1.1215
[1] 11400.0000     0.4938     0.8271     0.0127     2.0833     1.1322
[1] 11500.0000     0.0001     0.9311    -0.0038     2.0379     0.8792
[1] 11600.0000     1.0000     0.9382    -0.0776     2.0120     0.8033
[1] 11700.0000     1.0000     0.8766    -0.1011     2.0907     0.9110
[1] 11800.0000     0.1842     0.8440    -0.0298     2.1483     0.8198
[1] 11900.0000     0.6512     0.8272     0.0309     2.1234     0.8962
[1] 12000.0000     1.0000     0.9595     0.0143     2.1604     1.1960
[1] 12100.0000     0.8903     0.9650    -0.0768     2.1927     0.9420
[1] 12200.0000     0.5485     0.8496     0.0249     2.0817     0.8460
[1] 12300.0000     0.5858     0.9337     0.1015     2.1240     1.0573
[1] 12400.0000     1.0000     0.8046    -0.1085     2.1502     0.8797
[1] 12500.0000     0.0751     0.9120     0.1452     2.1729     1.1259
[1] 12600.0000     1.0000     0.9564     0.0022     2.1791     1.1675
[1] 12700.0000     0.0081     0.9486     0.0594     2.3069     0.8166
[1] 12800.0000     0.0028     0.8033    -0.0945     2.1115     0.8910
[1] 12900.0000     0.2790     0.8554    -0.1171     2.1151     0.9712
[1] 13000.0000     0.0977     0.8840     0.1050     2.1409     1.1100
[1] 13100.0000     0.4985     0.9591    -0.1429     2.1849     1.0507
[1] 13200.0000     0.3517     0.9589    -0.0650     2.0269     1.1555
[1] 13300.0000     0.1575     0.9324     0.0787     2.2566     1.1427
[1] 13400.0000     0.1142     0.9485     0.0026     2.1018     1.0271
[1] 13500.0000     0.0218     0.8240    -0.0428     2.2046     1.0099
[1] 13600.0000     0.0274     0.8917     0.0112     2.0524     1.0301
[1] 13700.0000     1.0000     0.8314     0.0167     2.1367     0.8589
[1] 13800.0000     0.6572     0.8254     0.0881     2.1576     0.9444
[1] 13900.0000     1.0000     0.8104    -0.0047     2.1051     0.8994
[1] 14000.0000     1.0000     0.9598     0.0105     2.1355     0.8043
[1] 14100.0000     0.0060     0.9236     0.0763     2.2485     0.9106
[1] 14200.0000     1.0000     0.9100     0.0438     2.1731     1.1948
[1] 14300.0000     0.7434     0.9874    -0.0340     2.2099     0.9095
[1] 14400.0000     0.9672     0.8984    -0.0270     2.1634     1.1866
[1] 14500.0000     1.0000     0.9833    -0.0300     2.0941     1.1771
[1] 14600.0000     0.0493     0.8329    -0.0140     2.1467     0.9630
[1] 14700.0000     1.0000     0.8840     0.0760     2.1222     1.0394
[1] 14800.0000     0.0138     0.8106    -0.0246     2.1661     1.0978
[1] 14900.0000     0.8061     0.9485     0.0200     2.2134     1.1960
[1] 15000.0000     0.0001     0.9109    -0.0642     2.1718     1.0795
[1] 15100.0000     0.1892     0.9112     0.0773     2.1806     1.0503
[1] 15200.0000     0.3789     0.9896     0.0986     2.1787     1.1186
[1] 15300.0000     0.7147     0.8296    -0.0283     2.1387     1.1944
[1] 15400.0000     1.0000     0.9829     0.0307     2.1919     1.0368
[1] 15500.0000     1.0000     0.8761     0.0806     2.0937     0.9901
[1] 15600.0000     1.0000     0.9912    -0.0134     2.1425     1.0551
[1] 15700.0000     0.4723     0.9225     0.1310     2.1225     0.9294
[1] 15800.0000     0.4529     0.9774     0.0547     2.1013     1.1822
[1] 15900.0000     0.0026     0.9524    -0.0408     2.2636     1.0855
[1] 16000.0000     0.7774     0.9761    -0.0271     2.2071     1.0600
[1] 16100.0000     1.0000     0.9477    -0.0955     2.1809     0.9420
[1] 16200.0000     1.0000     0.8455    -0.0196     2.1294     1.0509
[1] 16300.0000     1.0000     0.9029     0.0550     2.2491     1.0365
[1] 16400.0000     0.7542     0.8844     0.0278     2.0951     1.1913
[1] 16500.0000     0.6782     0.9407    -0.0005     2.2385     0.9877
[1] 16600.0000     0.4087     0.8568    -0.1091     2.1874     1.0645
[1] 16700.0000     0.5467     0.9070    -0.0792     2.1683     1.1930
[1] 16800.0000     0.8287     0.9593    -0.0623     2.1113     0.8375
[1] 16900.0000     0.0106     0.9209    -0.0509     2.0944     1.0574
[1] 17000.0000     0.5970     0.8355     0.0708     2.1957     0.9526
[1] 17100.0000     0.1248     0.9262     0.1514     2.1675     0.9696
[1] 17200.0000     0.6288     0.9233    -0.0088     2.1401     0.8592
[1] 17300.0000     0.3452     0.8396    -0.1868     2.1072     1.0131
[1] 17400.0000     0.5893     0.9623     0.0099     2.2927     1.1696
[1] 17500.0000     1.0000     0.9645    -0.0098     2.1573     0.9956
[1] 17600.0000     0.0485     0.9193    -0.0784     2.1540     0.8193
[1] 17700.0000     0.0067     0.8794    -0.0734     2.0025     0.9707
[1] 17800.0000     0.9817     0.9968     0.0043     2.1655     0.8268
[1] 17900.0000     0.0301     0.9291    -0.0888     2.2767     0.9192
[1] 18000.0000     0.8455     0.9109     0.1471     2.2056     0.8712
[1] 18100.0000     0.2155     0.9137     0.0067     2.1736     0.9014
[1] 18200.0000     0.2954     0.8127     0.1040     2.2406     0.8547
[1] 18300.0000     0.4552     0.9706    -0.0012     2.2046     1.1685
[1] 18400.0000     0.0005     0.9243    -0.0693     2.1237     1.1066
[1] 18500.0000     1.0000     0.8751     0.0114     2.1681     0.8892
[1] 18600.0000     0.3858     0.8933     0.0466     2.2694     0.9588
[1] 1.870e+04 7.550e-02 8.306e-01 1.980e-02 2.148e+00 9.156e-01
[1] 18800.0000     0.8128     0.9422    -0.0287     2.2587     0.8265
[1] 18900.0000     0.5529     0.9734    -0.0548     2.1100     1.0104
[1] 19000.0000     1.0000     0.8087    -0.0043     2.2709     1.1060
[1] 19100.0000     0.1582     0.9272    -0.1241     2.2980     0.8583
[1] 19200.0000     0.2312     0.8319    -0.0820     1.9828     1.0132
[1] 19300.0000     0.1181     0.9020    -0.0566     2.2000     1.0537
[1] 19400.0000     1.0000     0.8507    -0.0326     2.1422     0.9744
[1] 19500.0000     0.0310     0.9633     0.0262     2.1463     1.1823
[1] 19600.0000     0.5311     0.8948     0.0158     2.2452     1.0740
[1] 19700.0000     0.6307     0.8293     0.0552     2.1264     1.0022
[1] 19800.0000     0.2233     0.9869     0.0163     2.2382     0.9076
[1] 19900.0000     1.0000     0.9655     0.0114     2.2569     0.8660
[1] 20000.0000     1.0000     0.9605     0.0282     2.1977     0.8244
[1] 2.010e+04 1.700e-03 8.622e-01 4.400e-03 2.222e+00 8.640e-01
[1] 20200.0000     0.2088     0.9282    -0.0741     2.2135     0.9678
[1] 20300.0000     1.0000     0.9019    -0.0331     2.0395     1.0263
[1] 20400.0000     0.8653     0.9596    -0.0126     2.1451     1.0259
[1] 20500.0000     0.3536     0.8964    -0.0149     2.1681     1.1285
[1] 20600.0000     0.6673     0.9169    -0.0287     2.2189     1.1057
[1] 20700.0000     0.9549     0.8107     0.0812     2.2313     1.0874
[1] 20800.0000     1.0000     0.9981     0.0178     2.2575     1.0246
[1] 20900.0000     1.0000     0.9455    -0.0355     2.2169     1.1141
[1] 21000.0000     0.0425     0.8708     0.0017     2.0968     1.1617
[1] 21100.0000     1.0000     0.8682    -0.0400     2.0997     1.1577
[1] 21200.0000     1.0000     0.9611    -0.0214     2.1641     0.8029
[1] 21300.0000     0.6387     0.8214    -0.0215     2.1087     1.0391
[1] 21400.0000     1.0000     0.8276     0.0934     2.1711     0.8233
[1] 21500.0000     1.0000     0.8291    -0.0021     2.1703     1.0581
[1] 21600.0000     0.7717     0.9526    -0.0976     2.1312     1.0075
[1] 21700.0000     0.5601     0.9973    -0.0570     2.1501     0.9605
[1] 21800.0000     0.8115     0.8733     0.0538     2.1958     1.1912
[1] 21900.0000     0.2667     0.9598     0.0514     2.2521     0.8497
[1] 22000.0000     0.7279     0.8874    -0.0052     2.1089     1.0182
[1] 22100.0000     0.2413     0.8953    -0.0398     2.1026     0.9321
[1] 22200.0000     0.7308     0.8579    -0.0352     2.1085     0.8534
[1] 22300.0000     0.2896     0.9726    -0.1777     2.2134     0.8521
[1] 22400.0000     0.7130     0.8145    -0.0271     2.1270     0.8604
[1] 22500.0000     0.1508     0.8933     0.0385     2.1950     1.0721
[1] 22600.0000     0.0525     0.8433    -0.0165     2.3128     1.1055
[1] 22700.0000     0.0453     0.8271    -0.0659     2.1529     1.1968
[1] 22800.0000     0.3074     0.8972    -0.0147     2.0409     1.0231
[1] 22900.0000     0.9159     0.8956    -0.0655     2.0269     1.1446
[1] 23000.0000     0.0211     0.8997     0.0293     2.1022     0.9381
[1] 23100.0000     0.5013     0.8119     0.0761     2.1938     1.0551
[1] 23200.0000     0.4852     0.8154     0.0710     2.1945     0.9644
[1] 23300.0000     0.6095     0.9627     0.1638     2.2085     0.8504
[1] 23400.0000     1.0000     0.8888    -0.0341     2.1710     1.0444
[1] 23500.0000     1.0000     0.9916     0.0141     2.1532     1.1297
[1] 23600.0000     0.2784     0.8573    -0.0065     2.2694     0.9429
[1] 23700.0000     0.3229     0.9328     0.0266     2.1311     1.0180
[1] 23800.0000     0.3861     0.9299    -0.0230     2.0174     1.0580
[1] 23900.0000     0.7943     0.8722     0.1225     2.1392     0.8735
[1] 24000.0000     1.0000     0.9239     0.1140     2.1802     0.9362
[1] 24100.0000     1.0000     0.9214    -0.1193     2.2106     0.8541
[1] 24200.0000     0.2393     0.9331    -0.1177     2.1146     1.1419
[1] 24300.0000     0.1665     0.8950     0.0324     2.2252     0.9587
[1] 24400.0000     0.2398     0.8997     0.0763     2.1287     0.9997
[1] 24500.0000     0.4948     0.9726     0.0127     2.2705     1.0605
[1] 24600.0000     0.2828     0.9866    -0.0042     2.1476     1.1519
[1] 24700.0000     1.0000     0.9195     0.0610     2.2335     0.8781
[1] 24800.0000     0.4476     0.9497     0.0150     2.2234     1.0764
[1] 24900.0000     0.3181     0.9126    -0.0676     2.2343     1.0268
[1] 25000.0000     1.0000     0.8801     0.0002     2.1949     0.8235
[1] 25100.0000     0.8980     0.8419    -0.0220     2.2053     0.8544
[1] 25200.0000     0.1944     0.9507     0.0741     2.1905     0.9719
[1] 25300.0000     0.4425     0.8254    -0.0993     2.0647     0.8434
[1] 25400.0000     0.4843     0.8988     0.0289     2.0863     1.0888
[1] 25500.0000     0.6712     0.8159     0.0532     2.1392     1.0385
[1] 25600.0000     0.0283     0.9041    -0.0179     2.2409     1.0021
[1] 25700.0000     0.0328     0.9659    -0.0302     2.1549     0.9398
[1] 25800.0000     0.0606     0.9689     0.0482     2.2119     1.1962
[1] 25900.0000     0.2903     0.8683     0.0126     2.1233     0.8098
[1] 26000.0000     0.9227     0.9492     0.0102     2.1295     1.0058
[1] 26100.0000     0.0767     0.9097    -0.0140     2.2511     1.1652
[1] 26200.0000     0.8763     0.8601    -0.0380     2.1678     0.9041
[1] 26300.0000     0.5632     0.8623    -0.1311     2.1327     1.0835
[1] 26400.0000     0.1523     0.8855     0.1339     2.1131     1.0131
[1] 26500.0000     1.0000     0.9678    -0.0099     2.0914     0.9418
[1] 26600.0000     0.2936     0.9993    -0.0287     2.0766     1.0988
[1] 2.670e+04 1.000e+00 8.892e-01 2.630e-02 2.199e+00 9.428e-01
[1] 26800.0000     1.0000     0.9542    -0.0623     2.1763     1.1594
[1] 26900.0000     0.0151     0.8396    -0.0195     2.2022     0.9391
[1] 27000.0000     1.0000     0.8977     0.0139     2.2366     0.8661
[1] 27100.0000     0.2569     0.8095    -0.0270     2.1411     1.0497
[1] 27200.0000     0.0768     0.8135    -0.1186     2.2608     0.8529
[1] 27300.0000     0.0213     0.9608    -0.1491     2.1526     0.8492
[1] 27400.0000     0.1928     0.8806     0.0065     2.0149     1.0468
[1] 27500.0000     0.6027     0.9534     0.0010     2.1194     0.8238
[1] 27600.0000     0.0400     0.9357     0.0435     2.1732     0.9330
[1] 27700.0000     0.0085     0.8768     0.1365     2.1572     1.0202
[1] 27800.0000     0.0620     0.8828    -0.0148     2.1390     1.1030
[1] 27900.0000     0.8376     0.8904     0.0774     2.1838     0.9276
[1] 28000.0000     0.0040     0.9430    -0.0012     2.1703     0.9743
[1] 28100.0000     0.0559     0.9262     0.0219     2.1965     1.0710
[1] 28200.0000     0.5080     0.9920     0.0895     2.1799     1.1206
[1] 2.830e+04 1.000e+00 8.124e-01 2.000e-04 2.206e+00 9.290e-01
[1] 28400.0000     1.0000     0.9594    -0.0368     2.1273     0.8105
[1] 28500.0000     0.0801     0.8257     0.1189     2.1321     0.8766
[1] 28600.0000     0.4920     0.9775    -0.0131     2.1392     0.9079
[1] 28700.0000     0.9890     0.9143    -0.0066     2.1289     0.8158
[1] 28800.0000     0.8029     0.9743    -0.0429     2.1653     0.8723
[1] 28900.0000     0.5512     0.9457    -0.1709     2.2304     1.0466
[1] 29000.0000     0.7011     0.8148    -0.0195     2.2162     0.9225
[1] 29100.0000     0.2520     0.8438     0.0557     2.1908     0.8008
[1] 29200.0000     0.9270     0.9160    -0.0184     2.0683     1.0663
[1] 29300.0000     1.0000     0.9064    -0.0340     2.1616     1.0368
[1] 29400.0000     0.0964     0.9512     0.1550     2.0190     1.1262
[1] 29500.0000     1.0000     0.8146     0.0403     2.2247     0.8093
[1] 29600.0000     0.3770     0.9770     0.0387     2.2643     1.1651
[1] 29700.0000     0.1139     0.8808    -0.0248     2.0589     0.9901
[1] 29800.0000     0.5514     0.8701     0.0262     2.2416     0.8024
[1] 29900.0000     1.0000     0.9798    -0.0179     2.2355     1.0014
[1] 30000.0000     0.4932     0.9223     0.0192     2.1379     0.9346
[1] 0.5549378
Time difference of 10.75268 hours
null device 
          1 
