[1] "El numero de nodos X particion es: 10"
[1] "sim_data/datasetSVCMatern4.Rdata"
[1] 1000.0000    0.0017    0.9247   -0.1156    1.9301
[1] 2000.0000    0.2476    0.8369   -0.2170    1.8383
[1] 3000.0000    0.7194    0.9527   -0.3233    1.6938
[1] 4000.0000    1.0000    0.8750   -0.1929    1.8146
[1] 5000.0000    0.0001    0.8028   -0.3440    1.6504
[1] 6000.0000    0.1098    0.8041   -0.3337    1.7624
[1] 7000.0000    0.0103    0.9991   -0.1694    1.8051
[1] 8000.0000    0.0117    0.9995   -0.2125    1.6550
[1] 9000.0000    1.0000    0.8855   -0.2649    1.8216
[1] 10000.0000     0.7651     0.8063    -0.2026     1.7292
[1] 11000.0000     1.0000     0.9449    -0.1614     1.8480
[1] 12000.0000     0.4274     0.9099    -0.0699     1.9771
[1] 13000.0000     0.0805     0.8349    -0.2175     1.8667
[1] 14000.0000     0.6252     0.8758     0.0190     2.0735
[1] 15000.0000     1.0000     0.9775    -0.0193     2.0119
[1] 16000.0000     0.0000     0.9011    -0.2580     1.8565
[1] 17000.0000     0.0000     0.8183    -0.2888     1.6798
[1] 18000.0000     0.0047     0.8323    -0.2727     1.7758
[1] 19000.0000     0.0356     0.9327     0.0423     2.0443
[1] 20000.0000     0.4451     0.9176    -0.0930     1.9710
[1] 21000.0000     0.1849     0.9246     0.1199     2.0672
[1] 22000.0000     1.0000     0.8272    -0.0418     1.9840
[1] 23000.0000     0.2110     0.9678    -0.1669     1.8785
[1] 24000.0000     0.1980     0.9020    -0.1214     1.9331
[1] 25000.0000     0.0287     0.8152    -0.0250     1.9717
[1] 26000.0000     0.1120     0.9075    -0.2657     1.7537
[1] 27000.0000     0.0023     0.8450     0.0641     1.9857
[1] 28000.0000     1.0000     0.9611    -0.0618     1.9521
[1] 29000.0000     0.1647     0.8204     0.0804     1.9279
[1] 30000.0000     0.6265     0.8236    -0.1831     1.8900
[1] 0.3458649
Time difference of 3.937637 hours
null device 
          1 
