[1] "El numero de nodos X particion es: 10"
[1] "sim_data/datasetSVCExponential5.Rdata"
[1] 1000.0000    0.0000    0.9247    0.0885    1.9858
[1] 2000.0000    0.0173    0.8766   -0.1460    1.7734
[1] 3000.0000    0.0959    0.9628   -0.1651    1.6760
[1] 4000.0000    0.4004    0.8750   -0.3487    1.6301
[1] 5000.0000    0.0000    0.8028   -0.2714    1.6651
[1] 6000.0000    0.1946    0.8041   -0.4684    1.6005
[1] 7000.0000    0.0036    0.9991   -0.2704    1.6813
[1] 8000.0000    0.0101    0.9995   -0.2055    1.6196
[1] 9000.0000    1.0000    0.8855   -0.1913    1.8594
[1] 10000.0000     0.0210     0.8511    -0.2157     1.7408
[1] 11000.0000     1.0000     0.9449     0.0030     1.9941
[1] 12000.0000     0.3227     0.9099    -0.2197     1.7730
[1] 13000.0000     0.1553     0.8272    -0.1029     1.9872
[1] 14000.0000     0.2205     0.9941    -0.0252     1.8885
[1] 15000.0000     1.0000     0.9775    -0.0901     1.9633
[1] 16000.0000     0.0000     0.9011    -0.2587     1.8116
[1] 17000.0000     0.0000     0.8183    -0.2969     1.5932
[1] 18000.0000     0.0017     0.8323    -0.2482     1.7413
[1] 1.900e+04 5.200e-03 9.327e-01 7.150e-02 2.070e+00
[1] 20000.0000     0.3873     0.9176    -0.0730     1.9539
[1] 21000.0000     0.1055     0.9246     0.1241     2.0193
[1] 22000.0000     1.0000     0.8272    -0.0901     1.9183
[1] 23000.0000     0.1072     0.9678    -0.1597     1.8552
[1] 24000.0000     0.1119     0.9020    -0.1538     1.8576
[1] 25000.0000     0.0260     0.8152    -0.0240     1.9409
[1] 26000.0000     0.0533     0.9801    -0.2998     1.5850
[1] 2.700e+04 3.600e-03 8.450e-01 3.460e-02 1.945e+00
[1] 28000.0000     1.0000     0.9611    -0.0598     1.9692
[1] 29000.0000     0.1504     0.8204     0.1208     1.9262
[1] 30000.0000     0.6625     0.8236    -0.0980     1.9166
[1] 0.3270342
Time difference of 3.513176 hours
null device 
          1 
