[1] "El numero de nodos X particion es: 10"
[1] "sim_data/datasetSVCMatern3.Rdata"
[1] 1000.0000    0.0008    0.9247    0.0337    1.9868
[1] 2000.0000    0.1764    0.8766    0.0830    1.9883
[1] 3000.0000    1.0000    0.9527   -0.0907    1.7482
[1] 4000.0000    0.7303    0.8750   -0.0584    1.8966
[1] 5000.0000    0.0002    0.9604   -0.1734    1.7169
[1] 6000.0000    0.0080    0.8466   -0.3026    1.6164
[1] 7000.0000    0.0023    0.9991   -0.0946    1.7967
[1] 8000.0000    0.0067    0.9995    0.0163    1.7762
[1] 9000.0000    1.0000    0.8855    0.0281    2.0034
[1] 10000.0000     0.1165     0.8063    -0.0325     1.7664
[1] 11000.0000     1.0000     0.9449    -0.0785     1.8696
[1] 12000.0000     1.0000     0.8367    -0.0935     1.7225
[1] 13000.0000     0.1488     0.8272    -0.0918     1.9282
[1] 14000.0000     0.2282     0.9941     0.0950     1.9509
[1] 15000.0000     1.0000     0.9775     0.1267     2.0413
[1] 16000.0000     0.0000     0.9011    -0.1960     1.8470
[1] 17000.0000     0.0000     0.8183    -0.1841     1.6927
[1] 18000.0000     0.0199     0.9962    -0.2075     1.7743
[1] 19000.0000     0.0094     0.9327     0.0297     1.9769
[1] 20000.0000     0.0140     0.9176     0.0801     1.9797
[1] 21000.0000     0.2950     0.9071     0.1158     1.9401
[1] 22000.0000     1.0000     0.8272     0.0684     1.9657
[1] 2.300e+04 5.710e-02 9.678e-01 5.570e-02 2.027e+00
[1] 24000.0000     1.0000     0.9977     0.0329     1.8643
[1] 25000.0000     0.0674     0.8152     0.1179     2.0404
[1] 26000.0000     0.0846     0.9801    -0.0254     1.8340
[1] 27000.0000     0.0668     0.9485    -0.0393     1.9194
[1] 28000.0000     1.0000     0.9611    -0.0197     1.8941
[1] 29000.0000     0.0289     0.9661     0.1387     1.9856
[1] 30000.0000     0.4054     0.8236    -0.0403     1.9073
[1] 0.3186538
Time difference of 3.961042 hours
null device 
          1 
