[1] "El numero de nodos X particion es: 10"
[1] "sim_data/datasetSVCExponential4.Rdata"
[1] 1000.0000    0.0709    0.9247   -0.1727    1.9045
[1] 2000.0000    0.2734    0.8369   -0.2194    1.8284
[1] 3000.0000    0.4106    0.9527   -0.3241    1.6853
[1] 4000.0000    0.4465    0.8750   -0.3183    1.7091
[1] 5000.0000    0.0001    0.8028   -0.3094    1.6754
[1] 6000.0000    0.2803    0.8041   -0.2209    1.8647
[1] 7000.0000    0.0155    0.9991   -0.2377    1.7642
[1] 8000.0000    0.0365    0.9995   -0.1699    1.7205
[1] 9000.0000    1.0000    0.8855   -0.2228    1.8804
[1] 10000.0000     0.0712     0.8063    -0.1433     1.7232
[1] 11000.0000     1.0000     0.9449    -0.0970     1.9450
[1] 12000.0000     0.4466     0.9099    -0.0515     2.0045
[1] 13000.0000     0.0972     0.8881    -0.2314     1.8471
[1] 14000.0000     0.3828     0.9941    -0.1083     1.8608
[1] 15000.0000     0.7239     0.9775    -0.0023     2.0009
[1] 16000.0000     0.0000     0.9011    -0.2593     1.8505
[1] 17000.0000     0.0000     0.8183    -0.2124     1.7287
[1] 18000.0000     0.3357     0.8323    -0.2973     1.8080
[1] 19000.0000     0.2158     0.9209    -0.0618     2.0437
[1] 20000.0000     0.5586     0.9176    -0.1196     1.9453
[1] 21000.0000     0.5481     0.9071     0.1838     2.1203
[1] 22000.0000     1.0000     0.8272    -0.0872     1.9136
[1] 23000.0000     0.2125     0.9678    -0.1697     1.8777
[1] 24000.0000     0.6619     0.9885    -0.0533     2.0010
[1] 25000.0000     0.0164     0.8152     0.0178     2.0047
[1] 26000.0000     0.2262     0.8739    -0.1698     1.7831
[1] 27000.0000     0.7011     0.8051     0.0760     1.9779
[1] 28000.0000     1.0000     0.9611    -0.1186     1.9135
[1] 29000.0000     0.5680     0.8204     0.0380     1.9301
[1] 30000.0000     0.3664     0.8236    -0.2388     1.8652
[1] 0.3523422
Time difference of 3.711361 hours
null device 
          1 
