[1] "El numero de nodos X particion es: 10"
[1] "sim_data/datasetSVCMatern1.Rdata"
[1] 1000.0000    0.0039    0.9247    0.1100    2.1921
[1] 2000.0000    0.0088    0.8766    0.1093    2.0720
[1] 3000.0000    0.0968    0.9628    0.0638    1.9809
[1] 4000.0000    0.8991    0.8750   -0.0389    1.9949
[1] 5000.0000    0.0000    0.8028   -0.0990    1.9303
[1] 6000.0000    0.0890    0.8041   -0.0232    2.0770
[1] 7000.0000    0.0116    0.9991    0.0465    2.0658
[1] 8000.0000    0.0880    0.9995    0.0303    2.0156
[1] 9000.0000    1.0000    0.8855    0.0694    2.1748
[1] 10000.0000     0.0415     0.8511     0.0022     2.0466
[1] 11000.0000     0.5960     0.9449     0.2062     2.1622
[1] 12000.0000     0.3669     0.9099     0.1853     2.2499
[1] 13000.0000     0.1047     0.8881     0.1960     2.2791
[1] 14000.0000     0.1261     0.9941     0.2566     2.2381
[1] 15000.0000     0.7061     0.9775     0.2237     2.1885
[1] 16000.0000     0.0000     0.9011    -0.0198     2.1201
[1] 17000.0000     0.0000     0.8183    -0.0776     1.9186
[1] 18000.0000     0.0031     0.8323    -0.0593     2.0142
[1] 19000.0000     0.0113     0.9327     0.2771     2.3164
[1] 20000.0000     0.2682     0.9176     0.1657     2.2426
[1] 21000.0000     0.7964     0.9071     0.3419     2.3132
[1] 22000.0000     1.0000     0.8272     0.1456     2.1741
[1] 23000.0000     0.1195     0.9680     0.1820     2.2548
[1] 24000.0000     0.7765     0.9977     0.1323     2.0669
[1] 25000.0000     0.0308     0.8152     0.1762     2.1977
[1] 26000.0000     0.0256     0.9075    -0.1674     1.8753
[1] 2.700e+04 7.000e-04 8.450e-01 2.936e-01 2.226e+00
[1] 28000.0000     1.0000     0.9611     0.2220     2.2619
[1] 29000.0000     0.1184     0.8204     0.3384     2.2068
[1] 30000.0000     0.5353     0.8236     0.0327     2.1237
[1] 0.3354479
Time difference of 3.991646 hours
null device 
          1 
