[1] "El numero de nodos X particion es: 10"
[1] "sim_data/datasetSVCExponential3.Rdata"
[1] 1000.0000    0.0000    0.9247    0.1087    1.9584
[1] 2000.0000    0.1710    0.8766   -0.0844    1.8661
[1] 3000.0000    0.5974    0.9527   -0.2377    1.6309
[1] 4000.0000    0.7976    0.8750   -0.1341    1.7898
[1] 5000.0000    0.0000    0.8028   -0.2564    1.6713
[1] 6000.0000    0.1760    0.8041   -0.1901    1.8035
[1] 7000.0000    0.0028    0.9991   -0.0278    1.8303
[1] 8000.0000    0.0033    0.9995   -0.1184    1.6283
[1] 9000.0000    1.0000    0.8855   -0.0691    1.9191
[1] 10000.0000     0.0340     0.8511    -0.1986     1.7227
[1] 11000.0000     1.0000     0.9449     0.1539     2.0856
[1] 1.200e+04 2.423e-01 9.099e-01 5.320e-02 2.051e+00
[1] 13000.0000     0.1168     0.8881    -0.0091     1.9640
[1] 14000.0000     0.1358     0.9941     0.0320     1.9222
[1] 15000.0000     1.0000     0.9775     0.0004     1.9784
[1] 16000.0000     0.0000     0.9011    -0.1141     1.9023
[1] 17000.0000     0.0002     0.8877    -0.2078     1.7908
[1] 18000.0000     0.0043     0.8323    -0.1496     1.8004
[1] 19000.0000     1.0000     0.9209     0.1134     2.0857
[1] 20000.0000     0.6244     0.9176     0.0043     1.9953
[1] 21000.0000     0.6664     0.9071     0.2624     2.1422
[1] 22000.0000     1.0000     0.8272     0.0895     2.0031
[1] 23000.0000     0.1020     0.9678    -0.0116     1.9602
[1] 24000.0000     0.2128     0.9020    -0.0300     1.9446
[1] 25000.0000     0.0818     0.8152     0.0427     1.9834
[1] 26000.0000     0.0524     0.9801    -0.1563     1.6977
[1] 27000.0000     0.8802     0.8051     0.0582     1.8974
[1] 28000.0000     1.0000     0.9611     0.1173     2.0609
[1] 29000.0000     0.0334     0.9661     0.1999     2.0138
[1] 30000.0000     0.6442     0.8236    -0.0978     1.8590
[1] 0.3359153
Time difference of 3.591464 hours
null device 
          1 
