[1] "El numero de nodos X particion es: 10"
[1] "sim_data/datasetSVCExponential2.Rdata"
[1] 1000.0000    0.0624    0.9247    0.1524    2.1089
[1] 2000.0000    0.4957    0.8369    0.1102    2.0331
[1] 3000.0000    0.5467    0.9527   -0.0238    1.8358
[1] 4000.0000    0.9144    0.8750    0.0411    1.8990
[1] 5000.0000    0.0001    0.8028    0.0664    1.9141
[1] 6000.0000    0.0018    0.8177    0.0252    1.8669
[1] 7000.0000    0.0196    0.9991    0.1562    2.0120
[1] 8000.0000    0.0096    0.9995    0.2169    1.9125
[1] 9000.0000    1.0000    0.8855    0.0604    1.9986
[1] 10000.0000     0.0839     0.8063     0.0882     1.8169
[1] 11000.0000     1.0000     0.9449     0.2784     2.1623
[1] 12000.0000     0.2617     0.9099     0.2503     2.2001
[1] 13000.0000     0.2101     0.8272     0.0656     2.0371
[1] 14000.0000     0.1407     0.9941     0.3032     2.1341
[1] 15000.0000     1.0000     0.9775     0.1568     2.0857
[1] 16000.0000     0.0029     0.9277     0.0818     1.8922
[1] 17000.0000     0.0000     0.8183     0.0599     1.8542
[1] 18000.0000     0.0054     0.8323     0.0257     1.9188
[1] 19000.0000     0.0082     0.9327     0.3525     2.2719
[1] 20000.0000     0.2363     0.9176     0.2358     2.1559
[1] 21000.0000     0.6577     0.9071     0.4231     2.2543
[1] 22000.0000     1.0000     0.8272     0.2437     2.1038
[1] 23000.0000     0.1172     0.9678     0.1670     2.0851
[1] 24000.0000     0.5647     0.9885     0.2352     2.1698
[1] 2.500e+04 1.137e-01 8.152e-01 1.747e-01 2.061e+00
[1] 26000.0000     0.2668     0.9075     0.1413     2.0059
[1] 27000.0000     0.0124     0.8450     0.3572     2.2016
[1] 28000.0000     1.0000     0.9611     0.1773     2.0592
[1] 29000.0000     0.1236     0.8204     0.3366     2.0671
[1] 30000.0000     0.4512     0.8236    -0.0253     1.8982
[1] 0.3468332
Time difference of 3.601977 hours
null device 
          1 
