[1] "El numero de nodos X particion es: 10"
[1] "Model = M2 / Data = sim_data/datasetSVCMatern1x20.Rdata"
[1] 100.0000   1.0000   0.8291  -0.0204   1.8202   0.9331
[1] 200.0000   1.0000   0.9804  -0.2087   1.6921   1.0297
[1] 300.0000   0.3469   0.8776  -0.3148   1.7943   1.0665
[1] 400.0000   0.2687   0.8651  -0.2081   1.7137   1.0074
[1] 500.0000   0.7746   0.8902  -0.2835   1.6562   0.8863
[1] 600.0000   0.0118   0.8693  -0.2116   1.6645   1.0610
[1] 700.0000   0.5193   0.8087  -0.2205   1.7839   1.0605
[1] 800.0000   0.3975   0.9840  -0.2676   1.7748   0.9131
[1] 900.0000   1.0000   0.9357  -0.3184   1.5898   1.0743
[1] 1000.0000    1.0000    0.9692   -0.2735    1.8403    0.9576
[1] 1100.0000    0.1526    0.9031   -0.2851    1.6882    1.0781
[1] 1200.0000    1.0000    0.8603   -0.2121    1.7641    0.9164
[1] 1300.0000    0.4094    0.8617   -0.3071    1.7670    1.0550
[1] 1400.0000    0.2126    0.9303   -0.3504    1.7397    1.1894
[1] 1500.0000    0.0001    0.9694   -0.1871    1.6503    1.1238
[1] 1600.0000    0.0338    0.9215   -0.2897    1.7345    1.1003
[1] 1700.0000    0.4193    0.8185   -0.2968    1.5944    1.1630
[1] 1800.0000    0.0004    0.9234   -0.2957    1.8651    1.1307
[1] 1900.0000    0.0277    0.9875   -0.1273    1.7270    0.8532
[1] 2000.0000    0.1142    0.8432   -0.3606    1.6858    1.0611
[1] 2100.0000    0.0299    0.8660   -0.2712    1.6972    1.0019
[1] 2200.0000    1.0000    0.8897   -0.2805    1.7578    1.0133
[1] 2300.0000    0.0231    0.8608   -0.2376    1.7040    1.0478
[1] 2400.0000    0.2574    0.9764   -0.1390    1.7527    1.0594
[1] 2500.0000    1.0000    0.9002   -0.2254    1.7152    1.1531
[1] 2600.0000    0.1422    0.9658   -0.3221    1.7137    1.0023
[1] 2700.0000    0.0470    0.8044   -0.3194    1.7141    1.0835
[1] 2800.0000    0.1817    0.8906   -0.3088    1.7412    0.8787
[1] 2900.0000    1.0000    0.9145   -0.2881    1.6519    0.9304
[1] 3000.0000    0.1587    0.9623   -0.3479    1.7709    1.1476
[1] 3100.0000    0.7267    0.8265   -0.1958    1.7258    1.1652
[1] 3200.0000    0.5395    0.9676   -0.3453    1.6626    1.1339
[1] 3300.0000    0.0696    0.9877   -0.2573    1.6631    0.9428
[1] 3400.0000    0.1802    0.9515   -0.3284    1.5803    1.1198
[1] 3500.0000    0.7984    0.9338   -0.2365    1.6423    0.8830
[1] 3600.0000    1.0000    0.8553   -0.2162    1.7106    1.1349
[1] 3700.0000    0.1028    0.8898   -0.2134    1.7157    1.0833
[1] 3800.0000    0.2366    0.8842   -0.3281    1.6269    1.1682
[1] 3900.0000    0.4139    0.8173   -0.1747    1.6650    1.1134
[1] 4000.0000    0.6905    0.9388   -0.1705    1.6058    0.8131
[1] 4100.0000    0.3675    0.9779   -0.2358    1.7518    0.9562
[1] 4200.0000    0.0853    0.9756   -0.3022    1.7805    0.9752
[1] 4300.0000    0.0000    0.9986   -0.3318    1.8080    0.9026
[1] 4400.0000    0.1001    0.9571   -0.1482    1.8059    0.9932
[1] 4500.0000    0.7244    0.8410   -0.2207    1.7936    1.1520
[1] 4600.0000    0.5777    0.8039   -0.2385    1.7295    1.1669
[1] 4700.0000    0.3239    0.8102   -0.2256    1.6222    1.1923
[1] 4800.0000    0.1118    0.8985   -0.2406    1.7540    0.9827
[1] 4900.0000    0.2580    0.9222   -0.1750    1.8191    0.9837
[1] 5000.0000    0.7058    0.9273   -0.1802    1.7455    1.0348
[1] 5100.0000    0.2057    0.9679   -0.2448    1.6999    1.1951
[1] 5200.0000    0.0919    0.8350   -0.2980    1.7995    1.0935
[1] 5300.0000    1.0000    0.8379   -0.2552    1.8286    1.0434
[1] 5400.0000    1.0000    0.8515   -0.2132    1.7495    1.1120
[1] 5500.0000    0.1382    0.8506   -0.2464    1.6976    1.1979
[1] 5600.0000    0.0006    0.9328   -0.4047    1.7545    1.1365
[1] 5700.0000    0.2454    0.9403   -0.1987    1.7221    0.9236
[1] 5800.0000    1.0000    0.8520   -0.2314    1.7364    1.0482
[1] 5900.0000    0.3964    0.8759   -0.3122    1.6408    1.0113
[1] 6000.0000    0.0267    0.8790   -0.2242    1.6470    1.0590
[1] 6100.0000    0.0308    0.9025   -0.1260    1.7668    0.9119
[1] 6200.0000    0.7336    0.8336   -0.2996    1.6104    0.9759
[1] 6300.0000    0.0164    0.8959   -0.1453    1.8041    1.1826
[1] 6400.0000    0.5750    0.9022   -0.2056    1.6988    0.8332
[1] 6500.0000    0.9448    0.9478   -0.1810    1.7232    1.0656
[1] 6600.0000    0.1591    0.8918   -0.2921    1.7238    1.0184
[1] 6700.0000    0.0117    0.8229   -0.2141    1.6701    1.0410
[1] 6800.0000    0.2930    0.9525   -0.2688    1.7356    0.9997
[1] 6900.0000    0.1245    0.8556   -0.2668    1.6684    1.1638
[1] 7000.0000    0.0515    0.9736   -0.2908    1.7116    1.0588
[1] 7100.0000    0.2381    0.8440   -0.2065    1.7835    0.9302
[1] 7200.0000    0.0027    0.9380   -0.2331    1.6917    0.9677
[1] 7300.0000    1.0000    0.9616   -0.1964    1.7444    0.8824
[1] 7400.0000    0.5906    0.9154   -0.3424    1.7486    1.1958
[1] 7500.0000    0.4038    0.8682   -0.1880    1.8040    0.9160
[1] 7600.0000    1.0000    0.8898   -0.2868    1.6599    1.1032
[1] 7700.0000    0.0571    0.8552   -0.2649    1.6603    1.0850
[1] 7800.0000    0.2262    0.9829   -0.1578    1.7866    1.0003
[1] 7900.0000    1.0000    0.9195   -0.2557    1.6989    1.0920
[1] 8000.0000    0.0318    0.8855   -0.3227    1.6012    1.0520
[1] 8100.0000    0.1088    0.9405   -0.2290    1.8364    1.1590
[1] 8200.0000    0.0196    0.9273   -0.1916    1.7688    0.9041
[1] 8300.0000    0.1437    0.8896   -0.1905    1.7680    1.1748
[1] 8400.0000    0.6701    0.8563   -0.3121    1.6797    1.0967
[1] 8500.0000    0.0240    0.8716   -0.3059    1.6317    1.1821
[1] 8600.0000    0.3735    0.9214   -0.3445    1.7624    1.0135
[1] 8700.0000    0.0908    0.8788   -0.1622    1.7059    1.1009
[1] 8800.0000    0.7402    0.9324   -0.2081    1.6468    0.8066
[1] 8900.0000    0.7600    0.9431   -0.2013    1.7305    1.1381
[1] 9000.0000    0.3898    0.9025   -0.2118    1.7213    0.9096
[1] 9100.0000    0.3756    0.9978   -0.2296    1.7365    0.9039
[1] 9200.0000    0.6957    0.9069   -0.3184    1.7481    1.1995
[1] 9300.0000    0.0177    0.9270   -0.1718    1.8037    1.1117
[1] 9400.0000    0.0558    0.8458   -0.1041    1.6833    1.0091
[1] 9500.0000    0.1270    0.8817   -0.2874    1.6670    1.0875
[1] 9600.0000    0.7422    0.9566   -0.2460    1.6467    1.1182
[1] 9700.0000    0.2797    0.9939   -0.2289    1.6179    0.9010
[1] 9800.0000    0.0250    0.8700   -0.2644    1.7118    1.1427
[1] 9900.0000    0.0114    0.9529   -0.2244    1.7675    0.9335
[1] 10000.0000     0.0344     0.9167    -0.3666     1.6756     1.1877
[1] 0.4252441
Time difference of 3.402842 hours
null device 
          1 
