[1] "El numero de nodos X particion es: 10"
[1] "Model = M3 / Data = sim_data/datasetSVCMatern1x20.Rdata"
[1] 100.0000   0.0000   0.8754   0.0013   2.4779   0.9286
[1] 200.0000   0.0000   0.9263   0.0076   2.5282   0.9110
[1] 300.0000   0.0005   0.9777   0.0215   2.5261   1.0100
[1] 400.0000   0.0000   0.9217   0.1309   2.4773   0.9692
[1] 500.0000   0.0000   0.8350   0.2826   2.5036   0.9084
[1] 600.0000   0.0000   0.8891   0.2673   2.5382   0.8464
[1] 700.0000   0.0029   0.9506   0.2775   2.4579   1.0413
[1] 800.0000   0.0000   0.9840   0.3154   2.5233   0.9131
[1] 900.0000   0.0003   0.9726   0.2872   2.4744   1.0870
[1] 1000.0000    0.0000    0.8896    0.2934    2.4825    0.9869
[1] 1100.0000    0.0017    0.9949    0.3055    2.5343    1.1046
[1] 1200.0000    0.0006    0.8467    0.3068    2.5021    1.0747
[1] 1300.0000    0.0526    0.9151    0.2935    2.5341    0.9862
[1] 1400.0000    0.0000    0.8480    0.3064    2.5475    0.9574
[1] 1500.0000    0.0000    0.9512    0.3087    2.5187    1.1522
[1] 1600.0000    0.0000    0.8134    0.2864    2.5072    1.0775
[1] 1700.0000    0.0000    0.8745    0.2824    2.5192    0.9148
[1] 1800.0000    0.0000    0.9539    0.2116    2.5073    0.8840
[1] 1900.0000    0.0000    0.9957    0.2954    2.5441    1.1822
[1] 2000.0000    0.0410    0.8821    0.2571    2.4679    0.8614
[1] 2100.0000    0.0000    0.8967    0.3205    2.5126    0.8513
[1] 2200.0000    0.3192    0.8580    0.2790    2.4809    1.0161
[1] 2300.0000    0.0000    0.8377    0.2693    2.4999    0.8487
[1] 2400.0000    0.0033    0.9355    0.2751    2.4842    1.1578
[1] 2500.0000    0.0395    0.9668    0.2598    2.5338    0.8029
[1] 2600.0000    0.0000    0.9109    0.2969    2.4847    1.0545
[1] 2700.0000    0.0253    0.8741    0.2856    2.5266    1.0503
[1] 2800.0000    0.0055    0.9382    0.2903    2.4909    1.1558
[1] 2900.0000    0.0000    0.9341    0.2810    2.4866    0.9034
[1] 3000.0000    0.0000    0.9117    0.2704    2.5242    1.1268
[1] 3100.0000    0.0001    0.9787    0.2842    2.5244    0.9283
[1] 3200.0000    0.0000    0.9309    0.2927    2.4964    1.1600
[1] 3300.0000    0.0000    0.9877    0.2868    2.4797    0.9428
[1] 3400.0000    0.0000    0.9079    0.3052    2.4817    0.8348
[1] 3500.0000    0.3003    0.9339    0.2827    2.5349    1.1722
[1] 3600.0000    0.0000    0.9027    0.2874    2.5150    1.1569
[1] 3700.0000    0.0062    0.8385    0.2826    2.5123    0.8150
[1] 3800.0000    0.0000    0.8653    0.2756    2.4751    0.9884
[1] 3900.0000    0.0000    0.9030    0.2610    2.4894    0.9530
[1] 4000.0000    1.0000    0.9388    0.3020    2.4897    0.8131
[1] 4100.0000    0.0093    0.8706    0.3524    2.4838    0.9194
[1] 4200.0000    0.0084    0.9756    0.2609    2.5536    0.9752
[1] 4300.0000    0.0000    0.8028    0.2958    2.5157    0.9927
[1] 4400.0000    0.0000    0.9571    0.3490    2.5270    0.9932
[1] 4500.0000    1.0000    0.8410    0.2967    2.5114    1.1520
[1] 4600.0000    0.0204    0.8039    0.2893    2.4930    1.1669
[1] 4700.0000    0.0000    0.9384    0.2678    2.5037    0.8151
[1] 4800.0000    0.0000    0.8985    0.2684    2.5347    0.9827
[1] 4900.0000    0.0363    0.8114    0.2905    2.5662    0.8255
[1] 5000.0000    1.0000    0.9273    0.2739    2.5253    1.0348
[1] 5100.0000    0.0181    0.9679    0.2870    2.5215    1.1951
[1] 5200.0000    0.0055    0.8350    0.2925    2.5297    1.0935
[1] 5300.0000    0.0000    0.9448    0.2536    2.5284    0.8814
[1] 5400.0000    0.2140    0.9974    0.2802    2.5202    1.1725
[1] 5500.0000    0.0000    0.8219    0.2878    2.5182    0.8388
[1] 5600.0000    0.0000    0.9095    0.2404    2.5338    0.9324
[1] 5700.0000    0.1133    0.9545    0.2811    2.5379    0.8805
[1] 5800.0000    0.2636    0.8520    0.2894    2.5605    1.0482
[1] 5900.0000    0.0517    0.9144    0.2947    2.5285    1.1883
[1] 6000.0000    0.0000    0.8273    0.2941    2.4677    0.8750
[1] 6100.0000    0.0000    0.9546    0.3145    2.5215    1.1594
[1] 6200.0000    0.3517    0.8336    0.3248    2.5174    0.9759
[1] 6300.0000    0.0080    0.8756    0.3093    2.5202    1.0496
[1] 6400.0000    0.0147    0.9885    0.2829    2.4896    0.8165
[1] 6500.0000    0.8003    0.8697    0.2443    2.5120    0.9040
[1] 6600.0000    0.0000    0.8918    0.2623    2.5056    1.0184
[1] 6700.0000    0.1058    0.8499    0.2576    2.5150    0.9614
[1] 6800.0000    0.5642    0.9525    0.2626    2.4819    0.9997
[1] 6900.0000    0.4255    0.9401    0.2384    2.4810    0.9220
[1] 7000.0000    0.0000    0.9977    0.2873    2.5061    1.0944
[1] 7100.0000    0.1067    0.8440    0.3310    2.5522    0.9302
[1] 7200.0000    0.0199    0.8343    0.2429    2.4651    0.9512
[1] 7300.0000    0.1955    0.8821    0.2643    2.4870    0.9361
[1] 7400.0000    0.0000    0.8164    0.2664    2.4721    0.8600
[1] 7500.0000    0.1102    0.9201    0.2801    2.5154    0.9483
[1] 7600.0000    1.0000    0.8898    0.2841    2.4824    1.1032
[1] 7700.0000    0.0409    0.9690    0.2775    2.4901    0.9355
[1] 7800.0000    0.0004    0.9829    0.3122    2.5057    1.0003
[1] 7900.0000    0.0050    0.9605    0.2708    2.5153    0.8727
[1] 8000.0000    0.0286    0.9309    0.3097    2.4948    1.0835
[1] 8100.0000    0.0001    0.8882    0.2963    2.4969    1.0500
[1] 8200.0000    0.0002    0.8989    0.2616    2.4937    1.1363
[1] 8300.0000    0.0048    0.8222    0.2999    2.5379    0.8438
[1] 8400.0000    0.0029    0.9589    0.2568    2.5393    1.0527
[1] 8500.0000    0.0001    0.9438    0.2651    2.4684    1.0608
[1] 8600.0000    0.1002    0.9835    0.2639    2.5304    0.9563
[1] 8700.0000    0.1044    0.8788    0.3043    2.5112    1.1009
[1] 8800.0000    0.1792    0.9324    0.3348    2.5224    0.8066
[1] 8900.0000    0.2581    0.9431    0.2926    2.5536    1.1381
[1] 9000.0000    0.0000    0.9025    0.3067    2.5138    0.9096
[1] 9100.0000    0.1849    0.9013    0.2900    2.4969    0.8568
[1] 9200.0000    0.2036    0.9239    0.2926    2.5044    0.9769
[1] 9300.0000    0.0000    0.9856    0.3044    2.4952    1.1370
[1] 9400.0000    0.0224    0.8940    0.3115    2.4991    0.8877
[1] 9500.0000    0.0000    0.8817    0.2786    2.5286    1.0875
[1] 9600.0000    0.0389    0.8467    0.2327    2.5030    0.9243
[1] 9700.0000    0.0029    0.8614    0.3044    2.4860    0.9692
[1] 9800.0000    0.2046    0.8153    0.2688    2.4920    1.1930
[1] 9900.0000    0.0000    0.8466    0.3279    2.5121    0.8248
[1] 10000.0000     0.8894     0.8618     0.2494     2.5108     0.8032
[1] 0.2232679
Time difference of 20.97985 hours
null device 
          1 
